# signal_efficiencies		0sq-mean	0sq-std	0sq-min	0sq-max	1sq-mean	1sq-std	1sq-min	1sq-max	2sq-mean	2sq-std	2sq-min	2sq-max	all-mean	all-std	all-min	all-max
1.000000000000000021e-02 1.485272442964887807e-01 7.813013013591182596e-03 1.323479205192019670e-01 1.605532900071417746e-01 1.451706143209507693e-01 1.251309856764912243e-01 0.000000000000000000e+00 3.038546345954180050e-01 5.030733881265609941e-01 6.133931277946019778e-01 0.000000000000000000e+00 1.595590150968497323e+00 2.041662747982011972e+00 1.348377444401117398e+00 0.000000000000000000e+00 3.155848367681713729e+00
1.497487437185929596e-02 1.845384908229728005e-01 8.612505264119465348e-03 1.682818768649872176e-01 1.977818827840760740e-01 3.016863858410079868e-01 1.833873699952641712e-01 0.000000000000000000e+00 4.550184980373596644e-01 1.617371182879664193e+00 1.060031882229907296e+00 0.000000000000000000e+00 2.389376205972925327e+00 2.826340525341089371e+00 1.178655664159971916e+00 0.000000000000000000e+00 4.725843284267088329e+00
1.994974874371859344e-02 2.124766083616834167e-01 9.258559086553557263e-03 1.970718697263541819e-01 2.310902747212605080e-01 4.016005356327359554e-01 1.592033424337799818e-01 0.000000000000000000e+00 6.061823614793011572e-01 1.945268224302086013e+00 1.129042239459724595e+00 0.000000000000000000e+00 3.183162260977353331e+00 2.951185038649692505e+00 8.948541158422751440e-01 4.829516602200777386e-01 3.692973219794776885e+00
2.492462311557788746e-02 2.363295375748847016e-01 6.841294652742735231e-03 2.223988385377405619e-01 2.465976317895077485e-01 4.203875374442936907e-01 1.864966678273397571e-01 0.000000000000000000e+00 7.573462249212429276e-01 2.395186826001820091e+00 9.901374579711872403e-01 0.000000000000000000e+00 3.976948315981781334e+00 3.567982896716507923e+00 7.551925990400851774e-01 2.621944372479279473e+00 5.527995007715070130e+00
2.989949748743718494e-02 2.592775997569014002e-01 1.036502578816110055e-02 2.463275943925002098e-01 2.847858658500865281e-01 4.550751826775223385e-01 1.822052101727601459e-01 0.000000000000000000e+00 6.651387070045221561e-01 2.445340912371964048e+00 9.338941963057633133e-01 0.000000000000000000e+00 3.373418624964087620e+00 3.661807837488853856e+00 4.306808387044659403e-01 2.920474289225086117e+00 4.254799362243598004e+00
3.487437185929648242e-02 2.790514057809997395e-01 1.166575318277622390e-02 2.681379755403601184e-01 3.109671060750995308e-01 5.049575167343153259e-01 4.843032004724829448e-02 4.326100792735286804e-01 5.793084618686511478e-01 2.620892092438123377e+00 2.275331559470455123e-01 2.271705951161924641e+00 3.093571651287924329e+00 3.869821419420149677e+00 4.138743632848088660e-01 3.318380476022805503e+00 4.493108404733904493e+00
3.984924623115577991e-02 3.009417552942474927e-01 1.149747793260171014e-02 2.855552074371167648e-01 3.312788561650650276e-01 5.435702260632002680e-01 1.001595489795710781e-01 4.225972673123613577e-01 7.954557415062573078e-01 2.933824352921886369e+00 5.905915463259312492e-01 2.179011972095091121e+00 4.496001629573986413e+00 4.110916473799859361e+00 4.461635835573514175e-01 3.609683124925671116e+00 5.134056145466838750e+00
4.482412060301507739e-02 3.213825482192869121e-01 1.302443714321403073e-02 3.039083244916523374e-01 3.570468548117922691e-01 5.612771242228185020e-01 7.604294497742830616e-02 4.540005595630031143e-01 6.810008393445047270e-01 3.037113346902414079e+00 5.020585697578128226e-01 2.384030845333165338e+00 4.102591723016991487e+00 4.395982489064015120e+00 4.320719384362743942e-01 3.652433155343023596e+00 5.001300072402862895e+00
4.979899497487437487e-02 3.387595027655866953e-01 1.253823024823822602e-02 3.182994201875429252e-01 3.699701856075874873e-01 5.911538077036526673e-01 7.711973240201944191e-02 4.954903244951290864e-01 7.565827710654756677e-01 3.040033291167571150e+00 3.384657393741815623e-01 2.396862377020239521e+00 3.553504934089004141e+00 4.636735967492173316e+00 4.740794897057598045e-01 3.928951925091178410e+00 5.556377098375826051e+00
5.477386934673367236e-02 3.538577644090682428e-01 1.304797996847807673e-02 3.345248968080663521e-01 3.849744829701748916e-01 6.157336199833455259e-01 6.304096261173726401e-02 5.018141968945930564e-01 7.043967925188967527e-01 3.167370612971950550e+00 3.832912660959486573e-01 2.635108038576722489e+00 3.908496849805262130e+00 4.897130191915621822e+00 5.511438566860630273e-01 4.253801071005403500e+00 6.111454124348789207e+00
5.974874371859296984e-02 3.702545461503253810e-01 1.198284414168205615e-02 3.535712638544286079e-01 3.990035795629747195e-01 6.279342289640044150e-01 6.150291108571375592e-02 5.473918166125422147e-01 7.411720234239562721e-01 3.240812819003077827e+00 3.815718578201635069e-01 2.752070164267877317e+00 3.892014950909983284e+00 5.075030922271169587e+00 6.454569469440993856e-01 4.325816628870766678e+00 6.484496627831031645e+00
6.472361809045226733e-02 3.838966975910602653e-01 1.201139533839158842e-02 3.683071939824679175e-01 4.159210970296189913e-01 6.550799765632759897e-01 6.099802918350393649e-02 5.805838534050662414e-01 8.028844122540418349e-01 3.398253038359841494e+00 3.939616812290134273e-01 2.942862868265672560e+00 4.216076750859595101e+00 5.170187177597727057e+00 4.994374421922209706e-01 4.567346041277217772e+00 6.158608145702267223e+00
6.969849246231155093e-02 3.990973299319722223e-01 1.257692994807676871e-02 3.828292437712051410e-01 4.320270174869811353e-01 6.816044834658117058e-01 7.721243748532524709e-02 5.887777318336984145e-01 8.645968010841270646e-01 3.513592419104932141e+00 3.939270518503745766e-01 2.871435742658638546e+00 4.279244672337126687e+00 5.427612354395965788e+00 5.542732144322738419e-01 4.918407577058618863e+00 6.631979423982176769e+00
7.467336683417084842e-02 4.123374209206424057e-01 1.461898666122278360e-02 3.953946262335584216e-01 4.496326813495168939e-01 7.240003666731290588e-01 8.568624420996363844e-02 6.293031733541686323e-01 9.233468590649600571e-01 3.622078263943952603e+00 3.438368146374570222e-01 2.989809120319491420e+00 4.212521072854314319e+00 5.468439372529465103e+00 4.769080896070782005e-01 4.926876700817108379e+00 6.535972028371435094e+00
7.964824120603014590e-02 4.226653275015149758e-01 1.551858055624656327e-02 4.027183228239928359e-01 4.597132679601612093e-01 7.495599136416188912e-01 8.795048185534710961e-02 6.368025262370060613e-01 9.272122642928963820e-01 3.765596874184568232e+00 3.779987050799329396e-01 3.177148730257622677e+00 4.493166824006788573e+00 5.437175792571214750e+00 3.069438190978494574e-01 5.027155439975391715e+00 6.144258841507897806e+00
8.462311557788944338e-02 4.334728139595577789e-01 1.374079871841086056e-02 4.152145824478016278e-01 4.623813699915043651e-01 7.596585605630300497e-01 7.849043923783559362e-02 6.547316523792829912e-01 9.090962831348465834e-01 3.906948345593645566e+00 4.047774851473919244e-01 3.375595244008729345e+00 4.773812575159263716e+00 5.661321122364863179e+00 3.226659323885475161e-01 5.237432813361674100e+00 6.235964880281495759e+00
8.959798994974874087e-02 4.446937329931532901e-01 1.343132164790306754e-02 4.240706511163639947e-01 4.700018635475507467e-01 7.927226264742219808e-01 8.447683571760689070e-02 6.806191124166208750e-01 9.625407795899235674e-01 4.031184298401168320e+00 4.596295739533126645e-01 3.486317168532935717e+00 5.054458326311737970e+00 5.838018391819984387e+00 3.245835266038202271e-01 5.313044272095861942e+00 6.322653720184223225e+00
9.457286432160803835e-02 4.551896375847219178e-01 1.355655804370434203e-02 4.316738458310370730e-01 4.803463138644324393e-01 8.062271434212073817e-01 9.043965613682050653e-02 7.184100782771063454e-01 1.015985276045000774e+00 4.102053760314662512e+00 5.440804924141666721e-01 3.461872661307082044e+00 5.335104077464212224e+00 5.891976692654184333e+00 4.210476632089615312e-01 5.276035166066247228e+00 6.673715255965623427e+00
9.954773869346733584e-02 4.658000472435516737e-01 1.210784327907017330e-02 4.467276966062215249e-01 4.872240741521119967e-01 8.300467415569257046e-01 1.021746545859352068e-01 6.939376699780427371e-01 1.053402282400126788e+00 4.182677054424711827e+00 4.335674185499652222e-01 3.643979671652140429e+00 5.022879344567882320e+00 6.009178100058994332e+00 3.968131038962158241e-01 5.357268281506945229e+00 6.855480183513084746e+00
1.045226130653266333e-01 4.753413973570433937e-01 1.156139614726000089e-02 4.565085808721677796e-01 4.955161989233244912e-01 8.363272501318856911e-01 8.856114701016774837e-02 7.286170386442850644e-01 1.004329278227643174e+00 4.234494758921114155e+00 4.107530439406951728e-01 3.729208003483919676e+00 5.028463046091359523e+00 6.074817878068891730e+00 3.212098518266839897e-01 5.497625297133973632e+00 6.634765036037708619e+00
1.094974874371859308e-01 4.842983957748748236e-01 1.072397225686182870e-02 4.673067619440166021e-01 5.038712898707047305e-01 8.624899734752912162e-01 8.994432531427357103e-02 7.566878550216392663e-01 1.044288797709684413e+00 4.363958740720789820e+00 4.324639717679269468e-01 3.906703961342048448e+00 5.267798546842823448e+00 6.097545220300100155e+00 2.707382896159513663e-01 5.680929762960029272e+00 6.416841069303623080e+00
1.144723618090452283e-01 4.944253257854554495e-01 1.130804551091832942e-02 4.786535088585128772e-01 5.159207879756454451e-01 8.754672070973716913e-01 8.643768048069992715e-02 7.777705780584928119e-01 1.048745633509984287e+00 4.424987438637356441e+00 4.119168127304143057e-01 4.067834407162076893e+00 5.272679423214653660e+00 6.192695530886677346e+00 3.684051217750010099e-01 5.641892969182522144e+00 6.708381806275196979e+00
1.194472361809045258e-01 5.035175337497982406e-01 1.190069269127129459e-02 4.850534614119980104e-01 5.251207489041525012e-01 9.007676276133367299e-01 8.112727822072587913e-02 8.115718454982603358e-01 1.049864938212491161e+00 4.445544382090782065e+00 3.667682489042370375e-01 4.076770772467029680e+00 5.285983170108508489e+00 6.258017199355438542e+00 3.262973617721968145e-01 5.816578426262411838e+00 6.770354145052163375e+00
1.244221105527638233e-01 5.130245571617898515e-01 1.203693298774590435e-02 4.951047263512897700e-01 5.378159698790534460e-01 9.020096738820985172e-01 6.721224054551519500e-02 8.249419596379238273e-01 1.048556296921212549e+00 4.495668749301732880e+00 3.303674899144036226e-01 4.068861289141607607e+00 5.125937201746785021e+00 6.310958689121077825e+00 3.236659383039744431e-01 5.987967909058657057e+00 7.052333556225981681e+00
1.293969849246231207e-01 5.213326049495924375e-01 1.262243355277447437e-02 5.019513638116468446e-01 5.479547677497591529e-01 8.965262343045040661e-01 5.228899423786740469e-02 8.198343369839931061e-01 1.015183130351485552e+00 4.466412962109036933e+00 2.561476750213462217e-01 4.139166364891342376e+00 5.041831395466044086e+00 6.309959413510549453e+00 3.233813701367995175e-01 5.985583051396226040e+00 7.108587524994689488e+00
1.343718592964824043e-01 5.291782776375570929e-01 1.192381421798358043e-02 5.136153901893052431e-01 5.536127016021223923e-01 9.008891922907563687e-01 5.161355162908218969e-02 8.165902441287915536e-01 1.020049438936781794e+00 4.593505217008174490e+00 2.881253788379035674e-01 4.204777304523853232e+00 5.200022379457561073e+00 6.346970949540039264e+00 3.405454072800270793e-01 5.880615479093276754e+00 7.067620213719347788e+00
1.393467336683417157e-01 5.378878413432538474e-01 1.274899725027018975e-02 5.225143898618793692e-01 5.640194364902395563e-01 9.163704366297238391e-01 4.899321136783156561e-02 8.468230168171800853e-01 1.026923748394539482e+00 4.684515629561557759e+00 2.553797107700923052e-01 4.325167298105799141e+00 5.100835754412612388e+00 6.386491572461346244e+00 3.277265499766385815e-01 6.027052876449094931e+00 7.133803177028889664e+00
1.443216080402010271e-01 5.458466403157105074e-01 1.344518213292319846e-02 5.297602797876266312e-01 5.754771328476074865e-01 9.274146971433600006e-01 4.345614860121729817e-02 8.643383232328852861e-01 1.006051987974224682e+00 4.777764632539622802e+00 2.640389200135196401e-01 4.351847722759361048e+00 5.149175666348951630e+00 6.436624393484987827e+00 3.198916178436074231e-01 6.044340649698750845e+00 7.113045042797280892e+00
1.492964824120603107e-01 5.548510577001365407e-01 1.324803998314932028e-02 5.372821609070719262e-01 5.840742848683785349e-01 9.426517337330606594e-01 4.830296989836517507e-02 8.730388260255822486e-01 1.014379450136866367e+00 4.778739802593724662e+00 3.219697202734604358e-01 4.278485607279593594e+00 5.326671624207079958e+00 6.504619510575375685e+00 3.006112087107622455e-01 6.082611493567334549e+00 7.044941836617868880e+00
1.542713567839196220e-01 5.629080536547668157e-01 1.283905471154208125e-02 5.464315174469916991e-01 5.920480483508826497e-01 9.547027112256619708e-01 5.572461681697137015e-02 8.806350094352600744e-01 1.048180717576634446e+00 4.849606552905582291e+00 3.508572746150340205e-01 4.351426545646954303e+00 5.504167582065209174e+00 6.468483977379603012e+00 2.450992860800044193e-01 6.165175664055928983e+00 6.817361741534881503e+00
1.592462311557789056e-01 5.702851554432546433e-01 1.190447801091710708e-02 5.545932009570258003e-01 5.969668498735768436e-01 9.693784097572771818e-01 6.367475362083696577e-02 8.834345913912862169e-01 1.081981985016402081e+00 4.927631043896688823e+00 3.352573237474302248e-01 4.423169066911338376e+00 5.544735863080206606e+00 6.537242350293530180e+00 2.548799960174439327e-01 6.094398304156278812e+00 6.969211089471426313e+00
1.642211055276382170e-01 5.758590084587575930e-01 1.296380772124621807e-02 5.593522071038009580e-01 6.043879640785716489e-01 9.803767657901666377e-01 6.542940296905339070e-02 8.821041132080401637e-01 1.088892957466727429e+00 4.971198385675894116e+00 3.363930526524680498e-01 4.429108263711960980e+00 5.717954181302023819e+00 6.516930016560559480e+00 2.697390873205978146e-01 6.150577924310014488e+00 7.052583221263403424e+00
1.691959798994975006e-01 5.838787597128490825e-01 1.358680379985074092e-02 5.654557216252547036e-01 6.140033570564676912e-01 9.891843617381728127e-01 6.324109766036034586e-02 8.949503349634183591e-01 1.121879616826949588e+00 4.993565258017366837e+00 3.096548232485906715e-01 4.499457318518366833e+00 5.627431287840540364e+00 6.553895517851204389e+00 2.714077574697346673e-01 6.207122381547715229e+00 7.059137049608262160e+00
1.741708542713567842e-01 5.920168009401998166e-01 1.443837361919599917e-02 5.750155839032862204e-01 6.252042973417522020e-01 9.849355173576341826e-01 4.687942772801738378e-02 8.945555709538983713e-01 1.055923024626233886e+00 4.969526125745360012e+00 2.370210199605042312e-01 4.631754994352437649e+00 5.348289985619547160e+00 6.518656440260029328e+00 2.456968250089078543e-01 6.223637782649025674e+00 6.925024835747209728e+00
1.791457286432160956e-01 5.987726253264391563e-01 1.508899580684571612e-02 5.804056566680264595e-01 6.324493461063254163e-01 9.905697398452979474e-01 3.583449022050565203e-02 9.201069274237297924e-01 1.047587820525479829e+00 5.015772775236373882e+00 2.257523561738206119e-01 4.699232606688273250e+00 5.307974230101425661e+00 6.543071102121305493e+00 2.766884895583013870e-01 6.076541071343267930e+00 6.906932066002035242e+00
1.841206030150753792e-01 6.043608278207095452e-01 1.581792521949556760e-02 5.854167201652733521e-01 6.398348457822853330e-01 9.960596976929000368e-01 3.974882470624927638e-02 9.324316425105623196e-01 1.041216642588770336e+00 5.053163121389133927e+00 2.865920156633161020e-01 4.588088718375672670e+00 5.455376600025699574e+00 6.563295360036439874e+00 2.335015477026592956e-01 6.229581763263691840e+00 6.895874392494458327e+00
1.890954773869346905e-01 6.114410723163909989e-01 1.668113636892633658e-02 5.913273155707485795e-01 6.496167062601659881e-01 1.005272137367188900e+00 4.302152166661536714e-02 9.445960926282649384e-01 1.066959679839897923e+00 5.094509421425616580e+00 2.655441126666617802e-01 4.712057272720430845e+00 5.508607910647048911e+00 6.566804895143239840e+00 2.363724378288624139e-01 6.255709512316426135e+00 6.984508333983345807e+00
1.940703517587939742e-01 6.176625889135488601e-01 1.660125608784219359e-02 5.980575965959142870e-01 6.570030738078144195e-01 1.009593588871125602e+00 5.117823270851648565e-02 9.500964809110253873e-01 1.095030104581899089e+00 5.148482260686246370e+00 2.793362166740235852e-01 4.778107260754893559e+00 5.561599264663006359e+00 6.544724773338108648e+00 2.433427354291542166e-01 6.218554629773556996e+00 7.119663391011962439e+00
1.990452261306532855e-01 6.228224973668801123e-01 1.575321337708698519e-02 6.027704803328397531e-01 6.599783253398480154e-01 1.011969764750546119e+00 5.251058074897613226e-02 9.445516315351093484e-01 1.086267494681660617e+00 5.139210798599462393e+00 2.628798653141752317e-01 4.843272281308557581e+00 5.704167448816718000e+00 6.575045936288043791e+00 2.480840162468324339e-01 6.256908817989359939e+00 7.158508277045496193e+00
2.040201005025125691e-01 6.283543148730904582e-01 1.571197906255445212e-02 6.095897523594622225e-01 6.649880887152144204e-01 1.011956756269332569e+00 5.159021301678777538e-02 9.535743172629517206e-01 1.113417326030684329e+00 5.184858224842540331e+00 2.426374343037641657e-01 4.907586530560318572e+00 5.666792808980762430e+00 6.570081123013589597e+00 2.504037890247060028e-01 6.253687169490621756e+00 7.198534521578223710e+00
2.089949748743718805e-01 6.343082794957395354e-01 1.632613376401761268e-02 6.153907481435016980e-01 6.736244715677909278e-01 1.014382146580998567e+00 5.324056937464839018e-02 9.684283197987044733e-01 1.140567157379708485e+00 5.187819504113102553e+00 2.474717494675828799e-01 4.916751681813550157e+00 5.804973224766253104e+00 6.545453831737567896e+00 2.356085755799699200e-01 6.232222654040531218e+00 7.112180112124742770e+00
2.139698492462311641e-01 6.400724445718974920e-01 1.592321738429356565e-02 6.186158055798633981e-01 6.766414650970061784e-01 1.021402031233348051e+00 5.111304434523051415e-02 9.637375437008020018e-01 1.131778594082041955e+00 5.184071401503559606e+00 2.922540881287107317e-01 4.780670806654883087e+00 5.840542239884433329e+00 6.546650065697852128e+00 2.229048664392186407e-01 6.219642090304532189e+00 7.014539799098687745e+00
2.189447236180904754e-01 6.459736308638677205e-01 1.680792209731363576e-02 6.223235270025004873e-01 6.850824745126944393e-01 1.024328256560909534e+00 5.720028948761718413e-02 9.663492668030874144e-01 1.158092845095222589e+00 5.213979820313527469e+00 2.842939944377827488e-01 4.844557987413289801e+00 5.822434076859081209e+00 6.532081626519092410e+00 2.309414017500326932e-01 6.180101460200259744e+00 7.052043702963120886e+00
2.239195979899497591e-01 6.521678472642135072e-01 1.531782544285046829e-02 6.311193673279862359e-01 6.874730063882946718e-01 1.023001485043308234e+00 6.325997960516645258e-02 9.527366731570239278e-01 1.179530269890842531e+00 5.250621298323517649e+00 2.635944296457620739e-01 4.954636307531241179e+00 5.835390208430819570e+00 6.524767422042573983e+00 2.003707607171467120e-01 6.295394658584776870e+00 6.929335099863308756e+00
2.288944723618090704e-01 6.584651245987322987e-01 1.499040488277664750e-02 6.384449370751956732e-01 6.922762920835880962e-01 1.027021034683361700e+00 5.549726091419601715e-02 9.644939282060023267e-01 1.159177437673475142e+00 5.249610605364415150e+00 2.534423799112197062e-01 4.924649284227313295e+00 5.757773334282973110e+00 6.528183861950455302e+00 1.924314939387337386e-01 6.335483392054108265e+00 6.911261659912356414e+00
2.338693467336683540e-01 6.643297105552999904e-01 1.584126340501235478e-02 6.444803005597307122e-01 7.008386170683533756e-01 1.025417097647345344e+00 5.469947323571676401e-02 9.761155528635966361e-01 1.161753849679896256e+00 5.284942359035769144e+00 2.662236233650154271e-01 4.940966746372478013e+00 5.827774261823248203e+00 6.514007695463850389e+00 1.589919660894083264e-01 6.305639629977141780e+00 6.852679746796480842e+00
2.388442211055276654e-01 6.696091510105858235e-01 1.544517866471988889e-02 6.501501432751095599e-01 7.057014736679310118e-01 1.023886981006891794e+00 4.744902189551668259e-02 9.723423582851844493e-01 1.134731545262072316e+00 5.293730287178259886e+00 2.506703245070853736e-01 4.961466678554696585e+00 5.763524903942611743e+00 6.519237875957459849e+00 1.720285733188350596e-01 6.238130244255419399e+00 6.852328593691725089e+00
2.438190954773869490e-01 6.745792687232817775e-01 1.543944108412162453e-02 6.553403457913520302e-01 7.095272859335378657e-01 1.031990211204850905e+00 5.330327797385451399e-02 9.697885241035708592e-01 1.157022094473201479e+00 5.343421543905456872e+00 2.324627264359696854e-01 5.018823935558447857e+00 5.736013262841871629e+00 6.526058320535850221e+00 1.702481539752717654e-01 6.303629940293303591e+00 6.801095277830349950e+00
2.487939698492462326e-01 6.797765652073722853e-01 1.541503657717536481e-02 6.620456670898099416e-01 7.152016773123032189e-01 1.038148163254665635e+00 4.998421540218057901e-02 9.841917245101506895e-01 1.140648473674677810e+00 5.314258216476128283e+00 2.171860392900273329e-01 5.041564782047295523e+00 5.671045827311578691e+00 6.495975197778233401e+00 1.768443992513022145e-01 6.246366097306469634e+00 6.757547291518426036e+00
2.537688442211055162e-01 6.849797797880836647e-01 1.494649523350054070e-02 6.664527334648707724e-01 7.192137269683378520e-01 1.038095455384409949e+00 4.361279933762747529e-02 9.872775216184670466e-01 1.104499047445586246e+00 5.334162201865537689e+00 2.225085117070848828e-01 4.958949276417793151e+00 5.669889049696372751e+00 6.433219277712431960e+00 1.713231362068480534e-01 6.142285075890018042e+00 6.650747021612250620e+00
2.587437185929647998e-01 6.901255252029055987e-01 1.388651477815710730e-02 6.726995000327508079e-01 7.227383500516165737e-01 1.031028638564771116e+00 3.522995291691395636e-02 9.818818267668248945e-01 1.069889192209125595e+00 5.365738328688665959e+00 2.123341605046112635e-01 5.006528652174079497e+00 5.725184548356901715e+00 6.420041908579119827e+00 1.592981880965591568e-01 6.103225662231210435e+00 6.601463525423513445e+00
2.637185929648241389e-01 6.954771327143172144e-01 1.379526094503286809e-02 6.776565131044542944e-01 7.268739222019976465e-01 1.034203681317796386e+00 3.938281714196283784e-02 9.675289136444976679e-01 1.080501241178697391e+00 5.391286588244647682e+00 2.416884109223993438e-01 5.029364093144057080e+00 5.779951071638686599e+00 6.411226066629206244e+00 1.247504455432376508e-01 6.186109320606308692e+00 6.598793999497161167e+00
2.686934673366834225e-01 7.000654512851339772e-01 1.436560964651791353e-02 6.816524998845940875e-01 7.328609542467737770e-01 1.032343081179022626e+00 3.455792387054206632e-02 9.758295215080248219e-01 1.081397956945210126e+00 5.372351458923951384e+00 2.205253842490522975e-01 5.088025511684842073e+00 5.834203516264560463e+00 6.387249844629077522e+00 1.237528947161418980e-01 6.184353571806315841e+00 6.601327263700905945e+00
2.736683417085427061e-01 7.057973730444506710e-01 1.411990189716000148e-02 6.889177402051506194e-01 7.390810358373318678e-01 1.021790628536956014e+00 3.433769014640596084e-02 9.768266918092493034e-01 1.082591018315952169e+00 5.374880278137214695e+00 2.409450474830848732e-01 5.076098579240901465e+00 5.881143035437652600e+00 6.357740475057070739e+00 1.393324322723583364e-01 6.106968653431834149e+00 6.623937529365750088e+00
2.786432160804020453e-01 7.107977265241831599e-01 1.394189626678651352e-02 6.921683318761644443e-01 7.433936037085476789e-01 1.026636748969385504e+00 3.709517498963518789e-02 9.711974709813852025e-01 1.093046690834754919e+00 5.368302259659745168e+00 2.076401386498487600e-01 5.099916022037133345e+00 5.699475405011631857e+00 6.344455340343182925e+00 1.447158311961894428e-01 6.111944886292313583e+00 6.634423087357602000e+00
2.836180904522613289e-01 7.147996695660513433e-01 1.489567644064232303e-02 6.949125093886204807e-01 7.511974662466895936e-01 1.024338272949427919e+00 3.814597829332055240e-02 9.695858032890525280e-01 1.087289211188659177e+00 5.362952269283708162e+00 2.006937948421158580e-01 5.123986468966534424e+00 5.656727897026506469e+00 6.311419844538415980e+00 1.424869766307535757e-01 6.007220446199001529e+00 6.598438073830903861e+00
2.885929648241206125e-01 7.186483624281232441e-01 1.452469450823905273e-02 6.981680493182746972e-01 7.540949895459665431e-01 1.030831077505531379e+00 3.997744553798453920e-02 9.780983349836248619e-01 1.104794058644371635e+00 5.358769255246023100e+00 2.132326156688648944e-01 5.075436899402050450e+00 5.668068876304121595e+00 6.272501310103670846e+00 1.413241500680133544e-01 6.018442653755487370e+00 6.572812652093706909e+00
2.935678391959798961e-01 7.237281974781423211e-01 1.542959786086306809e-02 7.045587156473025470e-01 7.620755652281068215e-01 1.026772443498006115e+00 4.397584660365291831e-02 9.566956521012099923e-01 1.104011004069487933e+00 5.350202169791501206e+00 2.226341351104467736e-01 5.021924703564942583e+00 5.680353541658764271e+00 6.260305725375365782e+00 1.328615537892596510e-01 6.056429630969696554e+00 6.534713859648427103e+00
2.985427135678392352e-01 7.280766979972641550e-01 1.477616425014424174e-02 7.098325579536521879e-01 7.649091806707354335e-01 1.032065897128428889e+00 3.897137219694021132e-02 9.725517385533937187e-01 1.106218891919240388e+00 5.355384004322248259e+00 1.885212561211105364e-01 5.107027501519913137e+00 5.696374162964657373e+00 6.227066757857642187e+00 1.357540494289705690e-01 5.970668104831581502e+00 6.485213000420848140e+00
3.035175879396985188e-01 7.325263547721375668e-01 1.450550135174256093e-02 7.148855837197528595e-01 7.683402278106579164e-01 1.035830574432510476e+00 3.975229030307420724e-02 9.887582058344549507e-01 1.117985657059461957e+00 5.352476618061308145e+00 1.853244281272102556e-01 5.104861390070673188e+00 5.668181901578736692e+00 6.211941704697801825e+00 1.204392245263600641e-01 6.010119842092233711e+00 6.424957678045006837e+00
3.084924623115578024e-01 7.372053270779097556e-01 1.526831221693446955e-02 7.207336447520317213e-01 7.752599667721927768e-01 1.037276990617257866e+00 3.710482638175188058e-02 9.869389335582922085e-01 1.100087197085671153e+00 5.346579871613482915e+00 1.939056389656014789e-01 5.076939370896131010e+00 5.761087532084745000e+00 6.182278789680803577e+00 1.279614181522948924e-01 5.975386430664382686e+00 6.419434427026991408e+00
3.134673366834170860e-01 7.408434058378813303e-01 1.514947306865497417e-02 7.246494747647400647e-01 7.786417034711305973e-01 1.036177218731082705e+00 3.597523986465755302e-02 9.721259634395792437e-01 1.091990257552196475e+00 5.347434254287094291e+00 2.019391649174130665e-01 5.078410158091353210e+00 5.814304615737190929e+00 6.146914274830197478e+00 1.336617976456374035e-01 5.922517060277016299e+00 6.372354100293785351e+00
3.184422110552764251e-01 7.448584962313906654e-01 1.520920843603868963e-02 7.284325119851937647e-01 7.826734990119517121e-01 1.030114415184739896e+00 3.831806774545591654e-02 9.676014167995801163e-01 1.095592862447937188e+00 5.354898671060560389e+00 2.117767137456686988e-01 5.081032556124304378e+00 5.867071028079240413e+00 6.132418751118351885e+00 1.271767382101612331e-01 5.942425452031233846e+00 6.381472739420340545e+00
3.234170854271357087e-01 7.485180201087626717e-01 1.522185009285141090e-02 7.312205543108216688e-01 7.864507972373548927e-01 1.033686276528759551e+00 3.851243723025003785e-02 9.730356182222431594e-01 1.098711905264367905e+00 5.371619236566155031e+00 2.104424830496851584e-01 5.109568432432149088e+00 5.880834307475061529e+00 6.123535266596558557e+00 1.209330926679701435e-01 5.956442446734911300e+00 6.329835345074407371e+00
3.283919597989949923e-01 7.538772461472348363e-01 1.538521149513905929e-02 7.346011158306029465e-01 7.926106124690533994e-01 1.031716966344701225e+00 3.486790317729547561e-02 9.831952416558321639e-01 1.092532381617734805e+00 5.363340784760742608e+00 2.212153591401815056e-01 5.089333722532958681e+00 5.932893617061711034e+00 6.097091778707721232e+00 1.130371905502685348e-01 5.948692504549535798e+00 6.283826588460284412e+00
3.333668341708542759e-01 7.577289400814011255e-01 1.636532244310976575e-02 7.388484562707036130e-01 7.996228838913645998e-01 1.028059639279502502e+00 3.300824043398700031e-02 9.788093497239362950e-01 1.087406929382992216e+00 5.357855561796723620e+00 2.132570177104778364e-01 5.094839282817846815e+00 5.910187080695147976e+00 6.079330792874668710e+00 1.072648605427928975e-01 5.923831062682332949e+00 6.247576692844912571e+00
3.383417085427135595e-01 7.623532317033052674e-01 1.711515511343096943e-02 7.428931533356432082e-01 8.063395880705543917e-01 1.021939889913358268e+00 2.673385082546575475e-02 9.762629497661229339e-01 1.066055778725132797e+00 5.350126978203368466e+00 2.051508983316077117e-01 5.097059587325714958e+00 5.867680397290787830e+00 6.042628403953699490e+00 1.076155019312235034e-01 5.904699353539538009e+00 6.248564258930357163e+00
3.433165829145728987e-01 7.659473474906848267e-01 1.703191254595281395e-02 7.465998799716629941e-01 8.089850517253008855e-01 1.024203655678580072e+00 3.244653011340429410e-02 9.706516727132898925e-01 1.075961469407487714e+00 5.347741468198755399e+00 2.027728931711096083e-01 5.072795016141780522e+00 5.839488292859496887e+00 6.012763056411499996e+00 1.059009233211285900e-01 5.847003968693979203e+00 6.163560589886672325e+00
3.482914572864321823e-01 7.705507453915088067e-01 1.799244533989891037e-02 7.499066589970823093e-01 8.160863743609595433e-01 1.021577629932892251e+00 3.302580503825777031e-02 9.720636716044732673e-01 1.074540577356844384e+00 5.341234307863564013e+00 1.886949263729250093e-01 5.053714713774036582e+00 5.762655997047695600e+00 5.978181152769817430e+00 1.016015078198692495e-01 5.788452014541261903e+00 6.144521625287801214e+00
3.532663316582914659e-01 7.737015783473769615e-01 1.690561873038662691e-02 7.546524591850847230e-01 8.152475930146951821e-01 1.018410106174557628e+00 2.858804425465284044e-02 9.758328374626717983e-01 1.073416121208938812e+00 5.331946114584111385e+00 1.940099680249153802e-01 5.041602358556144914e+00 5.783114524858564920e+00 5.947370311986460933e+00 1.105522739178003977e-01 5.726625353223131043e+00 6.113274362860170008e+00
3.582412060301507495e-01 7.767704320907260485e-01 1.629353050688567978e-02 7.589572830656855507e-01 8.172297941498314344e-01 1.013737386829347775e+00 2.724035001464381392e-02 9.771874574183802009e-01 1.052324094563988233e+00 5.328646147759267926e+00 1.972863255348133449e-01 5.092272228819465951e+00 5.774093968155817436e+00 5.900796149695699988e+00 1.079184961633782164e-01 5.697655596290807090e+00 6.077131369177304343e+00
3.632160804020100886e-01 7.800097067428876096e-01 1.631204098837371955e-02 7.613822902104782075e-01 8.211953025291962582e-01 1.009131810174773936e+00 2.374348128199631550e-02 9.765243727267739482e-01 1.054887452742878651e+00 5.322947626699086499e+00 1.599768510173250058e-01 5.142621413924822527e+00 5.682896476645179717e+00 5.860137821131010227e+00 1.092641293845669492e-01 5.665791006282214326e+00 6.011654980774101098e+00
3.681909547738693722e-01 7.834558925007958363e-01 1.571869644801344654e-02 7.662057921434399788e-01 8.225871266641996415e-01 1.008779465019999710e+00 2.097413913428065879e-02 9.774697637985401144e-01 1.057133823918767535e+00 5.316954100048801202e+00 1.708860960471139112e-01 5.152556774864638811e+00 5.679401517902713081e+00 5.796853032309309484e+00 1.043514323989491316e-01 5.629037355989155778e+00 5.945787934940573116e+00
3.731658291457286558e-01 7.869471379258335952e-01 1.506772684120463550e-02 7.697107508650806729e-01 8.237246870159982137e-01 1.008905913105317742e+00 1.828511208820304476e-02 9.800926965484006992e-01 1.041491914685924280e+00 5.310813384285160588e+00 1.645145620469624093e-01 5.143642975130362949e+00 5.629763367904512705e+00 5.776061221126591150e+00 9.285188046536750617e-02 5.651106430549389437e+00 5.890419428591236795e+00
3.781407035175879394e-01 7.907520375488660269e-01 1.528738632134122796e-02 7.731660862220570696e-01 8.262864748152818350e-01 1.010455441620233152e+00 1.962413840455401112e-02 9.742355573619234654e-01 1.042817586275009756e+00 5.287684809167483735e+00 1.459553347112999555e-01 5.027979851774682096e+00 5.530969887851974853e+00 5.731825019545754074e+00 1.012312813474837703e-01 5.545856337626712929e+00 5.861565064375878542e+00
3.831155778894472785e-01 7.944742385404500729e-01 1.553381074930432204e-02 7.768429794638673780e-01 8.307854706748085682e-01 1.008634491972248970e+00 2.184714644230437153e-02 9.637023023352708773e-01 1.047830166361983562e+00 5.289039384964851820e+00 1.440437021961560871e-01 5.059117081064556487e+00 5.557231297845510731e+00 5.693798566184076648e+00 9.916628573664357238e-02 5.535881048975655361e+00 5.831130636114306931e+00
3.880904522613065621e-01 7.967781388033162715e-01 1.561448547723176886e-02 7.800526872678003043e-01 8.341657950793992526e-01 1.011046893479850883e+00 2.228247528146119413e-02 9.708434307026133636e-01 1.044285063733883856e+00 5.292997840550151878e+00 1.503859482101557454e-01 5.090066398520831648e+00 5.516568722565960314e+00 5.654546310466001202e+00 8.760170008195210245e-02 5.498578711611842529e+00 5.759221209827871668e+00
3.930653266331658457e-01 8.004257034260680026e-01 1.539710579805736099e-02 7.843848666505497391e-01 8.369449980043646153e-01 1.005982583707078382e+00 3.100668639789625272e-02 9.562430702690348783e-01 1.045990027728374239e+00 5.309590323002195689e+00 1.455607777411965786e-01 5.125597190031811579e+00 5.500654987442501032e+00 5.621102079149689068e+00 9.269659441396616018e-02 5.468774813251564559e+00 5.755590035342153854e+00
3.980402010050251294e-01 8.039450841854876018e-01 1.525694367394626362e-02 7.868122396151258080e-01 8.402092960216770434e-01 1.006775159955192622e+00 2.816363672562708850e-02 9.625679087324052752e-01 1.042376966396562743e+00 5.275266725753867014e+00 1.520515030357697528e-01 5.068721825911530310e+00 5.466148165729172170e+00 5.575977817224435640e+00 1.128321586795827947e-01 5.391057209220871727e+00 5.730629604102455588e+00
4.030150753768844685e-01 8.068506380617282980e-01 1.466729038957245712e-02 7.901040530200955647e-01 8.406425107884708536e-01 1.000446251179978541e+00 2.720512041180147070e-02 9.562363146820975768e-01 1.037355892370124710e+00 5.254441942980505154e+00 1.468437145918683462e-01 5.021352554772502863e+00 5.493285338099910931e+00 5.521744808815005179e+00 1.098185046460548320e-01 5.342841748089513843e+00 5.651031903599001538e+00
4.079899497487437521e-01 8.106431163796299355e-01 1.468186755109199618e-02 7.940610776879970523e-01 8.453084660384848625e-01 9.966897503528155955e-01 2.834541658014349055e-02 9.351415173496272493e-01 1.036686185079417122e+00 5.219339536987236627e+00 1.478676584174151709e-01 4.963712149955084918e+00 5.406134056861078285e+00 5.472333787936754845e+00 1.110896766223660598e-01 5.267510551431541899e+00 5.632277297510492886e+00
4.129648241206030357e-01 8.134592625341173777e-01 1.422302577172703843e-02 7.970053058337732699e-01 8.454204047592133175e-01 9.938456697180498844e-01 3.018636173812793908e-02 9.415909389052914413e-01 1.037959301352821218e+00 5.215099554231750645e+00 1.399594074651365205e-01 4.952765596087309596e+00 5.380080549466483397e+00 5.411263608028991534e+00 1.089981548731950578e-01 5.217619177906747119e+00 5.578781008692917709e+00
4.179396984924623193e-01 8.159895232433745926e-01 1.365156920528350255e-02 8.005553150528471607e-01 8.463298627943031116e-01 9.882133717512140425e-01 2.586663898718742985e-02 9.439308986485946962e-01 1.026676862050412531e+00 5.202684155487538931e+00 1.197137176274131604e-01 4.956734811973317889e+00 5.339156768219461391e+00 5.362778205351112604e+00 1.023926357872892434e-01 5.160337372961120828e+00 5.512245601338303658e+00
4.229145728643216029e-01 8.192698098717123845e-01 1.338127164325560170e-02 8.032315293308885940e-01 8.492037064457536033e-01 9.874127567551684859e-01 2.244655855002141223e-02 9.499329899415372980e-01 1.017788776764366743e+00 5.197849368594669173e+00 1.104051560422232708e-01 4.988252770437188843e+00 5.351498833968538982e+00 5.328166128524798317e+00 9.844859510602253783e-02 5.129522299217401660e+00 5.443830511799434113e+00
4.278894472361809420e-01 8.214161016880454635e-01 1.288561049462815314e-02 8.049592169391676100e-01 8.503758800375239568e-01 9.863769257741727969e-01 2.131113641881310014e-02 9.507725563430197147e-01 1.015255887720456496e+00 5.172025000572156195e+00 1.144946732563249109e-01 4.987015635125210622e+00 5.347602536114639094e+00 5.271308262433519687e+00 9.090615396922979707e-02 5.066114496785064425e+00 5.371420654268288075e+00
4.328643216080402256e-01 8.245679116146853449e-01 1.338286167852218225e-02 8.059475617057982877e-01 8.541896673786196770e-01 9.859938542715699361e-01 2.072974064324112353e-02 9.517019787374489947e-01 1.019240876927315353e+00 5.163886454510365098e+00 1.164612585491014013e-01 4.973968067888709932e+00 5.360670256513970777e+00 5.222580341388407987e+00 9.674114293966706857e-02 5.035165325320696716e+00 5.345884526840397832e+00
4.378391959798995092e-01 8.274863625633903652e-01 1.323401474681396711e-02 8.117960635281451509e-01 8.571032639254639873e-01 9.810425742715100927e-01 2.183494903469139492e-02 9.314625934938453033e-01 1.011237250785262276e+00 5.137130893078136751e+00 1.348163057706938672e-01 4.903294354201315208e+00 5.358108748517810049e+00 5.169025193607677870e+00 9.392392068168395336e-02 4.980343718688009957e+00 5.282680837362878634e+00
4.428140703517587928e-01 8.308488541037591935e-01 1.310480595524627853e-02 8.149230251282921778e-01 8.600223144618085458e-01 9.779908087530916339e-01 1.845169889069714006e-02 9.331369781540317376e-01 9.978530641282600255e-01 5.128085662540032175e+00 1.337488114683184626e-01 4.910860372033311272e+00 5.371798423234550590e+00 5.118976441380805653e+00 1.001598539780364228e-01 4.916804051411686416e+00 5.275423244318633742e+00
4.477889447236181319e-01 8.336957294861768730e-01 1.359339795778381071e-02 8.168638168217934314e-01 8.643504911515024203e-01 9.707831635743821019e-01 2.143802668620265958e-02 9.148501314123993478e-01 9.894533834304407582e-01 5.120283341234686425e+00 1.205077949613388849e-01 4.879249227221050589e+00 5.340331279345689630e+00 5.067681171353476621e+00 9.884081778384942729e-02 4.859194594241874832e+00 5.213808781525367309e+00
4.527638190954774156e-01 8.369895645394793693e-01 1.311696986216324447e-02 8.207810926761506254e-01 8.658438479382343234e-01 9.649902013867430739e-01 1.976364590360600235e-02 9.171625653952147905e-01 9.858160586752877652e-01 5.094290647707114594e+00 1.190364406521332019e-01 4.846627285972318511e+00 5.311377839621485464e+00 5.026641756920755100e+00 9.712693037271787067e-02 4.830408012818178776e+00 5.176045123730771635e+00
4.577386934673366992e-01 8.404342032142206875e-01 1.246670301266739056e-02 8.244089159212367734e-01 8.662975064265885372e-01 9.628590983115939972e-01 1.853437148980575239e-02 9.191063135493073855e-01 9.834867034531254992e-01 5.061672895980867892e+00 1.129881002135343371e-01 4.847591820060459078e+00 5.270943466424744983e+00 4.990155136967545424e+00 1.067107400624709018e-01 4.756970229610848477e+00 5.138228286393412780e+00
4.627135678391959828e-01 8.429882824554477683e-01 1.251030599503690985e-02 8.252114262582265214e-01 8.678834483464169525e-01 9.579530641740990893e-01 1.792151655795059390e-02 9.216309435988178089e-01 9.761998994168383792e-01 5.060110834820077841e+00 1.141913993277058059e-01 4.868214023895651721e+00 5.287084791221101199e+00 4.939270189049475235e+00 1.011538434975884082e-01 4.705709967879806221e+00 5.062121690782110051e+00
4.676884422110553219e-01 8.462431203967761828e-01 1.242591214861542281e-02 8.274331667814601721e-01 8.715936857027516416e-01 9.537832297338745269e-01 1.960381907925657155e-02 9.058651585775774340e-01 9.737168840971832662e-01 5.038856458467905419e+00 1.124893547307582037e-01 4.867926959491571282e+00 5.255983987030705684e+00 4.894871461569271887e+00 9.499217303889860575e-02 4.662453815455112505e+00 5.009587368469254898e+00
4.726633165829146055e-01 8.489381967960577535e-01 1.212825191501201716e-02 8.318750208798848522e-01 8.738375074660732489e-01 9.489899259309428903e-01 1.933335568115853928e-02 9.011918547815938041e-01 9.749624645711880699e-01 5.013781347481964801e+00 1.128820264416142138e-01 4.803143277594291938e+00 5.204315268817483187e+00 4.853740890456279544e+00 8.938013669075114964e-02 4.630474874765776683e+00 4.976072330754210959e+00
4.776381909547738891e-01 8.515776649697013312e-01 1.196783506381686978e-02 8.333255140947354311e-01 8.765272271781906488e-01 9.494938340400358445e-01 2.195384965805322053e-02 9.061282703941268002e-01 9.817557668425770379e-01 4.999352967446209384e+00 1.135388372597742473e-01 4.781933511836959028e+00 5.173572324874662343e+00 4.806191644202138846e+00 8.964540630159491263e-02 4.581120746472774563e+00 4.926478123889915572e+00
4.826130653266331727e-01 8.543602557154063026e-01 1.182029220860794649e-02 8.356224998472515653e-01 8.773833055217030719e-01 9.471327353057960030e-01 2.131755872749382247e-02 9.033078740069522272e-01 9.776281107719916319e-01 4.984642169413976198e+00 9.432996387545831973e-02 4.822256772015312443e+00 5.122755059783639098e+00 4.757596907757561056e+00 9.176867221819803855e-02 4.530301239180086093e+00 4.867604241576025004e+00
4.875879396984924563e-01 8.567301897301152769e-01 1.201229377586723879e-02 8.384353562684652150e-01 8.805775383546804447e-01 9.406517139302128516e-01 2.563497432922437827e-02 8.917934511974624501e-01 9.769107797124653159e-01 4.959266190214680847e+00 1.048495038526463946e-01 4.784156209293373152e+00 5.118801775554766564e+00 4.715925293456839640e+00 8.219171426795172930e-02 4.525212129295046459e+00 4.819004363226408572e+00
4.925628140703517954e-01 8.591518042333433636e-01 1.198177759395048329e-02 8.400078692043544404e-01 8.826434477929335776e-01 9.401959719986384689e-01 2.815743133213841065e-02 8.914793382926411436e-01 9.796336668421300464e-01 4.940854070790979158e+00 1.120353331896203480e-01 4.759679404763905275e+00 5.107018597971165974e+00 4.678609970649632466e+00 7.623292836796526084e-02 4.489138568180443656e+00 4.764843320771169566e+00
4.975376884422110790e-01 8.614896561518966545e-01 1.178816351298337707e-02 8.418470150061166946e-01 8.843931132692729458e-01 9.353546190147582484e-01 2.730344023976429002e-02 8.856462546799231950e-01 9.738303998567989783e-01 4.922405909830685822e+00 1.126816980070941138e-01 4.721047567932398437e+00 5.082207793324280409e+00 4.630008685044201044e+00 7.381790775018333417e-02 4.452107094459278436e+00 4.730938694369116071e+00
5.025125628140703071e-01 8.634745118274672615e-01 1.186375975940555730e-02 8.442031227924536863e-01 8.871436076431011841e-01 9.348298849347692618e-01 2.435846673537940543e-02 8.908527681666758014e-01 9.716275024326935794e-01 4.913513765258718635e+00 1.052130573685835513e-01 4.732899930568891911e+00 5.081226997822861691e+00 4.594407162666483302e+00 6.917763811628115100e-02 4.414074664206169452e+00 4.671940868575808814e+00
5.074874371859295907e-01 8.656791996217026997e-01 1.106316621354721565e-02 8.472507415730814451e-01 8.873025023533115396e-01 9.302694959546331521e-01 1.995220876190111764e-02 8.934610900231244601e-01 9.583925230159284769e-01 4.905436167650917945e+00 1.048093413933587903e-01 4.733585211225466161e+00 5.033310125141229108e+00 4.562880490942811562e+00 6.060075270888163473e-02 4.404166276075347497e+00 4.639013165631642011e+00
5.124623115577889854e-01 8.684679077249162216e-01 1.080344256679519922e-02 8.509758693594785539e-01 8.900839765247529067e-01 9.269100955806537367e-01 1.911229177399546841e-02 8.916160475588672529e-01 9.560026038953751693e-01 4.885861155897147867e+00 1.045711346896704419e-01 4.751771595699252337e+00 5.022967187561905078e+00 4.520599205985798008e+00 6.021880003099104595e-02 4.360185317501963809e+00 4.591629607602557783e+00
5.174371859296482690e-01 8.704610956434384317e-01 1.005028508502057473e-02 8.528974686988135545e-01 8.899744572986227897e-01 9.258455598977544110e-01 1.742553628764260260e-02 8.929911984710020567e-01 9.550922232565191017e-01 4.870771762863765453e+00 1.021353916452205218e-01 4.735374796914312512e+00 5.015270222948181811e+00 4.478807853483758095e+00 6.251707998143597733e-02 4.327131300216279008e+00 4.560880104446311201e+00
5.224120603015075526e-01 8.730563148295363840e-01 9.647077951263955189e-03 8.564176518594728282e-01 8.925881895675598088e-01 9.226771625949841127e-01 1.718352807551199596e-02 8.896021205718572800e-01 9.543787866020552180e-01 4.852356529280704933e+00 1.017593260161829549e-01 4.693386807030985430e+00 4.986581509016787095e+00 4.443276815223575760e+00 5.505865794455411244e-02 4.313349309377467300e+00 4.518643408853987964e+00
5.273869346733668362e-01 8.754813226879682997e-01 9.420267361870571232e-03 8.600457841589188579e-01 8.944798555818523900e-01 9.186228147954154100e-01 2.007933719862050118e-02 8.846850641034147422e-01 9.507262830735313530e-01 4.829496742541055099e+00 9.306567684318481359e-02 4.667765533890517737e+00 4.941419383131794518e+00 4.404407228521145967e+00 6.114986789623040597e-02 4.268231648314272597e+00 4.494266765341859760e+00
5.323618090452261198e-01 8.780151603786359171e-01 9.329958502929572295e-03 8.617647285134176771e-01 8.960904779523185537e-01 9.122943641552199168e-01 1.897954594882549778e-02 8.777092281526724937e-01 9.381204697083229682e-01 4.808749025416028999e+00 9.147178213424067561e-02 4.683066125394171664e+00 4.928900083607733684e+00 4.366134507924649633e+00 5.295834922265876127e-02 4.250915826377152484e+00 4.436294742995739782e+00
5.373366834170854034e-01 8.800423118776246056e-01 9.230288629078230167e-03 8.645009885859494814e-01 8.974560167940291988e-01 9.071748308181553089e-01 1.830489291973699806e-02 8.712925945824985252e-01 9.273240181759232481e-01 4.777432655875118783e+00 8.704135465018626727e-02 4.645187581205914462e+00 4.901253033101469647e+00 4.330950116476371292e+00 5.374809425260058254e-02 4.220962117085580445e+00 4.412944933634584288e+00
5.423115577889447980e-01 8.824821192364179501e-01 8.833839609674183982e-03 8.679431238765884515e-01 8.979658141684140338e-01 9.037782528675073479e-01 1.731286878123196663e-02 8.737213839925475067e-01 9.252530248558610282e-01 4.757398972323742647e+00 9.262106152914521828e-02 4.618666974680329496e+00 4.898836106758224673e+00 4.287684315321399708e+00 5.417657675511751425e-02 4.179342232296743731e+00 4.363035505674189629e+00
5.472864321608040816e-01 8.847729858591131258e-01 9.153003161838922305e-03 8.683595978344010868e-01 8.989758562201074499e-01 8.961148351601178064e-01 2.240761062138418164e-02 8.447262021076972216e-01 9.205691128736727125e-01 4.735124187331818391e+00 8.643654788081513163e-02 4.595231851452505900e+00 4.885360069319200527e+00 4.251459396899615051e+00 5.139988711127251031e-02 4.144216162518331359e+00 4.322706085153380506e+00
5.522613065326633652e-01 8.866811213074301534e-01 9.185777983605619701e-03 8.696754259882645277e-01 9.011012156491193803e-01 8.913241482816676164e-01 2.267326476532154425e-02 8.455207978426136917e-01 9.196539128077121372e-01 4.711062576876609675e+00 9.202944256706629966e-02 4.549631675121954544e+00 4.875906731972787789e+00 4.220202616270479545e+00 4.786419682848820634e-02 4.135861356220463136e+00 4.287412806065583837e+00
5.572361809045226488e-01 8.891862125182594667e-01 9.161199111399070602e-03 8.723174695534389178e-01 9.041385089354968541e-01 8.876954880866982922e-01 2.563320379128453466e-02 8.391284267923129203e-01 9.250874056908181542e-01 4.682333635873893840e+00 9.181708663882089116e-02 4.524739135220427144e+00 4.828188522125748783e+00 4.185786455484969082e+00 5.456494168229818198e-02 4.100838929556193335e+00 4.268499752873663233e+00
5.622110552763819324e-01 8.914067799092905142e-01 8.768881931543794431e-03 8.747977490517800936e-01 9.059839776257971877e-01 8.841813254973471814e-01 2.627597908732915918e-02 8.416134996214628128e-01 9.278031359260429101e-01 4.644265985283439591e+00 8.758550570991661954e-02 4.512320806849231758e+00 4.814428105345180064e+00 4.156899523696989895e+00 5.800614945805895872e-02 4.052148013896627710e+00 4.242728672805597512e+00
5.671859296482412161e-01 8.926561737976635991e-01 8.172687429408253407e-03 8.773512099428082411e-01 9.066823063271033378e-01 8.783631254146128109e-01 2.509249270283766750e-02 8.410531782322672179e-01 9.191224746458001027e-01 4.611150252931584426e+00 9.783915821792578404e-02 4.453041784022914840e+00 4.755058796221389272e+00 4.128334568219303335e+00 6.183293277684585865e-02 4.015764818386691637e+00 4.215325435764206041e+00
5.721608040201004997e-01 8.949339763560200112e-01 8.342958818503356383e-03 8.796768939079058214e-01 9.097066721775081133e-01 8.713255604126656229e-01 2.544402492104860455e-02 8.319465993583751162e-01 9.132370478764934019e-01 4.583112837650618054e+00 8.771871142459886084e-02 4.455863626951573231e+00 4.725757984840440074e+00 4.096126067819147565e+00 6.148419944535454817e-02 3.978956745679077756e+00 4.181858478719960637e+00
5.771356783919597833e-01 8.967206119630170003e-01 8.250036130879411997e-03 8.823630882544648557e-01 9.116791850864629509e-01 8.670463359843371132e-01 2.632208385196713532e-02 8.230180651245274648e-01 9.084054653630161402e-01 4.548112728375071079e+00 8.225578126132541967e-02 4.422930421632425890e+00 4.665376794772952529e+00 4.064339120136540195e+00 6.220030184779068438e-02 3.946562925786927245e+00 4.154038397559062901e+00
5.821105527638190669e-01 8.981455818740492481e-01 8.298964566436190307e-03 8.828193582120290595e-01 9.129996874727249745e-01 8.618179466346580497e-01 2.339344794660510457e-02 8.191646635636090634e-01 9.011794849082832570e-01 4.520474462654949122e+00 8.511209076538837903e-02 4.327331793285299710e+00 4.607858406076108970e+00 4.034081569783256604e+00 6.322494017677025846e-02 3.912825140740545216e+00 4.124011481927922773e+00
5.870854271356784615e-01 9.002151892319307791e-01 8.206798138136366452e-03 8.848083336525861542e-01 9.139473318221724707e-01 8.564406616956230511e-01 2.208089001707858393e-02 8.169681969802977672e-01 8.907995535647590390e-01 4.494408792202060354e+00 8.830178770561977752e-02 4.295797392818861304e+00 4.615024800032484720e+00 4.001352257071678409e+00 6.565317312177573750e-02 3.878315151095547364e+00 4.105741528923187111e+00
5.920603015075377451e-01 9.020091610151403927e-01 8.114603752979026099e-03 8.863307231333915626e-01 9.159512675940771897e-01 8.514425268495138255e-01 2.338579620056040545e-02 8.132517635138186707e-01 8.899065943057785644e-01 4.467304175383768339e+00 8.452834247278863400e-02 4.294039726549344849e+00 4.610972328281585320e+00 3.970163311086156277e+00 6.429161972598164410e-02 3.846161846234417592e+00 4.075174956952506200e+00
5.970351758793970287e-01 9.037087566330601618e-01 8.240366547037157596e-03 8.889420026523358054e-01 9.170020801539670030e-01 8.467409794496119080e-01 2.348409794947476856e-02 8.106233852276548690e-01 8.892344301233102710e-01 4.437430363204497574e+00 8.242393049979011843e-02 4.278644483433284407e+00 4.586737918211813536e+00 3.945731011878499395e+00 6.551511971904502851e-02 3.819162733503777662e+00 4.031580059857930998e+00
6.020100502512563123e-01 9.057135161654066291e-01 7.736207388907299747e-03 8.919486274697356887e-01 9.174688954229552884e-01 8.384102372586432761e-01 2.490501602946480417e-02 7.968984573299017216e-01 8.806455658399753306e-01 4.411447116853674189e+00 7.947183435104189508e-02 4.247281991213114338e+00 4.532277157181246352e+00 3.918180311822554440e+00 6.507231064346229166e-02 3.796651101049972166e+00 4.016470463657912049e+00
6.069849246231155959e-01 9.075276682861199706e-01 8.341929848369518397e-03 8.925984726771498678e-01 9.200911104353705072e-01 8.317785695722271777e-01 2.425616220082401492e-02 7.926907252544623805e-01 8.689350426387829618e-01 4.384758132156064470e+00 8.405565638291169483e-02 4.215800896872537784e+00 4.500880688089805126e+00 3.892147873999193486e+00 6.617366843967052714e-02 3.777546471150490692e+00 3.993650900763198841e+00
6.119597989949748795e-01 9.086013381927964261e-01 8.336979523527788399e-03 8.935822370731003605e-01 9.225795569368016036e-01 8.255000499891664845e-01 2.625788842280147445e-02 7.896058258530038731e-01 8.669815238136625579e-01 4.344790550630960091e+00 9.898950111243988437e-02 4.154321301370934805e+00 4.491128406249479177e+00 3.861370312977234764e+00 6.573978637452394802e-02 3.737851448718419345e+00 3.955535560078338175e+00
6.169346733668341631e-01 9.104315756136303062e-01 9.615311160841064075e-03 8.932163667289471087e-01 9.268386434246908001e-01 8.201435220821780003e-01 2.661348192805014848e-02 7.870749345615652981e-01 8.621997518097239688e-01 4.302045912242413728e+00 9.842012977478396818e-02 4.117323597841935801e+00 4.441769329626547247e+00 3.834135511035981381e+00 6.377189329775413695e-02 3.714480990274171557e+00 3.922461838311797511e+00
6.219095477386934467e-01 9.117177863242428293e-01 9.271815428018945898e-03 8.949353945178589731e-01 9.277297434189901715e-01 8.147043690809712135e-01 2.441924480439228509e-02 7.777349745382295954e-01 8.547913858545957977e-01 4.261902909782568472e+00 9.720194663091327736e-02 4.071359789955334207e+00 4.423518304338657003e+00 3.802880022964795437e+00 6.175393406225638399e-02 3.703879595913333933e+00 3.902015949838744557e+00
6.268844221105528414e-01 9.129325039594716751e-01 9.605894318485635672e-03 8.976691906667105814e-01 9.297306972410807058e-01 8.080447487781399207e-01 2.539414815073199813e-02 7.722425080409432985e-01 8.473298130204249823e-01 4.227163314161504815e+00 9.832030214290597703e-02 4.034319093546882229e+00 4.397657265948080152e+00 3.779680172134257443e+00 5.732782669035259987e-02 3.693567079148615040e+00 3.874903802151279386e+00
6.318592964824121250e-01 9.138293934819363695e-01 9.375993041084090124e-03 9.000942555824233970e-01 9.313791123937601446e-01 8.036328616670509462e-01 2.347568825121757255e-02 7.736585008341000380e-01 8.358798663710061971e-01 4.188304733514294220e+00 1.074039351008001519e-01 3.969894983732956906e+00 4.376470980460768878e+00 3.750388172327518532e+00 5.707490339632753651e-02 3.673506611285761281e+00 3.851021208767372528e+00
6.368341708542714086e-01 9.159127555185856417e-01 9.560451916718221491e-03 9.022867524210284040e-01 9.343770568188232151e-01 7.950614019649622222e-01 2.132717690870022942e-02 7.635716847164060184e-01 8.286910572195493874e-01 4.143814552341384072e+00 1.093274967613613868e-01 3.925378748450853550e+00 4.343572851807016910e+00 3.722545778761749524e+00 5.953533289966490838e-02 3.648465616933751932e+00 3.833373556431989737e+00
6.418090452261306922e-01 9.173070682000148413e-01 9.218121427346409255e-03 9.039573723497864588e-01 9.336044446505198380e-01 7.839496523114707349e-01 2.071942419756651541e-02 7.509221283147339276e-01 8.115026792107888909e-01 4.116949419376205732e+00 1.119919989310170783e-01 3.901247067554109549e+00 4.329194831970577084e+00 3.698981594930535355e+00 5.522511130250878919e-02 3.623828374054693491e+00 3.805486083143590381e+00
6.467839195979899758e-01 9.187874492109162627e-01 8.558115560062182214e-03 9.061409915494790246e-01 9.342133915874656358e-01 7.782885014835718707e-01 2.169842852854578924e-02 7.404476361598204548e-01 8.102036093029717501e-01 4.075298503078744972e+00 1.088194911142291443e-01 3.856267208907827371e+00 4.256811446700264234e+00 3.677353489829735533e+00 5.450939904800809754e-02 3.603679481825935671e+00 3.785032077901204772e+00
6.517587939698492594e-01 9.209278534395158866e-01 8.519700708344249418e-03 9.095509517911692932e-01 9.363895376677373594e-01 7.711894232222258339e-01 2.366376215490676935e-02 7.328536983617776057e-01 8.044242520575914934e-01 4.038760510610757137e+00 1.009616863225822336e-01 3.837603947156336126e+00 4.211143138225732052e+00 3.649313519060182642e+00 5.384551595461182366e-02 3.575789013937077598e+00 3.754325079315654623e+00
6.567336683417085430e-01 9.225566246236972523e-01 8.940569327661034363e-03 9.103406350497008637e-01 9.374944008081939062e-01 7.633459551220290740e-01 2.614536322042823949e-02 7.255111459112092431e-01 7.973831163501431396e-01 3.996825739610286199e+00 1.069572361162622054e-01 3.791563635196588677e+00 4.168233976241384475e+00 3.619734363362917318e+00 5.407933365549330573e-02 3.551310868341150950e+00 3.718633015060529345e+00
6.617085427135678266e-01 9.244965029512928201e-01 8.739167195062638727e-03 9.106569897765482979e-01 9.394820787210012014e-01 7.572862395025162785e-01 2.650300308055935153e-02 7.215817613781988493e-01 7.946860302603195869e-01 3.959286835150495953e+00 1.079333432778229185e-01 3.743944171914323604e+00 4.151973132156403956e+00 3.595427538555218572e+00 4.992830634252160005e-02 3.527682202309984305e+00 3.687034166563959658e+00
6.666834170854271102e-01 9.262407021792780082e-01 8.768263225978430511e-03 9.108097913018956548e-01 9.404649742110108290e-01 7.510642576605363052e-01 2.693634042005392873e-02 7.119387604740332609e-01 7.897618801133782229e-01 3.911817442496410280e+00 1.141930228359090971e-01 3.685011245232675314e+00 4.135071513451086922e+00 3.569982293652825600e+00 4.891323062466593208e-02 3.503539657030272814e+00 3.655138607156937169e+00
6.716582914572865048e-01 9.271768918561107409e-01 8.245626083243090196e-03 9.133507750976568307e-01 9.417719657059534510e-01 7.430277705242411823e-01 2.750671828729386523e-02 6.933627575064079673e-01 7.812711303674373386e-01 3.868425960176477219e+00 1.108909959794119188e-01 3.639229533298025121e+00 4.075466448951562626e+00 3.544212216616823063e+00 5.225129797400761278e-02 3.466541036290505140e+00 3.637694425615854765e+00
6.766331658291457885e-01 9.287471575792874967e-01 8.566920619814488366e-03 9.147629371697452161e-01 9.449888132513608596e-01 7.354689520085309073e-01 2.623147049530544575e-02 6.871569725214740076e-01 7.725573580887437064e-01 3.836731412891889903e+00 1.097978527033208335e-01 3.613913718879211867e+00 4.054409904662887421e+00 3.521349575416915290e+00 5.417278234454701857e-02 3.449682777053152627e+00 3.614346214794912804e+00
6.816080402010050721e-01 9.302402576826300784e-01 8.632703376658395697e-03 9.163158504048197761e-01 9.470281419878922025e-01 7.280024009664354256e-01 2.649985083354462756e-02 6.822972729860036223e-01 7.640756434821471821e-01 3.795401658616414320e+00 1.127363585038708149e-01 3.559453853934906764e+00 4.004461187664212218e+00 3.494938400815884361e+00 5.064931635139576643e-02 3.421687735086472504e+00 3.581038449755790776e+00
6.865829145728643557e-01 9.318059036454104938e-01 8.944738883647824004e-03 9.178174698563780209e-01 9.493791640081806760e-01 7.189833465105143206e-01 2.640087749192762331e-02 6.718472305317062521e-01 7.530263648507355967e-01 3.757159333398729650e+00 1.128177015346635698e-01 3.523227211400237202e+00 3.968434435120090420e+00 3.472781397780873025e+00 4.810618817565778110e-02 3.410321383572753273e+00 3.557595972991394184e+00
6.915577889447236393e-01 9.330235486640738873e-01 8.573238544986554535e-03 9.197622002420091647e-01 9.497314127754512558e-01 7.095307773520685979e-01 2.530865569404821408e-02 6.631885716677676790e-01 7.402878886452215479e-01 3.715953926453276601e+00 1.170544946473344589e-01 3.475762350270031664e+00 3.944503796945039831e+00 3.449143013080869569e+00 4.594890697497362037e-02 3.391998937860894792e+00 3.527084062727332991e+00
6.965326633165829229e-01 9.339926018814497244e-01 8.683900869857782631e-03 9.198877156269361643e-01 9.492365547725939434e-01 7.010237662146239224e-01 2.476714000518843647e-02 6.497672830454592763e-01 7.341553193408284494e-01 3.685684657594470170e+00 1.094449622226940366e-01 3.445501117059930341e+00 3.877044579449167916e+00 3.428079416132205015e+00 4.507599995560213069e-02 3.369713882644062686e+00 3.508011162289245810e+00
7.015075376884422065e-01 9.355508779513220796e-01 8.806825663576095878e-03 9.217562171513833391e-01 9.521101461457270876e-01 6.907387310826482718e-01 2.894542968083044232e-02 6.276950263478463521e-01 7.279916292669195155e-01 3.650268790642729133e+00 1.087436322592926913e-01 3.404379225465333114e+00 3.848277865104523965e+00 3.405356891434725419e+00 4.458673335746586586e-02 3.343000247907524702e+00 3.484160522244494462e+00
7.064824120603014901e-01 9.366065867971193892e-01 8.814206598766412964e-03 9.239472110188725607e-01 9.547408188933818041e-01 6.819313347175179896e-01 2.727362271995052018e-02 6.204108838430655304e-01 7.195686205737451546e-01 3.613381498161746919e+00 1.049426209643174457e-01 3.372855706540608622e+00 3.810935809918881034e+00 3.383031369127987631e+00 4.482371716319600435e-02 3.313801168769914263e+00 3.464170394324926683e+00
7.114572864321608847e-01 9.381847752399682383e-01 8.744614752617353368e-03 9.252975305145954010e-01 9.565149499910218234e-01 6.733917136204286003e-01 2.567472416974975885e-02 6.198323413331630061e-01 7.184416806293874025e-01 3.566034499981780126e+00 1.014087194840310319e-01 3.348436451694633664e+00 3.769084390329805245e+00 3.362713721789052812e+00 4.507942886294384610e-02 3.290688771084356201e+00 3.451224932123613254e+00
7.164321608040201683e-01 9.394648153659144185e-01 8.403486220971839726e-03 9.270590462014797195e-01 9.564456502944517213e-01 6.647487021779283634e-01 2.334034000069575357e-02 6.153671994234407583e-01 7.038549014903660028e-01 3.525617754657639047e+00 9.939442950904990581e-02 3.324852671166403262e+00 3.730617519772159607e+00 3.346827972502541826e+00 4.263198105491265016e-02 3.286791307849297628e+00 3.433393024172707086e+00
7.214070351758794519e-01 9.405152988943858983e-01 8.333274836087969581e-03 9.284096590212665978e-01 9.574143399200898408e-01 6.559837626470661487e-01 2.194538575750121581e-02 6.095585705316322045e-01 6.954614110120493908e-01 3.483179214916797495e+00 9.570859902199252423e-02 3.292477005659401712e+00 3.675320107451639728e+00 3.324836291222280860e+00 3.963529423102211957e-02 3.273734505104908266e+00 3.398938724651620724e+00
7.263819095477387355e-01 9.419210342776216383e-01 8.370573497935015345e-03 9.302224380917638591e-01 9.591535391949654876e-01 6.501368056813282559e-01 2.087873435069620420e-02 6.075533991467026995e-01 6.870119244284996762e-01 3.441650303324902183e+00 9.742940777083328174e-02 3.241601309947844012e+00 3.629528520156222626e+00 3.307284312998783893e+00 4.088521404756557259e-02 3.258275225427141653e+00 3.384877303729306952e+00
7.313567839195980191e-01 9.431925042825313188e-01 8.078664496469118578e-03 9.325077009737514633e-01 9.608127159492019231e-01 6.431670538862765962e-01 1.848225514451696735e-02 6.060888850626283686e-01 6.773424991341048251e-01 3.402922355171794866e+00 8.965271506372320121e-02 3.216605591647562878e+00 3.573117618167029441e+00 3.287661689157045597e+00 3.890903283473980817e-02 3.238521359786852294e+00 3.357751142548576873e+00
7.363316582914573027e-01 9.445524206202670081e-01 8.712068861183492469e-03 9.327939948534748060e-01 9.633851133862096905e-01 6.366335387132169288e-01 1.839543544234642503e-02 6.022951865468885169e-01 6.707016240996745982e-01 3.368731424739666469e+00 9.491852017475341241e-02 3.158779560549937582e+00 3.535545713456208716e+00 3.271641236069075198e+00 3.861188519024359722e-02 3.225132630759286911e+00 3.343314546548200816e+00
7.413065326633165864e-01 9.454138548022245070e-01 8.576905873542208306e-03 9.345514851860473593e-01 9.648702586135468051e-01 6.291480373693898454e-01 1.582153778727016930e-02 5.981987256696897903e-01 6.590397711902302724e-01 3.328250109916631949e+00 8.865106003631166576e-02 3.122999412364652727e+00 3.481715287015019200e+00 3.251980877379355039e+00 3.725530053007248404e-02 3.202944601530985036e+00 3.321471271260354019e+00
7.462814070351758700e-01 9.461556385652549750e-01 8.933124982767054120e-03 9.355390792383436738e-01 9.663000344374790274e-01 6.210671787039941938e-01 1.609135459619349950e-02 5.963039265303259340e-01 6.531830930851474371e-01 3.286156116764067825e+00 8.573745282492156727e-02 3.105268734338656689e+00 3.452657389729234083e+00 3.233091566040162235e+00 3.634586312601252589e-02 3.183615553679335797e+00 3.303030365536646862e+00
7.512562814070351536e-01 9.471092985474272030e-01 9.239463783703012051e-03 9.353481466379687248e-01 9.680828332317409357e-01 6.137365965049255134e-01 1.649796617351464989e-02 5.910614946143406545e-01 6.515164517104518049e-01 3.240384933180123994e+00 8.167505162204144464e-02 3.066189093376822328e+00 3.398121312269473115e+00 3.213805741242701686e+00 3.184493967862896124e-02 3.171048375902215000e+00 3.278908355388332030e+00
7.562311557788945482e-01 9.482877214969505086e-01 9.262579988462363995e-03 9.361350107789819797e-01 9.688359974569320521e-01 6.060484415714306738e-01 1.737517941817457584e-02 5.806080373174941078e-01 6.454786686285599595e-01 3.202456670412702433e+00 8.562782389384034076e-02 3.038236549243354290e+00 3.362905732438840278e+00 3.194608535000017291e+00 2.723158216573445117e-02 3.159501693378779841e+00 3.252946283835675079e+00
7.612060301507538318e-01 9.495409707447821646e-01 8.748407415120802028e-03 9.375406158326764494e-01 9.692780677736092532e-01 5.989629572898353960e-01 1.641099432575104933e-02 5.758577040766693633e-01 6.361893080468596917e-01 3.162509584421375752e+00 8.458545566993955211e-02 2.997706177812469175e+00 3.303029553299345444e+00 3.177915423890974811e+00 2.599274978908333589e-02 3.145091902391662586e+00 3.235438654596121566e+00
7.661809045226131154e-01 9.508367536509541029e-01 8.627714133161799165e-03 9.404531087523708699e-01 9.708895970456458135e-01 5.892849986892765290e-01 1.697264120568802576e-02 5.639275960565143242e-01 6.279125893259409619e-01 3.124656910972029689e+00 8.434063678259334784e-02 2.956957348335075508e+00 3.250859017517920613e+00 3.162877468406100512e+00 2.256259801943855114e-02 3.126181868266212138e+00 3.207340007970518769e+00
7.711557788944723990e-01 9.516124172876526677e-01 7.990314183488445021e-03 9.415238995460795124e-01 9.706083121985256135e-01 5.808814138389118975e-01 1.780344292022827818e-02 5.561715937166278323e-01 6.190402284037903602e-01 3.087189790880878970e+00 8.312398055502048799e-02 2.928489821914726399e+00 3.222395583700574218e+00 3.144519213291006032e+00 2.232898603918721803e-02 3.104577351933468510e+00 3.183444229565087547e+00
7.761306532663316826e-01 9.522088095030267763e-01 7.812396876371448598e-03 9.419432394230966565e-01 9.702361034269110229e-01 5.738957138359822574e-01 1.646482316788020275e-02 5.489801502756753715e-01 6.110322224351468767e-01 3.048423939737372024e+00 7.544618192524844835e-02 2.911731806929916289e+00 3.171157667420249293e+00 3.126408746147061102e+00 2.080068679448192001e-02 3.092479271218935288e+00 3.165326897778805382e+00
7.811055276381909662e-01 9.529649491821803320e-01 7.483973678238339290e-03 9.441468712845766387e-01 9.695432302380798673e-01 5.647097294092769948e-01 1.494760102859688661e-02 5.461558627931598631e-01 5.968305320724494045e-01 3.011378824497126683e+00 7.431743220531973615e-02 2.871100086916201111e+00 3.126279129196660289e+00 3.107857502467966881e+00 2.381190304385855105e-02 3.070298564486411586e+00 3.148953491256954340e+00
7.860804020100502498e-01 9.538334850353195060e-01 7.143380919853092523e-03 9.463807740061931373e-01 9.698698854050022966e-01 5.567668388989603923e-01 1.540509041917407368e-02 5.363589423229990771e-01 5.871087897875771899e-01 2.977812537667217985e+00 7.931589562538149396e-02 2.837524763549553075e+00 3.085090443821146167e+00 3.090365284564414949e+00 2.245052621007860572e-02 3.054079039636961035e+00 3.134266251181202279e+00
7.910552763819095334e-01 9.544041064984261080e-01 6.395790564311584596e-03 9.467738613866621966e-01 9.683039237557223844e-01 5.504390354525725559e-01 1.679311970319544503e-02 5.286934250206174468e-01 5.842935917846632243e-01 2.939242778617169982e+00 7.872327895439187873e-02 2.796744976796762039e+00 3.042669246393765903e+00 3.075024638921504128e+00 2.252279596003214229e-02 3.039039889293353447e+00 3.114441503619008511e+00
7.960301507537689281e-01 9.551794928567577392e-01 6.477539533848928645e-03 9.473628512446885530e-01 9.692165407250885600e-01 5.436554053123434649e-01 1.802579429758465607e-02 5.185273411740780602e-01 5.803163638005420788e-01 2.898235062605663437e+00 8.034617799914052505e-02 2.762026917354408084e+00 3.005035707265619305e+00 3.056899164086105625e+00 2.181879579560902851e-02 3.024445360011745354e+00 3.096336746096205239e+00
8.010050251256282117e-01 9.554459267108560416e-01 6.023870715686427402e-03 9.475215562621701615e-01 9.688790079683823331e-01 5.365048300252782676e-01 2.042062796993202381e-02 5.074254708880351350e-01 5.771745038630701208e-01 2.861354268648528265e+00 8.029278234481762588e-02 2.728724035497259504e+00 2.980464439049470116e+00 3.041001205526991491e+00 2.167354213239774258e-02 3.005155240367909375e+00 3.076959665995037785e+00
8.059798994974874953e-01 9.555595800908637250e-01 5.750464672274428236e-03 9.497329359128112714e-01 9.688647801324554720e-01 5.306364654607362841e-01 2.189512393211672306e-02 4.971913829203620794e-01 5.737768155953114624e-01 2.818223915844939143e+00 8.603622196965647617e-02 2.666250954724188382e+00 2.948424581986688775e+00 3.021886429671993390e+00 2.245649682721071599e-02 2.984567270752999768e+00 3.059102596658007656e+00
8.109547738693467789e-01 9.560803707112250915e-01 5.831716075192657465e-03 9.488989949187364159e-01 9.696470086936602728e-01 5.207346769165308586e-01 2.168958049599232357e-02 4.866070443438056947e-01 5.649022905096878766e-01 2.778751836876096171e+00 8.760182806593970473e-02 2.619067870038450874e+00 2.902020426375089279e+00 3.004954482433319196e+00 2.480622644131244212e-02 2.962174065147046509e+00 3.048689143377841582e+00
8.159296482412060625e-01 9.570570936162207110e-01 6.019702712546681420e-03 9.499809065647474293e-01 9.708621751306717451e-01 5.131740598690643917e-01 2.385121787749771433e-02 4.750307803973350396e-01 5.584393047985820591e-01 2.740232723373133616e+00 8.812518303110994378e-02 2.577050511127358501e+00 2.869400193097690899e+00 2.986695028403125285e+00 2.612311227068777122e-02 2.942682804898631321e+00 3.031556749028425646e+00
8.209045226130653461e-01 9.579585936437915450e-01 6.382380976678939111e-03 9.513399708586275372e-01 9.722887249641251062e-01 5.048058661229056776e-01 2.175335050119938871e-02 4.688437458364652088e-01 5.383934272758630346e-01 2.705809424391867335e+00 8.623307086470269334e-02 2.542688663060190812e+00 2.829112294349733325e+00 2.969099828304362809e+00 2.443574282590189189e-02 2.924076667076516145e+00 3.009990687403024889e+00
8.258793969849246297e-01 9.588768161001407497e-01 6.075737570633350793e-03 9.529620643465793739e-01 9.727364529015696260e-01 4.997728323741489342e-01 2.169907232256231000e-02 4.659908689316413222e-01 5.322116559234535416e-01 2.667984394405884085e+00 8.778225310899039069e-02 2.502733060216156158e+00 2.794589795085121064e+00 2.953486140006182481e+00 2.369722801223363151e-02 2.911322697685069905e+00 2.993379775282485333e+00
8.308542713567839133e-01 9.598335727125165695e-01 6.077115724710468840e-03 9.534078519706311594e-01 9.741897755154110827e-01 4.925018559783987948e-01 2.103291305756072385e-02 4.620413508375202927e-01 5.251285496109651119e-01 2.627687931124241594e+00 8.951944797431835021e-02 2.480421799309471265e+00 2.760435640360454634e+00 2.941653139479956103e+00 2.304051711466861829e-02 2.901444503344139392e+00 2.978162617451968419e+00
8.358291457286431969e-01 9.605026826224347669e-01 5.364932175448402542e-03 9.551036057167621163e-01 9.735268133415703184e-01 4.834799825941617502e-01 1.774077085774362211e-02 4.590744344223883777e-01 5.085053557208499830e-01 2.590477974159383301e+00 8.559806247314986904e-02 2.455091163484136807e+00 2.724854177170299874e+00 2.927265400340542723e+00 2.243808034624789408e-02 2.891009898299499614e+00 2.961754595688874225e+00
8.408040201005025915e-01 9.612851657583965093e-01 5.076536600402111257e-03 9.571131972163979817e-01 9.742374497744111794e-01 4.767390233015742496e-01 1.732122204225616455e-02 4.522880509826905371e-01 5.015237417961425637e-01 2.548839499408654508e+00 8.943457171332963584e-02 2.419055304885538327e+00 2.702648226583590052e+00 2.912735936201415576e+00 2.143788119945361573e-02 2.880793170680105320e+00 2.950727982107512748e+00
8.457788944723618751e-01 9.617376013351346398e-01 4.646035153806384911e-03 9.572593077849110843e-01 9.737383827934723568e-01 4.670798948570690778e-01 1.781390219468353617e-02 4.417325048571254520e-01 4.946904830921248775e-01 2.513230992627884408e+00 8.360232415299392872e-02 2.393156227199233044e+00 2.651135483851150276e+00 2.897681638008239524e+00 2.225142684969667536e-02 2.870889467084173585e+00 2.941572940971024952e+00
8.507537688442211588e-01 9.614272270288044542e-01 4.314228375168323304e-03 9.568591489287173735e-01 9.726142926025146407e-01 4.601947575049474826e-01 1.792730163515079966e-02 4.358328791163348925e-01 4.901649631468029678e-01 2.467136303681646936e+00 8.068094451403853840e-02 2.350943376105667060e+00 2.598496779121547196e+00 2.883905137518115502e+00 2.059261567056657610e-02 2.860594293552451539e+00 2.926968432106063833e+00
8.557286432160804424e-01 9.620989779851601975e-01 3.996978923497014093e-03 9.581198780712137930e-01 9.728923900137024239e-01 4.529174872256500062e-01 1.754528860899924950e-02 4.265781850728437297e-01 4.802078763751825297e-01 2.428512232660949621e+00 8.314103663803795730e-02 2.304325481873743531e+00 2.573303603139310614e+00 2.869067071933419033e+00 2.046555678868125505e-02 2.849288905710313458e+00 2.914029610292335981e+00
8.607035175879397260e-01 9.628230264008574846e-01 4.011392562550927625e-03 9.587394599081591195e-01 9.727931619758003468e-01 4.452338398842453637e-01 1.635371313755052888e-02 4.199304131703386900e-01 4.698802279705426299e-01 2.383757182891670823e+00 8.325935203343171054e-02 2.244740260420666988e+00 2.523149547334502696e+00 2.854262755293061726e+00 2.058481575968709384e-02 2.833178724750222255e+00 2.902258491863215717e+00
8.656783919597990096e-01 9.634584129769552252e-01 3.885811942443508082e-03 9.594193020717903808e-01 9.734896605602053610e-01 4.374875427396790473e-01 1.593055895823873927e-02 4.146548139720189208e-01 4.655740804239618114e-01 2.343275429291558964e+00 8.494751243944814734e-02 2.199552125307334904e+00 2.486444510597438651e+00 2.840221865310543770e+00 1.885541609094222235e-02 2.819625679050829614e+00 2.883439844074039193e+00
8.706532663316582932e-01 9.635846280938483721e-01 3.938104778118904810e-03 9.596911848903949549e-01 9.742960246945253644e-01 4.302048521990154972e-01 1.567694285286235639e-02 4.045716947320300849e-01 4.584339882781417463e-01 2.300432794363173272e+00 8.138926405875644698e-02 2.156701992186333960e+00 2.444284567390348606e+00 2.826202590303157791e+00 1.828336338871713526e-02 2.809055106778925559e+00 2.869569855457266172e+00
8.756281407035175768e-01 9.636640856228743113e-01 3.577868211983109992e-03 9.594669574235711318e-01 9.730540190837462244e-01 4.237226032562468880e-01 1.488506168183903119e-02 3.986839661822918490e-01 4.499879688246473108e-01 2.260554821440668327e+00 8.131312110641951418e-02 2.115199579866095636e+00 2.401696219498424156e+00 2.812472550217042233e+00 1.979514974304076580e-02 2.789725536255963867e+00 2.864254521288598809e+00
8.806030150753769714e-01 9.635738675996489144e-01 3.877734867166992595e-03 9.579841463399279000e-01 9.736987360775131162e-01 4.150309576575531567e-01 1.325551935297962503e-02 3.902020506071347539e-01 4.335523490307578998e-01 2.217603033115455702e+00 7.766830234802107880e-02 2.084060424919920163e+00 2.347637503828716721e+00 2.796059918701271130e+00 2.188563934086309656e-02 2.775707967627410788e+00 2.852254423176401765e+00
8.855778894472362550e-01 9.633386780661024051e-01 3.756265241176622461e-03 9.584308025304120182e-01 9.733824209020988105e-01 4.069552585138465628e-01 1.132150968991809878e-02 3.849563128966565495e-01 4.241445893702544545e-01 2.179069999249697354e+00 7.401592484246541370e-02 2.047920040588354418e+00 2.287555590410951467e+00 2.781777753680676479e+00 2.107758883291784707e-02 2.759938418801512139e+00 2.834389921464143036e+00
8.905527638190955386e-01 9.638818915415525712e-01 3.212300636420470975e-03 9.594518819626443040e-01 9.725813750231867560e-01 4.002514895461578570e-01 1.026587273333984945e-02 3.804929179084536317e-01 4.158627267768015279e-01 2.140793671278663268e+00 6.674791607379844394e-02 2.014197991441224911e+00 2.228957495736694661e+00 2.767417709162291128e+00 2.005724199011043110e-02 2.746185520984069761e+00 2.818286484221339538e+00
8.955276381909548222e-01 9.637996309313985321e-01 3.183764496025731291e-03 9.600294236811214299e-01 9.722862708005763910e-01 3.926797106591458641e-01 9.010682309131446896e-03 3.756717015423053363e-01 4.036645502692793319e-01 2.101866387491968968e+00 6.332595164026919021e-02 1.979666473144346517e+00 2.184116159639419852e+00 2.751603771152365763e+00 1.966089074324671448e-02 2.729914601314949785e+00 2.801675806285770065e+00
9.005025125628141058e-01 9.639328229468411280e-01 2.603805888043872648e-03 9.606563908503508165e-01 9.709341406246593253e-01 3.850083659968552841e-01 7.774004360764389006e-03 3.716837043737596935e-01 3.957610775078913012e-01 2.063197709003420588e+00 5.792519275286261982e-02 1.956790680384216552e+00 2.140627409082453969e+00 2.735046211934634819e+00 1.674647315650113974e-02 2.716689368043325281e+00 2.777234727324486840e+00
9.054773869346733894e-01 9.638117109517547743e-01 2.402884364546994684e-03 9.611675346628671956e-01 9.703858578016730796e-01 3.768415791937663739e-01 8.213252972480999253e-03 3.623408104362872417e-01 3.909461224863688411e-01 2.026980131077087410e+00 5.671897474574109921e-02 1.932100676719818333e+00 2.101026235852664126e+00 2.718641060156767431e+00 1.603822823689038043e-02 2.701836466915386037e+00 2.760822169116996072e+00
9.104522613065326730e-01 9.638238848225612054e-01 2.366042799103862566e-03 9.605447559399270530e-01 9.693479885375960725e-01 3.694958935525256005e-01 8.411595228423503212e-03 3.576392150380545698e-01 3.820038699968552609e-01 1.990970421646509836e+00 5.384582576941977783e-02 1.901452011329971326e+00 2.060997099627273954e+00 2.702235585933684181e+00 1.502329447321794353e-02 2.690103323828905602e+00 2.741740062485328089e+00
9.154271356783919567e-01 9.636157677397912957e-01 2.977596033294449551e-03 9.594157345795344405e-01 9.701421450363006960e-01 3.627006361046722915e-01 8.509814012794434876e-03 3.510918136086674801e-01 3.745380944748614160e-01 1.950370585924525058e+00 4.800915304891017338e-02 1.876053734519730343e+00 2.017535596544185239e+00 2.688342767235794906e+00 1.638407651496243816e-02 2.673520890665907590e+00 2.729461146960949325e+00
9.204020100502512403e-01 9.634845974061819751e-01 2.994801424212474670e-03 9.587090473258391699e-01 9.696789844653384005e-01 3.566342580350576608e-01 8.739628515074697457e-03 3.435204997684564443e-01 3.694468927628385968e-01 1.916398250407651549e+00 4.832967274806795194e-02 1.839855609868642272e+00 1.985020052496386134e+00 2.674435794412544087e+00 1.538396635006628738e-02 2.660875769587848882e+00 2.711873312202647490e+00
9.253768844221106349e-01 9.632861208737614200e-01 2.703723886960054338e-03 9.586217265827081668e-01 9.679934634245288549e-01 3.476915976720476031e-01 8.010353615176471834e-03 3.344406814946545015e-01 3.594630328143423870e-01 1.881131639086372376e+00 4.701786007405351492e-02 1.814994824091113346e+00 1.948530393964704066e+00 2.660336506688822489e+00 1.395766752404222107e-02 2.649941293207655146e+00 2.697217219320390047e+00
9.303517587939699185e-01 9.631414526278504473e-01 2.487504045680631343e-03 9.591366878636241600e-01 9.676276391832800972e-01 3.406315445393018337e-01 8.166078603960270910e-03 3.293514052690498239e-01 3.556871939616601530e-01 1.841015072363472171e+00 4.170056522727680348e-02 1.777406887634757071e+00 1.897389766020110446e+00 2.644508545807881639e+00 1.198690212677166501e-02 2.633282717873002277e+00 2.674609726131507603e+00
9.353266331658292021e-01 9.630099403638864297e-01 2.702794284614943709e-03 9.567978305784339277e-01 9.666104469379240838e-01 3.324449654650449837e-01 6.489721644161394742e-03 3.238418309534912831e-01 3.444068531486506046e-01 1.802555843931204382e+00 3.876951282248500275e-02 1.739695774749742130e+00 1.845611602516252781e+00 2.629653915395110619e+00 1.014385942337322870e-02 2.620764571300257639e+00 2.655757940875669298e+00
9.403015075376884857e-01 9.624508792191065476e-01 2.684715308928557059e-03 9.570906283748852328e-01 9.659933459697765956e-01 3.251841572278162396e-01 5.396945602663879085e-03 3.190608544445578953e-01 3.352344412586396039e-01 1.760277176461646942e+00 3.949090308324903348e-02 1.689291947550036088e+00 1.807343631511176163e+00 2.614569794594844954e+00 1.114051435520022754e-02 2.605849906315370834e+00 2.644644246104883134e+00
9.452763819095477693e-01 9.621431602394017180e-01 2.528733017423075592e-03 9.579552566265989721e-01 9.662819920912687488e-01 3.192369616660325482e-01 6.633372643715900255e-03 3.070045151327548405e-01 3.299984198906054655e-01 1.722825903999053221e+00 3.512763085683961312e-02 1.663332061338886891e+00 1.772552158818732071e+00 2.597754709401222328e+00 1.037379818786940758e-02 2.586209123700791590e+00 2.625163579492288068e+00
9.502512562814070529e-01 9.614955078372517949e-01 2.599843416702875016e-03 9.557128125054942247e-01 9.648992384193354477e-01 3.144950694336572927e-01 5.190919998826756115e-03 3.062467787876079206e-01 3.231022571551284139e-01 1.687432577735914707e+00 2.929052950107062861e-02 1.636812585979235735e+00 1.732576012408143962e+00 2.580892650068544292e+00 9.028884841397142105e-03 2.571910079163779894e+00 2.605454197947607575e+00
9.552261306532663365e-01 9.606662501792841979e-01 2.704172816814065950e-03 9.550169772429346615e-01 9.641681725838772143e-01 3.075363613525927686e-01 5.632602531256959873e-03 2.996410724899104538e-01 3.152333513748213356e-01 1.653596290347102427e+00 2.920974363543214075e-02 1.607433399214216241e+00 1.699381600945424564e+00 2.565494459483359080e+00 7.024859281723835717e-03 2.559427372895471287e+00 2.583986612995563092e+00
9.602010050251256201e-01 9.592719633800307344e-01 2.229323114297285680e-03 9.547742110149813888e-01 9.627741465220541750e-01 2.998581456626795427e-01 5.711563703696579536e-03 2.912949619926809564e-01 3.090303984618182342e-01 1.615257274196842063e+00 2.494469656537539812e-02 1.571304890178394587e+00 1.656263085395332402e+00 2.547933605956421044e+00 6.740921557817272820e-03 2.539018289351367308e+00 2.564222541416043555e+00
9.651758793969849037e-01 9.573557644295040969e-01 1.882521447560336078e-03 9.537965620635134867e-01 9.601226043739315985e-01 2.944412571770260167e-01 5.766743135965342673e-03 2.858879634904925027e-01 3.034295132871243084e-01 1.583251132858870980e+00 2.440264300156582897e-02 1.544110974703004624e+00 1.627652585846798283e+00 2.531457429227963019e+00 7.502561059145383508e-03 2.521520897515548310e+00 2.546142362916616442e+00
9.701507537688442984e-01 9.558688005201478877e-01 1.648690166697652174e-03 9.534955943701952652e-01 9.591203705827258119e-01 2.853544209681783128e-01 6.793380720743025063e-03 2.759369793469366727e-01 2.964527292450417906e-01 1.541489917308312085e+00 2.473864982332046186e-02 1.502196540003355674e+00 1.594532856913473129e+00 2.513989327702828014e+00 5.626734006713401959e-03 2.505387937647764129e+00 2.524146439638241368e+00
9.751256281407035820e-01 9.547959501095373280e-01 1.327345990854643300e-03 9.517842741930996331e-01 9.562648546643178760e-01 2.762614556569095159e-01 5.928143403158538105e-03 2.682956886659366158e-01 2.865349327536553248e-01 1.498741159017380697e+00 2.185244845249331713e-02 1.465376126028672843e+00 1.545608069141522822e+00 2.495847063588964243e+00 5.854090381950457535e-03 2.486942725438832547e+00 2.504272138018762917e+00
9.801005025125628656e-01 9.533770778914248956e-01 1.072000274826546322e-03 9.515864710408415972e-01 9.549140058925575936e-01 2.681163829088104578e-01 4.576742872044231927e-03 2.614693880556102079e-01 2.754219766250122770e-01 1.452547058110673639e+00 1.510256683591976352e-02 1.430458485964965609e+00 1.482976316512011561e+00 2.476187612582732900e+00 6.049401201663612282e-03 2.464259698278469912e+00 2.484434436727642748e+00
9.850753768844221492e-01 9.511234230828835567e-01 1.425569185947806426e-03 9.490767645367470529e-01 9.529272061343128097e-01 2.597570725911376721e-01 4.317453507811565977e-03 2.541782522649595477e-01 2.661079631208509988e-01 1.410007755296002419e+00 1.292740014276042709e-02 1.388897684635727714e+00 1.433944223167257004e+00 2.451281875957023182e+00 4.069323415581698085e-03 2.443449331583539053e+00 2.456512102461267943e+00
9.900502512562814328e-01 9.492720175167370655e-01 1.168198988375317203e-03 9.474568201504570686e-01 9.514044952439626446e-01 2.493015792452546453e-01 2.582566973465130235e-03 2.456376834578097024e-01 2.532541517953336152e-01 1.360029745782450394e+00 1.145212397111266406e-02 1.336345181900954637e+00 1.379070909770227393e+00 2.428499304175977702e+00 2.238361173322859447e-03 2.423323379881279216e+00 2.431558363578498305e+00
9.950251256281407164e-01 9.462943735752722407e-01 1.025531997211072931e-03 9.446216287168938130e-01 9.475419309907031629e-01 2.393497656071079116e-01 3.056179785952345320e-03 2.340779874193750498e-01 2.432693987574857941e-01 1.303990833140101557e+00 8.270009859470376853e-03 1.287584585513882773e+00 1.319885432381558088e+00 2.400991118504796518e+00 3.290847746171164743e-03 2.396993525803595038e+00 2.406514891312521165e+00
1.000000000000000000e+00 9.404234825328241509e-01 1.923213314853967394e-04 9.401574618430708075e-01 9.407634456694209391e-01 2.297359387089787930e-01 1.832676549687590247e-03 2.275314758058795683e-01 2.333618050968142288e-01 1.199624574513725950e+00 4.095483295405205962e-03 1.194938833801553635e+00 1.207222509268281785e+00 2.362166070298983289e+00 4.830748405026850326e-04 2.361497876597949297e+00 2.363019993453112200e+00
