# signal_efficiencies		0sq-mean	0sq-std	0sq-min	0sq-max	1sq-mean	1sq-std	1sq-min	1sq-max	2sq-mean	2sq-std	2sq-min	2sq-max	all-mean	all-std	all-min	all-max
1.000000000000000021e-02 7.451120100386257605e-02 8.117339900731221705e-03 6.341509307513037985e-02 9.161021879136353741e-02 nan nan nan nan nan nan nan nan nan nan nan nan
1.497487437185929596e-02 8.806877665462881088e-02 5.539052271640618891e-03 7.924163436713893560e-02 9.866906495615851425e-02 nan nan nan nan nan nan nan nan 4.872341408309305288e-01 3.662012021645612292e-02 3.894177206260500679e-01 5.133376696741682732e-01
1.994974874371859344e-02 9.690000331603344785e-02 4.560054280486507301e-03 8.903220157239702393e-02 1.032466499032373558e-01 nan nan nan nan nan nan nan nan 5.695364649169334381e-01 2.870277874896104767e-02 5.019897669223295500e-01 5.924950883477799746e-01
2.492462311557788746e-02 1.067479033612964007e-01 4.757713723554639167e-03 9.921888389053254431e-02 1.144431544745886098e-01 nan nan nan nan 4.460852683892107540e-01 3.358941286924967823e-02 3.570570123386861972e-01 4.708705680572657926e-01 6.269512480338584881e-01 2.304986859612463343e-02 5.912384369671745965e-01 6.620863909133274383e-01
2.989949748743718494e-02 1.142103022927857536e-01 4.959971336264185418e-03 1.073835447861219566e-01 1.231441155319240865e-01 nan nan nan nan 4.931253219755616368e-01 2.952305434121951094e-02 4.182894506171223048e-01 5.156412254429656450e-01 6.820881553905874251e-01 2.877356478587974817e-02 6.368751658759057577e-01 7.252650631488388733e-01
3.487437185929648242e-02 1.198645060299657478e-01 5.362901187542274024e-03 1.113448123058906336e-01 1.281690944840023771e-01 nan nan nan nan 5.310906828266579449e-01 2.599180449957503788e-02 4.795218888955583569e-01 5.568078224546799682e-01 7.274508723303012570e-01 2.371475584356771971e-02 6.895620295995709137e-01 7.641351097802169257e-01
3.984924623115577991e-02 1.247019962482074779e-01 5.575434603369378538e-03 1.164685094430391865e-01 1.332428188710597927e-01 1.945000356299733113e-01 3.907040072643899048e-02 1.503509846603257316e-01 2.598071531124874212e-01 5.605427675091838591e-01 2.406086437241572451e-02 5.221458255893447475e-01 5.952002471343111889e-01 7.627217084490596211e-01 1.703543472420619362e-02 7.315353246655539321e-01 7.851876602771898916e-01
4.482412060301507739e-02 1.298465705883405374e-01 5.373805396955919252e-03 1.226352170242507728e-01 1.417316794480968645e-01 2.037015349901731276e-01 3.852832233170229437e-02 1.578527623261888335e-01 2.750781807601171969e-01 5.882756162263842459e-01 2.983928332421574223e-02 5.357754929583544712e-01 6.312879680139810157e-01 8.032497222345398313e-01 1.628041914033305504e-02 7.753295922119827210e-01 8.253812864816875150e-01
4.979899497487437487e-02 1.337137119158326448e-01 3.550687555632516847e-03 1.294646018835882428e-01 1.423076583813722151e-01 2.053331490564201389e-01 3.171750187134528276e-02 1.662086234434399235e-01 2.512637417059369604e-01 6.194404050218673685e-01 3.019638420918483238e-02 5.723298220138706149e-01 6.655893830959190849e-01 8.447898784369934910e-01 1.640121136742683089e-02 8.149172427626114601e-01 8.691831682509016943e-01
5.477386934673367236e-02 1.390718437534708696e-01 4.189992489463295437e-03 1.325345634662935534e-01 1.476156242174618272e-01 2.069609376981864091e-01 2.984292580341446621e-02 1.664495416272216144e-01 2.635364990697207643e-01 6.425709488316260209e-01 2.576435016112074705e-02 6.016700910586162410e-01 6.767131184492036766e-01 8.794362473646236689e-01 1.621280700845413245e-02 8.642065283423333577e-01 9.110630793897900315e-01
5.974874371859296984e-02 1.429561925140296896e-01 3.829607042455742977e-03 1.362869409567155354e-01 1.499987640036515857e-01 2.082543497539343647e-01 2.316297932089753098e-02 1.747458439244067296e-01 2.500328523697440963e-01 6.634356196521709048e-01 2.162410618341954055e-02 6.255151607333382380e-01 6.922481009339631619e-01 9.047857867852983071e-01 1.837980825128424089e-02 8.713868833962720162e-01 9.448946823727573108e-01
6.472361809045226733e-02 1.476287674329871402e-01 3.780878333737437962e-03 1.426656801262887742e-01 1.540690240563788449e-01 2.116351287903891765e-01 1.573405990868496224e-02 1.831687894109579329e-01 2.312982836223359262e-01 6.791473691294848125e-01 1.649764097288614756e-02 6.464701202388598578e-01 7.021582062681632763e-01 9.395091054629614025e-01 2.133299396147984861e-02 9.147469713802215407e-01 9.891781451457558605e-01
6.969849246231155093e-02 1.517081628099947177e-01 4.265192876034029287e-03 1.469539732732927095e-01 1.604948188302035283e-01 2.168473675585840255e-01 1.508910584027432951e-02 1.913088064048068526e-01 2.398298161676055973e-01 6.994159719423943544e-01 1.361993676302540590e-02 6.774314957442617580e-01 7.187203999344813354e-01 9.702648128484254730e-01 2.638006056585588330e-02 9.385289513608932044e-01 1.024713351846397558e+00
7.467336683417084842e-02 1.549018561059877508e-01 4.079516241154376027e-03 1.483606812954918197e-01 1.628511524996782422e-01 2.256041744094701984e-01 1.577475161593906022e-02 1.984357592812572568e-01 2.525858829897492663e-01 7.230706792739223232e-01 1.864904628844242171e-02 6.862844400865154570e-01 7.480752410419637677e-01 9.949701449945310694e-01 3.032163167752542632e-02 9.521062970109699375e-01 1.050005002854037750e+00
7.964824120603014590e-02 1.573986252690534327e-01 3.668689930763629516e-03 1.518774221326066320e-01 1.630704481757972724e-01 2.344932024329156872e-01 1.663011306188695929e-02 2.094996149109286387e-01 2.650112185235772855e-01 7.433462717256406060e-01 1.655774909338621204e-02 7.127212001274955133e-01 7.670168770444789619e-01 1.023372644218019989e+00 2.860613230375676566e-02 9.909544303448527547e-01 1.074610206897007814e+00
8.462311557788944338e-02 1.610209882430867490e-01 3.473764011995129561e-03 1.564106871563419598e-01 1.668806616667061482e-01 2.368245579072361662e-01 1.333566659929378249e-02 2.203778882805300654e-01 2.622555032673882236e-01 7.601228558541098801e-01 1.606814942172482205e-02 7.407965109001168891e-01 7.897259319346041639e-01 1.050670349970816098e+00 2.994465367711326292e-02 1.010174058770088701e+00 1.100493804914768115e+00
8.959798994974874087e-02 1.644346651502697487e-01 3.578631762048414475e-03 1.610138204705409692e-01 1.713020209860905141e-01 2.395164942441738165e-01 1.474029771324446639e-02 2.147656541595731605e-01 2.666712063232011265e-01 7.811394055196577701e-01 1.562642608944320860e-02 7.681060240389626648e-01 8.150805313347065928e-01 1.070111265606607853e+00 2.875881142478977845e-02 1.041499396457435944e+00 1.125421392917595131e+00
9.457286432160803835e-02 1.678063094649071274e-01 3.750527313213385377e-03 1.626762345128046627e-01 1.754773404149168048e-01 2.425503506989108993e-01 1.439792395239449310e-02 2.132466732321025848e-01 2.720354279427615318e-01 7.903961020076453181e-01 1.967926848156469760e-02 7.539042263222582863e-01 8.309862536897704155e-01 1.089199347761710346e+00 2.784444173825786906e-02 1.055145451145285351e+00 1.140164652732983619e+00
9.954773869346733584e-02 1.706478988181898693e-01 3.901893991910808726e-03 1.656737194501514410e-01 1.786924050919483642e-01 2.466036099050978314e-01 1.570812590604024270e-02 2.228366236033806624e-01 2.828543046681540329e-01 8.081384629557819554e-01 2.023546894269952906e-02 7.798421772854605694e-01 8.552331938454778015e-01 1.116558797676002079e+00 2.450844901007379062e-02 1.081791879440152648e+00 1.162675630618512645e+00
1.045226130653266333e-01 1.729329716266828909e-01 4.221102394113528285e-03 1.663736043121066266e-01 1.824140213203953864e-01 2.519396776736546051e-01 1.715798612473482324e-02 2.322782274488014720e-01 2.936731813935464785e-01 8.275529451029262074e-01 2.265808817041405424e-02 8.002858543108954947e-01 8.799978760828591762e-01 1.137692429150078954e+00 2.736790854299791034e-02 1.103836017976561834e+00 1.186107501202307013e+00
1.094974874371859308e-01 1.751872291713031105e-01 4.403633784658352729e-03 1.694904403984316132e-01 1.852225211392115878e-01 2.570343640010779862e-01 1.996262635941664990e-02 2.306250284079602031e-01 3.040894723223366292e-01 8.438813544194992966e-01 2.640262727884370303e-02 8.116694242653867963e-01 9.016686351951034295e-01 1.153236342594466945e+00 2.525421437815088266e-02 1.124563361471303535e+00 1.200429869922577941e+00
1.144723618090452283e-01 1.778090669090620912e-01 4.066070556769905107e-03 1.736101381885448158e-01 1.871264255169018675e-01 2.611721917560926864e-01 2.194838669359304092e-02 2.386689070363939846e-01 3.100039339400600391e-01 8.559875993013619233e-01 2.997765741222687547e-02 8.203080955169689270e-01 9.138711269851155228e-01 1.170118002658322887e+00 2.949217729986140443e-02 1.143650341055260311e+00 1.226323410236846545e+00
1.194472361809045258e-01 1.799069459153848916e-01 4.183736703007802545e-03 1.744552640726055870e-01 1.893872677512697944e-01 2.625317388471842817e-01 2.282321641127203760e-02 2.375471592123419573e-01 3.080246151123909315e-01 8.699824650739724774e-01 3.098912631693657299e-02 8.264696580604266041e-01 9.263085338338100660e-01 1.191316242796059743e+00 2.539038341321760150e-02 1.160962299658672592e+00 1.241210649629545193e+00
1.244221105527638233e-01 1.811521596644815602e-01 3.951310212548357799e-03 1.761104392245897432e-01 1.892110483846900781e-01 2.626843238042926298e-01 2.192058621976735941e-02 2.354653807586134795e-01 3.071746653880541023e-01 8.839940847638521060e-01 2.914454582785747788e-02 8.495858236157673993e-01 9.394185375532037030e-01 1.213104031849902231e+00 2.539087523142210395e-02 1.180604914850618359e+00 1.271196393406207825e+00
1.293969849246231207e-01 1.832511103812501652e-01 4.181312263127679764e-03 1.791337185973382595e-01 1.913951189552908771e-01 2.667443171825299442e-01 1.959282808947087826e-02 2.435871768832224560e-01 3.056069497335672791e-01 8.986556821000828421e-01 2.950602402856867743e-02 8.635360359859458601e-01 9.517044365386860827e-01 1.233269540157781785e+00 2.643172019859519120e-02 1.192688588690573814e+00 1.289877374154654976e+00
1.343718592964824043e-01 1.849443044814741699e-01 4.485052715721328347e-03 1.795019898545822390e-01 1.933430902797453610e-01 2.709352548146583550e-01 1.895669988816258561e-02 2.496975774921300628e-01 3.052969123734350365e-01 9.145047618947591550e-01 3.034035790392959619e-02 8.720442666998786674e-01 9.641848296848857247e-01 1.254432072502307260e+00 2.436668170376589393e-02 1.223168097706936797e+00 1.300760998676105951e+00
1.393467336683417157e-01 1.875583439414732767e-01 4.965676380522926134e-03 1.822153345494993137e-01 1.970511115906879718e-01 2.737837265650033824e-01 1.980392282280533239e-02 2.498160518705513922e-01 3.105175250326012160e-01 9.225603713347622081e-01 3.032319826103171273e-02 8.886950937789228622e-01 9.797116264504240890e-01 1.270884688901489090e+00 2.516555794336580720e-02 1.225063586962679363e+00 1.314864952611875859e+00
1.443216080402010271e-01 1.896705976179052788e-01 5.589934264550275311e-03 1.835290923852774259e-01 2.013918100451727311e-01 2.747039355819685946e-01 1.867575640058786318e-02 2.515411310705646386e-01 3.066345125975742936e-01 9.326350514088437293e-01 3.000663860991590465e-02 9.045338826281881239e-01 9.889640681144630241e-01 1.281086561253262035e+00 2.156935546920586005e-02 1.241103465505866588e+00 1.316589395422501196e+00
1.492964824120603107e-01 1.915835978703087084e-01 5.481166521560826635e-03 1.864213258859586941e-01 2.039074681726777971e-01 2.741033498483410047e-01 1.648727191426735753e-02 2.538641895054892794e-01 3.051253292417194229e-01 9.411286009283676979e-01 2.856367477367570060e-02 9.088338124633649207e-01 9.928331403070632666e-01 1.294097225020087283e+00 1.948298584275287224e-02 1.261530638343060229e+00 1.330039112417665148e+00
1.542713567839196220e-01 1.932013005470139821e-01 5.390921726018858655e-03 1.873698769108755324e-01 2.048788960499483280e-01 2.767694579706246882e-01 1.734631938446339408e-02 2.564717540831890075e-01 3.063935985257865147e-01 9.574062335066855223e-01 2.864955194227077062e-02 9.164585906835647222e-01 1.009781971256876298e+00 1.301850982957775793e+00 2.248744438187930128e-02 1.259990169619521705e+00 1.338494232502638326e+00
1.592462311557789056e-01 1.950153556402162147e-01 5.453937958567226310e-03 1.890558453656964455e-01 2.066461307242035694e-01 2.780842890795748312e-01 1.640359718333838160e-02 2.553769959021256475e-01 3.099344307677400767e-01 9.690602191120172293e-01 2.513631060451174126e-02 9.368198390951338883e-01 1.018018870805444065e+00 1.317464936474429971e+00 2.131760397639928528e-02 1.280142572747056562e+00 1.352258907659728004e+00
1.642211055276382170e-01 1.966524516548101009e-01 5.364313640977898257e-03 1.890530589065197997e-01 2.080051215704133150e-01 2.808801663594788223e-01 1.596355104734456173e-02 2.595958980902008384e-01 3.097690308448520780e-01 9.803985929892314877e-01 2.806665195996911610e-02 9.505084460503071542e-01 1.035860080025759578e+00 1.329025683993938500e+00 2.017314072077030368e-02 1.295911707829356718e+00 1.358220430563698455e+00
1.691959798994975006e-01 1.980420529425787612e-01 5.020121744698663631e-03 1.919058157808800624e-01 2.088115392818437055e-01 2.847837643310479616e-01 1.854229578316335739e-02 2.629761349032824214e-01 3.175002186577369767e-01 9.887213486455002087e-01 2.797085273261418897e-02 9.583277605081498285e-01 1.039794335042174334e+00 1.345507157368990736e+00 2.370119588895076498e-02 1.311538146315277764e+00 1.384456730643470523e+00
1.741708542713567842e-01 1.999767636812252170e-01 5.346588091693462927e-03 1.950530727541537057e-01 2.120654684926258082e-01 2.856968884639962125e-01 1.640448453965797151e-02 2.646019792012693217e-01 3.103306313060493760e-01 9.945578449187207903e-01 2.727646063389599709e-02 9.673191304412473990e-01 1.048836102696382611e+00 1.358446400355261874e+00 2.164551146690504510e-02 1.327022307624661224e+00 1.389138270929679786e+00
1.791457286432160956e-01 2.018518516093322224e-01 5.319079245030480275e-03 1.968362983783232822e-01 2.137531427503163439e-01 2.876515554864303992e-01 1.519740197307064243e-02 2.662332253633494794e-01 3.103635849521260703e-01 1.002960936208596276e+00 2.989522488235151973e-02 9.732608534906341813e-01 1.063376492738615120e+00 1.366378591236259155e+00 2.459657072785034759e-02 1.334861865225872801e+00 1.407338187761887127e+00
1.841206030150753792e-01 2.036781675691984039e-01 5.111663500861808422e-03 1.992106623403616383e-01 2.144119686155283311e-01 2.893263459761944989e-01 1.640135103801450278e-02 2.666132465163952303e-01 3.175862380791153461e-01 1.013646811153832150e+00 2.654730155836520708e-02 9.921331774556909622e-01 1.064969384627176829e+00 1.373730855544004426e+00 1.903451643002411833e-02 1.346588161918438553e+00 1.404343616406726225e+00
1.890954773869346905e-01 2.054331443466797524e-01 5.258516092122513148e-03 2.006911289064911286e-01 2.161205214578477973e-01 2.886713582253813692e-01 1.336006269986643111e-02 2.712722485308420861e-01 3.126005120260147985e-01 1.024788072905626679e+00 2.643070079717831089e-02 9.935720074283597159e-01 1.079598645373257115e+00 1.381769615095828296e+00 2.254244614355158105e-02 1.351352446463087720e+00 1.418398735025456547e+00
1.940703517587939742e-01 2.067007953495360595e-01 5.578383358353517993e-03 1.988159752203167985e-01 2.178020432114088634e-01 2.868428987123449181e-01 1.150694658689613292e-02 2.720855288694622454e-01 3.126486526398603027e-01 1.038039685393188805e+00 2.512833616513510462e-02 1.001880367810359607e+00 1.091209989724845730e+00 1.390033738040253208e+00 2.385222970242111690e-02 1.363287555842899845e+00 1.436309678146734603e+00
1.990452261306532855e-01 2.084594697185714884e-01 5.423710528863925733e-03 2.006464790326300263e-01 2.192170094868843011e-01 2.907655371954032675e-01 1.293243435651040413e-02 2.708963103425426899e-01 3.194479624404731322e-01 1.047197479122551123e+00 2.621283683720148500e-02 1.014772653385206169e+00 1.109417718555134824e+00 1.399624900271994266e+00 2.585443922450728765e-02 1.362212330789878578e+00 1.454883315778647823e+00
2.040201005025125691e-01 2.096461165960044615e-01 5.408309363143269828e-03 2.026926981958384055e-01 2.206216495109972198e-01 2.929137964314803000e-01 1.286632493567300105e-02 2.741937855257345902e-01 3.243443133607513129e-01 1.058447311145587211e+00 2.754997756277783802e-02 1.017416317133714276e+00 1.120135727031648099e+00 1.407658722069878632e+00 2.197595167441727254e-02 1.374407321898545531e+00 1.448108492534985414e+00
2.089949748743718805e-01 2.107353611263193538e-01 5.288812750838016268e-03 2.036410479220015501e-01 2.207851838910273867e-01 2.951960822949525332e-01 1.278735829940592754e-02 2.749188314396471267e-01 3.241174509047935470e-01 1.070204238735567692e+00 2.408284912613791254e-02 1.035053987953291621e+00 1.120154565963225490e+00 1.414240155876169247e+00 2.572636952016411904e-02 1.383501851644590053e+00 1.457539966200168680e+00
2.139698492462311641e-01 2.124324044609758322e-01 5.420120189701552703e-03 2.056086888775390809e-01 2.227194824338356582e-01 2.963259221698857915e-01 1.260768721142078302e-02 2.755822853951961915e-01 3.224348770310080936e-01 1.079546797797672486e+00 2.657784933974060432e-02 1.044055160984314501e+00 1.129208820041380124e+00 1.418000285979387431e+00 2.718840041013321010e-02 1.389738579473232205e+00 1.466264068511786922e+00
2.189447236180904754e-01 2.137251131177265451e-01 5.507448314892780979e-03 2.072909184408642247e-01 2.244624781484216569e-01 2.993230667868764794e-01 1.191783632341246978e-02 2.813055700636841183e-01 3.213995306525880280e-01 1.087392378132969517e+00 2.638341843953437640e-02 1.040879183789487072e+00 1.135025609497177346e+00 1.422866089609429396e+00 2.839111976147742564e-02 1.390555975159899704e+00 1.477670765837579170e+00
2.239195979899497591e-01 2.154479687695201040e-01 5.468618798588031384e-03 2.097237895687132370e-01 2.270114469912716260e-01 3.013181142236459054e-01 1.110404253104221861e-02 2.844835569151588639e-01 3.210521748060560232e-01 1.093034704296725668e+00 2.577930247437614647e-02 1.048714014168017350e+00 1.140905656961959558e+00 1.422514903385716289e+00 3.388698631698126851e-02 1.381313252657105251e+00 1.482087358875471494e+00
2.288944723618090704e-01 2.170478260052486896e-01 5.411549409721662721e-03 2.109087754609670629e-01 2.291880904350151182e-01 2.993554272557080176e-01 9.491115928224640869e-03 2.854420188031084882e-01 3.176915001635537972e-01 1.099452118792159094e+00 2.166978754790778450e-02 1.060994914753432106e+00 1.135283054502302491e+00 1.426823677058633555e+00 3.355238334465009825e-02 1.378651880439569766e+00 1.485272390019730215e+00
2.338693467336683540e-01 2.182245018601006170e-01 5.647350678042785746e-03 2.112044172324615554e-01 2.309466449090235574e-01 2.989726518778161868e-01 9.510593543400402278e-03 2.836985027494302036e-01 3.186198273731379316e-01 1.105194820527994670e+00 2.235383429960650925e-02 1.068726393076255832e+00 1.138007568793818480e+00 1.430220415132001266e+00 3.414284704730164571e-02 1.383681798270641305e+00 1.493087538307165341e+00
2.388442211055276654e-01 2.198581424144248619e-01 5.976322597066817052e-03 2.123799681945027495e-01 2.329868587693722515e-01 3.007695062044368761e-01 1.027115679583189348e-02 2.846273386994789267e-01 3.225807921918187882e-01 1.106564473987374120e+00 2.442142801614580888e-02 1.068801018820732862e+00 1.152198821526855488e+00 1.427537548013775082e+00 3.875807978918047875e-02 1.380067436133610270e+00 1.495115221884752543e+00
2.438190954773869490e-01 2.212923222126819967e-01 6.208684633963566443e-03 2.130509260890350032e-01 2.341581186798205594e-01 3.004013046861616631e-01 9.760893074185674617e-03 2.856106171937606297e-01 3.203962886024538381e-01 1.111347325315560797e+00 2.499691913185376341e-02 1.069848765048126094e+00 1.154159059781250996e+00 1.432916923896263572e+00 3.677509356004474150e-02 1.392412415090839906e+00 1.494784613535020901e+00
2.487939698492462326e-01 2.228397272547579244e-01 6.232667771675310352e-03 2.149220648188835125e-01 2.353116417481729838e-01 2.996838894437089396e-01 9.940304946890032162e-03 2.856957166564142447e-01 3.222999188410957672e-01 1.119461397093947097e+00 2.360754008810473162e-02 1.079684391467884641e+00 1.159644430082744204e+00 1.434810241406390796e+00 3.445850613695287945e-02 1.399403627890304147e+00 1.500528710691874545e+00
2.537688442211055162e-01 2.242709369764524507e-01 6.115844070926840410e-03 2.170668007844845371e-01 2.367418418920667067e-01 3.008767229553934164e-01 9.555443626615943431e-03 2.863043447128839625e-01 3.230107767944251362e-01 1.127617592070369490e+00 2.344978354543398452e-02 1.087589153240499762e+00 1.165925279261791792e+00 1.433895943289222874e+00 3.442906920895710127e-02 1.388632969881686829e+00 1.495924132314147448e+00
2.587437185929647998e-01 2.259983789071546290e-01 5.723977445663965685e-03 2.193988052995600180e-01 2.368746057309464303e-01 3.005729196416632165e-01 9.741314251599514709e-03 2.830767014232379308e-01 3.207044955367574501e-01 1.132677966999026564e+00 2.304822889971279432e-02 1.099341445932830563e+00 1.162922207895616289e+00 1.432879053337223763e+00 3.517376813747104952e-02 1.377431695561192271e+00 1.494751170212395897e+00
2.637185929648241389e-01 2.276308943626308978e-01 5.767057742486227795e-03 2.210465770441318589e-01 2.387233911849927503e-01 2.999045027023893306e-01 9.563913878609128436e-03 2.823106604660741148e-01 3.208640069680964713e-01 1.139667622188395013e+00 2.209698986028740472e-02 1.103309107450025861e+00 1.174048540541987151e+00 1.434109944987464136e+00 3.850596203246694355e-02 1.367777590173212543e+00 1.495322240136687464e+00
2.686934673366834225e-01 2.286935082983319600e-01 5.641742723901331177e-03 2.230194222292293249e-01 2.396514255740507249e-01 3.012387994313181494e-01 8.869678115843680766e-03 2.820469233893920791e-01 3.172823039510603849e-01 1.149619722835744984e+00 2.410049300120480076e-02 1.114873636379745792e+00 1.189623166318405145e+00 1.436687299501775206e+00 3.431502472330526243e-02 1.377279868966225562e+00 1.501206963134513961e+00
2.736683417085427061e-01 2.299479828400638470e-01 5.416129151273269514e-03 2.241881401858589751e-01 2.406961936321292406e-01 3.000323393192762533e-01 9.115181765213729165e-03 2.831217895961539721e-01 3.190938907937853064e-01 1.153963435820801298e+00 2.271998225201876317e-02 1.122595732139911595e+00 1.191937279487437884e+00 1.433333401031903431e+00 2.973273895256958732e-02 1.377895159026535143e+00 1.477100694142492232e+00
2.786432160804020453e-01 2.316002369023451857e-01 5.708119918946143352e-03 2.249101682608189712e-01 2.424229441912476024e-01 3.013411795503110335e-01 1.001766364922517666e-02 2.851170823580143066e-01 3.242485641656965845e-01 1.158519708695542771e+00 2.574969962716263522e-02 1.119486745487268564e+00 1.198016323054582610e+00 1.436496678803501181e+00 2.899236148067608002e-02 1.380606409114462085e+00 1.480712796791315844e+00
2.836180904522613289e-01 2.329188143078463891e-01 5.514471251308519957e-03 2.266770625019046415e-01 2.438555637267816323e-01 2.995806664589957258e-01 1.111425088378151065e-02 2.849703094695993366e-01 3.232091216702739356e-01 1.161313329427552832e+00 2.389039153653981992e-02 1.127305581676524504e+00 1.204526988892359318e+00 1.440021200652217725e+00 2.812884602020697400e-02 1.385228494945508704e+00 1.484558768679167251e+00
2.885929648241206125e-01 2.344502059266035943e-01 5.397037982249317835e-03 2.271297893319303984e-01 2.447378044436807065e-01 2.995892461392691275e-01 1.142702695586279155e-02 2.879744212107732126e-01 3.229575652021556276e-01 1.165378553810449080e+00 2.314614871670406943e-02 1.135085745008434177e+00 1.215266406331876770e+00 1.442302902250131247e+00 2.585587397289537334e-02 1.395820121114957679e+00 1.488615825030181972e+00
2.935678391959798961e-01 2.360259284476942943e-01 5.763829472399508227e-03 2.282188426521121194e-01 2.468577655212560451e-01 2.979875588558240085e-01 1.303529106778392524e-02 2.808658565836916199e-01 3.236466581249272112e-01 1.166778350541026299e+00 2.135035469246353984e-02 1.139441422438364215e+00 1.205445446731786996e+00 1.441411191251550816e+00 2.571660979484085771e-02 1.397908286118056287e+00 1.494518313391275166e+00
2.985427135678392352e-01 2.368614199225086148e-01 6.071253683525314887e-03 2.294559917317300080e-01 2.487924359779457306e-01 2.953437137726363515e-01 1.204710295358303249e-02 2.769745479379203679e-01 3.153310088155357738e-01 1.169282556734996925e+00 2.315189465447463346e-02 1.134411923260312482e+00 1.208302316504048513e+00 1.442531099807568884e+00 2.679731320119176780e-02 1.401713155168063718e+00 1.497284260469538442e+00
3.035175879396985188e-01 2.379880106046536881e-01 5.660267253662190287e-03 2.303924333775134725e-01 2.491837200168999789e-01 2.960137558303982952e-01 1.253913738640100028e-02 2.799362157991877598e-01 3.171935509486514260e-01 1.172171155454438729e+00 2.553835940884935374e-02 1.136012619422321235e+00 1.222850473582401065e+00 1.441980479258168524e+00 2.600544305933122705e-02 1.406541105393402713e+00 1.496793116590064088e+00
3.084924623115578024e-01 2.392777004301698818e-01 5.702656591093486181e-03 2.315267482528951815e-01 2.506855283163125780e-01 2.955045567277516105e-01 1.275060170909593504e-02 2.778576915238615830e-01 3.181471323567875431e-01 1.176862119036478749e+00 2.650846277280911878e-02 1.134435901560399307e+00 1.229547350384348370e+00 1.444316813238193609e+00 2.159857374800304083e-02 1.415328302736147403e+00 1.484215183983285780e+00
3.134673366834170860e-01 2.406705380404205452e-01 5.443857296897549811e-03 2.331342163822066049e-01 2.516531552814145756e-01 2.949753840383292913e-01 1.293588543106246984e-02 2.735464174840928075e-01 3.191304890410754935e-01 1.181080869578662762e+00 2.681779382168504935e-02 1.139422600120557627e+00 1.240035476140581183e+00 1.445318127995961710e+00 2.266787508056706049e-02 1.416242919491871977e+00 1.483969682485547725e+00
3.184422110552764251e-01 2.419464389216747224e-01 5.421576464450989820e-03 2.344301512138811661e-01 2.527430225067599512e-01 2.944252026115359300e-01 1.395338548675685228e-02 2.723629520880262445e-01 3.219067529857397858e-01 1.186591219568314370e+00 2.581607259431317053e-02 1.149149356893583107e+00 1.244692979238534392e+00 1.440380002549998650e+00 2.442660550061434913e-02 1.401925903232649873e+00 1.481391120663618777e+00
3.234170854271357087e-01 2.430368678536089233e-01 5.318959606470552437e-03 2.359864226503823326e-01 2.537232747570650759e-01 2.934597177475472551e-01 1.155726699492664461e-02 2.740129792632519656e-01 3.145246415956124419e-01 1.188088975833855532e+00 2.423215031051879215e-02 1.152359420379568622e+00 1.237190106999235040e+00 1.440454520544738326e+00 2.387283432297693242e-02 1.404599775470254164e+00 1.480886189638045414e+00
3.283919597989949923e-01 2.444578220552205416e-01 5.095801613767922400e-03 2.379431307253331296e-01 2.541495716501552815e-01 2.929613785803136805e-01 1.195857889808967477e-02 2.732925262788316045e-01 3.157116600240231219e-01 1.189061133951569094e+00 2.652477871303993498e-02 1.158300395799674476e+00 1.235168778895573860e+00 1.441592786478027577e+00 2.569733974776270552e-02 1.403576207735716119e+00 1.490839041944201915e+00
3.333668341708542759e-01 2.456881181921954094e-01 5.181373471522712770e-03 2.391842683509434186e-01 2.559510168737331726e-01 2.915296316058608173e-01 1.356127282296088615e-02 2.700054795240840466e-01 3.169121670973167326e-01 1.189091571439274020e+00 2.883377843916673511e-02 1.156934363369399810e+00 1.244259695042189140e+00 1.441376887902799275e+00 2.736102270305214301e-02 1.391356566574964759e+00 1.489837698648899922e+00
3.383417085427135595e-01 2.467835562309066977e-01 5.078822169740671369e-03 2.402236450190811112e-01 2.573832995726036965e-01 2.908309141149997279e-01 1.431943181158001899e-02 2.691417209203245120e-01 3.166128500986682970e-01 1.192062595835220451e+00 2.693300701126080665e-02 1.158818901619863784e+00 1.245723727438905692e+00 1.438570131949681974e+00 2.852560913015813118e-02 1.387199161152240956e+00 1.488648019849527548e+00
3.433165829145728987e-01 2.476659427416490755e-01 4.990823987634930570e-03 2.412202965969493795e-01 2.578739411739505161e-01 2.911004005357936131e-01 1.478197091336902642e-02 2.705178268348702453e-01 3.185988761704343086e-01 1.191961269330679585e+00 3.122255084729296318e-02 1.156829835295065889e+00 1.255962931836935637e+00 1.437906692901500083e+00 2.732537074715521777e-02 1.394533985677233634e+00 1.489245740853409661e+00
3.482914572864321823e-01 2.484008855361249102e-01 5.023137768380634728e-03 2.425989222875076512e-01 2.587780431953415339e-01 2.885085555294413795e-01 1.354024885105267750e-02 2.709961218231873303e-01 3.120235257769150561e-01 1.191176676743890273e+00 3.453726271175879686e-02 1.152151689094433440e+00 1.258776459994433328e+00 1.438269261031978719e+00 2.539274640714385065e-02 1.395816063982171729e+00 1.484667394612563029e+00
3.532663316582914659e-01 2.492249494067735327e-01 5.040430788459828067e-03 2.437168285348915164e-01 2.600707059258898779e-01 2.873403651975502404e-01 1.475779387710573695e-02 2.682755104128263235e-01 3.121550420093066047e-01 1.189978406569850877e+00 3.283016206558204281e-02 1.140933970917856977e+00 1.247748329073490758e+00 1.437437730891415466e+00 2.478323641613662184e-02 1.402455352643842357e+00 1.488572017073065856e+00
3.582412060301507495e-01 2.501852928001895848e-01 5.220834524917083476e-03 2.441875641421946130e-01 2.613118542763706031e-01 2.857980834332235487e-01 1.631896862809188373e-02 2.662017372671835469e-01 3.161888199141312805e-01 1.190596047758998521e+00 3.358930830639446363e-02 1.143994295767457814e+00 1.254838470905796699e+00 1.435408548945322993e+00 2.395125909323891217e-02 1.398680117005562051e+00 1.483557632648895730e+00
3.632160804020100886e-01 2.511317574547108356e-01 5.274435364303326282e-03 2.449947246729307360e-01 2.622107113750257734e-01 2.833585965531328354e-01 1.505506222313275459e-02 2.641838679846023608e-01 3.088979782958568565e-01 1.191254621882274822e+00 3.413192170875115061e-02 1.145595641298785106e+00 1.255956787332703994e+00 1.433543376283038739e+00 2.405898148336184025e-02 1.391275090661488800e+00 1.481605460132808805e+00
3.681909547738693722e-01 2.522665804897877839e-01 5.305088216611710678e-03 2.461269265992984401e-01 2.632033106552687518e-01 2.818647708905875904e-01 1.532341440058409068e-02 2.629212892617897590e-01 3.078581360137122580e-01 1.188737771218401740e+00 3.789938486976291571e-02 1.141125462546343394e+00 1.260137103766631350e+00 1.431987712752909925e+00 2.309143912168040713e-02 1.398463537509645027e+00 1.481236111587063586e+00
3.731658291457286558e-01 2.530985566154887456e-01 5.338682004773304991e-03 2.459825386161043070e-01 2.635383006763744040e-01 2.809949490425210916e-01 1.721764242966971128e-02 2.581914441995796228e-01 3.116981050134913778e-01 1.185908648156449585e+00 3.675171494053532106e-02 1.144254807465078017e+00 1.258699416016977546e+00 1.431410808297888249e+00 2.375190214667076069e-02 1.394503381972509448e+00 1.484977964674736084e+00
3.781407035175879394e-01 2.542110531598166245e-01 5.180573982258741307e-03 2.478149607475761407e-01 2.639416133406863874e-01 2.802993409733998131e-01 1.628710949848668696e-02 2.562814713376778131e-01 3.097448827539513450e-01 1.187353942478582614e+00 3.498315689249010402e-02 1.148068820276401114e+00 1.249726332498674930e+00 1.430527649786478062e+00 2.658780535683277421e-02 1.385361448249373240e+00 1.488178638511645557e+00
3.831155778894472785e-01 2.553955620363786982e-01 5.005841297941077649e-03 2.493745172375529118e-01 2.649662462431951471e-01 2.783421027489944022e-01 1.552468691168162364e-02 2.511324968502281485e-01 3.037753614549937309e-01 1.188411617577965762e+00 3.651371424970605017e-02 1.149878521483547189e+00 1.256689911705227258e+00 1.428621342887402390e+00 2.610163611352508614e-02 1.386280819775529416e+00 1.480841327135387298e+00
3.880904522613065621e-01 2.565047722684752340e-01 4.911645922190753522e-03 2.507392724850655008e-01 2.657049601265814021e-01 2.768388579952665296e-01 1.569404963040441775e-02 2.476911301170202917e-01 3.046576996881290023e-01 1.186812471809678637e+00 3.370302930627264854e-02 1.145863214024284815e+00 1.255973261970073640e+00 1.426664294033401337e+00 2.838981584411723672e-02 1.379498050145500088e+00 1.482949869324941883e+00
3.930653266331658457e-01 2.575083752492635103e-01 4.817271088928318408e-03 2.517243097917794548e-01 2.667752011061189088e-01 2.751413872612820666e-01 1.455244835796920544e-02 2.455611636059097380e-01 3.010265845651574068e-01 1.183876305620954694e+00 3.629199076253468437e-02 1.132912621630139061e+00 1.258213800715773933e+00 1.421602752443003270e+00 2.668760079317267567e-02 1.377451073313283203e+00 1.468910499778157464e+00
3.980402010050251294e-01 2.582626163372787609e-01 4.279562123955949447e-03 2.530877914722030053e-01 2.665698818215986865e-01 2.737735382814789342e-01 1.389651620072673496e-02 2.448768340029830737e-01 2.983680911824898030e-01 1.181462898717789312e+00 3.772105682315095992e-02 1.126737107538344995e+00 1.260456230496056262e+00 1.416897968876141611e+00 2.600044601341445355e-02 1.369901008137603737e+00 1.461496069745501947e+00
4.030150753768844685e-01 2.591847080408324899e-01 4.172955046662320602e-03 2.541922692151923346e-01 2.669609243224831396e-01 2.724104616947167212e-01 1.332164620747611217e-02 2.454274499764987072e-01 2.953075779001652079e-01 1.181056161448753805e+00 4.007639316702810151e-02 1.112133879297203087e+00 1.256713122365187729e+00 1.410995285613424910e+00 2.413265089840849545e-02 1.368650988322197781e+00 1.449954399309953068e+00
4.079899497487437521e-01 2.601836627046884010e-01 4.021140902297897293e-03 2.555768350816248757e-01 2.685060415072993978e-01 2.715919908490407320e-01 1.391043485059921363e-02 2.446756259148822332e-01 2.955243074274751525e-01 1.179856895126242033e+00 3.828877677045767342e-02 1.116866379493314465e+00 1.253438023969099646e+00 1.405002756902905547e+00 2.482870664103175792e-02 1.363797761414434317e+00 1.448873088301648737e+00
4.129648241206030357e-01 2.609614329680233213e-01 4.021277601570828059e-03 2.555245336169652548e-01 2.690699959729017099e-01 2.702857587663000105e-01 1.284673380074616809e-02 2.461835569459837614e-01 2.926887622444767634e-01 1.178252252855213511e+00 3.503692095039361021e-02 1.118417856881556149e+00 1.249364024287781927e+00 1.400583641861261830e+00 2.449274121083772765e-02 1.358843954431207202e+00 1.441004722995436804e+00
4.179396984924623193e-01 2.618538535152566404e-01 4.007601931441890156e-03 2.559774045324185177e-01 2.693734064655681215e-01 2.699105472260712735e-01 1.245868370034104548e-02 2.450871124595331851e-01 2.918512806240518009e-01 1.176690358975335915e+00 3.529434070060449846e-02 1.118319075578540600e+00 1.248253372209364054e+00 1.396567665640132461e+00 2.709642797330185857e-02 1.346132871869192726e+00 1.438789340841217568e+00
4.229145728643216029e-01 2.625968890025699443e-01 4.189998964942633075e-03 2.559990469093823551e-01 2.700270262755170014e-01 2.684976095073552393e-01 1.133400952635111626e-02 2.463765906846069331e-01 2.900587447551783438e-01 1.173359586973146795e+00 3.138705307108197867e-02 1.120000133241680462e+00 1.234057041635714169e+00 1.394256723358215266e+00 2.605065345751172642e-02 1.342663082698360322e+00 1.434211355354684692e+00
4.278894472361809420e-01 2.636336752369321523e-01 4.280085367181946619e-03 2.567719898473377893e-01 2.713368046355195684e-01 2.681890282238957313e-01 1.025105987156383833e-02 2.469349374061469982e-01 2.862415388010686734e-01 1.173743720956162306e+00 2.936893550407017328e-02 1.120252027498702452e+00 1.225385195304570018e+00 1.389878777013798361e+00 2.524956475556821428e-02 1.338947250942735812e+00 1.426712978901449880e+00
4.328643216080402256e-01 2.645933737308857614e-01 4.048025889314217987e-03 2.583612689912490046e-01 2.723839678891643024e-01 2.665297888849429420e-01 9.546806710988571532e-03 2.461215206143445855e-01 2.828990964075872583e-01 1.173431343563700935e+00 2.775375682451534237e-02 1.118706108111046538e+00 1.223148319229634851e+00 1.384520759280432500e+00 2.219819166306021344e-02 1.338259475127830500e+00 1.414117750078872859e+00
4.378391959798995092e-01 2.652798559571032389e-01 4.050495861422372113e-03 2.588755158503981968e-01 2.731201878761960189e-01 2.657147734408281115e-01 8.724096313994815152e-03 2.486882433927778413e-01 2.811872367353162039e-01 1.174180084809405944e+00 2.739616463743390837e-02 1.122603736992080714e+00 1.224928960322845262e+00 1.380784938115985128e+00 2.154923662927989148e-02 1.334899535327685127e+00 1.410860782116296619e+00
4.428140703517587928e-01 2.662269551958053038e-01 3.995778021010859896e-03 2.597666630232505214e-01 2.740414164081633186e-01 2.640605082407668225e-01 8.589052851445858061e-03 2.480957784976377256e-01 2.817074429221717580e-01 1.173687021820589704e+00 2.752105964431013005e-02 1.123209658717879922e+00 1.228646554273210345e+00 1.377826697531314482e+00 2.285959321912498649e-02 1.331371473682541495e+00 1.413485528880947584e+00
4.477889447236181319e-01 2.667320020158051586e-01 3.850403183955076504e-03 2.606181553483618019e-01 2.747220958455186546e-01 2.628325698897642226e-01 8.009383742257146499e-03 2.478383784168385895e-01 2.797281290622218308e-01 1.170397208762427699e+00 2.734602773106391271e-02 1.123928753379243251e+00 1.228735382561024991e+00 1.373293012396849422e+00 2.140023056780409119e-02 1.335331249895710393e+00 1.403228977648555809e+00
4.527638190954774156e-01 2.676233143235079437e-01 3.863929589660592377e-03 2.614409631148758018e-01 2.752772392965923687e-01 2.613800255578036524e-01 7.692662575619479449e-03 2.480248422070572556e-01 2.792012191698977630e-01 1.170142724497208686e+00 2.792789384909619144e-02 1.125498994851797274e+00 1.228968803877073857e+00 1.367774580010428176e+00 2.258012028735427099e-02 1.322754662015945382e+00 1.401100694692831938e+00
4.577386934673366992e-01 2.684122772747505881e-01 3.832780667275205184e-03 2.623443742173278137e-01 2.758267100666646487e-01 2.610268113309073268e-01 6.712790793483884230e-03 2.481104692238580711e-01 2.757131432486475409e-01 1.168661551097499807e+00 2.890710024247731061e-02 1.125678339581351439e+00 1.230739117359647805e+00 1.362318689297210117e+00 2.237570312970373759e-02 1.322289885006361132e+00 1.396862677915073236e+00
4.627135678391959828e-01 2.692002912625689470e-01 3.905492765831180581e-03 2.631382928750879979e-01 2.764882714718396861e-01 2.601113383874146812e-01 6.434656335481104238e-03 2.492932694572542185e-01 2.745692642144695328e-01 1.168313993714407584e+00 2.844007132636972024e-02 1.131676800943341332e+00 1.233259988019747677e+00 1.358360105709508714e+00 2.079733875749820507e-02 1.321080210714303371e+00 1.391917143549458169e+00
4.676884422110553219e-01 2.701783150147484824e-01 3.871479085405954597e-03 2.636096990188573352e-01 2.768349087526781882e-01 2.590441485396079435e-01 5.835898468826353561e-03 2.509437646978045500e-01 2.704172212559617372e-01 1.168071040416247319e+00 2.685463147403430867e-02 1.134085104511178166e+00 1.229725849731855725e+00 1.350517715281175146e+00 1.923174511281529331e-02 1.315580248403437569e+00 1.380327573545625075e+00
4.726633165829146055e-01 2.708797627745160308e-01 3.780345778279445724e-03 2.646275796038931039e-01 2.775238362803995051e-01 2.584812190929641207e-01 5.380875503311237547e-03 2.512507132695058210e-01 2.677630201559030865e-01 1.168581766345210049e+00 2.586074147223726277e-02 1.139247262708416253e+00 1.227754704948377018e+00 1.345018248632693147e+00 1.865654258655411943e-02 1.309337042713573984e+00 1.373179164797855512e+00
4.776381909547738891e-01 2.716701015815353726e-01 3.796793125536795498e-03 2.656404515254854881e-01 2.784574388467533357e-01 2.582034570134147389e-01 5.498183971965011317e-03 2.503406913392475230e-01 2.687813673195484920e-01 1.163197400725202613e+00 2.781652554383352155e-02 1.117992107903143184e+00 1.218792167373043966e+00 1.339789995502451481e+00 1.803621522992309226e-02 1.305568217570004519e+00 1.367508568918426981e+00
4.826130653266331727e-01 2.723389635386634366e-01 3.615650132706977118e-03 2.661274152869986254e-01 2.781118433867955098e-01 2.568042243368031108e-01 6.495805403440910349e-03 2.466492083388352741e-01 2.669101357815029107e-01 1.160749222966486860e+00 2.610876478500479339e-02 1.118387182928857193e+00 1.216530723992103713e+00 1.334058762084519900e+00 1.673353877492178565e-02 1.297491005556814070e+00 1.358380159058866887e+00
4.875879396984924563e-01 2.731317700041345775e-01 3.703484564793899959e-03 2.662907045701053410e-01 2.789230497411022691e-01 2.548171615495999354e-01 5.930912774898692945e-03 2.453948957790302032e-01 2.648733331969683191e-01 1.158653756598577722e+00 2.597676608034843460e-02 1.120009551445860563e+00 1.215745675299465978e+00 1.329012130274727532e+00 1.667064284335491309e-02 1.294489854093242354e+00 1.354461046731928464e+00
4.925628140703517954e-01 2.740007800111000091e-01 3.779408369842707401e-03 2.674751970748528440e-01 2.802222047363982504e-01 2.541261602436730160e-01 6.208606499809740664e-03 2.438091407008354250e-01 2.646441329480709315e-01 1.157605834176928639e+00 2.456895522338829740e-02 1.119803852486295881e+00 1.207322769662797057e+00 1.322117965747197532e+00 1.882410599134867746e-02 1.285331235903677038e+00 1.354283381492143112e+00
4.975376884422110790e-01 2.747770837113841513e-01 3.945322669624951213e-03 2.676239891580985408e-01 2.810437953694628899e-01 2.537592871785149251e-01 6.032474889309139693e-03 2.437632438059147422e-01 2.637139782628570850e-01 1.154061772181067758e+00 2.609742618138497991e-02 1.110247501239769896e+00 1.208376351305320506e+00 1.316655769606162263e+00 1.680200167669870792e-02 1.285070058071664523e+00 1.346439348057991481e+00
5.025125628140703071e-01 2.756255041552287954e-01 4.018942463518852815e-03 2.686490013907656405e-01 2.819553097101091810e-01 2.534551320895717108e-01 7.094479365980729986e-03 2.416125064320793492e-01 2.639269859249586681e-01 1.153580123549051928e+00 2.764363605084265221e-02 1.101911504349257775e+00 1.213214034841527456e+00 1.310736326421504838e+00 1.538236288281615884e-02 1.282700048030592344e+00 1.336417559048612258e+00
5.074874371859295907e-01 2.764403681069637075e-01 3.980957586682350516e-03 2.699205271829880348e-01 2.830348068240476911e-01 2.520083054592682226e-01 8.399227901868431059e-03 2.374336145835032608e-01 2.652006500626210017e-01 1.151948684327159134e+00 2.834647018509207916e-02 1.098666342161629395e+00 1.213578625989563564e+00 1.305268781846340653e+00 1.339010248533113387e-02 1.280600779354030383e+00 1.327755720638331915e+00
5.124623115577889854e-01 2.769869274912750701e-01 4.142401002055343291e-03 2.704449225748690178e-01 2.834633078830084973e-01 2.501284518802515677e-01 7.461596920034297038e-03 2.368497120597096439e-01 2.601964124270106926e-01 1.150740376999405568e+00 2.790277632335666502e-02 1.102374488620775583e+00 1.210049321589458771e+00 1.299471298560333166e+00 1.494682986045061529e-02 1.268058308689758773e+00 1.325681950881245852e+00
5.174371859296482690e-01 2.778258206419082499e-01 3.926466677245173988e-03 2.715022369396656865e-01 2.840601099682680819e-01 2.485821356617650690e-01 7.037586970049302358e-03 2.361732489850433270e-01 2.594747530565814642e-01 1.147164833253298655e+00 2.817306718577531136e-02 1.101264974564174937e+00 1.208742688760805706e+00 1.293618213465535405e+00 1.431775721907536589e-02 1.265201579096830953e+00 1.320803652982967868e+00
5.224120603015075526e-01 2.785796809355241543e-01 3.899804464653253578e-03 2.722520582549813328e-01 2.850140756656052710e-01 2.476825660816953101e-01 6.813455206847726826e-03 2.363656742609333283e-01 2.588041560754799075e-01 1.147289803505161299e+00 2.676202595390346495e-02 1.101684387408526700e+00 1.204156276708479911e+00 1.286019489272004268e+00 1.352002113422621707e-02 1.258530033349771537e+00 1.309917843570676865e+00
5.273869346733668362e-01 2.792432574462593853e-01 3.908607907169904007e-03 2.732894640815916598e-01 2.861862214621745948e-01 2.477751413232645583e-01 6.183973337178218233e-03 2.375555044038296926e-01 2.582125210200608700e-01 1.145186419936601085e+00 2.521216337524891452e-02 1.103912185861800621e+00 1.199814399986823155e+00 1.280773883896629828e+00 1.270112630119591551e-02 1.254497346369536803e+00 1.302877460052756398e+00
5.323618090452261198e-01 2.798498676723765732e-01 4.012520157627918853e-03 2.736094304941256716e-01 2.870695200253982060e-01 2.470337007097240245e-01 6.268967540264949387e-03 2.367926903337979894e-01 2.565145106904269112e-01 1.142424447468541437e+00 2.449682668591559101e-02 1.104028244946680282e+00 1.198500613105994983e+00 1.272471928921482531e+00 1.171417416866521281e-02 1.249257166584963885e+00 1.294504102374530508e+00
5.373366834170854034e-01 2.803963529898165774e-01 3.855200600223835077e-03 2.739260532529069203e-01 2.867260084430385825e-01 2.457506089657744419e-01 6.189511664301302306e-03 2.351059874777482461e-01 2.541820352285203977e-01 1.138813413235663763e+00 2.633301491264513489e-02 1.095090133636912766e+00 1.199683546624512376e+00 1.263715304878464396e+00 1.167824506291384283e-02 1.243965084484531358e+00 1.288110614131966258e+00
5.423115577889447980e-01 2.810171747850589430e-01 3.763413200990441479e-03 2.748997107923413785e-01 2.869180153864882565e-01 2.439903219344140284e-01 6.077149925068843148e-03 2.324997276617179198e-01 2.530350566779951960e-01 1.135312117757882433e+00 2.579433898683142906e-02 1.090906435543858910e+00 1.195006644925263650e+00 1.255991580948160768e+00 1.216760035282694885e-02 1.235123267755301013e+00 1.280144466464500974e+00
5.472864321608040816e-01 2.818417794445784441e-01 3.694646959526671007e-03 2.755070917666938568e-01 2.876932449423530436e-01 2.428776770927592865e-01 5.942172455124693047e-03 2.325976267453367663e-01 2.518032704503362362e-01 1.133413573615025705e+00 2.559495723357876201e-02 1.093617373353357181e+00 1.193218407325068675e+00 1.249390956101225303e+00 1.234114813999318168e-02 1.228765493130074882e+00 1.274776296979631018e+00
5.522613065326633652e-01 2.824902182635782855e-01 3.820126778061241814e-03 2.762597666602525370e-01 2.893467973554814110e-01 2.415777949581658368e-01 5.681417283401698180e-03 2.314533099433868091e-01 2.510268248569608729e-01 1.130570549628056920e+00 2.488584296767427234e-02 1.091692825237854381e+00 1.187093754044063587e+00 1.242872213508749768e+00 1.182046874346200441e-02 1.224592820382608860e+00 1.264711627031144925e+00
5.572361809045226488e-01 2.829798001281564890e-01 3.804489888686912128e-03 2.764908045691659155e-01 2.895185016336604411e-01 2.410886074749572505e-01 5.597835396042436483e-03 2.300521903726123751e-01 2.514980517313616937e-01 1.128118269063494550e+00 2.599147553978814473e-02 1.085880016288155003e+00 1.187168078592953258e+00 1.238068718936485846e+00 1.190367904078064309e-02 1.218514532807100981e+00 1.257870429129436030e+00
5.622110552763819324e-01 2.835727635037814109e-01 3.939257129270612272e-03 2.766246362522858382e-01 2.902194206255832021e-01 2.400394507910154629e-01 6.231200924160058482e-03 2.275442886404741849e-01 2.522507727842142611e-01 1.125786405877189811e+00 2.659387237264532536e-02 1.078214850705978778e+00 1.184180208944504598e+00 1.230968352454665515e+00 1.299263457545329382e-02 1.209142771299996477e+00 1.249444397968016096e+00
5.671859296482412161e-01 2.842697234310815335e-01 3.991216599955661228e-03 2.773372536444045910e-01 2.914750630949674015e-01 2.396155850476510418e-01 6.511804567417569037e-03 2.271864847247156982e-01 2.520362362558339897e-01 1.124322395026631449e+00 2.734494235790707953e-02 1.078023130064359236e+00 1.185367945877616735e+00 1.224668267511958231e+00 1.169067370508151439e-02 1.203956418086871150e+00 1.240162590623010042e+00
5.721608040201004997e-01 2.847702359412644935e-01 3.845640032598079180e-03 2.780704896236670942e-01 2.916543474240564926e-01 2.387308956969383389e-01 6.319408238363426536e-03 2.254534668615445769e-01 2.495494199807905822e-01 1.120757524511602821e+00 2.944674218974902349e-02 1.070608357149470447e+00 1.185822079027820886e+00 1.218102595442189795e+00 1.038161739344429201e-02 1.199291857374348069e+00 1.232350321240142987e+00
5.771356783919597833e-01 2.852972124335855786e-01 3.659151695220275256e-03 2.786729754575475448e-01 2.918191969975545419e-01 2.376495435916091414e-01 6.173314624907010745e-03 2.242004037610948741e-01 2.489720424998012327e-01 1.117316418278433199e+00 2.929893453328194508e-02 1.066360632275487941e+00 1.178600833208487630e+00 1.210259093897051885e+00 1.014748904704048174e-02 1.195106181138477996e+00 1.225707143030868140e+00
5.821105527638190669e-01 2.855659269088438590e-01 3.386883814827537295e-03 2.792163396876180537e-01 2.916587115837147581e-01 2.359523737736612392e-01 5.750730090807515058e-03 2.219541211381039492e-01 2.441256392526416075e-01 1.113834441418988463e+00 2.974005371404496792e-02 1.064442329712013136e+00 1.175976425827998550e+00 1.204239238148328450e+00 9.791136607208527146e-03 1.190360296239452387e+00 1.220036365909914933e+00
5.870854271356784615e-01 2.860634350677925264e-01 3.356107488718571355e-03 2.795485894504970426e-01 2.919342042082451738e-01 2.338801690226914032e-01 5.627111846827563546e-03 2.204722337455369552e-01 2.419598721905262817e-01 1.109395067374743471e+00 3.058813743941266039e-02 1.057132421699226610e+00 1.175841179915477097e+00 1.197648980660699136e+00 9.104287211938472818e-03 1.186233229000566158e+00 1.212463785133659711e+00
5.920603015075377451e-01 2.866851390785088993e-01 3.171089366333658052e-03 2.802321927120686174e-01 2.919995930521451788e-01 2.324200512037070399e-01 5.704261218855696119e-03 2.190878196085906948e-01 2.400403257468903540e-01 1.104733605134035734e+00 2.878255122398510127e-02 1.055552021809006424e+00 1.162647509075489527e+00 1.190897079622760923e+00 7.716741203481669066e-03 1.179748807638856256e+00 1.201679527324677643e+00
5.970351758793970287e-01 2.872481933162470691e-01 3.129265419948362107e-03 2.806115326904213836e-01 2.925452575519048026e-01 2.309968472011376672e-01 5.765374325063918684e-03 2.178951673308227310e-01 2.392047146293782012e-01 1.099177158268731969e+00 2.816493088154340893e-02 1.050100552682224686e+00 1.156675086686300036e+00 1.185649463392359104e+00 7.818376108522300666e-03 1.173733996066998797e+00 1.198064058760149875e+00
6.020100502512563123e-01 2.876378388951192355e-01 3.252064659796274296e-03 2.810742295245909905e-01 2.932655430070507108e-01 2.291846052677095624e-01 5.646005629501201981e-03 2.160587951862691924e-01 2.377462731643029681e-01 1.094800172579041497e+00 2.700635088809218848e-02 1.049300915008161139e+00 1.146520663858157540e+00 1.180459485502789452e+00 8.174704104801030352e-03 1.165096114555012052e+00 1.191896101036249211e+00
6.069849246231155959e-01 2.879313734614703524e-01 3.142789485175488326e-03 2.817465543565320640e-01 2.933922512618454825e-01 2.271578697964344862e-01 5.726836014640097200e-03 2.125288063866239696e-01 2.349746887608315793e-01 1.088616234332009602e+00 2.611985912220933861e-02 1.043854929004093268e+00 1.140601666033951744e+00 1.173379940139131161e+00 7.111573346304066526e-03 1.160814524499017786e+00 1.186449861729515165e+00
6.119597989949748795e-01 2.884633669641373244e-01 2.963685688278111345e-03 2.819560190059200999e-01 2.932516289626575512e-01 2.261916453662117521e-01 5.160716863163612722e-03 2.125697369436458650e-01 2.327882445299790659e-01 1.083953345056772655e+00 2.758740041001236237e-02 1.035244412256056901e+00 1.135619139387015641e+00 1.167792203344924618e+00 6.454169862131294358e-03 1.158263015847884825e+00 1.182371532118116075e+00
6.169346733668341631e-01 2.889709893644555327e-01 3.026346207025012655e-03 2.823234988360962539e-01 2.939290336749804666e-01 2.246714459851269496e-01 5.441987531304093295e-03 2.113263047449205900e-01 2.307904703697136184e-01 1.079671590347110577e+00 2.668476096617670643e-02 1.030395527938412936e+00 1.126420571492179556e+00 1.160016001473510805e+00 6.907079902528233568e-03 1.149112133940145331e+00 1.173832959547660870e+00
6.219095477386934467e-01 2.894997706033374252e-01 3.089902704378583945e-03 2.826122937322514961e-01 2.943442274266943604e-01 2.234600231629075007e-01 6.148151806315810264e-03 2.075544494436940279e-01 2.286689381845579683e-01 1.076351766896445961e+00 2.751520752459201552e-02 1.024408125374883793e+00 1.124797459580712422e+00 1.153637671491451799e+00 5.874903296861647140e-03 1.143394977834757187e+00 1.162914098307322508e+00
6.268844221105528414e-01 2.897805076040429473e-01 3.010881803206258422e-03 2.826743824442894959e-01 2.945056261028366484e-01 2.221130138058262649e-01 5.913707663841420888e-03 2.064367266327468142e-01 2.267964029100877910e-01 1.073382819694649104e+00 2.698491360917275664e-02 1.023525495580196010e+00 1.123136952508291486e+00 1.147217956756954482e+00 6.680152673810203778e-03 1.137270309935715540e+00 1.154894943018187625e+00
6.318592964824121250e-01 2.902791886883265837e-01 3.234489450312796714e-03 2.828634501500320586e-01 2.953084008885095701e-01 2.211375677897297609e-01 5.870015734784374967e-03 2.057656348726934203e-01 2.262149709291146060e-01 1.069376644213036132e+00 2.435511709976048364e-02 1.022793809119586506e+00 1.113430884945066257e+00 1.140497667436460860e+00 6.620208906873194417e-03 1.130207453441453236e+00 1.150322078069895948e+00
6.368341708542714086e-01 2.908872403363766401e-01 3.180796345515496480e-03 2.838305920381767322e-01 2.954562697152652295e-01 2.198022221385057262e-01 5.478158957635046247e-03 2.054142020288486914e-01 2.244973557629014460e-01 1.064096396296211111e+00 2.244038986346538755e-02 1.019138944184369899e+00 1.105116959246947861e+00 1.134675552735670223e+00 6.321038538358172455e-03 1.122750708949796783e+00 1.143818896669070551e+00
6.418090452261306922e-01 2.914381672022844372e-01 3.122616199931790241e-03 2.845295122069309568e-01 2.960416063648511620e-01 2.189210398074180886e-01 5.237940713745622458e-03 2.051339308976661002e-01 2.238543981077064093e-01 1.059452503238033083e+00 2.116807391779756270e-02 1.013456315428621357e+00 1.095361641865087998e+00 1.128975742678995253e+00 6.602493300230773479e-03 1.117497553905654195e+00 1.137777035341741572e+00
6.467839195979899758e-01 2.919976833204018796e-01 3.229471492467290723e-03 2.847088010952774084e-01 2.971094216851496439e-01 2.173671745954212642e-01 5.836726788649358039e-03 2.019907396304138070e-01 2.229281853187536078e-01 1.057024698627474724e+00 2.041480317581273810e-02 1.013395650311903040e+00 1.090925666526824989e+00 1.122868934153097964e+00 7.041187175203404702e-03 1.107443808332112534e+00 1.131950245872927807e+00
6.517587939698492594e-01 2.923909503085788675e-01 3.342755896936266784e-03 2.849430153372257690e-01 2.973644669253632800e-01 2.155375246078560791e-01 5.736767343646307846e-03 2.012282349483796862e-01 2.214621019973470883e-01 1.052286828856402234e+00 2.085410163781336104e-02 1.013553607392709610e+00 1.092348390838187022e+00 1.115434699296573573e+00 7.205299628397707212e-03 1.100061898089037982e+00 1.126326793737589593e+00
6.567336683417085430e-01 2.927038390339008478e-01 3.391381709168296739e-03 2.850937638371343064e-01 2.976299065442045699e-01 2.136436809891879562e-01 4.729447980146465197e-03 2.018900097563265938e-01 2.201632830661452433e-01 1.046807242062185006e+00 2.147718818337609678e-02 1.003214003149820899e+00 1.088523541279962759e+00 1.108102834948153648e+00 7.080134816765691619e-03 1.094429652030743938e+00 1.118649984831185495e+00
6.617085427135678266e-01 2.930838325501050057e-01 3.342695225881640777e-03 2.855122226400255703e-01 2.981326760110821206e-01 2.126020282361308633e-01 4.564437374103659691e-03 2.013632936582223365e-01 2.182984184839854847e-01 1.041660958259444936e+00 2.013722423892734190e-02 1.003630872790400419e+00 1.082267089720545528e+00 1.101314147293365187e+00 7.556140059667463930e-03 1.086525933056798454e+00 1.111505214053137625e+00
6.666834170854271102e-01 2.935146595351750820e-01 3.308696254509005744e-03 2.862175901153017898e-01 2.984934227604804091e-01 2.105703490919996757e-01 4.476321212762070234e-03 2.001131597182510824e-01 2.161209662445829904e-01 1.036335059855892249e+00 2.024359013261389090e-02 1.001033683222804616e+00 1.077549168084339204e+00 1.095419996871598967e+00 7.574495734742271030e-03 1.082553138652182945e+00 1.106590505149818826e+00
6.716582914572865048e-01 2.937381614734508317e-01 3.261537949091136528e-03 2.870517411674409769e-01 2.987318634904286840e-01 2.089077755769801481e-01 4.198752039734444941e-03 1.993477601524745457e-01 2.135780665118400534e-01 1.031443714919665799e+00 2.085651832478479031e-02 9.913773683432386408e-01 1.074677110853823336e+00 1.088162708426185565e+00 7.681824776365843432e-03 1.075159268900453213e+00 1.098811524185336896e+00
6.766331658291457885e-01 2.940763929101316010e-01 3.145612047150509946e-03 2.878093324771029970e-01 2.987035958336942132e-01 2.070601892390749599e-01 3.858672594235776961e-03 1.991400930643835443e-01 2.132323799062355585e-01 1.025519838006549111e+00 1.990736333381221135e-02 9.888723624511253085e-01 1.067242078345481016e+00 1.081436660773798186e+00 5.863530193843433103e-03 1.071481925617579156e+00 1.088094504565681575e+00
6.816080402010050721e-01 2.945950291718105740e-01 3.025575476928320587e-03 2.882574558587446822e-01 2.991154760194283946e-01 2.047037046829437990e-01 4.007311078505070012e-03 1.959212885718406572e-01 2.096054610430413689e-01 1.019366265354614054e+00 1.862281730085837972e-02 9.810417481976939635e-01 1.055191652115823997e+00 1.076002828106966014e+00 6.068819962747945204e-03 1.064281104058294902e+00 1.083584453294538008e+00
6.865829145728643557e-01 2.951770782378960734e-01 2.978689933911816447e-03 2.891095439289588787e-01 2.994507220171664930e-01 2.031553477626175108e-01 3.720629783643863379e-03 1.944093089555817555e-01 2.081156789083537240e-01 1.012790901392227161e+00 1.835819097748487075e-02 9.772908678379857994e-01 1.050626729906347867e+00 1.068880488223070246e+00 6.354079558066917655e-03 1.058221966731060393e+00 1.076551017419273393e+00
6.915577889447236393e-01 2.957486431665062865e-01 3.020794069948853824e-03 2.897939313309246812e-01 3.003309253934763334e-01 2.021890539633754424e-01 3.837779803260945970e-03 1.932169155971820429e-01 2.073120882443852953e-01 1.007155029708734606e+00 1.727403378231707337e-02 9.714678168232204758e-01 1.040553988221929682e+00 1.063046404444740078e+00 7.367193382145069240e-03 1.050872706570712412e+00 1.073739024306266776e+00
6.965326633165829229e-01 2.961657969415106284e-01 3.010355217681157537e-03 2.901532230882362673e-01 3.008366333869980647e-01 2.012246936607185732e-01 4.220633935710069867e-03 1.920723276398980939e-01 2.079361299649185313e-01 1.003103604018560358e+00 1.760003639637763503e-02 9.659597678152025413e-01 1.037797813332670849e+00 1.057806785058304389e+00 7.389164973344772118e-03 1.045852676734631892e+00 1.067404900531891077e+00
7.015075376884422065e-01 2.965458904894877623e-01 2.957870160022444978e-03 2.909176420723215695e-01 3.010446661034268390e-01 1.988796452177986618e-01 4.508445631226601184e-03 1.905485626584269843e-01 2.073692510087968011e-01 9.974300245565975720e-01 1.717336690262549412e-02 9.625637323418865243e-01 1.031846737080585275e+00 1.051109709390346536e+00 7.728489960409983157e-03 1.038936751074976073e+00 1.063663657907688131e+00
7.064824120603014901e-01 2.968024457875867439e-01 2.914068741319008910e-03 2.912390981959966374e-01 3.015573557239044078e-01 1.972678649178636889e-01 4.477787593933216410e-03 1.907054453082484002e-01 2.062431740364601696e-01 9.896537556906906952e-01 1.739844764113072928e-02 9.553635160525538739e-01 1.025154498582671714e+00 1.044848478582834028e+00 7.381616361349255771e-03 1.034240830084942830e+00 1.059722158000531822e+00
7.114572864321608847e-01 2.971195130266639506e-01 3.065827415667082053e-03 2.912664881410164663e-01 3.020296701531566819e-01 1.958900815231788273e-01 5.210678499758879950e-03 1.886115056690841341e-01 2.057809648145353942e-01 9.845251160676248281e-01 1.751264176954790003e-02 9.531561976618323495e-01 1.022937086393544970e+00 1.038382085827674883e+00 7.732400306567231187e-03 1.026773849787296466e+00 1.053579558199933874e+00
7.164321608040201683e-01 2.973713445743934036e-01 3.071644202045322857e-03 2.915389153744109563e-01 3.021017140972756532e-01 1.943762035221633377e-01 5.663254351201160545e-03 1.845741903877622936e-01 2.044090193821110346e-01 9.799900964696371952e-01 1.795754894388145242e-02 9.514469782773828932e-01 1.020009189363915825e+00 1.032683063319355110e+00 7.319563913268333638e-03 1.020257101759038054e+00 1.045454430074928220e+00
7.214070351758794519e-01 2.978051596774745624e-01 3.082349449687869260e-03 2.920678526901457350e-01 3.022921583049981709e-01 1.924824839335212701e-01 5.200524325819617585e-03 1.827641635994537439e-01 2.013163689460511219e-01 9.732170540474894826e-01 1.846839549892162133e-02 9.455652021032494581e-01 1.014874119248718509e+00 1.026089651359394894e+00 7.754888446630379961e-03 1.015053246209889570e+00 1.038773621788459556e+00
7.263819095477387355e-01 2.981718029206904541e-01 3.018082436789584159e-03 2.929045714712325554e-01 3.027122703311514451e-01 1.912797611655735752e-01 4.834486402420287016e-03 1.817219043038413306e-01 1.996447217352037840e-01 9.648230713975213257e-01 1.858950519302869295e-02 9.333935081695816649e-01 1.004753616710708286e+00 1.021541057509265826e+00 8.153197685519151042e-03 1.009841562473778209e+00 1.036685192296084246e+00
7.313567839195980191e-01 2.986009001328810974e-01 2.951537638281288237e-03 2.933336349470824778e-01 3.029386538913249050e-01 1.898509896346466941e-01 5.391511741814174197e-03 1.785050683256741988e-01 1.985973552488456417e-01 9.593413834829641607e-01 1.846209797675740089e-02 9.301919246315092371e-01 9.980593507269054365e-01 1.015399503081336752e+00 8.257628174642463181e-03 1.005321129314561190e+00 1.032674780335096854e+00
7.363316582914573027e-01 2.989675437122811807e-01 2.869646236872689434e-03 2.940007539611211307e-01 3.029826750627142573e-01 1.886971874127444937e-01 5.472650360983099226e-03 1.776561919276484491e-01 1.971460090098546281e-01 9.533933146952862092e-01 1.844250977280293899e-02 9.244387112877292534e-01 9.925620446372415140e-01 1.010356753330149848e+00 8.503516111275625025e-03 9.996572997710956310e-01 1.028820775542696353e+00
7.413065326633165864e-01 2.992336374848307279e-01 2.774399314566440913e-03 2.944024296910812688e-01 3.027293530058112192e-01 1.866420568143984382e-01 5.350181516412808209e-03 1.757558291832807262e-01 1.948362802890075685e-01 9.453725297220427759e-01 1.822115409637521666e-02 9.183953144902353705e-01 9.829817704912433562e-01 1.005735012364552317e+00 8.846782881539299107e-03 9.932424846306702193e-01 1.024408111082393269e+00
7.462814070351758700e-01 2.997326863059773805e-01 2.676412509475627026e-03 2.948385088065550441e-01 3.034177977095559031e-01 1.846510456364257591e-01 5.394344374324074043e-03 1.752159531644803814e-01 1.934476431887676706e-01 9.385905423596463404e-01 1.681871845741650037e-02 9.156744924520824336e-01 9.721437303829825183e-01 1.000347783406293267e+00 8.903707351038238696e-03 9.877093769344229557e-01 1.018884176298179511e+00
7.512562814070351536e-01 3.000053029112246805e-01 2.708400700226569133e-03 2.951240022583202505e-01 3.037724453854785955e-01 1.830442815518931454e-01 5.212025977607610654e-03 1.741121397138639393e-01 1.900926807699689358e-01 9.307972438343832255e-01 1.699679198755543047e-02 9.097849656194065826e-01 9.642812066169171858e-01 9.946982833805890767e-01 8.771734176104334021e-03 9.821046426937479756e-01 1.013576616777131179e+00
7.562311557788945482e-01 3.003318238222829062e-01 2.649530371997963450e-03 2.953624784750685794e-01 3.043064913398716986e-01 1.810399452102421092e-01 4.485830293924073994e-03 1.735903320946866057e-01 1.885671174685305818e-01 9.223004096423899068e-01 1.606483972360214785e-02 9.039210842454098449e-01 9.547732351821736074e-01 9.896628579452277918e-01 9.282205580262435293e-03 9.737900160473075273e-01 1.008352858672040719e+00
7.612060301507538318e-01 3.007290817691113394e-01 2.627574952058412718e-03 2.956379449779793500e-01 3.045804144915426614e-01 1.791398485550376452e-01 4.433553398087253933e-03 1.708716264207509050e-01 1.869066701873003666e-01 9.137262379803802181e-01 1.613594147812924887e-02 8.930671330808866992e-01 9.473693669912764959e-01 9.842915126133290338e-01 8.758208109315483714e-03 9.693780998489155420e-01 1.003094232637116612e+00
7.661809045226131154e-01 3.009593654152467601e-01 2.430055823995442166e-03 2.965233788340131960e-01 3.046712504960708001e-01 1.778839664835358270e-01 4.297074810798659668e-03 1.703878147831252299e-01 1.852843140086912199e-01 9.059237451578994182e-01 1.551328482727830013e-02 8.883347729598671805e-01 9.378772754139453882e-01 9.786566404393390872e-01 8.657391061248236042e-03 9.647580251319884947e-01 9.970049658083486310e-01
7.711557788944723990e-01 3.011438489436029098e-01 2.293851817093003464e-03 2.969511114281542796e-01 3.045394242390443429e-01 1.760433377674735234e-01 4.559714361797319836e-03 1.679668227415919979e-01 1.840567700801839512e-01 8.982497975335729246e-01 1.561252813528135434e-02 8.798643759553718136e-01 9.304508397418665977e-01 9.736551442667110701e-01 8.677353182584116725e-03 9.618164691039936542e-01 9.924533034779381424e-01
7.761306532663316826e-01 3.012116610520848003e-01 2.223875900779740018e-03 2.974772256824114725e-01 3.050659776387483757e-01 1.745471533086020155e-01 4.676763496917042684e-03 1.667688296453527508e-01 1.824816775127423574e-01 8.906123650703884342e-01 1.404976643395407405e-02 8.736908710226690689e-01 9.179938792939076331e-01 9.693899408282401486e-01 8.815967069563218975e-03 9.590181379261836225e-01 9.891274834035123087e-01
7.811055276381909662e-01 3.012939304937040097e-01 2.336265140178500014e-03 2.971347286672079702e-01 3.048234782996356862e-01 1.733067446580227600e-01 4.784390405123743924e-03 1.653617732415481045e-01 1.820299791324606342e-01 8.817946890506915825e-01 1.446784287008363520e-02 8.648512696471444272e-01 9.083874251870122096e-01 9.646244020858188994e-01 8.428950110153382233e-03 9.551295184103811842e-01 9.822614681322850982e-01
7.860804020100502498e-01 3.013016906380566740e-01 2.324249784278119898e-03 2.970505175095936035e-01 3.043890869436501889e-01 1.714982332532945242e-01 5.238595684763844990e-03 1.633335216153729563e-01 1.807467275287606701e-01 8.740329698321689378e-01 1.478732336681790396e-02 8.574255061925873944e-01 9.009243713996604175e-01 9.583575287840458978e-01 7.500385120855159252e-03 9.505879132244268170e-01 9.745479575822969531e-01
7.910552763819095334e-01 3.016065757536471326e-01 2.341328431717318737e-03 2.974030460185546065e-01 3.047309377770999750e-01 1.696738235729064459e-01 5.540843287634687926e-03 1.613435669245041337e-01 1.797379865815144362e-01 8.652309301500556993e-01 1.500092464809029205e-02 8.466055506224032801e-01 8.922963619131156765e-01 9.527537353019654986e-01 7.376088657103667748e-03 9.453896713838543242e-01 9.687883233439946729e-01
7.960301507537689281e-01 3.017934685478780299e-01 2.266495853600414626e-03 2.975531477367073796e-01 3.050372632188141364e-01 1.679635986163874051e-01 5.386540752269891770e-03 1.587269486414497055e-01 1.767447646190765387e-01 8.552282885742445995e-01 1.514165541218514925e-02 8.361860959110132274e-01 8.828943481932566284e-01 9.482995394052349258e-01 7.055667920323085811e-03 9.397995333989846989e-01 9.621785792943701177e-01
8.010050251256282117e-01 3.020245510972722203e-01 2.396844452695581513e-03 2.979532363849212162e-01 3.056832137771209323e-01 1.661086604561080038e-01 5.057098431071885107e-03 1.572141556327791845e-01 1.749335236237908597e-01 8.472353884105767730e-01 1.495221026746266016e-02 8.264748044637385549e-01 8.726840347448825419e-01 9.437047190206403480e-01 7.026143388767037978e-03 9.354772411037254320e-01 9.566537638936652987e-01
8.059798994974874953e-01 3.021257484758638201e-01 2.292741633872932925e-03 2.978738506059808722e-01 3.058176264431796132e-01 1.643809196577799558e-01 5.099741949316713430e-03 1.553322563809544921e-01 1.736733042123169424e-01 8.379848230531818931e-01 1.480300967189556068e-02 8.156618390836080090e-01 8.620422938175101857e-01 9.380601305258806644e-01 6.761886219853916261e-03 9.302895666011584686e-01 9.506917290952356936e-01
8.109547738693467789e-01 3.022227066083141289e-01 2.312957032304784749e-03 2.979740637684661353e-01 3.063189606881432381e-01 1.626362038997465342e-01 4.747888520943942953e-03 1.537644307083749773e-01 1.709410365178651303e-01 8.292784545618842040e-01 1.523089857038987215e-02 8.055370020838282796e-01 8.516416133374459241e-01 9.332484326036984967e-01 6.092022101929402307e-03 9.254795927330582428e-01 9.448466414284594217e-01
8.159296482412060625e-01 3.024602638564537482e-01 2.269534816657884247e-03 2.982296706112722573e-01 3.065174685944786481e-01 1.604257301944169989e-01 4.471509505879932810e-03 1.529221612621597948e-01 1.679593698034264060e-01 8.217280330927823062e-01 1.542079078142192215e-02 7.972802405828550709e-01 8.452615962176177611e-01 9.285446823273002526e-01 6.246990520411237549e-03 9.199250895291838370e-01 9.398313886908781223e-01
8.209045226130653461e-01 3.026836736133234895e-01 2.122034842197922152e-03 2.990364846103958363e-01 3.064794432952782088e-01 1.586231618445517189e-01 4.762096452160196822e-03 1.513917737035690436e-01 1.673484322685585279e-01 8.137513376879658145e-01 1.572905499537014667e-02 7.904760156725686437e-01 8.404565974077327084e-01 9.236771137739839821e-01 6.699451083990406140e-03 9.152541262204006989e-01 9.354400061259613430e-01
8.258793969849246297e-01 3.026164827531557244e-01 2.111260445562469952e-03 2.990872495304225942e-01 3.058409421078231993e-01 1.564406584356227425e-01 4.938705050362947151e-03 1.486725739096833865e-01 1.652450678729368849e-01 8.053041122657237372e-01 1.562443693959748511e-02 7.823649545095131552e-01 8.316572284995469300e-01 9.191940695253272287e-01 7.109963057874979508e-03 9.097400457083706371e-01 9.321848899906265418e-01
8.308542713567839133e-01 3.029048753014380035e-01 1.967131811219751097e-03 2.996967958229495577e-01 3.057033710765383883e-01 1.543555426010733700e-01 4.919375171932841365e-03 1.472666930126084184e-01 1.644847414211347558e-01 7.955081888499707654e-01 1.516828992336464316e-02 7.718540947928408391e-01 8.208391088992970097e-01 9.147087062030216931e-01 7.009059587388751129e-03 9.053689553463485362e-01 9.280645741791441194e-01
8.358291457286431969e-01 3.029760847905436649e-01 1.862478525232974828e-03 2.997822591218085031e-01 3.053880423114078702e-01 1.519180367532915743e-01 5.154924229457853724e-03 1.445800952963650632e-01 1.607998512419543669e-01 7.862162107335881611e-01 1.451656085381645457e-02 7.629838485384174973e-01 8.089428894776217183e-01 9.096644444477990366e-01 7.019709838890067499e-03 9.002000709406242640e-01 9.217887811424789746e-01
8.408040201005025915e-01 3.030563152084349565e-01 1.720444616657219004e-03 3.002177274781328009e-01 3.054037477607154938e-01 1.502633329927473560e-01 4.867877622388491927e-03 1.429732895320036945e-01 1.580486163230649388e-01 7.747738427609827117e-01 1.366120499647469760e-02 7.541179106197943849e-01 7.959155181203896312e-01 9.048262058966660693e-01 7.190016816501327949e-03 8.953481878500719748e-01 9.175424285644607769e-01
8.457788944723618751e-01 3.031105425850073587e-01 1.565887526819030855e-03 3.006501694267398883e-01 3.054499308186026107e-01 1.481333954418968812e-01 5.100636393709195859e-03 1.402680950143499750e-01 1.564960304891600262e-01 7.648301922434430633e-01 1.445394175644809306e-02 7.432144880017363953e-01 7.856997589015688455e-01 9.009695212623007876e-01 6.710012532997062726e-03 8.923793064221465787e-01 9.129391920537257565e-01
8.507537688442211588e-01 3.033180332957984282e-01 1.385981950360408747e-03 3.011615953670305212e-01 3.052111729698889775e-01 1.456827027893526361e-01 5.304728656554020226e-03 1.380835411205928176e-01 1.547542208672441633e-01 7.557523116206421587e-01 1.499631098887898271e-02 7.323620544590966341e-01 7.771580173616455811e-01 8.970780030047047493e-01 6.615111658302343101e-03 8.887370831693502948e-01 9.084679350342795834e-01
8.557286432160804424e-01 3.033199720233627494e-01 1.410220430097025926e-03 3.013039711265275700e-01 3.054567215233595090e-01 1.433979775600555673e-01 5.503367893111866908e-03 1.348929727870357143e-01 1.529399138881584186e-01 7.449513567801251401e-01 1.562537877765905400e-02 7.191594332515076626e-01 7.686062763607351966e-01 8.925476201668931520e-01 6.324295477398095625e-03 8.849871556199888634e-01 9.031040224564893526e-01
8.607035175879397260e-01 3.033377123815087506e-01 1.400391553317527175e-03 3.015084898267459956e-01 3.054174639743490460e-01 1.408033557922860335e-01 5.610475747613503407e-03 1.328522483849281788e-01 1.513382778710549437e-01 7.345087161615284632e-01 1.599064812003269526e-02 7.110228352347235381e-01 7.591109533004442023e-01 8.877915280254911057e-01 6.007104805936293486e-03 8.803001785155192271e-01 8.980092511526280852e-01
8.656783919597990096e-01 3.034157839628684461e-01 1.551967138581132263e-03 3.009884716008104366e-01 3.054580902630463779e-01 1.382265190553525203e-01 5.282992234750760741e-03 1.300634883302828337e-01 1.474661376048880257e-01 7.238653113739867972e-01 1.715752845861972034e-02 6.994226807681027669e-01 7.496370379124629446e-01 8.832080430882687239e-01 6.368576873755384810e-03 8.740374521379742356e-01 8.935377045211404523e-01
8.706532663316582932e-01 3.034825920101956176e-01 1.516012390596712918e-03 3.007942711063467667e-01 3.056721626238955158e-01 1.359468704805506245e-01 5.024145701814740697e-03 1.284057839849103433e-01 1.456130315802701969e-01 7.134658018609199015e-01 1.596130089073514308e-02 6.909205955728091597e-01 7.406752561204441587e-01 8.790364751340927763e-01 6.640010162427230529e-03 8.689543338718828114e-01 8.887376783898961463e-01
8.756281407035175768e-01 3.035435996874070730e-01 1.441133010003229405e-03 3.014197373445418604e-01 3.054576185473585892e-01 1.332779407729927923e-01 4.815700387279208718e-03 1.250364035710798960e-01 1.418000265223985368e-01 7.028936171015606194e-01 1.761670049904014851e-02 6.784147166753384806e-01 7.357758457965878351e-01 8.747538897222190135e-01 6.006222321596824988e-03 8.656197242620961019e-01 8.842134421252906273e-01
8.806030150753769714e-01 3.035984504219509938e-01 1.482270261717957361e-03 3.011560705116976822e-01 3.056419311613823853e-01 1.301613246002658597e-01 4.673793578077227451e-03 1.224686608871025373e-01 1.387613717207701602e-01 6.906858153759637409e-01 1.796589181482900408e-02 6.679454341409950535e-01 7.258243357282020414e-01 8.705918446267068012e-01 5.999007020819115306e-03 8.603976182087187397e-01 8.811826533199593747e-01
8.855778894472362550e-01 3.034208719315962255e-01 1.379438366497959560e-03 3.009411067250818972e-01 3.052557771767462347e-01 1.281732739169371416e-01 4.934157230706281115e-03 1.187339309670338017e-01 1.370614562958383520e-01 6.803985068771779554e-01 1.776572246061730240e-02 6.588457989617958477e-01 7.170535179127824899e-01 8.664023063475563280e-01 5.935723476825653135e-03 8.557829168215500548e-01 8.773002764143049692e-01
8.905527638190955386e-01 3.031789607371183082e-01 1.315364251538227820e-03 3.010920499895445301e-01 3.052036080526684958e-01 1.250866985055356095e-01 4.852793151038574219e-03 1.167132513007827915e-01 1.335273969676617489e-01 6.686919501697365931e-01 1.846633940902244267e-02 6.460017143912278881e-01 7.071496020097994828e-01 8.615061035361637476e-01 5.515219141461794559e-03 8.528919539813131223e-01 8.721995400349717986e-01
8.955276381909548222e-01 3.033647544672121721e-01 1.362336164961504325e-03 3.014187181903087986e-01 3.050802165025189305e-01 1.222868560201147703e-01 4.481305604201510535e-03 1.140767934040310266e-01 1.286375863460775815e-01 6.573811703495688885e-01 1.858540912100269116e-02 6.349221998609105855e-01 6.947052373876485554e-01 8.564891083061413335e-01 5.063322440200628861e-03 8.490609520202250238e-01 8.661661721095211819e-01
9.005025125628141058e-01 3.032191331303789039e-01 1.311542651686280854e-03 3.013668025982365606e-01 3.053617616493281561e-01 1.201865748142308954e-01 4.266881895554740754e-03 1.128018857535922348e-01 1.262750079550724880e-01 6.460953742027447655e-01 1.754348245168173628e-02 6.251277911607634463e-01 6.788360540020371703e-01 8.511271298536866592e-01 5.191859399554142433e-03 8.423613772650615505e-01 8.595091181206333530e-01
9.054773869346733894e-01 3.030593390136211984e-01 1.417593056891736092e-03 3.005465573792083234e-01 3.058517903924802828e-01 1.181751277036954956e-01 3.878895460295331624e-03 1.123496957855697198e-01 1.247537535138004416e-01 6.357545276415583757e-01 1.699588271144341148e-02 6.145828530077039886e-01 6.645954492287187154e-01 8.465804876684049907e-01 5.480560915451919771e-03 8.380195527782733356e-01 8.557803064355696820e-01
9.104522613065326730e-01 3.028521711709838971e-01 1.302004009919954450e-03 3.006401104568433569e-01 3.054777510798762918e-01 1.156965691455760226e-01 3.853862460884273453e-03 1.102779006969550057e-01 1.231346502649992014e-01 6.246754766774361700e-01 1.712512888727638766e-02 5.990807338973448415e-01 6.516194528510780293e-01 8.418796036560840523e-01 5.249875900415642421e-03 8.338534201571369264e-01 8.497724609773985582e-01
9.154271356783919567e-01 3.026702923222369668e-01 1.244118737866577954e-03 3.006589828402232989e-01 3.053239724995525095e-01 1.132617760506114540e-01 3.368309116276767181e-03 1.090882580969825683e-01 1.200951344175605479e-01 6.126300083732181267e-01 1.612351046550652631e-02 5.897882632929752900e-01 6.394056604516349385e-01 8.367917726678018031e-01 4.711978382005371259e-03 8.288001149564022674e-01 8.443465876434571582e-01
9.204020100502512403e-01 3.026822121729757509e-01 1.188705520362015816e-03 3.010518397580096983e-01 3.054208703170032124e-01 1.108393236741802151e-01 3.076834923737004502e-03 1.069603840495555458e-01 1.170155072027761756e-01 6.014583880534234428e-01 1.552729254973705085e-02 5.824255705012566509e-01 6.288962904689647804e-01 8.323777474546849575e-01 4.748163272348050919e-03 8.253680490277601756e-01 8.403234070482507034e-01
9.253768844221106349e-01 3.025539908787248100e-01 1.032328297734053666e-03 3.013150382166572827e-01 3.048595887600956122e-01 1.083353360117698949e-01 3.150496388463254211e-03 1.047177674753624332e-01 1.132945467506228793e-01 5.889408723480007435e-01 1.508647734854395850e-02 5.701841274433818718e-01 6.162405402656135900e-01 8.276913443506010992e-01 4.372737157546153879e-03 8.213728401419805314e-01 8.353044465485482961e-01
9.303517587939699185e-01 3.024721346307350789e-01 1.057860356292998020e-03 3.010005706542621673e-01 3.046649315563510485e-01 1.063756539207714458e-01 3.047490270205922228e-03 1.028950320477730329e-01 1.108952397782245608e-01 5.781221451346617579e-01 1.400240458506111368e-02 5.609017470484365386e-01 6.024864859127482264e-01 8.227744711148314849e-01 4.024712089980711852e-03 8.174244634309699720e-01 8.302862666035567552e-01
9.353266331658292021e-01 3.024526660246730780e-01 1.029431597626595269e-03 3.005906031281480040e-01 3.044259208664271132e-01 1.044054922531952589e-01 3.011620350257392109e-03 1.011014477530052802e-01 1.091857237384287888e-01 5.670444242147708591e-01 1.409777889588504328e-02 5.483429004880344682e-01 5.923678933089240317e-01 8.180891406260647480e-01 3.890060963114004653e-03 8.121902527054768450e-01 8.247810715031252959e-01
9.403015075376884857e-01 3.023256992563013723e-01 8.716687783464850594e-04 3.006890366257122249e-01 3.041856779789760545e-01 1.026762572143224694e-01 3.133230918888677691e-03 9.955917720588274011e-02 1.080322681491382303e-01 5.565006317813520065e-01 1.356962531725133640e-02 5.377903587877298497e-01 5.807470909560722427e-01 8.132686564995565970e-01 3.437927949419555471e-03 8.080373442727538658e-01 8.188930670952707658e-01
9.452763819095477693e-01 3.021272714078374055e-01 7.580549763999033970e-04 3.011563851424918781e-01 3.039826201142797335e-01 1.007300408833137623e-01 2.547240202120617646e-03 9.733764619053288103e-02 1.057780079613803298e-01 5.444043946630856556e-01 1.265813996780692022e-02 5.276510337962001529e-01 5.688183773516882757e-01 8.081225048890816609e-01 3.416215162130606473e-03 8.031363660938625193e-01 8.124529693426425503e-01
9.502512562814070529e-01 3.019088554304066863e-01 7.638326805388656994e-04 3.010133010554672528e-01 3.038211731321122100e-01 9.845981997208932968e-02 2.486147158970464580e-03 9.544491078963976416e-02 1.026928480326901039e-01 5.328439402642166645e-01 1.151437129520391407e-02 5.171873713346782919e-01 5.548186063978923777e-01 8.020955274526928580e-01 3.229328300728494250e-03 7.966385480882015591e-01 8.064509846418411732e-01
9.552261306532663365e-01 3.016681243701497261e-01 5.310985029264244945e-04 3.009451969151628603e-01 3.030323637693297378e-01 9.661498251721245545e-02 2.199627734473192774e-03 9.340348055139088834e-02 1.004257272116257510e-01 5.211459303901266882e-01 1.088940897704388129e-02 5.061322398461746142e-01 5.384858860126049418e-01 7.971704527524963169e-01 3.374923075106666271e-03 7.918177176574326959e-01 8.017386087607107914e-01
9.602010050251256201e-01 3.013336746381115594e-01 6.822125884144323790e-04 3.000876978840694154e-01 3.027848342967081052e-01 9.417486066994065763e-02 2.081404034645247415e-03 9.039570809345146007e-02 9.783955095713277317e-02 5.101199385604775483e-01 1.089569850967671109e-02 4.955063435190749654e-01 5.289809601200057276e-01 7.910957755231755595e-01 2.737552893110910181e-03 7.864385791690150507e-01 7.958512114773095281e-01
9.651758793969849037e-01 3.008919551722866181e-01 7.140165596483919082e-04 2.997006698051325468e-01 3.023918874849677030e-01 9.200109081346992401e-02 2.361862733529379761e-03 8.886930378337755398e-02 9.600104465622873173e-02 4.981685893026904788e-01 9.648533815265137453e-03 4.866860613695210835e-01 5.153212830155073920e-01 7.855989354112918877e-01 2.531732362497144794e-03 7.811502880642946511e-01 7.906914814329077945e-01
9.701507537688442984e-01 3.004527177694430451e-01 5.954563304216750055e-04 2.994360987300952459e-01 3.012732317797106041e-01 9.009241366454832922e-02 2.014062109905625456e-03 8.730830983795598299e-02 9.333060938491698211e-02 4.855402000711193655e-01 9.666567167222446869e-03 4.727268235387622752e-01 5.016246961936853266e-01 7.801739608598536879e-01 2.469562504987818721e-03 7.744409805638068356e-01 7.844071220347100803e-01
9.751256281407035820e-01 3.001340594391784800e-01 6.527340477267406117e-04 2.989716529034287529e-01 3.012566098108053203e-01 8.811175276920266142e-02 1.678885611054826933e-03 8.599282484852215080e-02 9.030966311861896023e-02 4.716836236572375940e-01 9.966339829341109083e-03 4.573937116920823165e-01 4.876231604279447907e-01 7.746963285940291488e-01 1.772367429870782369e-03 7.708855578006271747e-01 7.784079278052699058e-01
9.801005025125628656e-01 2.996652989213754448e-01 4.969723970525168804e-04 2.988903002356949057e-01 3.007071739593992765e-01 8.582152316291638550e-02 1.870729022307927869e-03 8.281293996765866361e-02 8.842299227218936020e-02 4.563596372022451497e-01 7.204049725302777603e-03 4.454059611242023320e-01 4.686333481347108032e-01 7.685843394922031724e-01 1.472315272483342395e-03 7.664100488332061811e-01 7.713186374127648515e-01
9.850753768844221492e-01 2.989827625640266717e-01 3.378333581864030664e-04 2.983021476206560441e-01 2.994540552384271082e-01 8.306261089691518995e-02 1.478400091935993046e-03 8.079555831847635983e-02 8.596935645899755896e-02 4.422561183481423797e-01 7.094766263921335053e-03 4.289760211713961602e-01 4.522905820762919693e-01 7.618747374192367250e-01 1.680025383152054927e-03 7.588898917815590783e-01 7.647738754726890464e-01
9.900502512562814328e-01 2.983579919311488693e-01 3.254455409976089058e-04 2.978565758347037629e-01 2.988643018950173369e-01 7.944051956111317092e-02 1.137829609851531395e-03 7.766940337075142753e-02 8.083955507355843062e-02 4.256410180818145927e-01 6.754037983284075751e-03 4.150754514108184190e-01 4.345795032378857448e-01 7.551255814773106811e-01 1.250459657351116237e-03 7.529239567296450719e-01 7.570156596691335338e-01
9.950251256281407164e-01 2.974923255708731284e-01 2.402915172076732896e-04 2.971527249795942738e-01 2.978345165565334240e-01 7.610063492022202392e-02 8.577387732244895696e-04 7.487031865685006560e-02 7.758981295545082368e-02 4.055529542335153392e-01 4.910987624366159807e-03 3.984789093858285280e-01 4.137275945078501826e-01 7.471732269185344943e-01 7.155888455528002694e-04 7.460228162522376527e-01 7.481028425574778318e-01
1.000000000000000000e+00 2.955459638752680473e-01 1.399730582090087628e-04 2.954134884366318436e-01 2.958554353664618053e-01 7.227593800984463690e-02 2.635199835003330221e-04 7.191249206510533232e-02 7.269023524174447748e-02 3.765044029836399075e-01 8.508757029273365238e-04 3.748976565094604418e-01 3.778715654681510383e-01 7.354573242566871949e-01 3.418703040393652223e-04 7.351337617783528788e-01 7.362131714840366437e-01
