# FPR	TPR_MEAN	TPR_STD	TPR_MIN	TPR_MAX
0.000000000000000000e+00 1.434302325581395532e-01 6.122954289116405019e-02 3.430232558139535010e-02 2.720930232558139705e-01
2.004008016032063962e-03 2.550581395348837654e-01 2.783183925588827295e-02 2.133720930232558266e-01 2.982558139534883801e-01
4.008016032064127925e-03 3.153488372093023462e-01 2.344285250761708045e-02 2.802325581395349041e-01 3.488372093023255904e-01
6.012024048096191453e-03 3.536046511627907174e-01 2.076778040818873586e-02 3.046511627906976494e-01 3.854651162790697638e-01
8.016032064128255849e-03 3.772674418604650692e-01 1.898137839562049831e-02 3.354651162790697749e-01 3.988372093023255793e-01
1.002004008016032024e-02 4.098255813953488591e-01 2.547075704755252107e-02 3.732558139534883912e-01 4.447674418604651292e-01
1.202404809619238291e-02 4.326162790697674621e-01 2.148560651185487877e-02 3.883720930232558155e-01 4.552325581395348930e-01
1.402805611222444730e-02 4.617441860465117398e-01 1.795711796061927670e-02 4.308139534883720922e-01 4.947674418604651181e-01
1.603206412825651170e-02 4.839534883720930658e-01 1.777054642303007095e-02 4.668604651162790442e-01 5.186046511627907529e-01
1.803607214428857436e-02 5.091279069767440379e-01 1.642593633654348614e-02 4.790697674418604723e-01 5.383720930232558377e-01
2.004008016032064049e-02 5.224999999999999645e-01 1.609121259473830431e-02 4.970930232558139483e-01 5.517441860465116532e-01
2.204408817635270315e-02 5.359302325581396520e-01 2.013307539140661920e-02 5.046511627906976605e-01 5.639534883720930258e-01
2.404809619238476581e-02 5.547674418604651159e-01 2.014314646171352918e-02 5.215116279069766936e-01 5.883720930232557711e-01
2.605210420841683194e-02 5.676162790697674154e-01 1.722746134965373252e-02 5.354651162790697860e-01 5.936046511627907085e-01
2.805611222444889460e-02 5.809302325581395809e-01 1.385820178180428332e-02 5.552325581395348708e-01 6.034883720930233064e-01
3.006012024048096073e-02 5.904069767441860739e-01 1.196954513825224456e-02 5.732558139534883468e-01 6.110465116279070186e-01
3.206412825651302340e-02 6.069767441860465240e-01 1.231131249541062705e-02 5.906976744186046568e-01 6.319767441860465462e-01
3.406813627254508953e-02 6.140116279069767202e-01 1.346642661415647924e-02 5.953488372093023173e-01 6.412790697674418672e-01
3.607214428857714872e-02 6.246511627906976560e-01 1.203979789570359775e-02 6.116279069767441845e-01 6.500000000000000222e-01
3.807615230460921485e-02 6.338372093023255660e-01 1.284817950542292697e-02 6.151162790697674021e-01 6.529069767441860739e-01
4.008016032064128098e-02 6.403488372093023573e-01 1.398784529928823531e-02 6.220930232558139483e-01 6.610465116279069520e-01
4.208416833667334017e-02 6.523255813953487969e-01 1.100051623745610697e-02 6.325581395348837122e-01 6.668604651162790553e-01
4.408817635270540630e-02 6.594186046511627541e-01 1.056413107324081016e-02 6.406976744186047013e-01 6.767441860465116532e-01
4.609218436873747243e-02 6.659302325581395454e-01 9.659564849274476089e-03 6.470930232558139705e-01 6.831395348837209225e-01
4.809619238476953162e-02 6.722674418604650537e-01 8.782919223808324447e-03 6.581395348837209003e-01 6.901162790697674687e-01
5.010020040080159776e-02 6.818604651162791797e-01 1.317806657349504355e-02 6.622093023255813948e-01 7.087209302325581106e-01
5.210420841683366389e-02 6.869186046511627231e-01 1.256473233490939916e-02 6.651162790697674465e-01 7.127906976744186052e-01
5.410821643286573002e-02 6.943023255813953742e-01 1.289282693900675215e-02 6.761627906976743763e-01 7.168604651162790997e-01
5.611222444889778921e-02 6.989534883720931457e-01 1.268934474209661503e-02 6.784883720930232620e-01 7.186046511627907085e-01
5.811623246492985534e-02 7.032558139534884623e-01 1.261828834069817634e-02 6.825581395348837566e-01 7.203488372093023173e-01
6.012024048096192147e-02 7.100581395348837255e-01 1.232242719623409359e-02 6.912790697674419116e-01 7.325581395348836899e-01
6.212424849699398066e-02 7.148255813953487969e-01 1.139075013994584294e-02 6.982558139534883468e-01 7.348837209302325757e-01
6.412825651302604679e-02 7.197093023255815014e-01 1.183093108054299701e-02 7.023255813953488413e-01 7.366279069767441845e-01
6.613226452905811292e-02 7.228488372093023751e-01 1.195202348276694186e-02 7.040697674418604501e-01 7.377906976744186274e-01
6.813627254509017905e-02 7.298837209302325713e-01 1.150869119224058948e-02 7.075581395348836677e-01 7.418604651162791219e-01
7.014028056112224518e-02 7.350000000000000977e-01 1.008281017941504119e-02 7.180232558139535426e-01 7.505813953488371659e-01
7.214428857715429744e-02 7.392441860465116532e-01 1.085902709467758895e-02 7.203488372093023173e-01 7.540697674418604946e-01
7.414829659318636357e-02 7.424418604651161768e-01 1.071409255794366321e-02 7.273255813953488635e-01 7.569767441860465462e-01
7.615230460921842970e-02 7.452906976744186895e-01 1.019499580317311839e-02 7.308139534883720811e-01 7.575581395348837122e-01
7.815631262525049583e-02 7.502906976744185830e-01 9.346732668361888360e-03 7.377906976744186274e-01 7.610465116279069298e-01
8.016032064128256196e-02 7.530813953488373347e-01 1.076460985409962226e-02 7.389534883720930702e-01 7.709302325581395277e-01
8.216432865731462809e-02 7.558139534883722144e-01 1.098821828365343506e-02 7.406976744186046790e-01 7.744186046511627453e-01
8.416833667334668034e-02 7.580813953488371171e-01 1.080973285977640357e-02 7.441860465116278966e-01 7.767441860465116310e-01
8.617234468937874647e-02 7.627325581395348886e-01 1.211606146302825204e-02 7.465116279069767824e-01 7.831395348837209003e-01
8.817635270541081260e-02 7.655232558139535293e-01 1.215116279069767408e-02 7.500000000000000000e-01 7.872093023255813948e-01
9.018036072144287874e-02 7.705813953488372947e-01 1.326855772573442595e-02 7.563953488372092693e-01 7.976744186046511587e-01
9.218436873747494487e-02 7.728488372093023084e-01 1.259912025738861921e-02 7.598837209302325979e-01 7.982558139534883246e-01
9.418837675350701100e-02 7.759302325581395321e-01 1.235297526252958529e-02 7.616279069767442067e-01 7.994186046511627675e-01
9.619238476953906325e-02 7.781976744186047679e-01 1.232846061149630960e-02 7.651162790697674243e-01 8.017441860465116532e-01
9.819639278557112938e-02 7.804069767441859096e-01 1.168893866791423028e-02 7.674418604651163101e-01 8.029069767441860961e-01
1.002004008016031955e-01 7.828488372093023173e-01 1.131930607867630105e-02 7.703488372093023617e-01 8.034883720930232620e-01
1.022044088176352616e-01 7.857558139534883690e-01 1.077779024542437243e-02 7.720930232558139705e-01 8.058139534883721478e-01
1.042084168336673278e-01 7.898837209302326245e-01 1.077763343080696302e-02 7.761627906976744651e-01 8.116279069767441401e-01
1.062124248496993939e-01 7.918604651162791663e-01 1.007677397362478564e-02 7.779069767441860739e-01 8.116279069767441401e-01
1.082164328657314600e-01 7.940697674418604191e-01 1.088871382196228768e-02 7.796511627906976827e-01 8.145348837209301918e-01
1.102204408817635123e-01 7.962790697674417828e-01 1.057500445899357128e-02 7.837209302325581772e-01 8.151162790697674687e-01
1.122244488977955784e-01 7.987790697674418405e-01 1.102338460331007616e-02 7.848837209302325091e-01 8.180232558139535204e-01
1.142284569138276445e-01 8.000000000000000444e-01 1.107096436757535642e-02 7.860465116279069520e-01 8.203488372093022951e-01
1.162324649298597107e-01 8.021511627906976472e-01 1.102522428700165175e-02 7.877906976744185608e-01 8.220930232558139039e-01
1.182364729458917768e-01 8.049418604651161768e-01 1.108393294354603591e-02 7.895348837209302806e-01 8.220930232558139039e-01
1.202404809619238429e-01 8.071511627906977626e-01 1.039397654955548887e-02 7.924418604651163323e-01 8.238372093023256237e-01
1.222444889779558952e-01 8.101162790697673532e-01 1.038144848698579863e-02 7.953488372093022729e-01 8.261627906976743985e-01
1.242484969939879613e-01 8.114534883720929681e-01 1.002649950212385933e-02 7.976744186046511587e-01 8.273255813953488413e-01
1.262525050100200275e-01 8.140697674418604368e-01 1.016960018794708757e-02 7.994186046511627675e-01 8.308139534883720589e-01
1.282565130260520936e-01 8.160465116279069786e-01 9.729299835236720345e-03 8.011627906976743763e-01 8.319767441860465018e-01
1.302605210420841597e-01 8.182558139534883423e-01 9.071258076670730974e-03 8.058139534883721478e-01 8.348837209302325535e-01
1.322645290581162258e-01 8.194767441860463242e-01 8.867946850385693969e-03 8.069767441860464796e-01 8.354651162790697194e-01
1.342685370741482920e-01 8.210465116279068720e-01 8.904274287942633495e-03 8.081395348837209225e-01 8.354651162790697194e-01
1.362725450901803581e-01 8.222674418604650759e-01 8.556788632004810533e-03 8.093023255813953654e-01 8.354651162790697194e-01
1.382765531062124242e-01 8.238953488372093847e-01 7.960871386272503139e-03 8.122093023255814170e-01 8.360465116279069964e-01
1.402805611222444904e-01 8.263372093023255704e-01 7.656118067372438309e-03 8.156976744186046346e-01 8.383720930232557711e-01
1.422845691382765287e-01 8.283720930232558732e-01 7.389898532760778849e-03 8.180232558139535204e-01 8.401162790697674909e-01
1.442885771543085949e-01 8.306976744186046480e-01 7.945358281793725094e-03 8.191860465116278522e-01 8.453488372093023173e-01
1.462925851703406610e-01 8.319186046511628518e-01 7.666706837119739541e-03 8.226744186046511809e-01 8.465116279069767602e-01
1.482965931863727271e-01 8.333139534883720057e-01 7.526993069080062902e-03 8.238372093023256237e-01 8.470930232558139261e-01
1.503006012024047933e-01 8.349418604651163145e-01 8.342364855310736849e-03 8.238372093023256237e-01 8.488372093023255349e-01
1.523046092184368594e-01 8.370930232558139172e-01 8.331620519847829365e-03 8.249999999999999556e-01 8.488372093023255349e-01
1.543086172344689255e-01 8.385465116279069431e-01 7.571767677714266731e-03 8.284883720930232842e-01 8.505813953488372547e-01
1.563126252505009917e-01 8.400581395348837299e-01 7.666706837119748215e-03 8.290697674418604501e-01 8.517441860465115866e-01
1.583166332665330578e-01 8.409302325581394788e-01 7.801103775683488131e-03 8.296511627906977271e-01 8.523255813953488635e-01
1.603206412825651239e-01 8.416279069767440557e-01 8.040090192122095747e-03 8.308139534883720589e-01 8.540697674418604723e-01
1.623246492985971901e-01 8.436046511627907085e-01 8.352690695845580229e-03 8.331395348837209447e-01 8.581395348837209669e-01
1.643286573146292562e-01 8.449999999999999734e-01 8.255813953488368856e-03 8.337209302325581106e-01 8.593023255813952987e-01
1.663326653306613223e-01 8.459883720930232442e-01 7.956624228807237728e-03 8.343023255813953876e-01 8.593023255813952987e-01
1.683366733466933607e-01 8.476744186046509810e-01 7.860671526118861649e-03 8.348837209302325535e-01 8.616279069767441845e-01
1.703406813627254268e-01 8.487209302325581239e-01 7.838278858768711263e-03 8.354651162790697194e-01 8.627906976744186274e-01
1.723446893787574929e-01 8.499999999999999778e-01 7.800237130813210754e-03 8.372093023255814392e-01 8.645348837209302362e-01
1.743486973947895591e-01 8.510465116279070097e-01 7.512383862889827381e-03 8.383720930232557711e-01 8.645348837209302362e-01
1.763527054108216252e-01 8.524999999999998135e-01 7.186996625682108737e-03 8.406976744186046568e-01 8.651162790697674021e-01
1.783567134268536913e-01 8.530232558139534405e-01 6.961223045160818551e-03 8.424418604651162656e-01 8.651162790697674021e-01
1.803607214428857575e-01 8.547093023255813993e-01 7.666706837119743878e-03 8.424418604651162656e-01 8.674418604651162878e-01
1.823647294589178236e-01 8.553488372093024372e-01 7.449124361882299844e-03 8.447674418604651514e-01 8.680232558139534538e-01
1.843687374749498897e-01 8.562209302325580751e-01 7.611839643492753459e-03 8.459302325581394832e-01 8.703488372093023395e-01
1.863727454909819559e-01 8.572093023255813460e-01 7.460006945276942587e-03 8.465116279069767602e-01 8.709302325581395054e-01
1.883767535070140220e-01 8.583720930232558999e-01 7.322812322713380048e-03 8.470930232558139261e-01 8.720930232558139483e-01
1.903807615230460881e-01 8.595348837209302317e-01 7.102547932128110662e-03 8.499999999999999778e-01 8.726744186046511143e-01
1.923847695390781265e-01 8.604069767441859806e-01 7.319349508729281091e-03 8.499999999999999778e-01 8.738372093023255571e-01
1.943887775551101926e-01 8.615116279069766625e-01 7.408172295905342090e-03 8.511627906976744207e-01 8.744186046511628341e-01
1.963927855711422588e-01 8.620930232558139394e-01 7.376163501001723431e-03 8.529069767441860295e-01 8.750000000000000000e-01
1.983967935871743249e-01 8.629069767441860384e-01 7.632903921988968589e-03 8.534883720930233064e-01 8.761627906976744429e-01
2.004008016032063910e-01 8.639534883720930702e-01 7.270929395750457339e-03 8.540697674418604723e-01 8.761627906976744429e-01
2.024048096192384572e-01 8.649418604651163411e-01 7.638437498613648291e-03 8.546511627906976383e-01 8.767441860465116088e-01
2.044088176352705233e-01 8.662209302325581950e-01 7.231071783260601717e-03 8.569767441860465240e-01 8.773255813953488857e-01
2.064128256513025894e-01 8.672093023255813549e-01 7.446401230969931610e-03 8.575581395348836899e-01 8.784883720930232176e-01
2.084168336673346555e-01 8.683139534883721478e-01 7.648166869450045459e-03 8.575581395348836899e-01 8.796511627906976605e-01
2.104208416833667217e-01 8.695930232558140016e-01 7.602953014295689600e-03 8.598837209302325757e-01 8.819767441860465462e-01
2.124248496993987878e-01 8.703488372093023395e-01 7.620494129214382475e-03 8.598837209302325757e-01 8.831395348837208781e-01
2.144288577154308539e-01 8.712209302325580884e-01 7.788310984642937175e-03 8.598837209302325757e-01 8.854651162790697638e-01
2.164328657314629201e-01 8.722674418604651203e-01 7.252542867311093447e-03 8.616279069767441845e-01 8.866279069767442067e-01
2.184368737474949584e-01 8.731976744186047412e-01 7.369974385611156344e-03 8.616279069767441845e-01 8.872093023255813726e-01
2.204408817635270246e-01 8.737790697674417961e-01 7.075129927696050501e-03 8.633720930232557933e-01 8.872093023255813726e-01
2.224448897795590907e-01 8.746511627906976560e-01 7.271859122676541977e-03 8.639534883720930702e-01 8.883720930232558155e-01
2.244488977955911568e-01 8.753488372093023440e-01 7.116811045627615198e-03 8.651162790697674021e-01 8.883720930232558155e-01
2.264529058116232230e-01 8.763372093023257259e-01 6.830096363387061671e-03 8.662790697674418450e-01 8.889534883720929814e-01
2.284569138276552891e-01 8.774418604651161857e-01 6.633004975326342763e-03 8.674418604651162878e-01 8.889534883720929814e-01
2.304609218436873552e-01 8.783139534883721566e-01 6.690089778464536514e-03 8.686046511627907307e-01 8.901162790697674243e-01
2.324649298597194214e-01 8.787790697674416895e-01 6.885301908329660540e-03 8.691860465116278966e-01 8.912790697674418672e-01
2.344689378757514875e-01 8.797093023255813105e-01 6.707246470723836687e-03 8.703488372093023395e-01 8.912790697674418672e-01
2.364729458917835536e-01 8.804651162790697594e-01 6.624846294532152347e-03 8.715116279069767824e-01 8.912790697674418672e-01
2.384769539078156197e-01 8.816279069767440912e-01 6.143013461335940055e-03 8.726744186046511143e-01 8.918604651162790331e-01
2.404809619238476859e-01 8.821511627906977182e-01 6.019898947851817089e-03 8.726744186046511143e-01 8.918604651162790331e-01
2.424849699398797520e-01 8.829651162790698171e-01 6.158675677497147533e-03 8.726744186046511143e-01 8.918604651162790331e-01
2.444889779559117904e-01 8.837790697674418050e-01 5.734633333525674358e-03 8.738372093023255571e-01 8.918604651162790331e-01
2.464929859719438565e-01 8.844767441860466040e-01 5.595005208957706290e-03 8.738372093023255571e-01 8.918604651162790331e-01
2.484969939879759226e-01 8.854069767441860028e-01 5.651509703200118667e-03 8.738372093023255571e-01 8.930232558139534760e-01
2.505010020040079888e-01 8.861627906976743407e-01 5.707158693864199106e-03 8.738372093023255571e-01 8.941860465116279189e-01
2.525050100200400549e-01 8.871511627906976116e-01 5.591379152057758366e-03 8.755813953488371659e-01 8.953488372093023617e-01
2.545090180360721210e-01 8.877325581395349996e-01 5.639534883720927032e-03 8.767441860465116088e-01 8.959302325581395277e-01
2.565130260521041872e-01 8.884302325581396875e-01 5.438144726266333322e-03 8.784883720930232176e-01 8.959302325581395277e-01
2.585170340681362533e-01 8.890116279069765204e-01 5.406976744186026140e-03 8.802325581395349374e-01 8.965116279069766936e-01
2.605210420841683194e-01 8.898255813953488413e-01 5.368077125761431395e-03 8.802325581395349374e-01 8.976744186046511365e-01
2.625250501002003856e-01 8.902325581395349463e-01 5.402911700227416673e-03 8.808139534883721034e-01 8.982558139534884134e-01
2.645290581162324517e-01 8.912790697674417562e-01 5.974526780774484097e-03 8.808139534883721034e-01 9.000000000000000222e-01
2.665330661322645178e-01 8.919767441860464441e-01 6.550960940001515631e-03 8.808139534883721034e-01 9.023255813953487969e-01
2.685370741482965840e-01 8.926162790697673710e-01 6.588263734650982861e-03 8.808139534883721034e-01 9.023255813953487969e-01
2.705410821643286501e-01 8.935465116279071029e-01 7.141702950865371456e-03 8.813953488372092693e-01 9.052325581395348486e-01
2.725450901803607162e-01 8.942441860465116799e-01 6.993439326838554217e-03 8.819767441860465462e-01 9.058139534883721256e-01
2.745490981963927823e-01 8.950000000000001288e-01 7.290428762519632344e-03 8.819767441860465462e-01 9.069767441860464574e-01
2.765531062124248485e-01 8.957558139534885777e-01 7.647282892693772240e-03 8.825581395348837122e-01 9.093023255813953432e-01
2.785571142284569146e-01 8.966860465116279766e-01 7.317502004564361943e-03 8.848837209302325979e-01 9.093023255813953432e-01
2.805611222444889807e-01 8.968604651162790375e-01 7.149980995182872098e-03 8.848837209302325979e-01 9.093023255813953432e-01
2.825651302605209914e-01 8.973255813953487925e-01 7.215863480976824652e-03 8.848837209302325979e-01 9.098837209302325091e-01
2.845691382765530575e-01 8.978488372093023084e-01 7.326734866737271042e-03 8.854651162790697638e-01 9.110465116279069520e-01
2.865731462925851236e-01 8.984302325581395854e-01 7.120847067094440708e-03 8.866279069767442067e-01 9.110465116279069520e-01
2.885771543086171897e-01 8.990697674418604013e-01 7.073935429886115366e-03 8.872093023255813726e-01 9.116279069767442289e-01
2.905811623246492559e-01 8.994767441860462842e-01 7.217034488186799789e-03 8.872093023255813726e-01 9.116279069767442289e-01
2.925851703406813220e-01 9.002325581395347331e-01 7.491657519927713386e-03 8.877906976744186496e-01 9.133720930232558377e-01
2.945891783567133881e-01 9.007558139534884711e-01 7.459327248956911481e-03 8.889534883720929814e-01 9.145348837209302806e-01
2.965931863727454543e-01 9.019186046511628030e-01 6.942990052617184493e-03 8.889534883720929814e-01 9.145348837209302806e-01
2.985971943887775204e-01 9.023837209302326690e-01 7.032000177816494224e-03 8.889534883720929814e-01 9.151162790697674465e-01
3.006012024048095865e-01 9.030813953488372459e-01 7.005994883314544536e-03 8.906976744186047013e-01 9.162790697674418894e-01
3.026052104208416527e-01 9.036046511627906508e-01 6.643189235853813775e-03 8.924418604651163101e-01 9.162790697674418894e-01
3.046092184368737188e-01 9.042441860465117998e-01 6.859726014581944177e-03 8.924418604651163101e-01 9.168604651162790553e-01
3.066132264529057849e-01 9.049418604651163767e-01 6.826136025958536545e-03 8.930232558139534760e-01 9.168604651162790553e-01
3.086172344689378511e-01 9.055813953488369705e-01 6.776187108992317264e-03 8.930232558139534760e-01 9.174418604651163323e-01
3.106212424849699172e-01 9.063953488372092915e-01 6.829848909575995594e-03 8.936046511627907529e-01 9.180232558139534982e-01
3.126252505010019833e-01 9.072093023255813904e-01 6.943720291550499468e-03 8.936046511627907529e-01 9.186046511627906641e-01
3.146292585170340494e-01 9.077906976744186673e-01 6.791135697883167281e-03 8.941860465116279189e-01 9.186046511627906641e-01
3.166332665330661156e-01 9.080232558139534893e-01 6.693878123081053490e-03 8.947674418604650848e-01 9.186046511627906641e-01
3.186372745490981817e-01 9.088953488372093492e-01 6.175119305048653619e-03 8.982558139534884134e-01 9.191860465116279411e-01
3.206412825651302478e-01 9.093604651162789931e-01 6.122344238314068182e-03 8.982558139534884134e-01 9.197674418604651070e-01
3.226452905811623140e-01 9.099999999999999201e-01 6.239106244323866166e-03 8.988372093023255793e-01 9.209302325581395499e-01
3.246492985971943801e-01 9.106395348837208470e-01 6.136682300663390092e-03 8.994186046511627453e-01 9.220930232558139927e-01
3.266533066132264462e-01 9.113372093023255349e-01 5.907674835145801384e-03 9.000000000000000222e-01 9.220930232558139927e-01
3.286573146292585124e-01 9.118023255813954009e-01 5.940768115128602748e-03 9.005813953488371881e-01 9.220930232558139927e-01
3.306613226452905785e-01 9.120348837209302229e-01 5.980464410899706193e-03 9.005813953488371881e-01 9.220930232558139927e-01
3.326653306613226446e-01 9.129069767441860828e-01 5.289100193276370307e-03 9.046511627906976827e-01 9.220930232558139927e-01
3.346693386773546552e-01 9.135250734026192365e-01 5.422990749743260459e-03 9.052325581395348486e-01 9.226744186046511587e-01
3.366733466933867214e-01 9.138953488372092426e-01 5.344095471533949135e-03 9.058139534883721256e-01 9.226744186046511587e-01
3.386773547094187875e-01 9.142441860465118086e-01 5.162646656276836596e-03 9.063953488372092915e-01 9.226744186046511587e-01
3.406813627254508536e-01 9.146511627906976916e-01 5.205355647813820000e-03 9.069767441860464574e-01 9.226744186046511587e-01
3.426853707414829198e-01 9.152325581395347465e-01 5.113635680766510927e-03 9.069767441860464574e-01 9.226744186046511587e-01
3.446893787575149859e-01 9.157558139534882624e-01 5.144281192610137589e-03 9.075581395348837344e-01 9.238372093023256015e-01
3.466933867735470520e-01 9.164534883720929503e-01 5.404475540516096022e-03 9.075581395348837344e-01 9.250000000000000444e-01
3.486973947895791182e-01 9.169767441860464663e-01 5.346308805847746308e-03 9.075581395348837344e-01 9.250000000000000444e-01
3.507014028056111843e-01 9.173837209302326823e-01 5.280465444027695500e-03 9.081395348837209003e-01 9.255813953488372103e-01
3.527054108216432504e-01 9.175581395348837432e-01 5.409164348657204829e-03 9.081395348837209003e-01 9.261627906976743763e-01
3.547094188376753165e-01 9.185465116279070141e-01 6.033360026315283051e-03 9.081395348837209003e-01 9.279069767441860961e-01
3.567134268537073827e-01 9.190116279069767691e-01 6.283643898104263915e-03 9.081395348837209003e-01 9.284883720930232620e-01
3.587174348697394488e-01 9.194186046511628740e-01 6.454273993664154385e-03 9.081395348837209003e-01 9.290697674418604279e-01
3.607214428857715149e-01 9.200581395348838010e-01 6.686046511627923364e-03 9.081395348837209003e-01 9.308139534883721478e-01
3.627254509018035811e-01 9.203488372093022729e-01 6.453226476982158039e-03 9.093023255813953432e-01 9.308139534883721478e-01
3.647294589178356472e-01 9.209883720930231998e-01 5.868638173168598191e-03 9.116279069767442289e-01 9.308139534883721478e-01
3.667334669338677133e-01 9.213953488372093048e-01 5.916536852655134016e-03 9.116279069767442289e-01 9.313953488372093137e-01
3.687374749498997795e-01 9.224999999999999867e-01 5.708639188504746262e-03 9.145348837209302806e-01 9.313953488372093137e-01
3.707414829659318456e-01 9.231976744186047856e-01 5.585330492615104420e-03 9.156976744186046124e-01 9.319767441860464796e-01
3.727454909819639117e-01 9.237790697674418405e-01 5.931657375573944242e-03 9.156976744186046124e-01 9.331395348837209225e-01
3.747494989979959779e-01 9.240697674418605345e-01 6.076624479280868553e-03 9.162790697674418894e-01 9.337209302325580884e-01
3.767535070140280440e-01 9.245348837209302895e-01 6.266136551305805970e-03 9.162790697674418894e-01 9.354651162790698082e-01
3.787575150300601101e-01 9.250000000000000444e-01 6.081072960461791563e-03 9.174418604651163323e-01 9.354651162790698082e-01
3.807615230460921762e-01 9.254651162790696883e-01 6.157303392964522289e-03 9.174418604651163323e-01 9.354651162790698082e-01
3.827655310621242424e-01 9.262209302325581373e-01 6.122344238314068182e-03 9.174418604651163323e-01 9.360465116279069742e-01
3.847695390781562530e-01 9.266860465116277812e-01 6.072451068510023586e-03 9.180232558139534982e-01 9.360465116279069742e-01
3.867735470941883191e-01 9.272093023255812971e-01 6.085518189827681182e-03 9.186046511627906641e-01 9.366279069767441401e-01
3.887775551102203853e-01 9.276162790697675131e-01 6.354254865406147937e-03 9.186046511627906641e-01 9.377906976744185830e-01
3.907815631262524514e-01 9.281395348837208070e-01 6.412239850680107218e-03 9.191860465116279411e-01 9.383720930232558599e-01
3.927855711422845175e-01 9.289534883720931280e-01 6.892907132687868706e-03 9.209302325581395499e-01 9.406976744186046346e-01
3.947895791583165837e-01 9.298255813953488769e-01 6.991505701495201626e-03 9.226744186046511587e-01 9.424418604651162434e-01
3.967935871743486498e-01 9.300581395348839209e-01 7.030077158657605310e-03 9.226744186046511587e-01 9.424418604651162434e-01
3.987975951903807159e-01 9.302906976744187428e-01 7.113247948470504886e-03 9.232558139534883246e-01 9.430232558139535204e-01
4.008016032064127820e-01 9.313372093023255527e-01 6.747443078802268200e-03 9.238372093023256015e-01 9.430232558139535204e-01
4.028056112224448482e-01 9.316860465116277856e-01 6.594417636889064911e-03 9.244186046511627675e-01 9.436046511627906863e-01
4.048096192384769143e-01 9.320348837209303516e-01 6.621018452128701014e-03 9.250000000000000444e-01 9.441860465116278522e-01
4.068136272545089804e-01 9.322093023255814126e-01 6.583901240414898569e-03 9.250000000000000444e-01 9.441860465116278522e-01
4.088176352705410466e-01 9.327906976744184675e-01 6.655389777327523800e-03 9.261627906976743763e-01 9.453488372093022951e-01
4.108216432865731127e-01 9.332558139534882224e-01 6.902707944025975560e-03 9.261627906976743763e-01 9.465116279069767380e-01
4.128256513026051788e-01 9.338372093023256104e-01 6.809030684631324493e-03 9.267441860465116532e-01 9.465116279069767380e-01
4.148296593186372450e-01 9.343604651162792374e-01 6.762455207442491685e-03 9.267441860465116532e-01 9.470930232558139039e-01
4.168336673346693111e-01 9.348837209302326423e-01 6.598260911214463148e-03 9.279069767441860961e-01 9.476744186046511809e-01
4.188376753507013772e-01 9.352906976744185252e-01 6.363822930686500838e-03 9.279069767441860961e-01 9.476744186046511809e-01
4.208416833667334433e-01 9.355232558139533472e-01 6.220930232558129387e-03 9.284883720930232620e-01 9.476744186046511809e-01
4.228456913827655095e-01 9.359302325581395632e-01 6.096617083217816674e-03 9.284883720930232620e-01 9.476744186046511809e-01
4.248496993987975756e-01 9.362209302325581461e-01 6.003030152461139544e-03 9.290697674418604279e-01 9.476744186046511809e-01
4.268537074148296417e-01 9.365116279069767291e-01 6.074399017027423166e-03 9.296511627906977049e-01 9.482558139534883468e-01
4.288577154308617079e-01 9.369186046511629451e-01 6.054612194549920459e-03 9.296511627906977049e-01 9.488372093023256237e-01
4.308617234468937740e-01 9.380232558139536270e-01 5.644028418377471275e-03 9.319767441860464796e-01 9.494186046511627897e-01
4.328657314629258401e-01 9.385465116279070319e-01 5.491339855869000267e-03 9.331395348837209225e-01 9.494186046511627897e-01
4.348697394789579063e-01 9.390116279069765648e-01 5.254797699650384790e-03 9.337209302325580884e-01 9.494186046511627897e-01
4.368737474949899169e-01 9.397093023255813637e-01 5.180947018305643442e-03 9.343023255813953654e-01 9.494186046511627897e-01
4.388777555110219830e-01 9.402906976744185297e-01 5.008443384716692974e-03 9.343023255813953654e-01 9.494186046511627897e-01
4.408817635270540491e-01 9.405232558139534627e-01 5.108675639817127252e-03 9.343023255813953654e-01 9.494186046511627897e-01
4.428857715430861153e-01 9.409302325581394566e-01 4.975602998915024458e-03 9.348837209302325313e-01 9.499999999999999556e-01
4.448897795591181814e-01 9.415116279069767335e-01 5.442804529520221812e-03 9.348837209302325313e-01 9.511627906976743985e-01
4.468937875751502475e-01 9.419186046511626165e-01 5.196581748734648530e-03 9.366279069767441401e-01 9.517441860465116754e-01
4.488977955911823137e-01 9.424418604651162434e-01 5.558334140798662504e-03 9.366279069767441401e-01 9.529069767441860073e-01
4.509018036072143798e-01 9.429069767441859984e-01 5.502101471777197730e-03 9.372093023255814170e-01 9.534883720930232842e-01
4.529058116232464459e-01 9.435465116279070363e-01 5.381912399031504000e-03 9.377906976744185830e-01 9.534883720930232842e-01
4.549098196392785121e-01 9.440116279069765692e-01 5.055465746122879064e-03 9.389534883720930258e-01 9.534883720930232842e-01
4.569138276553105782e-01 9.443604651162791352e-01 5.048775079154537229e-03 9.389534883720930258e-01 9.534883720930232842e-01
4.589178356713426443e-01 9.452325581395349952e-01 5.250614839477033696e-03 9.395348837209301918e-01 9.552325581395348930e-01
4.609218436873747105e-01 9.458139534883722721e-01 4.897544113640155648e-03 9.395348837209301918e-01 9.552325581395348930e-01
4.629258517034067766e-01 9.464534883720931990e-01 5.078148076350612675e-03 9.395348837209301918e-01 9.558139534883720589e-01
4.649298597194388427e-01 9.468023255813953210e-01 5.188770272317514559e-03 9.395348837209301918e-01 9.558139534883720589e-01
4.669338677354709088e-01 9.473837209302325979e-01 5.076816626910764241e-03 9.406976744186046346e-01 9.563953488372093359e-01
4.689378757515029750e-01 9.477325581395350529e-01 4.990865100466519363e-03 9.406976744186046346e-01 9.563953488372093359e-01
4.709418837675350411e-01 9.483720930232559798e-01 4.869858509621367154e-03 9.412790697674419116e-01 9.569767441860465018e-01
4.729458917835671072e-01 9.487209302325581017e-01 4.771694076437948788e-03 9.412790697674419116e-01 9.569767441860465018e-01
4.749498997995991734e-01 9.490116279069766847e-01 4.808740577151669922e-03 9.418604651162790775e-01 9.569767441860465018e-01
4.769539078156312395e-01 9.497093023255814837e-01 4.652979296445781780e-03 9.430232558139535204e-01 9.581395348837209447e-01
4.789579158316633056e-01 9.499418604651161946e-01 4.595966086970156711e-03 9.430232558139535204e-01 9.581395348837209447e-01
4.809619238476953718e-01 9.505232558139535826e-01 4.252142907727096167e-03 9.447674418604651292e-01 9.581395348837209447e-01
4.829659318637274379e-01 9.506976744186047545e-01 4.174726295585159778e-03 9.447674418604651292e-01 9.581395348837209447e-01
4.849699398797595040e-01 9.508720930232559265e-01 4.186450238928994191e-03 9.447674418604651292e-01 9.581395348837209447e-01
4.869739478957915702e-01 9.510465116279072095e-01 4.223027859845331078e-03 9.447674418604651292e-01 9.581395348837209447e-01
4.889779559118235808e-01 9.512209302325581595e-01 4.299574859182400156e-03 9.447674418604651292e-01 9.587209302325581106e-01
4.909819639278556469e-01 9.514534883720930925e-01 4.520325469168645291e-03 9.447674418604651292e-01 9.593023255813953876e-01
4.929859719438877130e-01 9.518604651162790864e-01 4.750394933910576274e-03 9.453488372093022951e-01 9.610465116279069964e-01
4.949899799599197792e-01 9.523837209302324913e-01 5.196581748734622509e-03 9.453488372093022951e-01 9.627906976744186052e-01
4.969939879759518453e-01 9.527325581395349463e-01 5.232881126982443648e-03 9.459302325581395721e-01 9.633720930232557711e-01
4.989979959919839114e-01 9.533720930232558732e-01 5.133427919684678542e-03 9.470930232558139039e-01 9.639534883720930480e-01
5.010020040080159776e-01 9.537790697674418672e-01 4.989510359643384470e-03 9.476744186046511809e-01 9.639534883720930480e-01
5.030060120240480437e-01 9.541860465116279721e-01 4.911328391149499470e-03 9.476744186046511809e-01 9.639534883720930480e-01
5.050100200400801098e-01 9.544186046511626831e-01 4.851778150005835177e-03 9.476744186046511809e-01 9.639534883720930480e-01
5.070140280561121759e-01 9.547093023255814881e-01 4.963700032207331997e-03 9.476744186046511809e-01 9.651162790697674909e-01
5.090180360721442421e-01 9.548837209302325491e-01 4.920954411511364868e-03 9.476744186046511809e-01 9.651162790697674909e-01
5.110220440881763082e-01 9.553488372093024150e-01 4.764604941522772481e-03 9.476744186046511809e-01 9.651162790697674909e-01
5.130260521042083743e-01 9.558720930232558199e-01 4.704993722368652938e-03 9.476744186046511809e-01 9.651162790697674909e-01
5.150300601202404405e-01 9.561046511627907529e-01 4.638427331811205770e-03 9.476744186046511809e-01 9.651162790697674909e-01
5.170340681362725066e-01 9.566860465116278078e-01 4.178368281123484747e-03 9.494186046511627897e-01 9.651162790697674909e-01
5.190380761523045727e-01 9.569767441860465018e-01 4.176345347922806595e-03 9.499999999999999556e-01 9.651162790697674909e-01
5.210420841683366389e-01 9.576744186046510787e-01 4.174726295585162381e-03 9.517441860465116754e-01 9.662790697674418228e-01
5.230460921843687050e-01 9.581976744186044836e-01 3.789788020402854417e-03 9.529069767441860073e-01 9.662790697674418228e-01
5.250501002004007711e-01 9.584883720930232887e-01 3.814237085315523579e-03 9.529069767441860073e-01 9.662790697674418228e-01
5.270541082164328373e-01 9.587209302325581106e-01 3.794690435367622464e-03 9.534883720930232842e-01 9.668604651162790997e-01
5.290581162324649034e-01 9.588372093023256326e-01 3.837209302325582817e-03 9.534883720930232842e-01 9.668604651162790997e-01
5.310621242484969695e-01 9.590116279069768046e-01 3.752140186107566586e-03 9.534883720930232842e-01 9.668604651162790997e-01
5.330661322645290356e-01 9.593023255813951655e-01 3.713655679691000699e-03 9.534883720930232842e-01 9.668604651162790997e-01
5.350701402805611018e-01 9.595348837209302095e-01 3.796471562166154386e-03 9.534883720930232842e-01 9.674418604651162656e-01
5.370741482965931679e-01 9.599999999999999645e-01 3.720930232558125432e-03 9.534883720930232842e-01 9.674418604651162656e-01
5.390781563126252340e-01 9.604651162790698304e-01 3.574517709055674130e-03 9.540697674418604501e-01 9.674418604651162656e-01
5.410821643286573002e-01 9.606395348837208914e-01 3.574990497591447759e-03 9.546511627906977271e-01 9.680232558139535426e-01
5.430861723446893663e-01 9.609883720930232354e-01 3.807584727914634527e-03 9.546511627906977271e-01 9.680232558139535426e-01
5.450901803607214324e-01 9.615116279069766403e-01 3.958615007104469320e-03 9.546511627906977271e-01 9.680232558139535426e-01
5.470941883767534986e-01 9.621511627906975672e-01 4.291705938130375292e-03 9.552325581395348930e-01 9.691860465116278744e-01
5.490981963927855647e-01 9.622093023255813282e-01 4.335198112164481872e-03 9.552325581395348930e-01 9.691860465116278744e-01
5.511022044088176308e-01 9.628488372093023662e-01 3.998123545803310662e-03 9.558139534883720589e-01 9.691860465116278744e-01
5.531062124248496970e-01 9.631976744186048212e-01 3.960749146570029071e-03 9.563953488372093359e-01 9.697674418604651514e-01
5.551102204408817631e-01 9.632558139534884711e-01 3.958615007104471055e-03 9.563953488372093359e-01 9.697674418604651514e-01
5.571142284569138292e-01 9.633720930232557711e-01 3.838970702144005841e-03 9.569767441860465018e-01 9.697674418604651514e-01
5.591182364729458953e-01 9.634883720930231821e-01 3.748084060764241346e-03 9.569767441860465018e-01 9.697674418604651514e-01
5.611222444889779615e-01 9.637790697674418761e-01 3.926463722070479626e-03 9.569767441860465018e-01 9.703488372093023173e-01
5.631262525050100276e-01 9.641860465116277590e-01 4.120940731783560851e-03 9.569767441860465018e-01 9.709302325581394832e-01
5.651302605210419827e-01 9.644186046511628030e-01 4.142212355943471896e-03 9.575581395348836677e-01 9.709302325581394832e-01
5.671342685370740488e-01 9.645930232558139750e-01 4.236214239987650711e-03 9.575581395348836677e-01 9.709302325581394832e-01
5.691382765531061150e-01 9.648255813953486859e-01 4.096671867430882845e-03 9.581395348837209447e-01 9.709302325581394832e-01
5.711422845691381811e-01 9.650000000000000799e-01 3.950066918944884937e-03 9.587209302325581106e-01 9.709302325581394832e-01
5.731462925851702472e-01 9.652906976744185519e-01 4.095021314637284880e-03 9.587209302325581106e-01 9.709302325581394832e-01
5.751503006012023134e-01 9.654651162790697239e-01 4.153621185928306307e-03 9.593023255813953876e-01 9.715116279069767602e-01
5.771543086172343795e-01 9.658139534883721788e-01 4.372464110921647253e-03 9.593023255813953876e-01 9.720930232558139261e-01
5.791583166332664456e-01 9.663372093023253617e-01 4.610652068117858382e-03 9.598837209302325535e-01 9.720930232558139261e-01
5.811623246492985118e-01 9.666860465116279277e-01 4.563490570509399179e-03 9.598837209302325535e-01 9.720930232558139261e-01
5.831663326653305779e-01 9.670348837209301607e-01 4.443397396345469437e-03 9.598837209302325535e-01 9.726744186046512031e-01
5.851703406813626440e-01 9.673255813953488547e-01 4.426247979226583841e-03 9.598837209302325535e-01 9.732558139534883690e-01
5.871743486973947102e-01 9.673837209302325046e-01 4.431209072625874254e-03 9.598837209302325535e-01 9.732558139534883690e-01
5.891783567134267763e-01 9.679651162790697816e-01 4.559044167468676023e-03 9.604651162790697194e-01 9.738372093023255349e-01
5.911823647294588424e-01 9.681976744186044925e-01 4.488808871385504932e-03 9.604651162790697194e-01 9.744186046511628119e-01
5.931863727454909085e-01 9.683720930232556645e-01 4.594127038404299639e-03 9.604651162790697194e-01 9.744186046511628119e-01
5.951903807615229747e-01 9.686627906976743585e-01 4.581233027463241410e-03 9.610465116279069964e-01 9.744186046511628119e-01
5.971943887775550408e-01 9.688953488372092915e-01 4.579757114722795772e-03 9.616279069767441623e-01 9.749999999999999778e-01
5.991983967935871069e-01 9.692441860465116354e-01 4.647163978695949965e-03 9.627906976744186052e-01 9.761627906976744207e-01
6.012024048096191731e-01 9.697093023255811683e-01 5.078148076350623950e-03 9.627906976744186052e-01 9.773255813953488635e-01
6.032064128256512392e-01 9.699999999999999734e-01 5.220917283870605240e-03 9.627906976744186052e-01 9.779069767441860295e-01
6.052104208416833053e-01 9.704651162790698393e-01 5.020240266261123858e-03 9.627906976744186052e-01 9.779069767441860295e-01
6.072144288577153715e-01 9.708139534883720723e-01 4.999999999999996635e-03 9.627906976744186052e-01 9.779069767441860295e-01
6.092184368737474376e-01 9.711046511627905442e-01 4.864649917618365377e-03 9.639534883720930480e-01 9.779069767441860295e-01
6.112224448897795037e-01 9.713953488372093492e-01 4.750394933910574539e-03 9.639534883720930480e-01 9.779069767441860295e-01
6.132264529058115698e-01 9.717441860465114711e-01 4.816817483071628853e-03 9.639534883720930480e-01 9.784883720930233064e-01
6.152304609218436360e-01 9.722093023255814481e-01 4.869858509621388838e-03 9.639534883720930480e-01 9.784883720930233064e-01
6.172344689378757021e-01 9.723837209302326201e-01 5.083470386813265102e-03 9.639534883720930480e-01 9.796511627906976383e-01
6.192384769539077682e-01 9.726162790697674421e-01 4.915799959053016900e-03 9.639534883720930480e-01 9.796511627906976383e-01
6.212424849699398344e-01 9.729651162790698971e-01 4.817168345692404534e-03 9.651162790697674909e-01 9.796511627906976383e-01
6.232464929859719005e-01 9.731976744186047190e-01 4.566452433920684464e-03 9.668604651162790997e-01 9.796511627906976383e-01
6.252505010020039666e-01 9.736627906976744740e-01 4.541215019808941301e-03 9.674418604651162656e-01 9.796511627906976383e-01
6.272545090180360328e-01 9.738953488372092959e-01 4.454034819835978563e-03 9.680232558139535426e-01 9.796511627906976383e-01
6.292585170340680989e-01 9.741279069767442289e-01 4.258497692379056843e-03 9.680232558139535426e-01 9.796511627906976383e-01
6.312625250501001650e-01 9.743023255813951788e-01 4.356975347719810321e-03 9.680232558139535426e-01 9.802325581395349152e-01
6.332665330661322312e-01 9.745930232558139839e-01 4.144251950510875575e-03 9.686046511627907085e-01 9.802325581395349152e-01
6.352705410821642973e-01 9.747093023255812838e-01 4.129544385367380985e-03 9.686046511627907085e-01 9.802325581395349152e-01
6.372745490981963634e-01 9.751162790697674998e-01 4.076406544873976100e-03 9.691860465116278744e-01 9.808139534883720811e-01
6.392785571142284295e-01 9.756395348837209047e-01 3.744926259346010363e-03 9.697674418604651514e-01 9.808139534883720811e-01
6.412825651302604957e-01 9.758139534883719657e-01 3.760688750882847098e-03 9.703488372093023173e-01 9.808139534883720811e-01
6.432865731462925618e-01 9.759883720930233597e-01 3.565522815456282149e-03 9.709302325581394832e-01 9.808139534883720811e-01
6.452905811623246279e-01 9.760465116279070097e-01 3.582074837383586279e-03 9.709302325581394832e-01 9.808139534883720811e-01
6.472945891783566941e-01 9.762209302325584037e-01 3.681201422855057658e-03 9.709302325581394832e-01 9.808139534883720811e-01
6.492985971943887602e-01 9.764534883720930036e-01 3.382601908788100166e-03 9.715116279069767602e-01 9.808139534883720811e-01
6.513026052104208263e-01 9.767441860465115866e-01 3.400044538886837133e-03 9.715116279069767602e-01 9.813953488372092471e-01
6.533066132264528925e-01 9.771511627906976916e-01 3.440072602903949169e-03 9.715116279069767602e-01 9.813953488372092471e-01
6.553106212424849586e-01 9.773837209302325135e-01 3.578770557328467446e-03 9.715116279069767602e-01 9.819767441860465240e-01
6.573146292585170247e-01 9.776162790697673355e-01 3.660944532890979351e-03 9.720930232558139261e-01 9.819767441860465240e-01
6.593186372745490909e-01 9.777906976744186185e-01 3.810690606552096134e-03 9.720930232558139261e-01 9.819767441860465240e-01
6.613226452905811570e-01 9.780813953488370904e-01 3.459668731816723918e-03 9.732558139534883690e-01 9.819767441860465240e-01
6.633266533066132231e-01 9.781976744186045014e-01 3.481097065098309393e-03 9.732558139534883690e-01 9.825581395348836899e-01
6.653306613226452892e-01 9.787209302325580174e-01 3.351984954744084266e-03 9.744186046511628119e-01 9.831395348837209669e-01
6.673346693386772444e-01 9.790697674418604723e-01 3.152428305052546679e-03 9.749999999999999778e-01 9.831395348837209669e-01
6.693386773547093105e-01 9.792441860465116443e-01 3.174333417376437767e-03 9.749999999999999778e-01 9.837209302325581328e-01
6.713426853707413766e-01 9.793604651162791663e-01 3.187086063643193579e-03 9.749999999999999778e-01 9.837209302325581328e-01
6.733466933867734427e-01 9.795930232558138773e-01 3.070406029421120404e-03 9.755813953488372547e-01 9.837209302325581328e-01
6.753507014028055089e-01 9.797674418604651603e-01 2.916264233484738063e-03 9.755813953488372547e-01 9.837209302325581328e-01
6.773547094188375750e-01 9.800581395348837432e-01 2.895909164049334777e-03 9.755813953488372547e-01 9.843023255813952987e-01
6.793587174348696411e-01 9.802325581395349152e-01 3.087422801709682404e-03 9.755813953488372547e-01 9.854651162790697416e-01
6.813627254509017073e-01 9.804651162790698482e-01 3.218221512348360628e-03 9.755813953488372547e-01 9.854651162790697416e-01
6.833667334669337734e-01 9.805813953488373702e-01 3.186555722335958612e-03 9.755813953488372547e-01 9.854651162790697416e-01
6.853707414829658395e-01 9.808720930232557311e-01 3.059377236493683854e-03 9.761627906976744207e-01 9.854651162790697416e-01
6.873747494989979057e-01 9.811046511627905531e-01 3.111958997923860472e-03 9.761627906976744207e-01 9.854651162790697416e-01
6.893787575150299718e-01 9.812209302325580751e-01 3.109785841934039306e-03 9.767441860465115866e-01 9.860465116279070186e-01
6.913827655310620379e-01 9.814534883720928971e-01 2.888897267163928646e-03 9.767441860465115866e-01 9.860465116279070186e-01
6.933867735470941041e-01 9.815116279069766581e-01 2.845869360586158591e-03 9.767441860465115866e-01 9.860465116279070186e-01
6.953907815631261702e-01 9.816279069767441801e-01 2.741820028500376386e-03 9.773255813953488635e-01 9.860465116279070186e-01
6.973947895791582363e-01 9.818604651162792241e-01 2.761474903962309393e-03 9.773255813953488635e-01 9.860465116279070186e-01
6.993987975951903024e-01 9.819767441860465240e-01 2.689542675865216718e-03 9.779069767441860295e-01 9.860465116279070186e-01
7.014028056112223686e-01 9.820930232558138240e-01 2.736884254869734450e-03 9.779069767441860295e-01 9.860465116279070186e-01
7.034068136272544347e-01 9.824418604651162790e-01 2.749207073845765046e-03 9.784883720930233064e-01 9.872093023255813504e-01
7.054108216432865008e-01 9.826744186046511009e-01 2.597477663219602446e-03 9.784883720930233064e-01 9.872093023255813504e-01
7.074148296593185670e-01 9.828488372093022729e-01 2.550861740520946400e-03 9.784883720930233064e-01 9.872093023255813504e-01
7.094188376753506331e-01 9.830232558139535559e-01 2.491195963445164228e-03 9.784883720930233064e-01 9.872093023255813504e-01
7.114228456913826992e-01 9.832558139534881558e-01 2.422403099534837460e-03 9.790697674418604723e-01 9.872093023255813504e-01
7.134268537074147654e-01 9.832558139534881558e-01 2.422403099534837460e-03 9.790697674418604723e-01 9.872093023255813504e-01
7.154308617234468315e-01 9.834883720930230888e-01 2.371636983066409410e-03 9.790697674418604723e-01 9.872093023255813504e-01
7.174348697394788976e-01 9.836627906976744828e-01 2.540238636622500594e-03 9.790697674418604723e-01 9.877906976744186274e-01
7.194388777555109638e-01 9.839534883720931768e-01 2.342958334838370158e-03 9.796511627906976383e-01 9.877906976744186274e-01
7.214428857715430299e-01 9.840697674418604768e-01 2.385847038218986537e-03 9.796511627906976383e-01 9.877906976744186274e-01
7.234468937875750960e-01 9.842441860465116488e-01 2.375197466955304183e-03 9.796511627906976383e-01 9.877906976744186274e-01
7.254509018036071621e-01 9.843604651162790597e-01 2.302942130271908375e-03 9.802325581395349152e-01 9.877906976744186274e-01
7.274549098196392283e-01 9.845348837209302317e-01 2.254734817402954776e-03 9.808139534883720811e-01 9.877906976744186274e-01
7.294589178356712944e-01 9.847093023255814037e-01 2.207006150709569896e-03 9.808139534883720811e-01 9.883720930232557933e-01
7.314629258517033605e-01 9.848837209302325757e-01 2.175382201612748641e-03 9.808139534883720811e-01 9.883720930232557933e-01
7.334669338677354267e-01 9.850581395348838587e-01 2.267441860465109569e-03 9.808139534883720811e-01 9.883720930232557933e-01
7.354709418837674928e-01 9.851162790697672866e-01 2.193949100478278201e-03 9.808139534883720811e-01 9.883720930232557933e-01
7.374749498997995589e-01 9.854069767441859806e-01 2.243462951345910790e-03 9.813953488372092471e-01 9.889534883720930702e-01
7.394789579158316251e-01 9.854651162790697416e-01 2.144080106347182827e-03 9.819767441860465240e-01 9.889534883720930702e-01
7.414829659318636912e-01 9.854651162790697416e-01 2.144080106347182827e-03 9.819767441860465240e-01 9.889534883720930702e-01
7.434869739478957573e-01 9.858720930232557356e-01 2.064567547042433279e-03 9.825581395348836899e-01 9.889534883720930702e-01
7.454909819639278235e-01 9.860465116279069075e-01 2.030726650764310554e-03 9.825581395348836899e-01 9.889534883720930702e-01
7.474949899799598896e-01 9.860465116279069075e-01 2.030726650764310554e-03 9.825581395348836899e-01 9.889534883720930702e-01
7.494989979959919557e-01 9.864534883720927905e-01 1.839452560413526883e-03 9.831395348837209669e-01 9.889534883720930702e-01
7.515030060120240218e-01 9.867441860465117065e-01 1.942243382382569800e-03 9.831395348837209669e-01 9.895348837209302362e-01
7.535070140280560880e-01 9.869186046511625454e-01 1.861373324835142442e-03 9.837209302325581328e-01 9.895348837209302362e-01
7.555110220440881541e-01 9.872093023255811284e-01 1.623748842298732009e-03 9.843023255813952987e-01 9.895348837209302362e-01
7.575150300601202202e-01 9.872674418604650004e-01 1.653658448061398655e-03 9.843023255813952987e-01 9.895348837209302362e-01
7.595190380761522864e-01 9.876162790697673444e-01 1.745154769744623139e-03 9.843023255813952987e-01 9.901162790697674021e-01
7.615230460921843525e-01 9.876744186046512164e-01 1.701016143991622735e-03 9.843023255813952987e-01 9.901162790697674021e-01
7.635270541082164186e-01 9.879069767441859273e-01 1.640318137170452065e-03 9.848837209302325757e-01 9.901162790697674021e-01
7.655310621242484848e-01 9.879651162790696883e-01 1.561130416522962154e-03 9.848837209302325757e-01 9.901162790697674021e-01
7.675350701402805509e-01 9.881395348837209713e-01 1.498151014735475727e-03 9.854651162790697416e-01 9.901162790697674021e-01
7.695390781563125060e-01 9.883139534883721433e-01 1.526093575396122960e-03 9.854651162790697416e-01 9.901162790697674021e-01
7.715430861723445721e-01 9.884302325581394433e-01 1.569767441860462189e-03 9.854651162790697416e-01 9.901162790697674021e-01
7.735470941883766383e-01 9.884302325581394433e-01 1.569767441860462189e-03 9.854651162790697416e-01 9.901162790697674021e-01
7.755511022044087044e-01 9.886046511627908373e-01 1.542616181560644900e-03 9.860465116279070186e-01 9.906976744186046790e-01
7.775551102204407705e-01 9.887209302325581373e-01 1.627906976744185243e-03 9.860465116279070186e-01 9.906976744186046790e-01
7.795591182364728366e-01 9.887790697674418983e-01 1.645461825358708000e-03 9.860465116279070186e-01 9.906976744186046790e-01
7.815631262525049028e-01 9.890116279069767202e-01 1.569767441860456117e-03 9.860465116279070186e-01 9.906976744186046790e-01
7.835671342685369689e-01 9.890697674418603702e-01 1.577286042587262935e-03 9.860465116279070186e-01 9.906976744186046790e-01
7.855711422845690350e-01 9.892441860465115422e-01 1.586900472553043817e-03 9.866279069767441845e-01 9.912790697674418450e-01
7.875751503006011012e-01 9.893023255813953032e-01 1.668918615628767936e-03 9.866279069767441845e-01 9.918604651162791219e-01
7.895791583166331673e-01 9.893604651162789532e-01 1.725676986006496492e-03 9.866279069767441845e-01 9.918604651162791219e-01
7.915831663326652334e-01 9.894767441860464752e-01 1.733494362311117660e-03 9.866279069767441845e-01 9.924418604651162878e-01
7.935871743486972996e-01 9.896511627906976472e-01 1.701016143991610375e-03 9.872093023255813504e-01 9.924418604651162878e-01
7.955911823647293657e-01 9.896511627906976472e-01 1.701016143991610375e-03 9.872093023255813504e-01 9.924418604651162878e-01
7.975951903807614318e-01 9.898837209302324691e-01 1.607008716405276295e-03 9.872093023255813504e-01 9.924418604651162878e-01
7.995991983967934980e-01 9.899999999999999911e-01 1.533826274217787219e-03 9.872093023255813504e-01 9.924418604651162878e-01
8.016032064128255641e-01 9.902906976744187961e-01 1.327059559362013964e-03 9.877906976744186274e-01 9.924418604651162878e-01
8.036072144288576302e-01 9.905813953488372681e-01 1.370910014250185808e-03 9.877906976744186274e-01 9.924418604651162878e-01
8.056112224448896963e-01 9.907558139534884400e-01 1.434763102238729559e-03 9.877906976744186274e-01 9.924418604651162878e-01
8.076152304609217625e-01 9.908139534883722011e-01 1.442985307673355037e-03 9.877906976744186274e-01 9.924418604651162878e-01
8.096192384769538286e-01 9.910465116279070230e-01 1.627906976744177003e-03 9.877906976744186274e-01 9.930232558139534538e-01
8.116232464929858947e-01 9.911627906976743230e-01 1.619580032230703154e-03 9.877906976744186274e-01 9.930232558139534538e-01
8.136272545090179609e-01 9.912790697674418450e-01 1.664862914334451710e-03 9.877906976744186274e-01 9.930232558139534538e-01
8.156312625250500270e-01 9.913953488372092560e-01 1.681027011023370236e-03 9.877906976744186274e-01 9.936046511627907307e-01
8.176352705410820931e-01 9.914534883720931280e-01 1.725676986006490637e-03 9.877906976744186274e-01 9.936046511627907307e-01
8.196392785571141593e-01 9.915116279069767780e-01 1.805136592588368286e-03 9.877906976744186274e-01 9.941860465116278966e-01
8.216432865731462254e-01 9.916279069767440779e-01 1.842206920669162747e-03 9.877906976744186274e-01 9.941860465116278966e-01
8.236472945891782915e-01 9.916860465116277279e-01 1.725676986006493456e-03 9.883720930232557933e-01 9.941860465116278966e-01
8.256513026052103577e-01 9.916860465116277279e-01 1.725676986006493456e-03 9.883720930232557933e-01 9.941860465116278966e-01
8.276553106212424238e-01 9.916860465116277279e-01 1.725676986006493456e-03 9.883720930232557933e-01 9.941860465116278966e-01
8.296593186372744899e-01 9.918604651162790109e-01 1.782524385669298104e-03 9.883720930232557933e-01 9.941860465116278966e-01
8.316633266533065560e-01 9.919767441860466439e-01 1.701016143991598449e-03 9.889534883720930702e-01 9.941860465116278966e-01
8.336673346693386222e-01 9.921511627906977049e-01 1.768244921598306329e-03 9.889534883720930702e-01 9.947674418604650626e-01
8.356713426853706883e-01 9.921511627906977049e-01 1.768244921598306329e-03 9.889534883720930702e-01 9.947674418604650626e-01
8.376753507014027544e-01 9.923837209302327489e-01 1.791037418691785767e-03 9.895348837209302362e-01 9.953488372093023395e-01
8.396793587174348206e-01 9.925000000000000488e-01 1.633089756417222156e-03 9.901162790697674021e-01 9.953488372093023395e-01
8.416833667334668867e-01 9.926162790697674598e-01 1.686046511627899841e-03 9.901162790697674021e-01 9.953488372093023395e-01
8.436873747494989528e-01 9.928488372093022818e-01 1.603850491178321954e-03 9.906976744186046790e-01 9.953488372093023395e-01
8.456913827655310190e-01 9.928488372093022818e-01 1.603850491178321954e-03 9.906976744186046790e-01 9.953488372093023395e-01
8.476953907815630851e-01 9.929651162790698038e-01 1.612258677193258161e-03 9.906976744186046790e-01 9.953488372093023395e-01
8.496993987975951512e-01 9.931976744186046258e-01 1.494762806067724027e-03 9.912790697674418450e-01 9.953488372093023395e-01
8.517034068136272174e-01 9.932558139534883868e-01 1.428861131098189616e-03 9.918604651162791219e-01 9.953488372093023395e-01
8.537074148296592835e-01 9.933139534883720367e-01 1.430043473982413847e-03 9.918604651162791219e-01 9.953488372093023395e-01
8.557114228456913496e-01 9.933720930232556867e-01 1.428861131098187881e-03 9.918604651162791219e-01 9.953488372093023395e-01
8.577154308617234157e-01 9.934302325581395587e-01 1.377060381665924605e-03 9.918604651162791219e-01 9.953488372093023395e-01
8.597194388777554819e-01 9.934883720930232087e-01 1.346027546836066303e-03 9.918604651162791219e-01 9.953488372093023395e-01
8.617234468937875480e-01 9.937790697674417917e-01 1.192923519109486980e-03 9.918604651162791219e-01 9.953488372093023395e-01
8.637274549098196141e-01 9.938953488372093137e-01 1.280390438694483475e-03 9.918604651162791219e-01 9.959302325581395054e-01
8.657314629258516803e-01 9.939534883720929637e-01 1.279069767441853855e-03 9.918604651162791219e-01 9.959302325581395054e-01
8.677354709418837464e-01 9.940697674418604857e-01 1.268454897050651231e-03 9.918604651162791219e-01 9.959302325581395054e-01
8.697394789579158125e-01 9.940697674418604857e-01 1.268454897050651231e-03 9.918604651162791219e-01 9.959302325581395054e-01
8.717434869739478787e-01 9.942441860465116577e-01 1.285659557412535811e-03 9.918604651162791219e-01 9.959302325581395054e-01
8.737474949899798338e-01 9.943604651162789576e-01 1.104651162790689463e-03 9.924418604651162878e-01 9.959302325581395054e-01
8.757515030060118999e-01 9.944767441860463686e-01 9.464430579127643649e-04 9.930232558139534538e-01 9.959302325581395054e-01
8.777555110220439660e-01 9.945348837209302406e-01 1.013697428730376106e-03 9.930232558139534538e-01 9.959302325581395054e-01
8.797595190380760322e-01 9.947093023255814126e-01 1.086136144899382122e-03 9.930232558139534538e-01 9.965116279069767824e-01
8.817635270541080983e-01 9.947093023255814126e-01 1.086136144899382122e-03 9.930232558139534538e-01 9.965116279069767824e-01
8.837675350701401644e-01 9.947093023255814126e-01 1.086136144899382122e-03 9.930232558139534538e-01 9.965116279069767824e-01
8.857715430861722306e-01 9.947674418604648405e-01 1.040031617441765756e-03 9.930232558139534538e-01 9.965116279069767824e-01
8.877755511022042967e-01 9.948255813953487126e-01 1.021999757630640297e-03 9.930232558139534538e-01 9.965116279069767824e-01
8.897795591182363628e-01 9.949418604651161235e-01 1.008683230982417890e-03 9.930232558139534538e-01 9.965116279069767824e-01
8.917835671342684289e-01 9.951744186046511675e-01 8.242701673696428786e-04 9.936046511627907307e-01 9.965116279069767824e-01
8.937875751503004951e-01 9.952906976744184675e-01 7.558139534883737956e-04 9.936046511627907307e-01 9.965116279069767824e-01
8.957915831663325612e-01 9.953488372093023395e-01 7.800237130813216608e-04 9.936046511627907307e-01 9.965116279069767824e-01
8.977955911823646273e-01 9.955232558139535115e-01 8.643063225185227544e-04 9.936046511627907307e-01 9.965116279069767824e-01
8.997995991983966935e-01 9.956395348837208115e-01 7.468158475968275341e-04 9.941860465116278966e-01 9.965116279069767824e-01
9.018036072144287596e-01 9.959302325581397275e-01 8.623486612902113695e-04 9.941860465116278966e-01 9.970930232558139483e-01
9.038076152304608257e-01 9.960465116279071385e-01 9.302325581395501147e-04 9.941860465116278966e-01 9.970930232558139483e-01
9.058116232464928919e-01 9.961046511627907885e-01 8.643063225185241638e-04 9.941860465116278966e-01 9.970930232558139483e-01
9.078156312625249580e-01 9.961046511627907885e-01 8.643063225185241638e-04 9.941860465116278966e-01 9.970930232558139483e-01
9.098196392785570241e-01 9.961046511627907885e-01 8.643063225185241638e-04 9.941860465116278966e-01 9.970930232558139483e-01
9.118236472945890903e-01 9.962209302325580884e-01 7.907831691125362383e-04 9.947674418604650626e-01 9.970930232558139483e-01
9.138276553106211564e-01 9.962790697674417384e-01 7.445493299340659107e-04 9.947674418604650626e-01 9.970930232558139483e-01
9.158316633266532225e-01 9.963953488372091494e-01 6.780176621913319842e-04 9.947674418604650626e-01 9.970930232558139483e-01
9.178356713426852886e-01 9.963953488372091494e-01 6.780176621913319842e-04 9.947674418604650626e-01 9.970930232558139483e-01
9.198396793587173548e-01 9.966279069767441934e-01 6.780176621912957719e-04 9.953488372093023395e-01 9.976744186046511143e-01
9.218436873747494209e-01 9.966860465116278434e-01 5.842950942511995933e-04 9.959302325581395054e-01 9.976744186046511143e-01
9.238476953907814870e-01 9.968023255813953654e-01 7.000927080693180541e-04 9.959302325581395054e-01 9.982558139534883912e-01
9.258517034068135532e-01 9.968604651162790153e-01 6.976744186046509580e-04 9.959302325581395054e-01 9.982558139534883912e-01
9.278557114228456193e-01 9.969186046511628874e-01 6.903687259905782157e-04 9.959302325581395054e-01 9.982558139534883912e-01
9.298597194388776854e-01 9.969186046511628874e-01 6.903687259905782157e-04 9.959302325581395054e-01 9.982558139534883912e-01
9.318637274549097516e-01 9.970930232558140593e-01 5.200158087208673740e-04 9.965116279069767824e-01 9.982558139534883912e-01
9.338677354709418177e-01 9.972093023255814703e-01 5.696487773914146605e-04 9.965116279069767824e-01 9.982558139534883912e-01
9.358717434869738838e-01 9.972674418604652313e-01 5.842950942511897271e-04 9.965116279069767824e-01 9.982558139534883912e-01
9.378757515030059499e-01 9.972674418604652313e-01 5.842950942511897271e-04 9.965116279069767824e-01 9.982558139534883912e-01
9.398797595190380161e-01 9.973255813953489923e-01 6.474144607941721523e-04 9.965116279069767824e-01 9.982558139534883912e-01
9.418837675350700822e-01 9.973255813953489923e-01 6.474144607941721523e-04 9.965116279069767824e-01 9.982558139534883912e-01
9.438877755511021483e-01 9.974418604651162923e-01 5.929092457665891252e-04 9.965116279069767824e-01 9.982558139534883912e-01
9.458917835671342145e-01 9.974418604651162923e-01 5.929092457665891252e-04 9.965116279069767824e-01 9.982558139534883912e-01
9.478957915831662806e-01 9.976162790697673532e-01 5.484872751195679240e-04 9.965116279069767824e-01 9.982558139534883912e-01
9.498997995991983467e-01 9.976162790697673532e-01 5.484872751195679240e-04 9.965116279069767824e-01 9.982558139534883912e-01
9.519038076152304129e-01 9.977906976744183032e-01 5.696487773914418740e-04 9.970930232558139483e-01 9.988372093023255571e-01
9.539078156312624790e-01 9.978488372093021752e-01 5.232558139534962145e-04 9.970930232558139483e-01 9.988372093023255571e-01
9.559118236472945451e-01 9.980813953488369972e-01 5.232558139534962145e-04 9.970930232558139483e-01 9.988372093023255571e-01
9.579158316633266113e-01 9.980813953488369972e-01 5.232558139534962145e-04 9.970930232558139483e-01 9.988372093023255571e-01
9.599198396793586774e-01 9.980813953488369972e-01 5.232558139534962145e-04 9.970930232558139483e-01 9.988372093023255571e-01
9.619238476953907435e-01 9.981976744186044082e-01 4.069767441860589418e-04 9.976744186046511143e-01 9.988372093023255571e-01
9.639278557114228096e-01 9.983139534883719302e-01 3.130909771589820653e-04 9.976744186046511143e-01 9.988372093023255571e-01
9.659318637274548758e-01 9.983139534883719302e-01 3.130909771589820653e-04 9.976744186046511143e-01 9.988372093023255571e-01
9.679358717434869419e-01 9.984302325581394522e-01 4.540842834829537976e-04 9.976744186046511143e-01 9.994186046511628341e-01
9.699398797595190080e-01 9.986046511627906241e-01 4.651162790697715879e-04 9.982558139534883912e-01 9.994186046511628341e-01
9.719438877755510742e-01 9.986627906976744962e-01 4.540842834829481056e-04 9.982558139534883912e-01 9.994186046511628341e-01
9.739478957915831403e-01 9.989534883720929681e-01 6.261819543179642390e-04 9.982558139534883912e-01 1.000000000000000000e+00
9.759519038076150954e-01 9.992441860465115511e-01 6.395348837209309393e-04 9.982558139534883912e-01 1.000000000000000000e+00
9.779559118236471615e-01 9.993604651162790731e-01 6.603381797442146352e-04 9.982558139534883912e-01 1.000000000000000000e+00
9.799599198396792277e-01 9.994186046511627231e-01 6.368866947734420393e-04 9.982558139534883912e-01 1.000000000000000000e+00
9.819639278557112938e-01 9.994186046511627231e-01 6.368866947734420393e-04 9.982558139534883912e-01 1.000000000000000000e+00
9.839679358717433599e-01 9.994767441860463730e-01 5.484872751195667313e-04 9.982558139534883912e-01 1.000000000000000000e+00
9.859719438877754261e-01 9.995348837209302451e-01 4.350764403225544663e-04 9.988372093023255571e-01 1.000000000000000000e+00
9.879759519038074922e-01 9.996511627906977671e-01 3.856540453901574845e-04 9.988372093023255571e-01 1.000000000000000000e+00
9.899799599198395583e-01 9.998255813953488280e-01 2.664288194741568582e-04 9.994186046511628341e-01 1.000000000000000000e+00
9.919839679358716245e-01 9.998255813953488280e-01 2.664288194741568582e-04 9.994186046511628341e-01 1.000000000000000000e+00
9.939879759519036906e-01 9.998837209302327000e-01 2.325581395348663596e-04 9.994186046511628341e-01 1.000000000000000000e+00
9.959919839679357567e-01 9.999418604651163500e-01 1.744186046511497833e-04 9.994186046511628341e-01 1.000000000000000000e+00
9.979959919839678228e-01 1.000000000000000000e+00 0.000000000000000000e+00 1.000000000000000000e+00 1.000000000000000000e+00
1.000000000000000000e+00 1.000000000000000000e+00 0.000000000000000000e+00 1.000000000000000000e+00 1.000000000000000000e+00
