# signal_efficiencies		0sq-mean	0sq-std	0sq-min	0sq-max	1sq-mean	1sq-std	1sq-min	1sq-max	2sq-mean	2sq-std	2sq-min	2sq-max	all-mean	all-std	all-min	all-max
1.000000000000000021e-02 2.459798235936570543e-01 2.937205712286798318e-02 2.065514765469893266e-01 3.087840824911128323e-01 8.225669418082166839e-02 1.277331045724699188e-01 0.000000000000000000e+00 3.038546345954180050e-01 4.248292647362478247e-01 6.604182970913770045e-01 0.000000000000000000e+00 1.574638476775088947e+00 8.498478227893414561e-01 1.320485849113286037e+00 0.000000000000000000e+00 3.145381106202739030e+00
1.497487437185929596e-02 2.895509862582453797e-01 1.967365360551086642e-02 2.584368380245347652e-01 3.275947308761548160e-01 1.368284367923479905e-01 1.856961669295242590e-01 0.000000000000000000e+00 4.550184980373596089e-01 6.416030474481504431e-01 9.970641964766391308e-01 0.000000000000000000e+00 2.375740532286470419e+00 1.612786301677539669e+00 2.008389759787189810e+00 0.000000000000000000e+00 4.653378959914959978e+00
1.994974874371859344e-02 3.173474438370187389e-01 1.598762839171910533e-02 2.898843350019480458e-01 3.397050556507034691e-01 2.008539647740066325e-01 2.488486797457109267e-01 0.000000000000000000e+00 5.869249942342581461e-01 9.651946774264088535e-01 1.303110696549683922e+00 0.000000000000000000e+00 3.176842587797851891e+00 2.302071469267248371e+00 2.340011477117289296e+00 0.000000000000000000e+00 5.054837091063619781e+00
2.492462311557788746e-02 3.492281972387115685e-01 1.665834393782815448e-02 3.229935421317025046e-01 3.762872229333404372e-01 2.678306632365506923e-01 2.929172509000813607e-01 0.000000000000000000e+00 7.115720195698307382e-01 1.371773910271427699e+00 1.711183783875060982e+00 0.000000000000000000e+00 3.976652971786291513e+00 4.379987800093635641e+00 2.450996728923249712e+00 0.000000000000000000e+00 7.865833117437838418e+00
2.989949748743718494e-02 3.730380932154911955e-01 1.729610935221394599e-02 3.493269627139000133e-01 4.043247917269930380e-01 4.693526760433954226e-01 2.925872622161575509e-01 0.000000000000000000e+00 8.747760807827652529e-01 1.638695130884486151e+00 1.965149319046946452e+00 0.000000000000000000e+00 4.471375586797959656e+00 5.173868843486724600e+00 2.874734247820450506e+00 0.000000000000000000e+00 9.435828034023213462e+00
3.487437185929648242e-02 3.907835861114707932e-01 1.858604041346999941e-02 3.613906337146342018e-01 4.196583347355483107e-01 6.108953480846983641e-01 3.512962088241570191e-01 0.000000000000000000e+00 1.059673951805126135e+00 2.178790692155268438e+00 2.070186554019068037e+00 0.000000000000000000e+00 4.683941494048419862e+00 6.521193278997747811e+00 1.786974782335257750e+00 4.601628667963640673e+00 1.100582295060858939e+01
3.984924623115577991e-02 4.058815034712170977e-01 1.921712738765071413e-02 3.775925836513406297e-01 4.354225496724719591e-01 6.582872837823526835e-01 3.929278358204707500e-01 0.000000000000000000e+00 1.210837815247067795e+00 3.247470992117815314e+00 1.825995645357312291e+00 0.000000000000000000e+00 5.142556488512493473e+00 6.016636350211060247e+00 8.150028786347502940e-01 4.753212372833989896e+00 7.513099751132170212e+00
4.482412060301507739e-02 4.221630312996793033e-01 1.850642943005815014e-02 3.974394159834946927e-01 4.632550369908480237e-01 7.226168762721849603e-01 3.607236903998372046e-01 1.829847976977485094e-02 1.362001678689009232e+00 3.997546617898071197e+00 2.344533343251879565e+00 0.000000000000000000e+00 7.152092535999495126e+00 6.053770728666983736e+00 6.676173580488515835e-01 5.040371004202776284e+00 7.072906391889669742e+00
4.979899497487437487e-02 4.341351414404516218e-01 1.218072688946953384e-02 4.196054667934537852e-01 4.636734697739746114e-01 9.166942831206684739e-01 3.036837797113636772e-01 6.416895773414381665e-01 1.513165542130950891e+00 4.375118209292269356e+00 2.385951204425984962e+00 0.000000000000000000e+00 7.945878591003922686e+00 6.297052004775598455e+00 6.659573039076808199e-01 5.238602566788237880e+00 7.421161306353228682e+00
5.477386934673367236e-02 4.513375542674897822e-01 1.433970617517297576e-02 4.290448349370634684e-01 4.806463591740178787e-01 9.287856185578972079e-01 2.862970402889158383e-01 6.284631017489735738e-01 1.664329405572892551e+00 5.405135510012049949e+00 1.689612653618792759e+00 3.757688079645018053e+00 8.739664646008350246e+00 6.334017150369517068e+00 6.596902023654998004e-01 5.761934205650029561e+00 7.730445939428832069e+00
5.974874371859296984e-02 4.635497119487627660e-01 1.305760915840389717e-02 4.408685120786760558e-01 4.876225386356183855e-01 9.057279827089596003e-01 2.054735464089082475e-01 6.615036622213008588e-01 1.354690652552352992e+00 5.326493641000341839e+00 1.057487210739185723e+00 3.851271762240728425e+00 7.436124660275462261e+00 6.152882075532329686e+00 6.280487454095390332e-01 5.229657295917656157e+00 7.697847108398577554e+00
6.472361809045226733e-02 4.785075448142563914e-01 1.287967883694560861e-02 4.616268322265512092e-01 5.004837592229014476e-01 8.816895451370182490e-01 1.120286021518390046e-01 6.953182973145382029e-01 1.043967671690815946e+00 4.937593935993133343e+00 6.271239522220627416e-01 3.903328598129565563e+00 6.146688127910439725e+00 6.357781410156552404e+00 7.796538079341375216e-01 5.617106171411003324e+00 8.338794849131511810e+00
6.969849246231155093e-02 4.914948312917596374e-01 1.452172857181411973e-02 4.753383056149015906e-01 5.214684003715677196e-01 8.915299821767421751e-01 1.021287593971954288e-01 7.286848020314484753e-01 1.058910497949358653e+00 4.879765669201332479e+00 4.610605220744867228e-01 4.203351526091386958e+00 5.560511405510816907e+00 6.491406178857232590e+00 9.005876068422301595e-01 5.601944841479843618e+00 8.550858111009970841e+00
7.467336683417084842e-02 5.015032219218666931e-01 1.385197271099227780e-02 4.793490507357190955e-01 5.285506153573816812e-01 9.309493050623178778e-01 1.094099738508658992e-01 7.563282864468863220e-01 1.134492429670329594e+00 5.044489059342980752e+00 5.996643620626278537e-01 4.026014533520441141e+00 5.957404433013032019e+00 6.467454752045159516e+00 9.198528839389940037e-01 5.406361236755222066e+00 8.276024014996862022e+00
7.964824120603014590e-02 5.091888862154807516e-01 1.242477635902547971e-02 4.905236464754912373e-01 5.284185026001190222e-01 9.724107597250977175e-01 1.194485156159256350e-01 8.067162409275335788e-01 1.210074361391300313e+00 5.078038448036908292e+00 5.162280225042613635e-01 4.236198307010163866e+00 5.898882309358215004e+00 6.539966715803181785e+00 8.167637091559918350e-01 5.726985457832838300e+00 8.100399764122816038e+00
8.462311557788944338e-02 5.207228645954844470e-01 1.175316494186780594e-02 5.051452965391912686e-01 5.405709908545105469e-01 9.660766752798040091e-01 9.271406778654769920e-02 8.571041954081807246e-01 1.149925946839773117e+00 5.044445887044790133e+00 4.987835144648641861e-01 4.500793658678306386e+00 6.038448344102808285e+00 6.632129594721040355e+00 8.034960948782015056e-01 5.693689746059456880e+00 8.052093258821907185e+00
8.959798994974874087e-02 5.315794723891963391e-01 1.210550178104580210e-02 5.200214735124503163e-01 5.548271744788096926e-01 9.664885888275206449e-01 9.813860401787570520e-02 8.163572272836989718e-01 1.157304050635289405e+00 5.157066544591535795e+00 5.036309817496673613e-01 4.765389010346448906e+00 6.318240818196639630e+00 6.548223088020198368e+00 7.277629314605256194e-01 5.895904994910295294e+00 8.025790452052762092e+00
9.457286432160803835e-02 5.423169487109399389e-01 1.267030406458627412e-02 5.250181772493214272e-01 5.682689128875695328e-01 9.695480857637225336e-01 9.236410011322612745e-02 7.970044227809861548e-01 1.173158745234554656e+00 4.984964128463685640e+00 5.237572171417037570e-01 4.185199968928991154e+00 6.207110462973441933e+00 6.487944859977734957e+00 6.267247421786076300e-01 5.799935597214637362e+00 7.706142599053329434e+00
9.954773869346733584e-02 5.512865281642151949e-01 1.316603519775059669e-02 5.345294376410052450e-01 5.784714558321641942e-01 9.812881457405161489e-01 1.040766445424843173e-01 8.389297351376905354e-01 1.234871134064640330e+00 5.050129339445134313e+00 5.655417651660509248e-01 4.405356609164894799e+00 6.484509350506876935e+00 6.618802859979728836e+00 5.295175351480827519e-01 5.937019994063136075e+00 7.694476439210001573e+00
1.045226130653266333e-01 5.584043751733489547e-01 1.422651409820203071e-02 5.363535143841461350e-01 5.904128464276252597e-01 1.001712504494455924e+00 1.163036514588379339e-01 8.808550474943949160e-01 1.296583522894725782e+00 5.176053186328209321e+00 6.463304305272653538e-01 4.538267831181888035e+00 6.808571150456488752e+00 6.659153930856604120e+00 5.753732304120717789e-01 6.007654158054679172e+00 7.739184836425118341e+00
1.094974874371859308e-01 5.654388840001554062e-01 1.482516785500727872e-02 5.463013200003922210e-01 5.992775549826615533e-01 1.022353181911732856e+00 1.354683269451511796e-01 8.635568905870115719e-01 1.358295911724811234e+00 5.244937986048745060e+00 7.313388217352787546e-01 4.511073167450017962e+00 7.013645416213020845e+00 6.589691973506693223e+00 5.075542395453217503e-01 6.065687700057652343e+00 7.562359832622011169e+00
1.144723618090452283e-01 5.737221346247165510e-01 1.367826975666715413e-02 5.596191839884110397e-01 6.051020330201682951e-01 1.036525897569565036e+00 1.469135353743725447e-01 8.980921052196831900e-01 1.380935267122327392e+00 5.217058971623957042e+00 7.627896002642838846e-01 4.453677565209225975e+00 6.814052971779885226e+00 6.584782659600901589e+00 5.767621996710393661e-01 6.106364846392791534e+00 7.702033991403469670e+00
1.194472361809045258e-01 5.802664371418300160e-01 1.405688670260629367e-02 5.619891524157408780e-01 6.121564437405550008e-01 1.032429873411959909e+00 1.440037971199593092e-01 8.846056966199801197e-01 1.336933853537495276e+00 5.228233823999189234e+00 7.371365259383357849e-01 4.372407713032376186e+00 6.675486020773784723e+00 6.641433887582728346e+00 4.698669661652157270e-01 6.128842812817913988e+00 7.594736075506121509e+00
1.244221105527638233e-01 5.839668406847391413e-01 1.325166612052918261e-02 5.670891555614340218e-01 6.110157180688853273e-01 1.021262162314540145e+00 1.338210262783741111e-01 8.673345133092550396e-01 1.307257674775333500e+00 5.235272549003632925e+00 6.616652818399649805e-01 4.554514723377435459e+00 6.596240201824399740e+00 6.729706394312027662e+00 4.671695077267104534e-01 6.192699586532240730e+00 7.853146289829067150e+00
1.293969849246231207e-01 5.905491974598188198e-01 1.401037079618654840e-02 5.767695747111099003e-01 6.178554488961133240e-01 1.032806419241372620e+00 1.173473937204637246e-01 9.020138819754974779e-01 1.275835890542838635e+00 5.278001895749834027e+00 6.499739530880378480e-01 4.600576010629329637e+00 6.516158654018230578e+00 6.797805995844056426e+00 4.654489504641273756e-01 6.156217381670550992e+00 7.858839203269508467e+00
1.343718592964824043e-01 5.957883683890529136e-01 1.500925591022020736e-02 5.776050972718543841e-01 6.239163649636980669e-01 1.046625832582715798e+00 1.122971197204166993e-01 9.266719701812180521e-01 1.256388859330707763e+00 5.350571628834407178e+00 6.386363865873113665e-01 4.571074852197391181e+00 6.464476050600143076e+00 6.882549509703625112e+00 4.179602426983076158e-01 6.382042869385826656e+00 7.711764326960962812e+00
1.393467336683417157e-01 6.041192955839672640e-01 1.661558963456057775e-02 5.862704227068895602e-01 6.359037063881557428e-01 1.053973422294273377e+00 1.154243760986292527e-01 9.210341049319462625e-01 1.276633732099730523e+00 5.281456808219310517e+00 6.317305403604270841e-01 4.664420598481916258e+00 6.526896205281150998e+00 6.901670712659962348e+00 4.069715132062671770e-01 6.219105426355666211e+00 7.655189594877776393e+00
1.443216080402010271e-01 6.107846315605828247e-01 1.869685185825474202e-02 5.902844398851877505e-01 6.500265354405617702e-01 1.049645098551386102e+00 1.051767286127489459e-01 9.239052617383595178e-01 1.236451766041052114e+00 5.253790874313798653e+00 5.877936636042099261e-01 4.749152238386469271e+00 6.405883827403685338e+00 6.825501939592447442e+00 3.266502975479754212e-01 6.256184564267346815e+00 7.388489983565444064e+00
1.492964824120603107e-01 6.167866650908464532e-01 1.832433379846887256e-02 5.995597236532989038e-01 6.580221525964069507e-01 1.037352443358381171e+00 9.081833657823928929e-02 9.299391899537430284e-01 1.213752379905503886e+00 5.203654845259633177e+00 5.161985406449169922e-01 4.674158197425524186e+00 6.181803220452950498e+00 6.807275120026436532e+00 2.880513869406755023e-01 6.353080505336325956e+00 7.358237055066406462e+00
1.542713567839196220e-01 6.218137975856453670e-01 1.800494019403786963e-02 6.023788733930196537e-01 6.608424361955491655e-01 1.044651316644192640e+00 9.418434261205647917e-02 9.375213348823451254e-01 1.210334838904489674e+00 5.299286158378508027e+00 5.093751985280394745e-01 4.651870650721182443e+00 6.297334189450541686e+00 6.729294022840832667e+00 3.109200444767125648e-01 6.183090203572809251e+00 7.257635790228291306e+00
1.592462311557789056e-01 6.275065510623354381e-01 1.819968503621485073e-02 6.076591223593659219e-01 6.663481419632635294e-01 1.044314530749290260e+00 8.803018596711165156e-02 9.273886856651488708e-01 1.221361749673300245e+00 5.310237420736384273e+00 4.309889034412789921e-01 4.801882114702093141e+00 6.212165071163242125e+00 6.763972255569456138e+00 2.902533251822417837e-01 6.281961983155370355e+00 7.253784884027496993e+00
1.642211055276382170e-01 6.326168753101554243e-01 1.788115308639058945e-02 6.073455313577919013e-01 6.704969233789699334e-01 1.052248100480873472e+00 8.468604237380124300e-02 9.430089631681543016e-01 1.210236858908530388e+00 5.340165686837210934e+00 4.808830152391337931e-01 4.865766537320012297e+00 6.355150761431307416e+00 6.749181963835136244e+00 2.632075249553665897e-01 6.331515846197659059e+00 7.141680654356989066e+00
1.691959798994975006e-01 6.369101049713300489e-01 1.672358375672068978e-02 6.165112888970416538e-01 6.728091034702957662e-01 1.067309979581134050e+00 9.850618720749435009e-02 9.546779808718939275e-01 1.246899481011328525e+00 5.316891922624762401e+00 4.602571318642799114e-01 4.852834713830962876e+00 6.193477816482968024e+00 6.808274135159289919e+00 3.063958348782061525e-01 6.382005116177139392e+00 7.334461499961057562e+00
1.741708542713567842e-01 6.430300943309672501e-01 1.780824492363027381e-02 6.266578356418216478e-01 6.833189576870929427e-01 1.065058373020876914e+00 8.520686702758560604e-02 9.580767619110963640e-01 1.195668340831323118e+00 5.262163870432075896e+00 4.398034397931511186e-01 4.859636464738655626e+00 6.158645318141844349e+00 6.819380604123762346e+00 2.716990716130684991e-01 6.433246315595608777e+00 7.217347451262329905e+00
1.791457286432160956e-01 6.489546022567812544e-01 1.770533782771688269e-02 6.322860739837155020e-01 6.885958540666703431e-01 1.068857619677464399e+00 7.793757153785971226e-02 9.616250459974403642e-01 1.187852935547393685e+00 5.258614701561677762e+00 4.712156096157442131e-01 4.831631260750654633e+00 6.237609135967477236e+00 6.777930311653344475e+00 3.030140576701918498e-01 6.401404701426364419e+00 7.298724326680426699e+00
1.841206030150753792e-01 6.547212298871643021e-01 1.700150080959482099e-02 6.398784170691742546e-01 6.904443571134051272e-01 1.072298082140974218e+00 8.442437753249111554e-02 9.594642445960021027e-01 1.220839594907615844e+00 5.276907348705363709e+00 4.021588381554475067e-01 4.965805593096885850e+00 6.072939312983850257e+00 6.728816223582173350e+00 2.256962280663238618e-01 6.416697861193507713e+00 7.098737472603493970e+00
1.890954773869346905e-01 6.602595039138379196e-01 1.748188602251879789e-02 6.445133192852161574e-01 6.958081624907440643e-01 1.062921445474730886e+00 6.746398566140537900e-02 9.773904896315186441e-01 1.185894805497927917e+00 5.311913838161245849e+00 3.942217429485951885e-01 4.887366590798650101e+00 6.158810874799944379e+00 6.701121001207336114e+00 2.601669043829371031e-01 6.361440081419925008e+00 7.132606252502102784e+00
1.940703517587939742e-01 6.641875262320631190e-01 1.852780808305229399e-02 6.380537565273675105e-01 7.010885133281397064e-01 1.048745673891411601e+00 5.737424078003972722e-02 9.774447127231773447e-01 1.179383516389451714e+00 5.375555008369945931e+00 3.663156143500312933e-01 4.896102985542948538e+00 6.193134837226469180e+00 6.679325233859015221e+00 2.694889092417699361e-01 6.385301483551193868e+00 7.217870283863920378e+00
1.990452261306532855e-01 6.697461885430660011e-01 1.800697898029397087e-02 6.438612725025917305e-01 7.054866069227535563e-01 1.063662649443930741e+00 6.446928425034988142e-02 9.684681159129753247e-01 1.209616289077840134e+00 5.390278395693313129e+00 3.866849668453687938e-01 4.959994381409945419e+00 6.351892048227353982e+00 6.676765742532332126e+00 2.883337082851855637e-01 6.281565519792596142e+00 7.313392479139878333e+00
2.040201005025125691e-01 6.734145895681651339e-01 1.794651632023535823e-02 6.503850746742699807e-01 7.098570095082182840e-01 1.069712688865167793e+00 6.432115598167099935e-02 9.801867475010170860e-01 1.229707455200275357e+00 5.434585101242816130e+00 3.952416065657158306e-01 4.907586530560319460e+00 6.373914581209257690e+00 6.656410657755178484e+00 2.360817996689437148e-01 6.313532429408668989e+00 7.100278460758496557e+00
2.089949748743718805e-01 6.767655626035361527e-01 1.753665625367594599e-02 6.532864989234218323e-01 7.101034378031623184e-01 1.076450882785811913e+00 6.302163573866047253e-02 9.802719626666457353e-01 1.222136815025377743e+00 5.479045069859201256e+00 3.361415705191770353e-01 5.027254280936050534e+00 6.211349756091441243e+00 6.630000720285357474e+00 2.696686455295689844e-01 6.317405046950026914e+00 7.091745162655679557e+00
2.139698492462311641e-01 6.821365452641040550e-01 1.796692186148468248e-02 6.595575777148521279e-01 7.162499302311000626e-01 1.077701705262065657e+00 6.127243569392564621e-02 9.801490139344847252e-01 1.207311803549903084e+00 5.502946358528433279e+00 3.645606218397339782e-01 5.050142325676135080e+00 6.213713253749389764e+00 6.577722491552544071e+00 2.768796628894676926e-01 6.296798393071775024e+00 7.078610444709897642e+00
2.189447236180904754e-01 6.861728208952978525e-01 1.824895451697838497e-02 6.648895905023031183e-01 7.217643115607018656e-01 1.087944045946367400e+00 5.775460422316119197e-02 1.002937823793459637e+00 1.196486504948774066e+00 5.504413422892879382e+00 3.479090118899004214e-01 4.940499142510430097e+00 6.167190182760447392e+00 6.540858785267485764e+00 2.821966568916314255e-01 6.230143584517834121e+00 7.098567123277694790e+00
2.239195979899497591e-01 6.916355332253851795e-01 1.811742952900038256e-02 6.727014948271585748e-01 7.299620141316139899e-01 1.093425699414320551e+00 5.345071522009955250e-02 1.014265641155587927e+00 1.189631767037331089e+00 5.480238378334372662e+00 3.299546670067642351e-01 4.954636307531240291e+00 6.127368422940284276e+00 6.461628916830912672e+00 3.245894067787603032e-01 6.081929050900042100e+00 7.044811359449244748e+00
2.288944723618090704e-01 6.966945595935218893e-01 1.792156559957741591e-02 6.763985580751287197e-01 7.369249748723645244e-01 1.080188120868970092e+00 4.484033753943025141e-02 1.015604794807635214e+00 1.168076020339817278e+00 5.464790547252858843e+00 2.675646284463444324e-01 5.016706770448593922e+00 5.924679386162757133e+00 6.426831708231027562e+00 3.112243417459877315e-01 5.998842115533426167e+00 6.983281420402165374e+00
2.338693467336683540e-01 7.003602017335819330e-01 1.869190922329412238e-02 6.771677645821450042e-01 7.425015149058030728e-01 1.074950999143291286e+00 4.440029997325605632e-02 1.004972470714863508e+00 1.168256767231449444e+00 5.449807995300521846e+00 2.701182469963323562e-01 5.031683374049157997e+00 5.855984106854740467e+00 6.387963436793961947e+00 3.092408597220961952e-01 5.983123035367728271e+00 6.973975530633476971e+00
2.388442211055276654e-01 7.055407084868476897e-01 1.977555672416968571e-02 6.808425466505925172e-01 7.490173710334681045e-01 1.080081504341899867e+00 4.794758170471670466e-02 1.006419240562706596e+00 1.183534747679864996e+00 5.388078716838352378e+00 2.878005433671407265e-01 4.970265583736614978e+00 5.947281355008454895e+00 6.302346369658518910e+00 3.377165924971408661e-01 5.901299924439027400e+00 6.909671255278704294e+00
2.438190954773869490e-01 7.100643847079884940e-01 2.053410210949773232e-02 6.828591782028439194e-01 7.526499548751464097e-01 1.075145841435467542e+00 4.497961607909271853e-02 1.008176803379040143e+00 1.168734489936589904e+00 5.367854659723505506e+00 2.853863610948612073e-01 4.922186777664943058e+00 5.875064027147767654e+00 6.285862726735142125e+00 3.134475353104687612e-01 5.947196738370075231e+00 6.827818741395792479e+00
2.487939698492462326e-01 7.149634046560255918e-01 2.060944698210675011e-02 6.888309887592208858e-01 7.562283595504669664e-01 1.068902881976486530e+00 4.554847433219483960e-02 1.006080375674078153e+00 1.174069399712255546e+00 5.385198980416622483e+00 2.652934261000980953e-01 4.962165098897631133e+00 5.853050631560203776e+00 6.242760312137277445e+00 2.889758043677297938e-01 5.952252605859660761e+00 6.808166330704489511e+00
2.537688442211055162e-01 7.194803440610858525e-01 2.021608898643713348e-02 6.957054987648263467e-01 7.607291803047022682e-01 1.071389899000253054e+00 4.354466340287169862e-02 1.006386441966336198e+00 1.173725221403233876e+00 5.405313754197271336e+00 2.607649222692610125e-01 4.984110713100437628e+00 5.844387859357770054e+00 6.181254722214269748e+00 2.790309470616521570e-01 5.825370171082125736e+00 6.697094251483490801e+00
2.587437185929647998e-01 7.249757932233882318e-01 1.891363382366803222e-02 7.031983946198889779e-01 7.609313580881008621e-01 1.067292277829289704e+00 4.377549113951099274e-02 9.902197499336335973e-01 1.159195708002060288e+00 5.392618241855567263e+00 2.480545445805960036e-01 5.043752426047940496e+00 5.725184548356902603e+00 6.123064615236217811e+00 2.757080271929533422e-01 5.703074080621675535e+00 6.623143266953074537e+00
2.637185929648241389e-01 7.301635592586479540e-01 1.905556458378680068e-02 7.084403562385322983e-01 7.668276372844416988e-01 1.061695896264807981e+00 4.260306377070190165e-02 9.848825827003948596e-01 1.156607478706392467e+00 5.401938582462566529e+00 2.339720969200800582e-01 5.029364093144057080e+00 5.779951071638688376e+00 6.086720414096190801e+00 2.948945365272041541e-01 5.598358956099123596e+00 6.568620260323277726e+00
2.686934673366834225e-01 7.334720637400694576e-01 1.863456302755711960e-02 7.147542949922444100e-01 7.696755843786288187e-01 1.065008618498607174e+00 3.899783267150520177e-02 9.817969982339066481e-01 1.136862820167448440e+00 5.446185998523860761e+00 2.559321619411327187e-01 5.088025511684842073e+00 5.888985971808700093e+00 6.059381482747333791e+00 2.583448982821542894e-01 5.628080584152574062e+00 6.561679293880842145e+00
2.736683417085427061e-01 7.374157985987579433e-01 1.788193913647459846e-02 7.184233068593705029e-01 7.729142678399909538e-01 1.057343578983442223e+00 4.000030744945071853e-02 9.844264068962199632e-01 1.142227181111978407e+00 5.429284180479955424e+00 2.356627211448611703e-01 5.110748118542681517e+00 5.840011595809043499e+00 5.990540735773964620e+00 2.161619576937491294e-01 5.598248985999362048e+00 6.315676627750120176e+00
2.786432160804020453e-01 7.426771679375056001e-01 1.884146174003610910e-02 7.206253743931054778e-01 7.784141351384911145e-01 1.060856669685574571e+00 4.409027989133201819e-02 9.909526625734885741e-01 1.162991134643026170e+00 5.419840106627416887e+00 2.629906500474570308e-01 5.034107896955958950e+00 5.837888879196619918e+00 5.973397855565884207e+00 2.079702156630959253e-01 5.583914524236355703e+00 6.297197240069658086e+00
2.836180904522613289e-01 7.468371236572539651e-01 1.819707749451995871e-02 7.262668684434521182e-01 7.829426297402171109e-01 1.051143025266545239e+00 4.847506957406084310e-02 9.885371553145062551e-01 1.155342591725998291e+00 5.390574255334468212e+00 2.404975518533349621e-01 5.059531243188279070e+00 5.842243450456149567e+00 5.960159521828577667e+00 1.986705862421171975e-01 5.583203981833380958e+00 6.282059388499698471e+00
2.885929648241206125e-01 7.517012303849414101e-01 1.780309412838828806e-02 7.275888903973972699e-01 7.856526623119037822e-01 1.049124273110024763e+00 4.961900388224019243e-02 9.993238263101673624e-01 1.151430178584530895e+00 5.376968132537745859e+00 2.330359802317724660e-01 5.085107759501426905e+00 5.895792214334178105e+00 5.939129316356673627e+00 1.808303021863613413e-01 5.622118976628395437e+00 6.269900375871816145e+00
2.935678391959798961e-01 7.567164791687271963e-01 1.900995848316532760e-02 7.310058352609639654e-01 7.924600512099665428e-01 1.040482139829782104e+00 5.605539654340539746e-02 9.682633032694597519e-01 1.151898686548929351e+00 5.338250652321585576e+00 2.063069800661651021e-01 5.080662662152271913e+00 5.722587234991662442e+00 5.898266816276273694e+00 1.773680659187417130e-01 5.606153690855117944e+00 6.272626506588016682e+00
2.985427135678392352e-01 7.592945214974771151e-01 2.001837706250757590e-02 7.349115149610406794e-01 7.986561829729510453e-01 1.027313754816169489e+00 5.093317923976175415e-02 9.509367788590484816e-01 1.112475530597003992e+00 5.314623618700326624e+00 2.190904176797224268e-01 4.996110878528138954e+00 5.693493154986441596e+00 5.873184129419581900e+00 1.822770763883526934e-01 5.602184847854162264e+00 6.253305919291275217e+00
3.035175879396985188e-01 7.628291212329307847e-01 1.865470468193307363e-02 7.378312932526185364e-01 7.997501635650675622e-01 1.028402809756964409e+00 5.274955113156966358e-02 9.615144457054987104e-01 1.118395138893439889e+00 5.296733255697729348e+00 2.392958321774514563e-01 4.971465782391839561e+00 5.788368735249639130e+00 5.837910140895556488e+00 1.740342445044603670e-01 5.605425237477997591e+00 6.211999486201606580e+00
3.084924623115578024e-01 7.669059406695472036e-01 1.878856814244410714e-02 7.414030664669464255e-01 8.045189962099759118e-01 1.024594372046022439e+00 5.345755145787613183e-02 9.517536581147983954e-01 1.120369820934685512e+00 5.295704429263895285e+00 2.444540720879745943e-01 4.922275345123418688e+00 5.800957125673538606e+00 5.822400875044571933e+00 1.420722435039347142e-01 5.634160995036697095e+00 6.088554436604261433e+00
3.134673366834170860e-01 7.713222343524551716e-01 1.793227644844831714e-02 7.465300742318798921e-01 8.075245462575704192e-01 1.020778324771912438e+00 5.386747306493296777e-02 9.332607859443583509e-01 1.122514373356130912e+00 5.291076656753541663e+00 2.469566855427927365e-01 4.928276076795794935e+00 5.853993162590753307e+00 5.800371780078499739e+00 1.469762056147259077e-01 5.613898447753696175e+00 6.054144624188285029e+00
3.184422110552764251e-01 7.753568032743221039e-01 1.785566907501811088e-02 7.506355815596812420e-01 8.109365872914394702e-01 1.017062110938059316e+00 5.800891901230376124e-02 9.273902170496878261e-01 1.132491798508241443e+00 5.297976145112057722e+00 2.363592903321723449e-01 4.973080942221852929e+00 5.846589825143611030e+00 5.741838017011638762e+00 1.550800795998690806e-01 5.501755645293247454e+00 6.005756819307177530e+00
3.234170854271357087e-01 7.787823449716695379e-01 1.751325704917562967e-02 7.555970801648147495e-01 8.139890506343648857e-01 1.011341395477918237e+00 4.746842142736071302e-02 9.327544604222435254e-01 1.098711905264367905e+00 5.269939853669366236e+00 2.156549095568225938e-01 4.965607955488662739e+00 5.718223104952010694e+00 5.716343767484263871e+00 1.495587990534130163e-01 5.495023315981140577e+00 5.972933249736489536e+00
3.283919597989949923e-01 7.832963853709227209e-01 1.677486373729029229e-02 7.618741995550835089e-01 8.152156160257403306e-01 1.007914011189228631e+00 4.888243066955043348e-02 9.288052890016249563e-01 1.101923523148139239e+00 5.241188847761006464e+00 2.318093343458718092e-01 4.980629745128312358e+00 5.650210615921080759e+00 5.698956103662071726e+00 1.593904558757991419e-01 5.467023271823282293e+00 6.009564131167209666e+00
3.333668341708542759e-01 7.871865027017866945e-01 1.705495770117400681e-02 7.658035944260237482e-01 8.209832001341931251e-01 1.000895794477531853e+00 5.518801671105155737e-02 9.149119964835599195e-01 1.105219687857140309e+00 5.206125541301195092e+00 2.468970057865735590e-01 4.938723848876977129e+00 5.690666396369039148e+00 5.674121119701291960e+00 1.664596717332551823e-01 5.375131559370725398e+00 5.975271894536993145e+00
3.383417085427135595e-01 7.906336730554471837e-01 1.671367787696628401e-02 7.690722959226286015e-01 8.255339467890554506e-01 9.968471018549871498e-01 5.797572820834558105e-02 9.105668962185025084e-01 1.102203476801885129e+00 5.194786309940605307e+00 2.278109129188103099e-01 4.923568648523234614e+00 5.659214937500499865e+00 5.634630035830685557e+00 1.705794079388184004e-01 5.332114660305997234e+00 5.941148461129788672e+00
3.433165829145728987e-01 7.933822176864508968e-01 1.641788535363791074e-02 7.722024093306166792e-01 8.269800888689617935e-01 9.967146396144468401e-01 5.972518415399208358e-02 9.149323214275084659e-01 1.108873675347360699e+00 5.162737830039215936e+00 2.606662654525290779e-01 4.880123981946218770e+00 5.711132216590714350e+00 5.608796840979072940e+00 1.623105066103323058e-01 5.355144535683700191e+00 5.919547445355528126e+00
3.482914572864321823e-01 7.956488560630315954e-01 1.652080905648644835e-02 7.765869852384250649e-01 8.297926544476952326e-01 9.850320722655130368e-01 5.411503304538699960e-02 9.158389790100298633e-01 1.079779890513919760e+00 5.126292989936961142e+00 2.825086449445310954e-01 4.818793866070144816e+00 5.694041862081038019e+00 5.589805538510665528e+00 1.487990188732386532e-01 5.344274622054682844e+00 5.866855507062148867e+00
3.532663316582914659e-01 7.982103447390448414e-01 1.657282353940681824e-02 7.801175799699180402e-01 8.338881825456323504e-01 9.793733743297325933e-01 5.863028031370422916e-02 9.044796769969636330e-01 1.078823793323849589e+00 5.085165398325095509e+00 2.588516468062322384e-01 4.713630949951605587e+00 5.553988589271311227e+00 5.564908642069381628e+00 1.444529015331244837e-01 5.363848504755790891e+00 5.867657769056451755e+00
3.582412060301507495e-01 8.012221836034523204e-01 1.716271502410608024e-02 7.815275749246359815e-01 8.378153886502242020e-01 9.723680747347120956e-01 6.470742114530295130e-02 8.957102053841705658e-01 1.094016333229832494e+00 5.061366332462986506e+00 2.623638175849933862e-01 4.711994284279175105e+00 5.578304737363060539e+00 5.533961440627547468e+00 1.376412722679553335e-01 5.325816146363226089e+00 5.814947076262058978e+00
3.632160804020100886e-01 8.041893742879100415e-01 1.733399338546384380e-02 7.840425761693370355e-01 8.406162001545764983e-01 9.616462175545142932e-01 5.917997744203023353e-02 8.872423004830332083e-01 1.062665031572702423e+00 5.038752604194877804e+00 2.621367949779035422e-01 4.700722568955479019e+00 5.551024771812994807e+00 5.505053627303880148e+00 1.365833685595461977e-01 5.269116662405684437e+00 5.782090972159627640e+00
3.681909547738693722e-01 8.077763784994635987e-01 1.743178534730441959e-02 7.876242876987213926e-01 8.437277445993767166e-01 9.548779507425120272e-01 5.988897820596859184e-02 8.817105594973467797e-01 1.057133823918767757e+00 4.995336620763419333e+00 2.859482763733658395e-01 4.648819948832413118e+00 5.551181800950178769e+00 5.478640587533222472e+00 1.301664401661810355e-01 5.292559194215007423e+00 5.759596227252219869e+00
3.731658291457286558e-01 8.103705810959288547e-01 1.753568429764355840e-02 7.870251433216700621e-01 8.446755100527729709e-01 9.507565873405867674e-01 6.696570062879293739e-02 8.632448685837054159e-01 1.071417466414735786e+00 4.948735918189576033e+00 2.718788656763318490e-01 4.649446891738229226e+00 5.504657274046528492e+00 5.458662056153681164e+00 1.327775072197251993e-01 5.256130482269135484e+00 5.761858758830740612e+00
3.781407035175879394e-01 8.138859726425866636e-01 1.701373959637376976e-02 7.929030425858069053e-01 8.458512426174150667e-01 9.470700145143705617e-01 6.294630516880010684e-02 8.554630602207088375e-01 1.062249075704378543e+00 4.934104504892443011e+00 2.537043098925352846e-01 4.655004808024414409e+00 5.398882392023813814e+00 5.437926988563729580e+00 1.469003604941075403e-01 5.193296605844360592e+00 5.761334991216802592e+00
3.831155778894472785e-01 8.176387891290797238e-01 1.643720993805429173e-02 7.978880104896117764e-01 8.490740326551158290e-01 9.386140287728457210e-01 5.943018605264484971e-02 8.357854592415564499e-01 1.037160612957022998e+00 4.919148159261741426e+00 2.626424661194659005e-01 4.647593188690446908e+00 5.424369903121589509e+00 5.411833496322591586e+00 1.424661130996011937e-01 5.184489797747526829e+00 5.700756905552288423e+00
3.880904522613065621e-01 8.211460692836880515e-01 1.612497454577640002e-02 8.022357475152084305e-01 8.513576817390645646e-01 9.320675651876966228e-01 5.981511779917035587e-02 8.225778631849818279e-01 1.039564825303518569e+00 4.884383091474655103e+00 2.393622379978784243e-01 4.602724895138863737e+00 5.388944586949345528e+00 5.386565324236711305e+00 1.535236522466358611e-01 5.136187521137947520e+00 5.695159921547514159e+00
3.930653266331658457e-01 8.243080737824435289e-01 1.581203310625096600e-02 8.053408129535323257e-01 8.547335032655003495e-01 9.247386258347847221e-01 5.509745856818391158e-02 8.142668876859909810e-01 1.024144285102337459e+00 4.843943684638112757e+00 2.527390515629259204e-01 4.502826539452912336e+00 5.377948362235064117e+00 5.344921682405595398e+00 1.420044917084554159e-01 5.113198166331111238e+00 5.599826464615779820e+00
3.980402010050251294e-01 8.266516460871693450e-01 1.404203407023208415e-02 8.096861039126067583e-01 8.539169368293414442e-01 9.187685459764001195e-01 5.231814479767948889e-02 8.112715230886703432e-01 1.012721458748953474e+00 4.807923826541239620e+00 2.583358067796229229e-01 4.448433030426105717e+00 5.367650941992416769e+00 5.306312799352417287e+00 1.366194253434188655e-01 5.062932597428591919e+00 5.543435719308511089e+00
4.030150753768844685e-01 8.295489109331880551e-01 1.368849014226899280e-02 8.131841711971721232e-01 8.550640019029045469e-01 9.128835858291297622e-01 4.998990722011004834e-02 8.127822827315253074e-01 9.998653705399714875e-01 4.786663716277965719e+00 2.678039691167297676e-01 4.345149090276373194e+00 5.312533534164160187e+00 5.262276277417457848e+00 1.250586172705446808e-01 5.045272601182458239e+00 5.466331615095585406e+00
4.079899497487437521e-01 8.326991944107217103e-01 1.318927601212966684e-02 8.176000890571167856e-01 8.600048602980140400e-01 9.091725746762351346e-01 5.211012613081916073e-02 8.095788749718263455e-01 9.998134928244041264e-01 4.759400574547419716e+00 2.535933225431580840e-01 4.359316289888584883e+00 5.262899738072293054e+00 5.219066351509575874e+00 1.273783726163082164e-01 5.010160811351875410e+00 5.446596293358397567e+00
4.129648241206030357e-01 8.351261946831989302e-01 1.318532199984125131e-02 8.173137996871286948e-01 8.617231860045920788e-01 9.035608423573842085e-01 4.794353643276508953e-02 8.145745780223432320e-01 9.880145308777530389e-01 4.729849623256728641e+00 2.285835838460823777e-01 4.354792682109430046e+00 5.209240592334533737e+00 5.184671781764587983e+00 1.241867387177974236e-01 4.975283026704945044e+00 5.391739888609153653e+00
4.179396984924623193e-01 8.379301219206614082e-01 1.313683201863651007e-02 8.186829798694988947e-01 8.625878207698688405e-01 9.015079333846702792e-01 4.630442524654740377e-02 8.101526175498400262e-01 9.839850486803531915e-01 4.702811851592867853e+00 2.274210878736438735e-01 4.340891896227584645e+00 5.178614915786292627e+00 5.153327678885597507e+00 1.356085336865369695e-01 4.903503562117077053e+00 5.367436108972681197e+00
4.229145728643216029e-01 8.402464866125063381e-01 1.373034219602162556e-02 8.186435644185843241e-01 8.646043764629264272e-01 8.955880981849915212e-01 4.203290652618554835e-02 8.143645154066074809e-01 9.763510474038286091e-01 4.664101442236718853e+00 1.982795923790967585e-01 4.337767937005005514e+00 5.057827298903354141e+00 5.130765293449491615e+00 1.291742109690651730e-01 4.877449641374803413e+00 5.331552415591276350e+00
4.278894472361809420e-01 8.435259487027859659e-01 1.402384851359827871e-02 8.210628595745314007e-01 8.687760967400524059e-01 8.938046987143890565e-01 3.786652755615527166e-02 8.159405051795253216e-01 9.611073442671331790e-01 4.650225749468096303e+00 1.829134093808489070e-01 4.326664788646167104e+00 4.979365410806035896e+00 5.098510779329028075e+00 1.239489469579386910e-01 4.850719657912502925e+00 5.281601746512068374e+00
4.328643216080402256e-01 8.465526478051224046e-01 1.326245263114153063e-02 8.261520528771653105e-01 8.720866976589903841e-01 8.870847206781423688e-01 3.511073262853135063e-02 8.125816491201797165e-01 9.478091657832740102e-01 4.632706600745175152e+00 1.704349039788891351e-01 4.305670485227562239e+00 4.946019590744849204e+00 5.061919699274925577e+00 1.079008967572060856e-01 4.838783886705640747e+00 5.207216269690025712e+00
4.378391959798995092e-01 8.486865100875888857e-01 1.326697997674535986e-02 8.277273089808572237e-01 8.743779475299812143e-01 8.835126828840967894e-01 3.205747003894471314e-02 8.214024958800240084e-01 9.407311062890638675e-01 4.622545836240773198e+00 1.673308333332693687e-01 4.316038786516960712e+00 4.939932181396990529e+00 5.034086244849164338e+00 1.038453322048486643e-01 4.814574229062453803e+00 5.180563931267387012e+00
4.428140703517587928e-01 8.516745986309958161e-01 1.308557621073143384e-02 8.305357087654317017e-01 8.772774298645547031e-01 8.769218700889218621e-01 3.149148478221502206e-02 8.188519637467143175e-01 9.420461808639692958e-01 4.605377137244092367e+00 1.669016669767537098e-01 4.307909974568170597e+00 4.946837852071726438e+00 5.010659857827773678e+00 1.094346829651778319e-01 4.790008103760550640e+00 5.183392168993956162e+00
4.477889447236181319e-01 8.532163609601806087e-01 1.260705268140926288e-02 8.332153757225422286e-01 8.793889353238013573e-01 8.719160413667162990e-01 2.927701580347046723e-02 8.175218098779865050e-01 9.340497075565374896e-01 4.571953463947998841e+00 1.644205213939139432e-01 4.300710142318795448e+00 4.930433059795088724e+00 4.979949524852818499e+00 1.016918332891187798e-01 4.800568055247680377e+00 5.123385637790920377e+00
4.527638190954774156e-01 8.560240754579441225e-01 1.264899314430182643e-02 8.358021866602394212e-01 8.810900944582621408e-01 8.661373666501134272e-01 2.807226936196038913e-02 8.177948319263999011e-01 9.315038344619860355e-01 4.557409205623073944e+00 1.664894179796614360e-01 4.298523984232728523e+00 4.915482857821552365e+00 4.945307276685501741e+00 1.063432837140038112e-01 4.734954583655659910e+00 5.103741270665813623e+00
4.577386934673366992e-01 8.584976429069947068e-01 1.254473813835042285e-02 8.386531810753872218e-01 8.827741123219885466e-01 8.643644060014452624e-01 2.440216447512610215e-02 8.177142483872270606e-01 9.180310716156224737e-01 4.536202220745980007e+00 1.708573163735954969e-01 4.288841273077419025e+00 4.910776382847265253e+00 4.911448458357108748e+00 1.046050045317190175e-01 4.725609670478789326e+00 5.074353233758893467e+00
4.627135678391959828e-01 8.609694028746828209e-01 1.278024979878836578e-02 8.411473008367436055e-01 8.848269121368639301e-01 8.605915042792583458e-01 2.335353477723990656e-02 8.215665368586447803e-01 9.132799558265221052e-01 4.521786996033712924e+00 1.674186081174045271e-01 4.311520595500545561e+00 4.911106606172177536e+00 4.885015349490432257e+00 9.655346426216120104e-02 4.713088205599087921e+00 5.042109242125574653e+00
4.676884422110553219e-01 8.640632467956559370e-01 1.266587478453390023e-02 8.425890153460537935e-01 8.858490208213350980e-01 8.562878788323674550e-01 2.109968000384158243e-02 8.270951251492169032e-01 8.975474938774964384e-01 4.508117364804816063e+00 1.565913662427423914e-01 4.314445490619019274e+00 4.873821547598628179e+00 4.841109874872145724e+00 8.842808782622890718e-02 4.681441204648991494e+00 4.979151682399656664e+00
4.726633165829146055e-01 8.662531102637350822e-01 1.236558513074405632e-02 8.458162304219321026e-01 8.879940407126292179e-01 8.538306338237429127e-01 1.939555202854255020e-02 8.278173322126881617e-01 8.873908530598065836e-01 4.499261533011717162e+00 1.497650283564546381e-01 4.332633273340839253e+00 4.847109315642462946e+00 4.808662936263500498e+00 8.510168298124659580e-02 4.646934038165941416e+00 4.937961760634975938e+00
4.776381909547738891e-01 8.687349516017059958e-01 1.241770413140517136e-02 8.490277106447871036e-01 8.909415582379445198e-01 8.524287934309999759e-01 1.979478389866798707e-02 8.241998488609794116e-01 8.906399082461849970e-01 4.457922640381423385e+00 1.573482832231923589e-01 4.207894838551501593e+00 4.778715486017824254e+00 4.777931034082340211e+00 8.163978924647394275e-02 4.623902674384861022e+00 4.904238283811034549e+00
4.826130653266331727e-01 8.708198937753868218e-01 1.182187051956449901e-02 8.505229699774784491e-01 8.897011435094648313e-01 8.470320472820395130e-01 2.329139866173388432e-02 8.107108988048330467e-01 8.834002033613922444e-01 4.433224678900465676e+00 1.465308036520409640e-01 4.200981636874589142e+00 4.752037054544842043e+00 4.745352221823290861e+00 7.500742055345055448e-02 4.582193447094696559e+00 4.855222080357311398e+00
4.875879396984924563e-01 8.733117389876074999e-01 1.210620626292292432e-02 8.509630197871063118e-01 8.922500894953013795e-01 8.395285712495097474e-01 2.119882491603001726e-02 8.059338155860391595e-01 8.756037985066321694e-01 4.411292272960710470e+00 1.448549819097804114e-01 4.200753924983492205e+00 4.734699491275429217e+00 4.716354820008840321e+00 7.434985295793467008e-02 4.563267754825205635e+00 4.830562793406241617e+00
4.925628140703517954e-01 8.760534143889072700e-01 1.235327353099628135e-02 8.547366629289753215e-01 8.963970189772061392e-01 8.367042832538459374e-01 2.214553956852562816e-02 8.000064057905683645e-01 8.743668352883422479e-01 4.395323296864281026e+00 1.352658109492788086e-01 4.191075524886424652e+00 4.673287971721213019e+00 4.679658580131743406e+00 8.334796978630691633e-02 4.517814191136722002e+00 4.823140632368933645e+00
4.975376884422110790e-01 8.784931167840401844e-01 1.289357039981729215e-02 8.551316137185378530e-01 8.989813897343905680e-01 8.350419503391126597e-01 2.147665013485197325e-02 7.995383209457780360e-01 8.706183719232938323e-01 4.366649284739716919e+00 1.420770923574444511e-01 4.133150422193153872e+00 4.667757842242821198e+00 4.649575668534069450e+00 7.391244232169072448e-02 4.511375537744851449e+00 4.781474492862679782e+00
5.025125628140703071e-01 8.811689522293553178e-01 1.313321848511748817e-02 8.583860893853950680e-01 9.018608258139616529e-01 8.336410415529558193e-01 2.520958525428170643e-02 7.916647695864642564e-01 8.709965557683485571e-01 4.354998791670452896e+00 1.495046344764316415e-01 4.082698746614930485e+00 4.684189543854543558e+00 4.617916166884573848e+00 6.719218948635409527e-02 4.495981330210587323e+00 4.730725285774057376e+00
5.074874371859295907e-01 8.837354891529012324e-01 1.300789249710496316e-02 8.624451855323335137e-01 9.052906302184584586e-01 8.282030428652715770e-01 2.975943362696617522e-02 7.767229901165091377e-01 8.751911293595582286e-01 4.337342926091968032e+00 1.520362602608838765e-01 4.058869672528974348e+00 4.675047365675573552e+00 4.588608775587872834e+00 5.813274086157670106e-02 4.481948056560822735e+00 4.686682307903238254e+00
5.124623115577889854e-01 8.854269197757345111e-01 1.353320731995983489e-02 8.640677990940883735e-01 9.065911263361980943e-01 8.212009621537802451e-01 2.634153897472099604e-02 7.744167001487050062e-01 8.568951720537576477e-01 4.322088170985830757e+00 1.483959535713277600e-01 4.070334947807614512e+00 4.644109287265633768e+00 4.558353782103403695e+00 6.441605852667772747e-02 4.423642127804855662e+00 4.672015153989400815e+00
5.174371859296482690e-01 8.880728561851233271e-01 1.282574654871736913e-02 8.674291725731764213e-01 9.084432995029211311e-01 8.154213522133705316e-01 2.480047006912225807e-02 7.717980247747812106e-01 8.539735375987550503e-01 4.294835587362783258e+00 1.488538609842039451e-01 4.057689514116704643e+00 4.626255684880006491e+00 4.528150143314694454e+00 6.137734283771593968e-02 4.406953780902590267e+00 4.645338020468968487e+00
5.224120603015075526e-01 8.904423416770473887e-01 1.273686519465162814e-02 8.697882892130988086e-01 9.114644870234507312e-01 8.119516336524696953e-01 2.397638037620704321e-02 7.722194501568953040e-01 8.512495559164108272e-01 4.287068976668476417e+00 1.402119736650891957e-01 4.052885716245022252e+00 4.590572439568468610e+00 4.490856267087523612e+00 5.749763351613307316e-02 4.374423588729977830e+00 4.593042940444579614e+00
5.273869346733668362e-01 8.925178350480500455e-01 1.276470689908313673e-02 8.730857145795469787e-01 9.151997888491802957e-01 8.119787688207301679e-01 2.174591114937389144e-02 7.761215059347337242e-01 8.488180040512234292e-01 4.267961495523620030e+00 1.311341886670241708e-01 4.057196184692762664e+00 4.556942240470379879e+00 4.463954283426442515e+00 5.371177287561895719e-02 4.353267673911481950e+00 4.557883034329603511e+00
5.323618090452261198e-01 8.944083866818409723e-01 1.310163990086283918e-02 8.740446001617463434e-01 9.179910036524990824e-01 8.090946817820630077e-01 2.201176486849501859e-02 7.732203067586437273e-01 8.424778867524840287e-01 4.245942287198953835e+00 1.268094382611434368e-01 4.051136312266423900e+00 4.540401065404411796e+00 4.424485678505548414e+00 4.919962456476455887e-02 4.327313671303221199e+00 4.517462857954010147e+00
5.373366834170854034e-01 8.961026980714104084e-01 1.258458247240000667e-02 8.749936515751063348e-01 9.167721048019369379e-01 8.043204881394657724e-01 2.167604003783648106e-02 7.671199093387186529e-01 8.339256465337576696e-01 4.220298824044087738e+00 1.352131913357335347e-01 4.000889689241092562e+00 4.537678572116524478e+00 4.383585378544339939e+00 4.879477986523707983e-02 4.301408857187466239e+00 4.485868145255538231e+00
5.423115577889447980e-01 8.980406519221013628e-01 1.228342991258988062e-02 8.780848725364034379e-01 9.173056964504993083e-01 7.978959382040426984e-01 2.122154185227168380e-02 7.578567283791719511e-01 8.295895199527807407e-01 4.195322105944937263e+00 1.312735900317404392e-01 3.974486592822694675e+00 4.503645660715656973e+00 4.347427857347851976e+00 5.050929750092532367e-02 4.261171987070091483e+00 4.448014137934479528e+00
5.472864321608040816e-01 9.006443675897282120e-01 1.205742333664287270e-02 8.799829500870683940e-01 9.197462130345535058e-01 7.937565284621268535e-01 2.072163634798744256e-02 7.579803187516662710e-01 8.249730702125899207e-01 4.178823600205776145e+00 1.295867662301420642e-01 3.981653748565587847e+00 4.485557451564503140e+00 4.316266670624270496e+00 5.094560814346249522e-02 4.231489924645227774e+00 4.421402661966179259e+00
5.522613065326633652e-01 9.026743817206286380e-01 1.246591869715047568e-02 8.823550806440673133e-01 9.250572236814679217e-01 7.889788230574065198e-01 1.978316309997705386e-02 7.538139916348032266e-01 8.219736270797293187e-01 4.157826912782807582e+00 1.247896949564508973e-01 3.966588977922750558e+00 4.444978735985841922e+00 4.285731392366469272e+00 4.851557381714212414e-02 4.210969177414025211e+00 4.375587202486741489e+00
5.572361809045226488e-01 9.041864448800147613e-01 1.241199544125782574e-02 8.830284240153150055e-01 9.255268472456041895e-01 7.870408078375813465e-01 1.946750621366682282e-02 7.487759718020121635e-01 8.233620292277454844e-01 4.139301026835196851e+00 1.294067573450121966e-01 3.933237796714125878e+00 4.437411001076219996e+00 4.262497740832344562e+00 4.859364631493841291e-02 4.182922763846813830e+00 4.343532656450914686e+00
5.622110552763819324e-01 9.060369317459497918e-01 1.284909175205524966e-02 8.833862563019662106e-01 9.277263779996958171e-01 7.831774489078238144e-01 2.163708524281833870e-02 7.399469174113890713e-01 8.257400736415978493e-01 4.121583173430766855e+00 1.311224596813203858e-01 3.891661917499616763e+00 4.414135925453574139e+00 4.230172470853840849e+00 5.270490265324294377e-02 4.141879645504072727e+00 4.305301430173499533e+00
5.671859296482412161e-01 9.082270343513926258e-01 1.301735721558133427e-02 8.856298776881609269e-01 9.317384257564496064e-01 7.814904759862038031e-01 2.259065060535527317e-02 7.385311884430432183e-01 8.247294083111665897e-01 4.108389301799175719e+00 1.343208756834286255e-01 3.885605744681562168e+00 4.412739560809644246e+00 4.201321561966823381e+00 4.718367436820298383e-02 4.117958380484307845e+00 4.263965234504222046e+00
5.721608040201004997e-01 9.097765837869374872e-01 1.254047827497824057e-02 8.879411448800152984e-01 9.322354241619787985e-01 7.782054281281188812e-01 2.186881960867469860e-02 7.324039252395315724e-01 8.157792311224788540e-01 4.085383485464113562e+00 1.435812926869542983e-01 3.846081355076289565e+00 4.407687580330420296e+00 4.171660446258141697e+00 4.168229744504510503e-02 4.096314836741173693e+00 4.228968979112623927e+00
5.771356783919597833e-01 9.114130646980544981e-01 1.193005070256455448e-02 8.898272214480226205e-01 9.326865354869011693e-01 7.742525809937016446e-01 2.132572276089263891e-02 7.279385928451909127e-01 8.135232321553081958e-01 4.063013686778381484e+00 1.415331406705103989e-01 3.821687954139569410e+00 4.363686867675591330e+00 4.137169405601221150e+00 4.055340444131909361e-02 4.076747210300983859e+00 4.198989168263905114e+00
5.821105527638190669e-01 9.122082248710716712e-01 1.103983967027429881e-02 8.915214188852804700e-01 9.320769966522598482e-01 7.681828384990266878e-01 1.980187217101206029e-02 7.200929958107060713e-01 7.964280907474338145e-01 4.040834735445910653e+00 1.426576133451237516e-01 3.808260484760024767e+00 4.343542949141659726e+00 4.110222197441950165e+00 3.895326419816691477e-02 4.055119219467297143e+00 4.173156728505911239e+00
5.870854271356784615e-01 9.137505954647424655e-01 1.093727901630849736e-02 8.925291126161926103e-01 9.328918379617940904e-01 7.608468098781441258e-01 1.933544402526403763e-02 7.148791155549488741e-01 7.887038779795236820e-01 4.014472614642810910e+00 1.457602724078293221e-01 3.770488730698588142e+00 4.336192667624400698e+00 4.081229176746652421e+00 3.604326161661639688e-02 4.036094541294948712e+00 4.139961533295700491e+00
5.920603015075377451e-01 9.156980166366377460e-01 1.033255714935842756e-02 8.946809589858322198e-01 9.330222470365177045e-01 7.556415119005758241e-01 1.956854240650674273e-02 7.100097177283039018e-01 7.818585365314223434e-01 3.987092382614707553e+00 1.356635399610868209e-01 3.759042980130159695e+00 4.264158387693974817e+00 4.051821130392477599e+00 3.039195308151917962e-02 4.007965462147572211e+00 4.094331058294201853e+00
5.970351758793970287e-01 9.174552330506733355e-01 1.019446989538901407e-02 8.958432569711868299e-01 9.347204600653454820e-01 7.505784883095001359e-01 1.974925433198714345e-02 7.058060089964246497e-01 7.787756071013702819e-01 3.956050975486332444e+00 1.316408905497124249e-01 3.730360905510697656e+00 4.228777938753876420e+00 4.028559384946294841e+00 3.067062461618792410e-02 3.981882250135868606e+00 4.077328193459647032e+00
6.020100502512563123e-01 9.186484881220028376e-01 1.059334214976841507e-02 8.972774486811783134e-01 9.369888507122612342e-01 7.441957915915715649e-01 1.929899071442967365e-02 6.994292783081558218e-01 7.735563793307491665e-01 3.930819256374323167e+00 1.251020226302757554e-01 3.722758663239836618e+00 4.173707927781762805e+00 4.005695629052098639e+00 3.192767472521570310e-02 3.945794022347496099e+00 4.050429438774564517e+00
6.069849246231155959e-01 9.195289438373199786e-01 1.023570475271447580e-02 8.993941467511579191e-01 9.373220989907357081e-01 7.371017338759429105e-01 1.951283935096792890e-02 6.873369847209537253e-01 7.638403707702160483e-01 3.897643796997975585e+00 1.201385602443214573e-01 3.694621820871647255e+00 4.139787445596567750e+00 3.975626452415306211e+00 2.766391359607894840e-02 3.926832016685471771e+00 4.026550502585794611e+00
6.119597989949748795e-01 9.211866560041970242e-01 9.649962332454648656e-03 9.000058506451775742e-01 9.367849863046668890e-01 7.336385073304957372e-01 1.755741519989029512e-02 6.873470430521728680e-01 7.561645003510489849e-01 3.872033910130523449e+00 1.257157395536671329e-01 3.652890357182455805e+00 4.110787515644471313e+00 3.951559124339985463e+00 2.503101609035077169e-02 3.914674765997927519e+00 4.008168852224345713e+00
6.169346733668341631e-01 9.227660860253991126e-01 9.852739312230325910e-03 9.011322344997336753e-01 9.389155427541525656e-01 7.283073446651160410e-01 1.848969786493344369e-02 6.830209428995097642e-01 7.491584703136024981e-01 3.848226109681947005e+00 1.205607821502143601e-01 3.628082732985969283e+00 4.062335838594347770e+00 3.919222861247464884e+00 2.665412482767001712e-02 3.877221493620246040e+00 3.972610202512592892e+00
6.219095477386934467e-01 9.244149898327906900e-01 1.005815310017580191e-02 9.020034521331071753e-01 9.401920219048639504e-01 7.240462092967343555e-01 2.084256852065990637e-02 6.701859391931928034e-01 7.417517142235064975e-01 3.829183514120644283e+00 1.236141892893149047e-01 3.598598409995605429e+00 4.049879439203853515e+00 3.892469013573858660e+00 2.256183697308248096e-02 3.853173779945695543e+00 3.928136881291535598e+00
6.268844221105528414e-01 9.252567062333906245e-01 9.798584888517394148e-03 9.021384710307143173e-01 9.406422248612466008e-01 7.193230203966930469e-01 2.001648895046607632e-02 6.663128890663614357e-01 7.352144759832202059e-01 3.811801231048852934e+00 1.207165472163315018e-01 3.591447266295890284e+00 4.037406074216111307e+00 3.865748822364242443e+00 2.554964291608408100e-02 3.827725122416798520e+00 3.895131346708770703e+00
6.318592964824121250e-01 9.268091597883755250e-01 1.052518420462035531e-02 9.026871114246495242e-01 9.431829204963012581e-01 7.158741831802186706e-01 1.984844782653426634e-02 6.639483009879166842e-01 7.330880492994119590e-01 3.789815903152118803e+00 1.082090493077018795e-01 3.585030918533200328e+00 3.988008207489750490e+00 3.838047006334478706e+00 2.523496288677215191e-02 3.798871913074543638e+00 3.875522974822269706e+00
6.368341708542714086e-01 9.287175284315642987e-01 1.034956591294234306e-02 9.057650351362648289e-01 9.435905626027050186e-01 7.112101486648105819e-01 1.850231132964691091e-02 6.626615302316621881e-01 7.271055540744564283e-01 3.762509427963935504e+00 9.900708690083610819e-02 3.566155818393144550e+00 3.945648962551106642e+00 3.813928249618906641e+00 2.399959869640347354e-02 3.768710151736453184e+00 3.848678542854090612e+00
6.418090452261306922e-01 9.304404599092312989e-01 1.015934556329233830e-02 9.079715800769376788e-01 9.454239431346517231e-01 7.080956112438807626e-01 1.767410912431665454e-02 6.616166433910051214e-01 7.247847219830906296e-01 3.738344902165000150e+00 9.258614303562341663e-02 3.538819008188706317e+00 3.897355325387859448e+00 3.790421802358835635e+00 2.498068740541671551e-02 3.747039530314403510e+00 3.823751450730565438e+00
6.467839195979899758e-01 9.321921566028459338e-01 1.050559067110365397e-02 9.084900793264225616e-01 9.488291588035974167e-01 7.027245187316343289e-01 1.965782881923245837e-02 6.509830020004501172e-01 7.215091120621236476e-01 3.724153882220557765e+00 8.888688415801704323e-02 3.535580772456230481e+00 3.873486439227224132e+00 3.765518835856437541e+00 2.652791860455301631e-02 3.707465170402672872e+00 3.799786984198640916e+00
6.517587939698492594e-01 9.334034874551452310e-01 1.087260207002299292e-02 9.091877720167241828e-01 9.495877363210251110e-01 6.964271434473471301e-01 1.930083651973529130e-02 6.483361767285873434e-01 7.164129852752223471e-01 3.700131698192542729e+00 9.057088198441508309e-02 3.533322510917562553e+00 3.875990799824786670e+00 3.735769172357547241e+00 2.704952399692125975e-02 3.678131821167519799e+00 3.776728003391515820e+00
6.567336683417085430e-01 9.343538267343849402e-01 1.102905684539554759e-02 9.096150600719921098e-01 9.503809315219559073e-01 6.899196074310407489e-01 1.589865588664887697e-02 6.504556917389625603e-01 7.118942443537226161e-01 3.673147794743249595e+00 9.264881931353781408e-02 3.486890500997851472e+00 3.855178900045249435e+00 3.706574853925869384e+00 2.648485581729813007e-02 3.655483990663623839e+00 3.746085181352473370e+00
6.617085427135678266e-01 9.355228524127554568e-01 1.086885520084120670e-02 9.109124944785438327e-01 9.519474686813970132e-01 6.863020973702177452e-01 1.532761687681176259e-02 6.486021154220700247e-01 7.054745983622603411e-01 3.647748294326563556e+00 8.647849501889603996e-02 3.485912206634087962e+00 3.823844034015025262e+00 3.679577656927504048e+00 2.816855866744947395e-02 3.624519922643255843e+00 3.717612968028570108e+00
6.666834170854271102e-01 9.368577940355636846e-01 1.075724101734776457e-02 9.131420823843825474e-01 9.530522300775962075e-01 6.793669068728172000e-01 1.501161634065892488e-02 6.443367231850606336e-01 6.980172143527283435e-01 3.621908257908992734e+00 8.648034811448099268e-02 3.472382241702974603e+00 3.799588063459726328e+00 3.656048905549172723e+00 2.815693423808778018e-02 3.608275086790407649e+00 3.697617699845424433e+00
6.716582914572865048e-01 9.375191435329487399e-01 1.060279874817472885e-02 9.157901562867881706e-01 9.537595693464380187e-01 6.736839954764579641e-01 1.406433630468093346e-02 6.416956395701381988e-01 6.893490705604644608e-01 3.598181391863065848e+00 8.858943297079248380e-02 3.429675989447971585e+00 3.783623305521750968e+00 3.627591000208556515e+00 2.844809083509139414e-02 3.579478265426146333e+00 3.667073685829205676e+00
6.766331658291457885e-01 9.385540267089392819e-01 1.022483067754813464e-02 9.181898935939281081e-01 9.535998272091360528e-01 6.673928531240195250e-01 1.291434891709740407e-02 6.409178545270887151e-01 6.880814517372179084e-01 3.570227056263635124e+00 8.409666443131585956e-02 3.416854296055658935e+00 3.748014888284398438e+00 3.601230483738572019e+00 2.164494022860848771e-02 3.564506635627010311e+00 3.625821428474590213e+00
6.816080402010050721e-01 9.401758804045334816e-01 9.833312487522500103e-03 9.195851477296214105e-01 9.548729865836546038e-01 6.594172569744465306e-01 1.338245382642398555e-02 6.301175644044599844e-01 6.758089750897394721e-01 3.541550161832469623e+00 7.799104014976206145e-02 3.382277742986537827e+00 3.692967327773330144e+00 3.579775791983512701e+00 2.233759389241832954e-02 3.536667552932124980e+00 3.607705098834370183e+00
6.865829145728643557e-01 9.420044011150748853e-01 9.679939235912789555e-03 9.222922677674484371e-01 9.558974000292731477e-01 6.541537799022727473e-01 1.240773486585759408e-02 6.250123275554160251e-01 6.707230750441498524e-01 3.511431398002318183e+00 7.654179526140317269e-02 3.364644685501204435e+00 3.670469602540870291e+00 3.552223917619648397e+00 2.330892828161680239e-02 3.513143040668322392e+00 3.580387380630387639e+00
6.915577889447236393e-01 9.437993874225110158e-01 9.816282521528905958e-03 9.244552073670159187e-01 9.586948798983626618e-01 6.508441597444570847e-01 1.278728761708755601e-02 6.209773029967463609e-01 6.679415162462875033e-01 3.485438423077694914e+00 7.151378148781278865e-02 3.338727968168545779e+00 3.624846951641144344e+00 3.529526534252966918e+00 2.695273010205614592e-02 3.485019940300246866e+00 3.568693695864675330e+00
6.965326633165829229e-01 9.450928816741959171e-01 9.781125384435922221e-03 9.255631752208645091e-01 9.602745947965728446e-01 6.475483840923608181e-01 1.405542451274801978e-02 6.171071099595665244e-01 6.699373770136611839e-01 3.466260252883491155e+00 7.253910233660346152e-02 3.314288144438386929e+00 3.610470962281623564e+00 3.509095147237920376e+00 2.696297450632528792e-02 3.465502012553985711e+00 3.544153133995875393e+00
7.015075376884422065e-01 9.462663568022693372e-01 9.609483754376223208e-03 9.279865098398256684e-01 9.608867311341680040e-01 6.396622047517512843e-01 1.500096867116266011e-02 6.119865529873627086e-01 6.679522973428154708e-01 3.440539626148267693e+00 7.047540042112511449e-02 3.298528557665391769e+00 3.582824009700637191e+00 3.483449318836854935e+00 2.812838561420432162e-02 3.439187381024322754e+00 3.529193152596563188e+00
7.064824120603014901e-01 9.470390035031973630e-01 9.465857024158291083e-03 9.289724725464422184e-01 9.624900974236835216e-01 6.342261435859807284e-01 1.488929675641095102e-02 6.124382219699665564e-01 6.641033554977365805e-01 3.406473750563508762e+00 7.099826724939026223e-02 3.267640556270648755e+00 3.552332733861621517e+00 3.459495409037347535e+00 2.680266389590552079e-02 3.421021878597573007e+00 3.513566452454056854e+00
7.114572864321608847e-01 9.480091298340811434e-01 9.957247232094372166e-03 9.290047263316755233e-01 9.639626055901704405e-01 6.295821285855722760e-01 1.730669899764200256e-02 6.054418448409168985e-01 6.624754502843108739e-01 3.383437756217818837e+00 7.124363589877356906e-02 3.256890619939632359e+00 3.540641186885868930e+00 3.434907385007375691e+00 2.799674463575395691e-02 3.392926589202843957e+00 3.490001499689388886e+00
7.164321608040201683e-01 9.487676447929166423e-01 9.974413996621812536e-03 9.298327086942177466e-01 9.641344039310640879e-01 6.244922434260373745e-01 1.878374398152870758e-02 5.920413719301710342e-01 6.578177606964624724e-01 3.362984477860992083e+00 7.282159355956324687e-02 3.248193695068064990e+00 3.526103551064532216e+00 3.413188435534662002e+00 2.642949507107151749e-02 3.368372663847857051e+00 3.459353244154131701e+00
7.214070351758794519e-01 9.501176928755654671e-01 1.000798979817074837e-02 9.314933146793997754e-01 9.646917818224524099e-01 6.181441718725284584e-01 1.722151570968725315e-02 5.860129734742084429e-01 6.474416134469220818e-01 3.333679296862849917e+00 7.449030583839291730e-02 3.223013457725210529e+00 3.502594346941670711e+00 3.388342155019276269e+00 2.792738656896538718e-02 3.348631681361663670e+00 3.434062550646235223e+00
7.263819095477387355e-01 9.512499087584345148e-01 9.798427606118804631e-03 9.341526414058363148e-01 9.659961273945086857e-01 6.140941279383500540e-01 1.599354951927825161e-02 5.825227560216933442e-01 6.418093381739333747e-01 3.298107304962069719e+00 7.439404483169657911e-02 3.173255226838894494e+00 3.458899134629418004e+00 3.370942530584021934e+00 2.930661267908164086e-02 3.328937182648947335e+00 3.425434669538639287e+00
7.313567839195980191e-01 9.525853358520828262e-01 9.581236332143519205e-03 9.354898431230875833e-01 9.666714397655229440e-01 6.093099646794212232e-01 1.781398737314789787e-02 5.718825676158366678e-01 6.382586691127944967e-01 3.274389023960052381e+00 7.352777662898293820e-02 3.159024886628280626e+00 3.429513536427890141e+00 3.347894213549685194e+00 2.961616650930566988e-02 3.311786403357395159e+00 3.409919448086195626e+00
7.363316582914573027e-01 9.537183926667278655e-01 9.314527868574933728e-03 9.375995143098404538e-01 9.667548975671084177e-01 6.054371164664056337e-01 1.806982180746555949e-02 5.690415240211014192e-01 6.333735832817916078e-01 3.248992962448244981e+00 7.312756453879321050e-02 3.134921557221409749e+00 3.405191568275709457e+00 3.328864554149018939e+00 3.043778411713568208e-02 3.290617346201412552e+00 3.395023266295514208e+00
7.413065326633165864e-01 9.545254900537972764e-01 9.004198010424718096e-03 9.388485465284452935e-01 9.658733651602533499e-01 5.985937952786721805e-01 1.764273883973509552e-02 5.627512159382161983e-01 6.256528457515655450e-01 3.215604166514318685e+00 7.183143276126580101e-02 3.109846477876045512e+00 3.364653658323899066e+00 3.311406442656712024e+00 3.159754679367491464e-02 3.266852239499917765e+00 3.378177087515609855e+00
7.462814070351758700e-01 9.560891474202882767e-01 8.685822956453183308e-03 9.402095134362293827e-01 9.680512508895599000e-01 5.919743959191509086e-01 1.777523782608114028e-02 5.609325749860026855e-01 6.209926338260385315e-01 3.187276518687492732e+00 6.596152347764092094e-02 3.097786053546433216e+00 3.319461815862399412e+00 3.291279907890847234e+00 3.173396348904829883e-02 3.246303667353212852e+00 3.357414159032398704e+00
7.512562814070351536e-01 9.569185084703732969e-01 8.788359508965011557e-03 9.410825566670290021e-01 9.691454201996974049e-01 5.866279196270124396e-01 1.715630875352807880e-02 5.572662667210472875e-01 6.098437665249909490e-01 3.155256883236817966e+00 6.631793123619052210e-02 3.073565262679029964e+00 3.286451220586006805e+00 3.270289834676232577e+00 3.119580465824203439e-02 3.225571672744709684e+00 3.337498709295962929e+00
7.562311557788945482e-01 9.579231155801620767e-01 8.596305167619625043e-03 9.418036056027437875e-01 9.708225242529017196e-01 5.799780294195036046e-01 1.475091524006784394e-02 5.555113118648030701e-01 6.047510873714040391e-01 3.120704572435480273e+00 6.237917193411639943e-02 3.049589657760630512e+00 3.247213944336447167e+00 3.251554659358597554e+00 3.293440523830249572e-02 3.195331978471485090e+00 3.317951858447293567e+00
7.612060301507538318e-01 9.591577071631653961e-01 8.524170481722017495e-03 9.426450324202682030e-01 9.716553996898057433e-01 5.736851427390970981e-01 1.456210703125153383e-02 5.465649461037205281e-01 5.992210780876581211e-01 3.086131732864753729e+00 6.232932435097538609e-02 3.006692347392446951e+00 3.216522729307661255e+00 3.231684088635657481e+00 3.101552456204035094e-02 3.178963386893566945e+00 3.298347912142993721e+00
7.661809045226131154e-01 9.598507432922934735e-01 7.882504941068561866e-03 9.454640483725034183e-01 9.718944265313624875e-01 5.695143159863516047e-01 1.410486187306253872e-02 5.449409788034829116e-01 5.938245889446510661e-01 3.054740205659552732e+00 5.964075506387414571e-02 2.987373778645507016e+00 3.177917472787434416e+00 3.210950792747344629e+00 3.059399172263014416e-02 3.161911860749906822e+00 3.275863030597586878e+00
7.711557788944723990e-01 9.603958056457303494e-01 7.439686570716029165e-03 9.467996323920296886e-01 9.714114258157469095e-01 5.634336164542851355e-01 1.495249617732405216e-02 5.369863219477009064e-01 5.897334894573746933e-01 3.024064392730294148e+00 5.972621839545495109e-02 2.953999579996938074e+00 3.147600262256383896e+00 3.192517882151643782e+00 3.061537967406033692e-02 3.150811325416848163e+00 3.258897915017890501e+00
7.761306532663316826e-01 9.605630901329323956e-01 7.211883037472058972e-03 9.484543883010321252e-01 9.730657641110050937e-01 5.584879564788702844e-01 1.532477457745121639e-02 5.330356212650739778e-01 5.845050290142838056e-01 2.993679669416312805e+00 5.346576386459754582e-02 2.929493529300877697e+00 3.098124850788116724e+00 3.176733265488952185e+00 3.105546027999173120e-02 3.140245325948374688e+00 3.246318792115170382e+00
7.811055276381909662e-01 9.607780902944476065e-01 7.575120213274921452e-03 9.472945797279096469e-01 9.722249957258930486e-01 5.543853596870358391e-01 1.566585251929224210e-02 5.284067061553413547e-01 5.829727773082001852e-01 2.959070637053353270e+00 5.478549217940412858e-02 2.895113921330695117e+00 3.059955611662188435e+00 3.159233398098160617e+00 2.963131383420139139e-02 3.125886675606660781e+00 3.221285773196807423e+00
7.860804020100502498e-01 9.607519498083139098e-01 7.534875297234694229e-03 9.469726013895379824e-01 9.707627414948299949e-01 5.484313108444444085e-01 1.713578429393532165e-02 5.217573440616767311e-01 5.787122915370694898e-01 2.928653388376180278e+00 5.577058285026250534e-02 2.866228655432633943e+00 3.030208625784127641e+00 3.136517634389185183e+00 2.631212386029352715e-02 3.109282598349025761e+00 3.193354403563167132e+00
7.910552763819095334e-01 9.616896754503232447e-01 7.589445836490770966e-03 9.480661093509614723e-01 9.718192597677779432e-01 5.424317690774066447e-01 1.810840354753735434e-02 5.152408742821418253e-01 5.753570427843986979e-01 2.894516777877863767e+00 5.627558208629074299e-02 2.824886709818721364e+00 2.996230889606014358e+00 3.116196634200987692e+00 2.582672344224395955e-02 3.090430737568076847e+00 3.172377612198789887e+00
7.960301507537689281e-01 9.622452104403578232e-01 7.345995491235383229e-03 9.485042586936983655e-01 9.727609360148207207e-01 5.368088650849112131e-01 1.758509595376310866e-02 5.066931170056769851e-01 5.655027161077181841e-01 2.856114604673497759e+00 5.648873599109480170e-02 2.785298910282172802e+00 2.959553218331987257e+00 3.099948819423849589e+00 2.465994313993458836e-02 3.070265258856652579e+00 3.148485146719480099e+00
8.010050251256282117e-01 9.629446799210252816e-01 7.767923779904459085e-03 9.497525240804212121e-01 9.748043503116593511e-01 5.307193876499318730e-01 1.649381731795313000e-02 5.017442118676423979e-01 5.595322913640951024e-01 2.825399843119168253e+00 5.551121613643980601e-02 2.748565331079104723e+00 2.920084552734602212e+00 3.083256014437003145e+00 2.451307687825120610e-02 3.054569495509588783e+00 3.128460203044758359e+00
8.059798994974874953e-01 9.632233740066815653e-01 7.429371585186631509e-03 9.494483400285067543e-01 9.751892421889164497e-01 5.250537335565053088e-01 1.661689132695587032e-02 4.956011359807890315e-01 5.553707350145981048e-01 2.790211827964040214e+00 5.465844933316038601e-02 2.708015569123635835e+00 2.879269009353527586e+00 3.062951541306135006e+00 2.354899140243016040e-02 3.035906419397642164e+00 3.106966088724953057e+00
8.109547738693467789e-01 9.634890043915245172e-01 7.494165840603608103e-03 9.497263312860387829e-01 9.767642629014448019e-01 5.193365312747549867e-01 1.545541798360387797e-02 4.904837288899954184e-01 5.464039199701826721e-01 2.757239658011285677e+00 5.593206223496081236e-02 2.670219026354660574e+00 2.839615015136109477e+00 3.045595436858903327e+00 2.118016948322646101e-02 3.018603053704064898e+00 3.085940771282860595e+00
8.159296482412060625e-01 9.642105664595380654e-01 7.352670063503963759e-03 9.505078923067169505e-01 9.773577921635103749e-01 5.121109375530051855e-01 1.454164033228689049e-02 4.877246666383190932e-01 5.366371714570292717e-01 2.728674239355988629e+00 5.641638244444689698e-02 2.639413172515020722e+00 2.815051705391381720e+00 3.028662408005349249e+00 2.168398450427838978e-02 2.998764329116402116e+00 3.067859915714100438e+00
8.209045226130653461e-01 9.648865748963200151e-01 6.874169056714608990e-03 9.530742590824460292e-01 9.771850599716407348e-01 5.062225039597810783e-01 1.547730027679080321e-02 4.827363661571558717e-01 5.346112786858107091e-01 2.698698309575826570e+00 5.737962104763411064e-02 2.614010523202284553e+00 2.796405939096446858e+00 3.011205634771975781e+00 2.321625979577022700e-02 2.982032379822932455e+00 3.051992686519279907e+00
8.258793969849246297e-01 9.646218955753121937e-01 6.838085878561948709e-03 9.531932565267065005e-01 9.750670094732402093e-01 4.991057346740164213e-01 1.603433543705018102e-02 4.739013801574405993e-01 5.277247220294419838e-01 2.667152166813863801e+00 5.675932900928292585e-02 2.584009366133591890e+00 2.763177775428720118e+00 2.995122212074277090e+00 2.460309300795385234e-02 2.962429301732001807e+00 3.040105586199918442e+00
8.308542713567839133e-01 9.655092518149996916e-01 6.370663259654114549e-03 9.551213986806362799e-01 9.745733143227489625e-01 4.923116559092368116e-01 1.596325926667918269e-02 4.693270834998971575e-01 5.252174799379307757e-01 2.630877333210936087e+00 5.483874033943600401e-02 2.545536270647752453e+00 2.722757368540408951e+00 2.979066620377889940e+00 2.422130947289869926e-02 2.946815441019874360e+00 3.025249220278774409e+00
8.358291457286431969e-01 9.656937180875277971e-01 6.030834609418949006e-03 9.553534584045866307e-01 9.735045115531121285e-01 4.843838596148815623e-01 1.670627794866529417e-02 4.606141728230017662e-01 5.132005182289075540e-01 2.596606467959254871e+00 5.224694115382767096e-02 2.513127258553936816e+00 2.678660086512841154e+00 2.961121204967505083e+00 2.421672902804133595e-02 2.928490264534792775e+00 3.002973785827485198e+00
8.408040201005025915e-01 9.659078528252444951e-01 5.570198589966331160e-03 9.567186549641255588e-01 9.735087762858979366e-01 4.789973990366142020e-01 1.576487899927103004e-02 4.553999683338007531e-01 5.042334390733308469e-01 2.554791959281026870e+00 4.894211354698244087e-02 2.480883603087385314e+00 2.630745470370726924e+00 2.943928427329095321e+00 2.477002553738668483e-02 2.911297564664139692e+00 2.987761732397879122e+00
8.457788944723618751e-01 9.660382822776328871e-01 5.069195376028100448e-03 9.580742919943959768e-01 9.736122818661300249e-01 4.720801565086268914e-01 1.650562836170023709e-02 4.466431892802864567e-01 4.991673638045761585e-01 2.518585857885664581e+00 5.155873423113409987e-02 2.441559267134282951e+00 2.593235177333225838e+00 2.930147944959125006e+00 2.308629336167462159e-02 2.900608802018229238e+00 2.971353777011862984e+00
8.507537688442211588e-01 9.666652907832146147e-01 4.486247383178900566e-03 9.596857381882807347e-01 9.727936676994506371e-01 4.641323239642913268e-01 1.715126569309916721e-02 4.395753204449679985e-01 4.934921738653053613e-01 2.485632388026388195e+00 5.328650131951288144e-02 2.402610881385577102e+00 2.561914593580046251e+00 2.916279035675551690e+00 2.273032895128877101e-02 2.887632104385842169e+00 2.955437439534610800e+00
8.557286432160804424e-01 9.666275325524157358e-01 4.564120878918755987e-03 9.601032888519906994e-01 9.735437414025182035e-01 4.567289082586123428e-01 1.777856703036427566e-02 4.292709673347815391e-01 4.875871751153561529e-01 2.446723278290098946e+00 5.530893201013727806e-02 2.355588424955967763e+00 2.530700415370389145e+00 2.900246468022984025e+00 2.170198473675626072e-02 2.874312913101168654e+00 2.936487315280791766e+00
8.607035175879397260e-01 9.666413995611844445e-01 4.531806021190991005e-03 9.607222711956183714e-01 9.733721850971633893e-01 4.483318859013860624e-01 1.811075457570645100e-02 4.226811126199904733e-01 4.823762197935184126e-01 2.409263921049142443e+00 5.639560827739004828e-02 2.326552039427816077e+00 2.496268535780463704e+00 2.883474596570660520e+00 2.058509816452865071e-02 2.857814175353671438e+00 2.918504240684514084e+00
8.656783919597990096e-01 9.668510853509693082e-01 5.021634363636792199e-03 9.589979719684760262e-01 9.734597398141372482e-01 4.399983716533187317e-01 1.703648270291188704e-02 4.136891744244023394e-01 4.698244495528047793e-01 2.371286893647526206e+00 6.027654019241397709e-02 2.285534022140137456e+00 2.462070446713287009e+00 2.867331372542117673e+00 2.179267851302683565e-02 2.835966107204590081e+00 2.902697028811828339e+00
8.706532663316582932e-01 9.670246267883859659e-01 4.904693318055692794e-03 9.583283851955841648e-01 9.741090927492374041e-01 4.326315406660458107e-01 1.619194008902664211e-02 4.083429953555228753e-01 4.638139480039850104e-01 2.334296385963032350e+00 5.589652648901483056e-02 2.255478078791030683e+00 2.429832816121675343e+00 2.852628596661390681e+00 2.269235635561282771e-02 2.818190543243395574e+00 2.885798107756547104e+00
8.756281407035175768e-01 9.671798132354773037e-01 4.661945544104573701e-03 9.603099695394602398e-01 9.733718167516187680e-01 4.240177732826824197e-01 1.550463163708799656e-02 3.974995864547182789e-01 4.514806883486474076e-01 2.296914142995483576e+00 6.149953503396603238e-02 2.211652558679795710e+00 2.412033394227813154e+00 2.837572222471034689e+00 2.050262313804462888e-02 2.806408696791066859e+00 2.869877237853595275e+00
8.806030150753769714e-01 9.673155995419190356e-01 4.794337597972713090e-03 9.594166654761248081e-01 9.739256893479176780e-01 4.139725724761026404e-01 1.503561225475853746e-02 3.892425135057583918e-01 4.416607981719867793e-01 2.253984759068843768e+00 6.250373620509920569e-02 2.175058915172868090e+00 2.376540160199629881e+00 2.822958482496402244e+00 2.045403417455529324e-02 2.788223730674614931e+00 2.859088860163037094e+00
8.855778894472362550e-01 9.667000290557499209e-01 4.461044355677363377e-03 9.586815186449122450e-01 9.726344425848105768e-01 4.075667063666368328e-01 1.586117592578776408e-02 3.772459020171690658e-01 4.361651302316443823e-01 2.217892345874807880e+00 6.162007399351224213e-02 2.143323849897482702e+00 2.345329623473438208e+00 2.808278559006736064e+00 2.021399906605968536e-02 2.772139193169555149e+00 2.845414638163265231e+00
8.905527638190955386e-01 9.658770956532475305e-01 4.253191292891349111e-03 9.591297725588707745e-01 9.724242867228477527e-01 3.976352184621850250e-01 1.558735573524844438e-02 3.707569092049961545e-01 4.247676610563876909e-01 2.177060198898802312e+00 6.382669787993355826e-02 2.098851185019937837e+00 2.310287373015305512e+00 2.791221245283598495e+00 1.875993803113355091e-02 2.761937519217905646e+00 2.827614236816328397e+00
8.955276381909548222e-01 9.664377040911947825e-01 4.404580061542896600e-03 9.601463377629281259e-01 9.719843076793290848e-01 3.886324973679881056e-01 1.438079038631704699e-02 3.622993551812599966e-01 4.090243220773979727e-01 2.137750243266555383e+00 6.400569198420569261e-02 2.060599981825484317e+00 2.266561855221978838e+00 2.773786149633272302e+00 1.720022416549268213e-02 2.748563854882072111e+00 2.806675561455554746e+00
9.005025125628141058e-01 9.659271815315907395e-01 4.239839699767009550e-03 9.599395907577670251e-01 9.728542989276258712e-01 3.818821193192200592e-01 1.368691240436807795e-02 3.582075583011131159e-01 4.014195496348324510e-01 2.098663348767259684e+00 6.020065223869756899e-02 2.026871401498809178e+00 2.211193562922138423e+00 2.755215363181310106e+00 1.761067763838821201e-02 2.725494491704194999e+00 2.783661117111656313e+00
9.054773869346733894e-01 9.653715161245773890e-01 4.582039281354766298e-03 9.572506804530332980e-01 9.743986751114510625e-01 3.754206617778123589e-01 1.243658499922751723e-02 3.567514129549028690e-01 3.965222164056573795e-01 2.062963781208687841e+00 5.812900612129139749e-02 1.990703991351678193e+00 2.161723893252395001e+00 2.739442571732511489e+00 1.857078655871999273e-02 2.710447960186086469e+00 2.770629556564060181e+00
9.104522613065326730e-01 9.646631788781723227e-01 4.207800086241706740e-03 9.575151480544497051e-01 9.731495521817898897e-01 3.674677142230226012e-01 1.234915287733609479e-02 3.501120049515462074e-01 3.913136161934497870e-01 2.024885283489672894e+00 5.836064088622527207e-02 1.937871266731582276e+00 2.116822421306181035e+00 2.723173862507152876e+00 1.776850149206760446e-02 2.696020836039740853e+00 2.749895641041715244e+00
9.154271356783919567e-01 9.640372012232296672e-01 4.020245361537897258e-03 9.575387216447536209e-01 9.726132030552528951e-01 3.596595117734546210e-01 1.078750349408408998e-02 3.462982978179058868e-01 3.815521438254398379e-01 1.983647178241634945e+00 5.476958235738775549e-02 1.906220622617997185e+00 2.074715658908231841e+00 2.705624654707076360e+00 1.592720990079944665e-02 2.678622329817932801e+00 2.731171400252073500e+00
9.204020100502512403e-01 9.640379311258800987e-01 3.840858594677400151e-03 9.587706744131185843e-01 9.728876251958090693e-01 3.518967184279462868e-01 9.848035052479903878e-03 3.394858768325346721e-01 3.716706699757748589e-01 1.945524205874780588e+00 5.259279063931458775e-02 1.881162137165392823e+00 2.038578571402214656e+00 2.690382836181781645e+00 1.603197736563854309e-02 2.666721161283451824e+00 2.717223153190897911e+00
9.253768844221106349e-01 9.635862901020466609e-01 3.335071114323315353e-03 9.595840238876736095e-01 9.710353860017219008e-01 3.438791219006547273e-01 1.007692494960150606e-02 3.323106848092506338e-01 3.597442554814760940e-01 1.902991250010753976e+00 5.092630579211116643e-02 1.839766660205647497e+00 1.995277716671013168e+00 2.674246322238299278e+00 1.474863677903988715e-02 2.652940532445243527e+00 2.699934627393710151e+00
9.303517587939699185e-01 9.632850084930518753e-01 3.417048275824511889e-03 9.585320354358257688e-01 9.703686741136129390e-01 3.376062417434835261e-01 9.742898725250238173e-03 3.264808146730847072e-01 3.520574036651408778e-01 1.866316763544213275e+00 4.713945559280954822e-02 1.808423817639349229e+00 1.948426006550751932e+00 2.657359976064449292e+00 1.356035641350104501e-02 2.639338846368032954e+00 2.682678253844043237e+00
9.353266331658292021e-01 9.631856513124951169e-01 3.324742685294290387e-03 9.571723557697230378e-01 9.695592464854394521e-01 3.313033582340537686e-01 9.624219699414847048e-03 3.207468344601572263e-01 3.465815387748471532e-01 1.828899087785299304e+00 4.732403783992924357e-02 1.766211057375898230e+00 1.914016036663729992e+00 2.641281021629169778e+00 1.309250668475946296e-02 2.621433862190392095e+00 2.663810021504014802e+00
9.403015075376884857e-01 9.627395033784372780e-01 2.814889857391662548e-03 9.574547509495979769e-01 9.687464408153320106e-01 3.257734752894296260e-01 1.000946464451553386e-02 3.158176423594543092e-01 3.428861525970064439e-01 1.793375807131803557e+00 4.544499281902703025e-02 1.730820357996181835e+00 1.874655884059193811e+00 2.624772541655592040e+00 1.155779244260444517e-02 2.607189924023339156e+00 2.643685798021607969e+00
9.452763819095477693e-01 9.620631297737765042e-01 2.447762620490810670e-03 9.589284167969048811e-01 9.680543186900748553e-01 3.195520710531737918e-01 8.133609982473768985e-03 3.087231346172931157e-01 3.356739044559047813e-01 1.752768483895293716e+00 4.227393352277021565e-02 1.696899909561902842e+00 1.834389846375565236e+00 2.607197115017631628e+00 1.147150341914569306e-02 2.590456694479076116e+00 2.621740886816494420e+00
9.502512562814070529e-01 9.613228063307479587e-01 2.466087332201635611e-03 9.584316956514415953e-01 9.674971147298506713e-01 3.123006774919340200e-01 7.934474020225689567e-03 3.026807401555569044e-01 3.258120010881500606e-01 1.714067173598100124e+00 3.834802056096441730e-02 1.661989610244434923e+00 1.787326538257191899e+00 2.586694648534415109e+00 1.083029210972910605e-02 2.568397069974460933e+00 2.601304785542325693e+00
9.552261306532663365e-01 9.605109286416235737e-01 1.714414117813746865e-03 9.581774520241583826e-01 9.649148931285045361e-01 3.064095903036074264e-01 7.017204723518910559e-03 2.961669755127084858e-01 3.185680544698883954e-01 1.675023726979667060e+00 3.616445597251791155e-02 1.625209059051573979e+00 1.732653269020831832e+00 2.569918179880501530e+00 1.130690098629493802e-02 2.551988376522852153e+00 2.585225892246519663e+00
9.602010050251256201e-01 9.593972439943433406e-01 2.201810589970101210e-03 9.553762215539383096e-01 9.640810726274036124e-01 2.986233139322415076e-01 6.636305644382990004e-03 2.865769759117847704e-01 3.103100246121426875e-01 1.638318944140343403e+00 3.611105721520578571e-02 1.589940267445137057e+00 1.700869057264642326e+00 2.549318056678078648e+00 9.161043049707802768e-03 2.533736439816668629e+00 2.565235560199882858e+00
9.651758793969849037e-01 9.579380166543274289e-01 2.304071764021852712e-03 9.540941011206630629e-01 9.627784709926500151e-01 2.916902947785408595e-01 7.527434751963060777e-03 2.817104286618201670e-01 3.044409755496524927e-01 1.598641941871320471e+00 3.189847678249853324e-02 1.560709258167498170e+00 1.655383125743641104e+00 2.530683025891213411e+00 8.463643122456468437e-03 2.515815307947546486e+00 2.547711069274979589e+00
9.701507537688442984e-01 9.564874873463466987e-01 1.921115706946403042e-03 9.532076805959321941e-01 9.591348089955521461e-01 2.856042556669854959e-01 6.416666371094561019e-03 2.767354696626249111e-01 2.959223825405664088e-01 1.556845042501267651e+00 3.187537309606987279e-02 1.514626855343039979e+00 1.609913994644582402e+00 2.512316021093050189e+00 8.245518808412666961e-03 2.493178550478375666e+00 2.526454379937656203e+00
9.751256281407035820e-01 9.554266936708419866e-01 2.105610926043288440e-03 9.516771261337214627e-01 9.590480698834502604e-01 2.792914911232919906e-01 5.346826831451573225e-03 2.725437381669679748e-01 2.862916633366077157e-01 1.511121323202564204e+00 3.277262215005528889e-02 1.464165316854987964e+00 1.563573050536313458e+00 2.493799542408994263e+00 5.912076452961677331e-03 2.481090522826788103e+00 2.506182897846772839e+00
9.801005025125628656e-01 9.538823020484255011e-01 1.602922458783822678e-03 9.513827469471949350e-01 9.572428785517240746e-01 2.719962010243771600e-01 5.955414954680894254e-03 2.624198946288061052e-01 2.802786074251465420e-01 1.460696206261050900e+00 2.362439230544557955e-02 1.424796388801860214e+00 1.500968456743571267e+00 2.473196375171041961e+00 4.905767482755333218e-03 2.465952303404779666e+00 2.482308197120044468e+00
9.850753768844221492e-01 9.516492709199827482e-01 1.089404531484995534e-03 9.494545505610728631e-01 9.531690812892220643e-01 2.632121530022503708e-01 4.704560409000121957e-03 2.559990776446688376e-01 2.724628698701138663e-01 1.414419186265420070e+00 2.320327720512412734e-02 1.371009368500764047e+00 1.447256443548857963e+00 2.450635191678954605e+00 5.591111765545850841e-03 2.440702961041128827e+00 2.460284825807582454e+00
9.900502512562814328e-01 9.496034678953041430e-01 1.049287290154094637e-03 9.479868625475781352e-01 9.512359129253795675e-01 2.516871452669023901e-01 3.618408208758548249e-03 2.460550083443152902e-01 2.561364959880896852e-01 1.360063721815760074e+00 2.203030065172542976e-02 1.325610445117194169e+00 1.389233175379028351e+00 2.427976471761626787e+00 4.156532036009771662e-03 2.420658758507563402e+00 2.434259755445388862e+00
9.950251256281407164e-01 9.467819996377631053e-01 7.745717482376471286e-04 9.456873214386528614e-01 9.478850517309025392e-01 2.410659328536680357e-01 2.726553448908186714e-03 2.371553034474354893e-01 2.457998733197740426e-01 1.294557217208429423e+00 1.597282316900370397e-02 1.271554705833118915e+00 1.321154857977731689e+00 2.401357089913379816e+00 2.375539808836371874e-03 2.397538188130406311e+00 2.404443265889403047e+00
1.000000000000000000e+00 9.404790750976077529e-01 4.510463669820867320e-04 9.400521928401831540e-01 9.414763153683647356e-01 2.289097147148084210e-01 8.371945448677512672e-04 2.277550751818520347e-01 2.302259402437527858e-01 1.200210331067571357e+00 2.756258107312897429e-03 1.195005857882925904e+00 1.204639328088406236e+00 2.362305708316037922e+00 1.132943236750348246e-03 2.361233460756050562e+00 2.364810587421325661e+00
