# FPR	TPR_MEAN	TPR_STD	TPR_MIN	TPR_MAX
0.000000000000000000e+00 2.133340797133900096e-02 6.850655205564764628e-03 1.063591580832960216e-02 3.207568293775190510e-02
2.004008016032063962e-03 1.273891603179489185e-01 8.487754772948417209e-03 1.167599417374830251e-01 1.416256157635467916e-01
4.008016032064127925e-03 1.806795745543931520e-01 7.027783357825147237e-03 1.719659650694133346e-01 1.939095387371249368e-01
6.012024048096191453e-03 2.157411553963277662e-01 7.211152569330592406e-03 2.066166592028660931e-01 2.289520824003582755e-01
8.016032064128255849e-03 2.402877295118674428e-01 8.138136774140502377e-03 2.282803403493058603e-01 2.544782803403493054e-01
1.002004008016032024e-02 2.594939543215405431e-01 7.050989821980553629e-03 2.504478280340349250e-01 2.708799820868786346e-01
1.202404809619238291e-02 2.766625615763546597e-01 8.418618030641410524e-03 2.607478728168383109e-01 2.898007165248544514e-01
1.402805611222444730e-02 2.946652485445588887e-01 6.987429203964749466e-03 2.811800268696820204e-01 3.075459023734885555e-01
1.603206412825651170e-02 3.109549932825794727e-01 6.647995946913039592e-03 3.001567398119122099e-01 3.208687863860277822e-01
1.803607214428857436e-02 3.251679355127631288e-01 6.878152418116328243e-03 3.156627854903716890e-01 3.382221227048813339e-01
2.004008016032064049e-02 3.387819077474250595e-01 6.560527854498892676e-03 3.282579489476041279e-01 3.519928347514554301e-01
2.204408817635270315e-02 3.500951634572324056e-01 7.643493230833952115e-03 3.362628750559785162e-01 3.634684281236005288e-01
2.404809619238476581e-02 3.620185848634124848e-01 7.379081674632074171e-03 3.525526197939991002e-01 3.781907747424989030e-01
2.605210420841683194e-02 3.731359158083295546e-01 7.502082422111886438e-03 3.607814599193909788e-01 3.893304970891177663e-01
2.805611222444889460e-02 3.836206896551724310e-01 6.816012191042886137e-03 3.728728168383340646e-01 3.961598746081504974e-01
3.006012024048096073e-02 3.921798029556650134e-01 6.334157605511672035e-03 3.814375279892521231e-01 4.023175100761307577e-01
3.206412825651302340e-02 4.000783699059560772e-01 6.230535774828741685e-03 3.886027765338110340e-01 4.099865651589789661e-01
3.406813627254508953e-02 4.082064487236901629e-01 6.572496234419150478e-03 3.968316166592028571e-01 4.192230183609493843e-01
3.607214428857714872e-02 4.160378414688760129e-01 6.393149571184733072e-03 4.047245857590685003e-01 4.262763098969995501e-01
3.807615230460921485e-02 4.235109717868338342e-01 6.193671778317067465e-03 4.119458128078817838e-01 4.317622033139274507e-01
4.008016032064128098e-02 4.302004030452306615e-01 6.550702536671294471e-03 4.170398566950291319e-01 4.391513658755037963e-01
4.208416833667334017e-02 4.372760859829825653e-01 6.701506096128339099e-03 4.234773846842812550e-01 4.459807433945364719e-01
4.408817635270540630e-02 4.445532915360501103e-01 6.587376182835178243e-03 4.306986117330944830e-01 4.539856695029108602e-01
4.609218436873747243e-02 4.507221227048813783e-01 6.427397644621803477e-03 4.379758172861621390e-01 4.603112404836542937e-01
4.809619238476953162e-02 4.565942678011644107e-01 5.619093146817280907e-03 4.456448723690102920e-01 4.644536497984773638e-01
5.010020040080159776e-02 4.622816838334078970e-01 5.732144168878371138e-03 4.508508732646663852e-01 4.699955217196596369e-01
5.210420841683366389e-02 4.676332288401254256e-01 5.416035279990905928e-03 4.569525302283922730e-01 4.746977160770264326e-01
5.410821643286573002e-02 4.727944469323779875e-01 5.162541492424776828e-03 4.629982086878638436e-01 4.801276309896999606e-01
5.611222444889778921e-02 4.783866995073891570e-01 4.640712537195682864e-03 4.689319301388266692e-01 4.849417823555754459e-01
5.811623246492985534e-02 4.840069413345274851e-01 5.394135260409991736e-03 4.735221674876847198e-01 4.926668159426780269e-01
6.012024048096192147e-02 4.887539184952978677e-01 4.949174131800393277e-03 4.790640394088669929e-01 4.972010747872817049e-01
6.212424849699398066e-02 4.934057321988356004e-01 4.779777615402967979e-03 4.832624272279444910e-01 5.013994626063591475e-01
6.412825651302604679e-02 4.978224361845051682e-01 4.756687553005254331e-03 4.883004926108374111e-01 5.052619793999104658e-01
6.613226452905811292e-02 5.025134348410210672e-01 4.833149824342012311e-03 4.924429019256605367e-01 5.099081952530228889e-01
6.813627254509017905e-02 5.070085087326466899e-01 4.501507164578268626e-03 4.984885803851321073e-01 5.148343036274071194e-01
7.014028056112224518e-02 5.114308105687415118e-01 4.061648438824439628e-03 5.037505597850425731e-01 5.190326914464845620e-01
7.214428857715429744e-02 5.158531124048366667e-01 3.675004792032162890e-03 5.085087326466636304e-01 5.225033587102552168e-01
7.414829659318636357e-02 5.197156291983877630e-01 3.879419392329185902e-03 5.112516793551276084e-01 5.261419614867890449e-01
7.615230460921842970e-02 5.238748320644871503e-01 3.781864827013889027e-03 5.161777877295118389e-01 5.305082848186296607e-01
7.815631262525049583e-02 5.274742498880430341e-01 3.586540626990760133e-03 5.197044334975369217e-01 5.334191670398567009e-01
8.016032064128256196e-02 5.312192118226600757e-01 3.350120565690434000e-03 5.239587998208687925e-01 5.375615763546798265e-01
8.216432865731462809e-02 5.346786833855798893e-01 3.033730235236180468e-03 5.288289296909987058e-01 5.405844155844156118e-01
8.416833667334668034e-02 5.381437527989251235e-01 3.211351694303448811e-03 5.321316614420062985e-01 5.445029108822212471e-01
8.617234468937874647e-02 5.411945812807881229e-01 3.488987983997603268e-03 5.358822212270487606e-01 5.487572772055531178e-01
8.817635270541081260e-02 5.448499776085983237e-01 3.312470934201629334e-03 5.391289744738020362e-01 5.513322884012539227e-01
9.018036072144287874e-02 5.479679802955665924e-01 3.604898325827877309e-03 5.419838781907747594e-01 5.545230631437527702e-01
9.218436873747494487e-02 5.518752798925212755e-01 3.563334102067717592e-03 5.460143304970891398e-01 5.577698163905060458e-01
9.418837675350701100e-02 5.551668159426779159e-01 3.576167806532863820e-03 5.497089117778772849e-01 5.609046126287505762e-01
9.619238476953906325e-02 5.589397671294222825e-01 3.514491705777255878e-03 5.527877295118674983e-01 5.643193013882669140e-01
9.819639278557112938e-02 5.619570085087326472e-01 3.685732866542398324e-03 5.553627407075683031e-01 5.667263770712046567e-01
1.002004008016031955e-01 5.646775638154948318e-01 3.456753091706105726e-03 5.585535154500671506e-01 5.695253022839229518e-01
1.022044088176352616e-01 5.678179579041647829e-01 3.488700567976406319e-03 5.612964621585311287e-01 5.723242274966412468e-01
1.042084168336673278e-01 5.710591133004925268e-01 3.237106752989326285e-03 5.648231079265562116e-01 5.753470667263770322e-01
1.062124248496993939e-01 5.740595611285266298e-01 3.327214620869988447e-03 5.676220331392745067e-01 5.786497984773847358e-01
1.082164328657314600e-01 5.769200626959247735e-01 3.221313657516009041e-03 5.713725929243170798e-01 5.816166592028660931e-01
1.102204408817635123e-01 5.796294223018361169e-01 3.017989051480181231e-03 5.747313031795789895e-01 5.839677563815495187e-01
1.122244488977955784e-01 5.823275862068965081e-01 2.789398250943058225e-03 5.783139274518585005e-01 5.871025526197940492e-01
1.142284569138276445e-01 5.853448275862067618e-01 2.884082946071564024e-03 5.811128526645767955e-01 5.892297357814598735e-01
1.162324649298597107e-01 5.881437527989252789e-01 2.563937715745158961e-03 5.845835199283475614e-01 5.918047469771607894e-01
1.182364729458917768e-01 5.908978952082399871e-01 2.551760330164660941e-03 5.876063591580833467e-01 5.947716077026421466e-01
1.202404809619238429e-01 5.939151365875503519e-01 2.502689933154971479e-03 5.904612628750559589e-01 5.979064039408866771e-01
1.222444889779558952e-01 5.966468875951633777e-01 2.680341741379392920e-03 5.927563815494849564e-01 6.003694581280788478e-01
1.242484969939879613e-01 5.997145096283026389e-01 2.654945440478470239e-03 5.957792207792207417e-01 6.038401253918495026e-01
1.262525050100200275e-01 6.022111509180474442e-01 2.434704586995571282e-03 5.981303179579041673e-01 6.060792655620241831e-01
1.282565130260520936e-01 6.048813255709808434e-01 2.433513772100116910e-03 6.002015226153156746e-01 6.091021047917599684e-01
1.302605210420841597e-01 6.072716077026421022e-01 2.489130630168382742e-03 6.030004478280340807e-01 6.122928795342588160e-01
1.322645290581162258e-01 6.098969995521719145e-01 2.492118749277549925e-03 6.056874160322436307e-01 6.149798477384684769e-01
1.342685370741482920e-01 6.126119570085087895e-01 2.059377580476971868e-03 6.092140618002687136e-01 6.168271383788624940e-01
1.362725450901803581e-01 6.150302283922973734e-01 1.768858731843487176e-03 6.120129870129870087e-01 6.185064935064935598e-01
1.382765531062124242e-01 6.170454545454544526e-01 1.832892155446298440e-03 6.138602776533811367e-01 6.207456336766681293e-01
1.402805611222444904e-01 6.194357366771160445e-01 1.891410860276842220e-03 6.162113748320644513e-01 6.224809673085535122e-01
1.422845691382765287e-01 6.218875951634571519e-01 2.248664250031944412e-03 6.184505150022391318e-01 6.254478280340349805e-01
1.442885771543085949e-01 6.243058665472458468e-01 2.100827845964524983e-03 6.204657411553963220e-01 6.267913121361397000e-01
1.462925851703406610e-01 6.267241379310345417e-01 2.244563517232902108e-03 6.232086878638603000e-01 6.298141513658754853e-01
1.482965931863727271e-01 6.288121361397223108e-01 2.451123498554123262e-03 6.250559785042543171e-01 6.323891625615764012e-01
1.503006012024047933e-01 6.310680698611733641e-01 2.364546862443044420e-03 6.277429467084639780e-01 6.342364532019704182e-01
1.523046092184368594e-01 6.332400358262426643e-01 2.354533347221041649e-03 6.299820868786385475e-01 6.363636363636363535e-01
1.543086172344689255e-01 6.356247201074787245e-01 2.154961575347148772e-03 6.321092700403044828e-01 6.385467980295566059e-01
1.563126252505009917e-01 6.379702194357366185e-01 2.180727396875193225e-03 6.342924317062248463e-01 6.409538737124943486e-01
1.583166332665330578e-01 6.402261531571876718e-01 2.235358427595360818e-03 6.360277653381101182e-01 6.433049708911777742e-01
1.603206412825651239e-01 6.421238244514106963e-01 2.190104877652773816e-03 6.380429914912673084e-01 6.453201970443349644e-01
1.623246492985971901e-01 6.443909538737124798e-01 2.435315860258982067e-03 6.394424540976264559e-01 6.478952082400358803e-01
1.643286573146292562e-01 6.466580832960143743e-01 2.234299795122491206e-03 6.426332288401254145e-01 6.501343484102104497e-01
1.663326653306613223e-01 6.486845051500222947e-01 2.283545636312485014e-03 6.443685624720107974e-01 6.520376175548588948e-01
1.683366733466933607e-01 6.505317957904164228e-01 2.182364903351873345e-03 6.459359605911330071e-01 6.537729511867442778e-01
1.703406813627254268e-01 6.522895208240037102e-01 2.167785194687352809e-03 6.476153157187639620e-01 6.552283922973578534e-01
1.723446893787574929e-01 6.542095835199284171e-01 2.353468405242415198e-03 6.492946708463950278e-01 6.578593819973130863e-01
1.743486973947895591e-01 6.562248096730856073e-01 2.341454432949804237e-03 6.515338110165695973e-01 6.596506941334527863e-01
1.763527054108216252e-01 6.580609046126287831e-01 2.468290245262573426e-03 6.531012091356919180e-01 6.612740707568294241e-01
1.783567134268536913e-01 6.599977608598297518e-01 2.493375833358804639e-03 6.553963278101209156e-01 6.634012539184952484e-01
1.803607214428857575e-01 6.618002686968205150e-01 2.599380394984968871e-03 6.569077474249888082e-01 6.653605015673981216e-01
1.823647294589178236e-01 6.637539184952977456e-01 2.713318003068035562e-03 6.586430810568741911e-01 6.675996417375728020e-01
1.843687374749498897e-01 6.655004478280339697e-01 2.706634487957941277e-03 6.602664576802508289e-01 6.695029108822212471e-01
1.863727454909819559e-01 6.674764890282131047e-01 2.685661721485225074e-03 6.625055978504253984e-01 6.711262875055978849e-01
1.883767535070140220e-01 6.693405732198834945e-01 2.636753935589167264e-03 6.642969099865652094e-01 6.726936856247200947e-01
1.903807615230460881e-01 6.709359605911331403e-01 2.505086537920399314e-03 6.667039856695029520e-01 6.742610837438424154e-01
1.923847695390781265e-01 6.726992834751455153e-01 2.439076640435753566e-03 6.684952978056426520e-01 6.754366323331840727e-01
1.943887775551101926e-01 6.743842364532020017e-01 2.391114453967432395e-03 6.701746529332736069e-01 6.770600089565607105e-01
1.963927855711422588e-01 6.760915808329600596e-01 2.360946093207764909e-03 6.716300940438871825e-01 6.787953425884459824e-01
1.983967935871743249e-01 6.781180026869683131e-01 2.221923567264585345e-03 6.742051052395879873e-01 6.808105687416031726e-01
2.004008016032063910e-01 6.799932825794894331e-01 2.308623012450007703e-03 6.761083743842364324e-01 6.828257948947603628e-01
2.024048096192384572e-01 6.818069861173310375e-01 2.096288480461013827e-03 6.778437080161218153e-01 6.842812360053739384e-01
2.044088176352705233e-01 6.833128078817732876e-01 2.223840756789630026e-03 6.789072995969547275e-01 6.857926556202418311e-01
2.064128256513025894e-01 6.852664576802507401e-01 2.278978341292547255e-03 6.809225257501119177e-01 6.886475593372145543e-01
2.084168336673346555e-01 6.872257053291537243e-01 2.426550324074159843e-03 6.827138378862517287e-01 6.907187639946260616e-01
2.104208416833667217e-01 6.887651141961487200e-01 2.485905729949763887e-03 6.848969995521719811e-01 6.923981191222570164e-01
2.124248496993987878e-01 6.903884908195253578e-01 2.653930201053360683e-03 6.862404836542768116e-01 6.941894312583968274e-01
2.144288577154308539e-01 6.921238244514105187e-01 2.788094809497498189e-03 6.877519032691445933e-01 6.960927004030452725e-01
2.164328657314629201e-01 6.937883828561737243e-01 2.829751701289613761e-03 6.890953873712494238e-01 6.976041200179131652e-01
2.184368737474949584e-01 6.953985669502911193e-01 2.919395728229121512e-03 6.904388714733542542e-01 6.990595611285266298e-01
2.204408817635270246e-01 6.972458575906851364e-01 2.954392511967837611e-03 6.925660546350201896e-01 7.015785938199731175e-01
2.224448897795590907e-01 6.987068965517240215e-01 2.799154715176539396e-03 6.943013882669054615e-01 7.032579489476040724e-01
2.244488977955911568e-01 7.003078817733989769e-01 2.773061197872516825e-03 6.963166144200626517e-01 7.054411106135244358e-01
2.264529058116232230e-01 7.018193013882669806e-01 2.922490761192916668e-03 6.972682489923869298e-01 7.074563367666816260e-01
2.284569138276552891e-01 7.031963725929243347e-01 2.978924387554609480e-03 6.983878190774742700e-01 7.089117778772950906e-01
2.304609218436873552e-01 7.047301836094940208e-01 2.993677861794729906e-03 7.004030452306314602e-01 7.106471115091804736e-01
2.324649298597194214e-01 7.063087774294670718e-01 2.852515399415345328e-03 7.019704433497536700e-01 7.118226600985221308e-01
2.344689378757514875e-01 7.079377519032690191e-01 2.796707585421382650e-03 7.034258844603672456e-01 7.133900582176444516e-01
2.364729458917835536e-01 7.094603672189878640e-01 2.835387222134221150e-03 7.053851321092700077e-01 7.148454993282579162e-01
2.384769539078156197e-01 7.109102104791759080e-01 2.692566054635023038e-03 7.068405732198835834e-01 7.159090909090909394e-01
2.404809619238476859e-01 7.125895656068068629e-01 2.718279508263385467e-03 7.081280788177339858e-01 7.172525750111956588e-01
2.424849699398797520e-01 7.141009852216748666e-01 2.834641132308448642e-03 7.099753694581281138e-01 7.187080161218092345e-01
2.444889779559117904e-01 7.155452306314373789e-01 2.875274173039093616e-03 7.112628750559785162e-01 7.203313927451858723e-01
2.464929859719438565e-01 7.170006717420511766e-01 2.931291271294578747e-03 7.124384236453201735e-01 7.220667263770712552e-01
2.484969939879759226e-01 7.186856247201073300e-01 2.847121977923418659e-03 7.139498432601880662e-01 7.237460815047022100e-01
2.505010020040079888e-01 7.201522615315718578e-01 3.201344049164991153e-03 7.155172413793103869e-01 7.262651141961486978e-01
2.525050100200400549e-01 7.217364532019704404e-01 3.449334383975319936e-03 7.166368114643976162e-01 7.283922973578146332e-01
2.545090180360721210e-01 7.230407523510972156e-01 3.483122703068508314e-03 7.182042095835199369e-01 7.298477384684280977e-01
2.565130260521041872e-01 7.245633676668159495e-01 3.524441480880907262e-03 7.194917151813703393e-01 7.314151365875504185e-01
2.585170340681362533e-01 7.260356023287057869e-01 3.397526301859889186e-03 7.211710703090012942e-01 7.328705776981638831e-01
2.605210420841683194e-01 7.274070756829378315e-01 3.496860264373068215e-03 7.222906403940886344e-01 7.348298253470667563e-01
2.625250501002003856e-01 7.289464845499329382e-01 3.611498657375164598e-03 7.235781459919391478e-01 7.366771159874607733e-01
2.645290581162324517e-01 7.305138826690550369e-01 3.681875211839520570e-03 7.255373936408419100e-01 7.386363636363636465e-01
2.665330661322645178e-01 7.318853560232870814e-01 3.609567572943602875e-03 7.271607702642185478e-01 7.396999552171965586e-01
2.685370741482965840e-01 7.332792207792208083e-01 3.787643928252359786e-03 7.287281683833407575e-01 7.414352888490819415e-01
2.705410821643286501e-01 7.346171070309001072e-01 3.616211374832051500e-03 7.302955665024630783e-01 7.423309449171517915e-01
2.725450901803607162e-01 7.361285266457681109e-01 3.478315251964319253e-03 7.318629646215852880e-01 7.434505150022391318e-01
2.745490981963927823e-01 7.376847290640393684e-01 3.758488654633780277e-03 7.334303627407076087e-01 7.457456336766681293e-01
2.765531062124248485e-01 7.392409314823107369e-01 3.698802701688536435e-03 7.346618898343035831e-01 7.468652037617554695e-01
2.785571142284569146e-01 7.407299596954769472e-01 3.774146977161629748e-03 7.356695029108821782e-01 7.487124944021495976e-01
2.805611222444889807e-01 7.423141513658754187e-01 3.855212399272066586e-03 7.370689655172413257e-01 7.504478280340349805e-01
2.825651302605209914e-01 7.435120913569189804e-01 3.867904010005825295e-03 7.380765785938199208e-01 7.514554411106135756e-01
2.845691382765530575e-01 7.448667711598746521e-01 3.758409448736592471e-03 7.393640841916704343e-01 7.526869682042095500e-01
2.865731462925851236e-01 7.461766681594267370e-01 3.776956424081732121e-03 7.410434393193013891e-01 7.544782803403493610e-01
2.885771543086171897e-01 7.476321092700402016e-01 3.802588932767076227e-03 7.421630094043887294e-01 7.558217644424540804e-01
2.905811623246492559e-01 7.488916256157635010e-01 3.609880088113988535e-03 7.440103000447828574e-01 7.564935064935064402e-01
2.925851703406813220e-01 7.503414688759516560e-01 3.626910318829972522e-03 7.451858486341245147e-01 7.582848186296462512e-01
2.945891783567133881e-01 7.516569637259291614e-01 3.811408596342829355e-03 7.463054187192118549e-01 7.596842812360053987e-01
2.965931863727454543e-01 7.529276757725033020e-01 3.904238828022918873e-03 7.470891177787729598e-01 7.608038513210927389e-01
2.985971943887775204e-01 7.541592028660992764e-01 3.961684607333273989e-03 7.487124944021495976e-01 7.625391849529780108e-01
3.006012024048095865e-01 7.554914912673533767e-01 3.987889941627853485e-03 7.498320644872369378e-01 7.640506045678459035e-01
3.026052104208416527e-01 7.568965517241379448e-01 3.784064078250834809e-03 7.513434841021048305e-01 7.650582176444244986e-01
3.046092184368737188e-01 7.581560680698611332e-01 3.737423607090460936e-03 7.522391401701746805e-01 7.660098522167487767e-01
3.066132264529057849e-01 7.594547693685623768e-01 3.728307066244892099e-03 7.535266457680250829e-01 7.674652933273622413e-01
3.086172344689378511e-01 7.606191222570533039e-01 3.758492823318975926e-03 7.546462158531124231e-01 7.686968204209583266e-01
3.106212424849699172e-01 7.618114643976713340e-01 3.842588961426448083e-03 7.556538289296910182e-01 7.702642185400806474e-01
3.126252505010019833e-01 7.631829377519032676e-01 3.998154696583080571e-03 7.562695924764890609e-01 7.716636811464397949e-01
3.146292585170340494e-01 7.647167487684728426e-01 4.202375326870644648e-03 7.576690550828482085e-01 7.736229287953425571e-01
3.166332665330661156e-01 7.659034930586653411e-01 4.121360113786947874e-03 7.589565606806986109e-01 7.746305418719211522e-01
3.186372745490981817e-01 7.670846394984326411e-01 4.026780932225492750e-03 7.607478728168383109e-01 7.760300044782802997e-01
3.206412825651302478e-01 7.683441558441559405e-01 4.047369736202170720e-03 7.617554858934169060e-01 7.771495745633676400e-01
3.226452905811623140e-01 7.694805194805194315e-01 4.031229710566248091e-03 7.633228840125392267e-01 7.783251231527094083e-01
3.246492985971943801e-01 7.706336766681595174e-01 4.073235386789809953e-03 7.642745185848633938e-01 7.793887147335423204e-01
3.266533066132264462e-01 7.719995521719659193e-01 4.122542257097296450e-03 7.656180026869682242e-01 7.806762203313927229e-01
3.286573146292585124e-01 7.734717868338557567e-01 4.075377360302293028e-03 7.672413793103448620e-01 7.816838334079713180e-01
3.306613226452905785e-01 7.746473354231975250e-01 4.004404215499321115e-03 7.685848634124495815e-01 7.824675324675324228e-01
3.326653306613226446e-01 7.758844603672188089e-01 3.834114830971015533e-03 7.703201970443349644e-01 7.833072100313479558e-01
3.346693386773546552e-01 7.770488132557098471e-01 3.818439812198696614e-03 7.716636811464397949e-01 7.847066726377071033e-01
3.366733466933867214e-01 7.782915360501567736e-01 3.802601293771264331e-03 7.730631437527989425e-01 7.855463502015226362e-01
3.386773547094187875e-01 7.795230631437528590e-01 3.581766998866107998e-03 7.743506493506493449e-01 7.862740707568294241e-01
3.406813627254508536e-01 7.806370353784146676e-01 3.504902619711002410e-03 7.761979399910434729e-01 7.878414688759516338e-01
3.426853707414829198e-01 7.818349753694582294e-01 3.385848157012215625e-03 7.776533811016569375e-01 7.887371249440214838e-01
3.446893787575149859e-01 7.830832960143305765e-01 3.240860504781451368e-03 7.794446932377966375e-01 7.899126735333631411e-01
3.466933867735470520e-01 7.841636811464396395e-01 3.206942992987311686e-03 7.805082848186296607e-01 7.910322436184504813e-01
3.486973947895791182e-01 7.852832512315270908e-01 3.172361646691021324e-03 7.816838334079713180e-01 7.914800716524854618e-01
3.507014028056111843e-01 7.862068965517241548e-01 3.265404218102437115e-03 7.827474249888043412e-01 7.923757277205553118e-01
3.527054108216432504e-01 7.872648902821316463e-01 3.054400797635879305e-03 7.839789520824003155e-01 7.933273622928794788e-01
3.547094188376753165e-01 7.885188087774295251e-01 3.021641674510979880e-03 7.850425436632333387e-01 7.946708463949843093e-01
3.567134268537073827e-01 7.897111509180474442e-01 3.308533239470580738e-03 7.862740707568294241e-01 7.962382445141066301e-01
3.587174348697394488e-01 7.907187639946260393e-01 3.252365549428214847e-03 7.874496193461710813e-01 7.970779220779220520e-01
3.607214428857715149e-01 7.919278996865204423e-01 3.328250446975977543e-03 7.882892969099866143e-01 7.983094491715181373e-01
3.627254509018035811e-01 7.930138826690550369e-01 3.403953377078277383e-03 7.894088669950738435e-01 7.994290192566054776e-01
3.647294589178356472e-01 7.942510076130765428e-01 3.395385854449370962e-03 7.904164800716524386e-01 8.005485893416928178e-01
3.667334669338677133e-01 7.953593819973129309e-01 3.366263525087725018e-03 7.916480071652485240e-01 8.016121809225257300e-01
3.687374749498997795e-01 7.966021047917599684e-01 3.418380427559604418e-03 7.929914912673533545e-01 8.031236005373936226e-01
3.707414829659318456e-01 7.977216748768471977e-01 3.320355908042863652e-03 7.940550828481862666e-01 8.040752351097179007e-01
3.727454909819639117e-01 7.990259740259740839e-01 3.181313113987856329e-03 7.948387819077473715e-01 8.050828481862964958e-01
3.747494989979959779e-01 8.001119570085087895e-01 3.083170802061764321e-03 7.959023734885803947e-01 8.059225257501119177e-01
3.767535070140280440e-01 8.012931034482757564e-01 2.969610847167345954e-03 7.976377071204657776e-01 8.068741603224361958e-01
3.787575150300601101e-01 8.022111509180476219e-01 2.999638328148814329e-03 7.988132557098074349e-01 8.078817733990147909e-01
3.807615230460921762e-01 8.032691446484550024e-01 3.145095358421396391e-03 7.995409762651142227e-01 8.090013434841021311e-01
3.827655310621242424e-01 8.042151813703537488e-01 3.095287342071549857e-03 8.007725033587103081e-01 8.097290640394089190e-01
3.847695390781562530e-01 8.052955665024630338e-01 3.098884246915582698e-03 8.014442454097626678e-01 8.106806986117330860e-01
3.867735470941883191e-01 8.063871473354232711e-01 3.080349128569237743e-03 8.026757725033587532e-01 8.121361397223466616e-01
3.887775551102203853e-01 8.074171518137035486e-01 3.065154104495957516e-03 8.037953425884459824e-01 8.135356023287058091e-01
3.907815631262524514e-01 8.084023734885803503e-01 3.156319059630527824e-03 8.045790416480071983e-01 8.145991939095387213e-01
3.927855711422845175e-01 8.095387371249440633e-01 3.159410117441897002e-03 8.058665472458576007e-01 8.151589789520824469e-01
3.947895791583165837e-01 8.107086878638603000e-01 2.997569193807324631e-03 8.074339453649798104e-01 8.161106135244066140e-01
3.967935871743486498e-01 8.117666815942676806e-01 3.025036106047194941e-03 8.083296014330496604e-01 8.168943125839677188e-01
3.987975951903807159e-01 8.128302731751005927e-01 2.959479279701389756e-03 8.090573219883564482e-01 8.182377966860725493e-01
4.008016032064127820e-01 8.137819077474249818e-01 3.066804719818290708e-03 8.096730855351544909e-01 8.198051948051947591e-01
4.028056112224448482e-01 8.150918047469772887e-01 3.018461443256852724e-03 8.111285266457680665e-01 8.207568293775190371e-01
4.048096192384769143e-01 8.161106135244067250e-01 3.041956598565506795e-03 8.118562472010747433e-01 8.219883564711151225e-01
4.068136272545089804e-01 8.170902373488579951e-01 3.223822423717250408e-03 8.129198387819077665e-01 8.234997760859830152e-01
4.088176352705410466e-01 8.183161665920286598e-01 3.278658652580407947e-03 8.138154948499776165e-01 8.244514106583071822e-01
4.108216432865731127e-01 8.194581280788175714e-01 3.160857855325804096e-03 8.152709359605910810e-01 8.254030452306314602e-01
4.128256513026051788e-01 8.204825347066725394e-01 3.159633270969345285e-03 8.160546350201522969e-01 8.263546798029556273e-01
4.148296593186372450e-01 8.214845499328257139e-01 3.305766479036368645e-03 8.171742051052396372e-01 8.279220779220779480e-01
4.168336673346693111e-01 8.223466188983430403e-01 3.426616127389704638e-03 8.179019256605463140e-01 8.288737124944021151e-01
4.188376753507013772e-01 8.232702642185401043e-01 3.473866495670792972e-03 8.191894312583968274e-01 8.299373040752351383e-01
4.208416833667334433e-01 8.242890729959693186e-01 3.515828882183121180e-03 8.203090013434840566e-01 8.309449171518137334e-01
4.228456913827655095e-01 8.254310344827586743e-01 3.536428438046560711e-03 8.213166144200626517e-01 8.322324227496641358e-01
4.248496993987975756e-01 8.264890282131661658e-01 3.489683971584575314e-03 8.223242274966412468e-01 8.332960143304970480e-01
4.268537074148296417e-01 8.275638154948499192e-01 3.393165560145938817e-03 8.233318405732198419e-01 8.339677563815495187e-01
4.288577154308617079e-01 8.284986565158979355e-01 3.475093063867052984e-03 8.237796686072548225e-01 8.348074339453649406e-01
4.308617234468937740e-01 8.293271383788625162e-01 3.428010435070154814e-03 8.246193461710703554e-01 8.354791759964174114e-01
4.328657314629258401e-01 8.302899686520376354e-01 3.507226405143751453e-03 8.256269592476489505e-01 8.363748320644872614e-01
4.348697394789579063e-01 8.313423645320195954e-01 3.527307673935978129e-03 8.265226153157188005e-01 8.378862516793551540e-01
4.368737474949899169e-01 8.323387819077474603e-01 3.566797251781282912e-03 8.270824003582624151e-01 8.389498432601880662e-01
4.388777555110219830e-01 8.334303627407075865e-01 3.491120410260535080e-03 8.284818629646215626e-01 8.396775638154948540e-01
4.408817635270540491e-01 8.344155844155844992e-01 3.514540744564008997e-03 8.292095835199283504e-01 8.403493058665472137e-01
4.428857715430861153e-01 8.354231974921629833e-01 3.424493862346993968e-03 8.305530676220331809e-01 8.414688759516345540e-01
4.448897795591181814e-01 8.363580385132109996e-01 3.427973870308050845e-03 8.318405732198835834e-01 8.424764890282131491e-01
4.468937875751502475e-01 8.373936408419165867e-01 3.539400020630900905e-03 8.327362292879534333e-01 8.438759516345722966e-01
4.488977955911823137e-01 8.382109270040304372e-01 3.537185963636812255e-03 8.334079713390057931e-01 8.442678011643528491e-01
4.509018036072143798e-01 8.391513658755037630e-01 3.551632069708418171e-03 8.345835199283475614e-01 8.454433497536946174e-01
4.529058116232464459e-01 8.400134348410210894e-01 3.573516187623037438e-03 8.354231974921629833e-01 8.464509628302732125e-01
4.549098196392785121e-01 8.409706672637706770e-01 3.627428672263810407e-03 8.361509180474697711e-01 8.475145544111061247e-01
4.569138276553105782e-01 8.417935512763099482e-01 3.625039310602195912e-03 8.371585311240483662e-01 8.484102104791759746e-01
4.589178356713426443e-01 8.429187192118228200e-01 3.659251924890476789e-03 8.381101656963726443e-01 8.494178235557545698e-01
4.609218436873747105e-01 8.438087774294670274e-01 3.806768782041922410e-03 8.387819077474250040e-01 8.503134796238244197e-01
4.629258517034067766e-01 8.447604120017914164e-01 3.696684117060274662e-03 8.400694133452754064e-01 8.509852216748768905e-01
4.649298597194388427e-01 8.457400358262427975e-01 3.728021289774715273e-03 8.407411553963277662e-01 8.520488132557098027e-01
4.669338677354709088e-01 8.468372145096282333e-01 3.706474533299057225e-03 8.418607254814151064e-01 8.528884908195253356e-01
4.689378757515029750e-01 8.479008060904611455e-01 3.630968773544843674e-03 8.428123600537393845e-01 8.540080609046126758e-01
4.709418837675350411e-01 8.489420062695923752e-01 3.622051473434073458e-03 8.438759516345722966e-01 8.548477384684280977e-01
4.729458917835671072e-01 8.499104343931931371e-01 3.615604745730765027e-03 8.448835647111508917e-01 8.556314375279892026e-01
4.749498997995991734e-01 8.508452754142410424e-01 3.355373211625093787e-03 8.465069413345275295e-01 8.563031795790416734e-01
4.769539078156312395e-01 8.518193013882668918e-01 3.374668203048279951e-03 8.480183609493954222e-01 8.573667711598745855e-01
4.789579158316633056e-01 8.527037617554856785e-01 3.379734355767340191e-03 8.487460815047022100e-01 8.583743842364531806e-01
4.809619238476953718e-01 8.536106135244067028e-01 3.235872288619530933e-03 8.497536945812808051e-01 8.588781907747424782e-01
4.829659318637274379e-01 8.545230631437530366e-01 3.335191579140408744e-03 8.502015226153156746e-01 8.599417823555755014e-01
4.849699398797595040e-01 8.554355127630989264e-01 3.222169580216240493e-03 8.511531571876399527e-01 8.608934169278996684e-01
4.869739478957915702e-01 8.562472010747871343e-01 3.203516329562126723e-03 8.523846842812360380e-01 8.619010300044782635e-01
4.889779559118235808e-01 8.571148678907298812e-01 3.256125769677460126e-03 8.532243618450514600e-01 8.625167935512763062e-01
4.909819639278556469e-01 8.580161218092252629e-01 3.217785438977339638e-03 8.540080609046126758e-01 8.633004926108374111e-01
4.929859719438877130e-01 8.589285714285714857e-01 3.149302093146128488e-03 8.551836094939543331e-01 8.640282131661441989e-01
4.949899799599197792e-01 8.598242274966413357e-01 3.192389853720344756e-03 8.560232870577698661e-01 8.650918047469771111e-01
4.969939879759518453e-01 8.607590685176891299e-01 3.099632444876411052e-03 8.570309001343484612e-01 8.660434393193013891e-01
4.989979959919839114e-01 8.617330944917152014e-01 3.112726998311215933e-03 8.578705776981638831e-01 8.668831168831169220e-01
5.010020040080159776e-01 8.626287505597849403e-01 3.145872409769328356e-03 8.587102552619794160e-01 8.679467084639498342e-01
5.030060120240480437e-01 8.635635915808329566e-01 3.272138702498383640e-03 8.595499328257949490e-01 8.686184505150021939e-01
5.050100200400801098e-01 8.644704433497537588e-01 3.191309930682360851e-03 8.604455888938647989e-01 8.696820420958352171e-01
5.070140280561121759e-01 8.654332736229287670e-01 3.218880817210587747e-03 8.611173309449171587e-01 8.705217196596506390e-01
5.090180360721442421e-01 8.663233318405731964e-01 3.197837893903324440e-03 8.620129870129870087e-01 8.710815047021943647e-01
5.110220440881763082e-01 8.671014330497091027e-01 3.272847293403238940e-03 8.624608150470219892e-01 8.720891177787729598e-01
5.130260521042083743e-01 8.680138826690552145e-01 3.311240907619119635e-03 8.633564711150918392e-01 8.730407523510971268e-01
5.150300601202404405e-01 8.688031795790417400e-01 3.444934616626147902e-03 8.638602776533811367e-01 8.741043439319301500e-01
5.170340681362725066e-01 8.696148678907299479e-01 3.424841564785968077e-03 8.644760412001791794e-01 8.746081504702194476e-01
5.190380761523045727e-01 8.704545454545454808e-01 3.452907335695647780e-03 8.653157187639946013e-01 8.755597850425436146e-01
5.210420841683366389e-01 8.712494402149575379e-01 3.407707251467055349e-03 8.665472458575906867e-01 8.765114196148678927e-01
5.230460921843687050e-01 8.722738468428123948e-01 3.475543899230081231e-03 8.669390953873712391e-01 8.777989252127182951e-01
5.250501002004007711e-01 8.731918943125839272e-01 3.492811956621188693e-03 8.680026869682042623e-01 8.787505597850425731e-01
5.270541082164328373e-01 8.739028213166143422e-01 3.560972132561385835e-03 8.688423645320196842e-01 8.798701298701299134e-01
5.290581162324649034e-01 8.747089117778772405e-01 3.447912346127233237e-03 8.696260635915807891e-01 8.805978504254365902e-01
5.310621242484969695e-01 8.755877742946710507e-01 3.497312773747755787e-03 8.702418271383788317e-01 8.816614420062696134e-01
5.330661322645290356e-01 8.764834303627407897e-01 3.565725265432628625e-03 8.711374832064486817e-01 8.828369905956112706e-01
5.350701402805611018e-01 8.773231079265562116e-01 3.442951066689306939e-03 8.721450962830272768e-01 8.836766681594268036e-01
5.370741482965931679e-01 8.782299596954770138e-01 3.421935333802467519e-03 8.730407523510971268e-01 8.846283027317509706e-01
5.390781563126252340e-01 8.790752351097179673e-01 3.317480938163653789e-03 8.738804299149126598e-01 8.851880877742946963e-01
5.410821643286573002e-01 8.798925212718315958e-01 3.283529382861313274e-03 8.750000000000000000e-01 8.861397223466188633e-01
5.430861723446893663e-01 8.807210031347961765e-01 3.350658358672415401e-03 8.756717420510523597e-01 8.872033139274518865e-01
5.450901803607214324e-01 8.815326914464846064e-01 3.306245142573145321e-03 8.761195700850873402e-01 8.874832064487236938e-01
5.470941883767534986e-01 8.825515002239139317e-01 3.278682546357207083e-03 8.770712046574115073e-01 8.883228840125392267e-01
5.490981963927855647e-01 8.833184057321987748e-01 3.277798360615097849e-03 8.776869682042095500e-01 8.890506045678459035e-01
5.511022044088176308e-01 8.840293327362293008e-01 3.155326103639654982e-03 8.784706672637707658e-01 8.896663681146439462e-01
5.531062124248496970e-01 8.849865651589789994e-01 3.092344992884105137e-03 8.793103448275861878e-01 8.905060456784594791e-01
5.551102204408817631e-01 8.856359158083296768e-01 2.957975355380163072e-03 8.802060008956560377e-01 8.908419167039857145e-01
5.571142284569138292e-01 8.865259740259739951e-01 2.984074348531819913e-03 8.809896999552171426e-01 8.920174652933273718e-01
5.591182364729458953e-01 8.873488580385133773e-01 2.937693022849898090e-03 8.817733990147783585e-01 8.926892073443797315e-01
5.611222444889779615e-01 8.881605463502013631e-01 3.044062473517074666e-03 8.825570980743394633e-01 8.936408419167040096e-01
5.631262525050100276e-01 8.888098969995521514e-01 3.081772998471044543e-03 8.833967756381549963e-01 8.945364979847738596e-01
5.651302605210419827e-01 8.895376175548589393e-01 2.974882268762854293e-03 8.841244961934616731e-01 8.949283475145544120e-01
5.671342685370740488e-01 8.902037617554861004e-01 2.982577572786767380e-03 8.847962382445141438e-01 8.953761755485893925e-01
5.691382765531061150e-01 8.909202866099418250e-01 2.876140466478989671e-03 8.855799373040752487e-01 8.960479175996417522e-01
5.711422845691381811e-01 8.916144200626957561e-01 2.834613495580656957e-03 8.864196148678907816e-01 8.966636811464397949e-01
5.731462925851702472e-01 8.923533363188536072e-01 2.721614775856224990e-03 8.871473354231974584e-01 8.969995521719659193e-01
5.751503006012023134e-01 8.931650246305420371e-01 2.681393726752956223e-03 8.881549484997760535e-01 8.976153157187639620e-01
5.771543086172343795e-01 8.939543215405285626e-01 2.628272744117444819e-03 8.889946260635915865e-01 8.982870577698164327e-01
5.791583166332664456e-01 8.947772055530676116e-01 2.568559500725154689e-03 8.902821316614419889e-01 8.988468428123600473e-01
5.811623246492985118e-01 8.954097626511419161e-01 2.589960306257753191e-03 8.910098522167487767e-01 8.997424988804298973e-01
5.831663326653305779e-01 8.961430810568742356e-01 2.557923648515425096e-03 8.916256157635468194e-01 9.004142409314822570e-01
5.851703406813626440e-01 8.968819973130319756e-01 2.504242043414131071e-03 8.925212718316166693e-01 9.010859829825347278e-01
5.871743486973947102e-01 8.977664576802506513e-01 2.572947682702279165e-03 8.936408419167040096e-01 9.023175100761308132e-01
5.891783567134267763e-01 8.984493954321539633e-01 2.708856446600177784e-03 8.942566054635020523e-01 9.030452306314374900e-01
5.911823647294588424e-01 8.991435288849082275e-01 2.654001044313243195e-03 8.950962830273174742e-01 9.036050156739812156e-01
5.931863727454909085e-01 8.998096730855353886e-01 2.776195210707454054e-03 8.957680250783699449e-01 9.048365427675773009e-01
5.951903807615229747e-01 9.005094043887147404e-01 2.828886880455623413e-03 8.963278101209135595e-01 9.053963278101209156e-01
5.971943887775550408e-01 9.012595163457233216e-01 3.020604446673599668e-03 8.967756381549485400e-01 9.065158978952082558e-01
5.991983967935871069e-01 9.019592476489026733e-01 2.909827050478454562e-03 8.975033587102552168e-01 9.069077474249888082e-01
6.012024048096191731e-01 9.026141961486789933e-01 2.848205880069665501e-03 8.983990147783251778e-01 9.074115539632781058e-01
6.032064128256512392e-01 9.032747424988804008e-01 2.862188093633573436e-03 8.991827138378862827e-01 9.080832960143304655e-01
6.052104208416833053e-01 9.040248544558888710e-01 2.809345805466882846e-03 8.999104343931929595e-01 9.083072100313479558e-01
6.072144288577153715e-01 9.048197492163009281e-01 2.881784055353680488e-03 9.001903269144648778e-01 9.091468875951634887e-01
6.092184368737474376e-01 9.054970891177788195e-01 2.881321882000166534e-03 9.008620689655172376e-01 9.097066726377071033e-01
6.112224448897795037e-01 9.062751903269145037e-01 2.846665184919976860e-03 9.018696820420958327e-01 9.103784146887594630e-01
6.132264529058115698e-01 9.069245409762652921e-01 2.862801129563318728e-03 9.025974025974026205e-01 9.110501567398119338e-01
6.152304609218436360e-01 9.076746529332735403e-01 2.792205323226973693e-03 9.031571876399462351e-01 9.117778772951187216e-01
6.172344689378757021e-01 9.082792207792207417e-01 2.735081304562621968e-03 9.039968652037617680e-01 9.123936408419166533e-01
6.192384769539077682e-01 9.089229735781459985e-01 2.799484941793542112e-03 9.045006717420510656e-01 9.131213613972234411e-01
6.212424849699398344e-01 9.096171070309002626e-01 2.794129343970359371e-03 9.048925212718316180e-01 9.135691894312584216e-01
6.232464929859719005e-01 9.103392297357816298e-01 2.772722173493584116e-03 9.059561128526645302e-01 9.145768025078370167e-01
6.252505010020039666e-01 9.110613524406627750e-01 2.671037075517112332e-03 9.070756829377518704e-01 9.149686520376175691e-01
6.272545090180360328e-01 9.117163009404389840e-01 2.648729864331934858e-03 9.077474249888043412e-01 9.157523510971786740e-01
6.292585170340680989e-01 9.123376623376622252e-01 2.607420802151299861e-03 9.084191670398567009e-01 9.164800716524854618e-01
6.312625250501001650e-01 9.130765785938199652e-01 2.502909039306822330e-03 9.092028660994178058e-01 9.169278996865203313e-01
6.332665330661322312e-01 9.136867442901923653e-01 2.443569112689315381e-03 9.098186296462158484e-01 9.174876847290640569e-01
6.352705410821642973e-01 9.143528884908196375e-01 2.519530229016309682e-03 9.102664576802508289e-01 9.184952978056426520e-01
6.372745490981963634e-01 9.151925660546350594e-01 2.503059272440236356e-03 9.111621137483206789e-01 9.195029108822212471e-01
6.392785571142284295e-01 9.159090909090907839e-01 2.523730505262322503e-03 9.117218987908642935e-01 9.201746529332736069e-01
6.412825651302604957e-01 9.166592028660993652e-01 2.595954473780554862e-03 9.123376623376623362e-01 9.210143304970891398e-01
6.432865731462925618e-01 9.173589341692789390e-01 2.702672099183272419e-03 9.128974473802059508e-01 9.220779220779220520e-01
6.452905811623246279e-01 9.180362740707568303e-01 2.701135400977973822e-03 9.135691894312584216e-01 9.226936856247200947e-01
6.472945891783566941e-01 9.186072548141513971e-01 2.598874029221847747e-03 9.142969099865652094e-01 9.230295566502463300e-01
6.492985971943887602e-01 9.192230183609495509e-01 2.651632673567782834e-03 9.149126735333631411e-01 9.235333631885356276e-01
6.513026052104208263e-01 9.198947604120017996e-01 2.688950045356803230e-03 9.156403940886699289e-01 9.241491267353336703e-01
6.533066132264528925e-01 9.206056874160321035e-01 2.676106245593684423e-03 9.165360501567397788e-01 9.249328257948947751e-01
6.553106212424849586e-01 9.213110165696372089e-01 2.564652591279866379e-03 9.173197492163009947e-01 9.254926108374383897e-01
6.573146292585170247e-01 9.219491715181369340e-01 2.620015272308608666e-03 9.177115987460815472e-01 9.262203313927451775e-01
6.593186372745490909e-01 9.225649350649349767e-01 2.551054125400463099e-03 9.183833407971339069e-01 9.267241379310344751e-01
6.613226452905811570e-01 9.231918943125838606e-01 2.599169421238978726e-03 9.189991043439319496e-01 9.273399014778325178e-01
6.633266533066132231e-01 9.238860277653380138e-01 2.602013112759784825e-03 9.199507389162561166e-01 9.281795790416480507e-01
6.653306613226452892e-01 9.245633676668159051e-01 2.464097202113553053e-03 9.208463949843259666e-01 9.286274070756829202e-01
6.673346693386772444e-01 9.251735333631885272e-01 2.404998374618222065e-03 9.213502015226152642e-01 9.292431706224809629e-01
6.693386773547093105e-01 9.258676668159425693e-01 2.312671131712637843e-03 9.224697716077026044e-01 9.299708911777877507e-01
6.713426853707413766e-01 9.264386475593371362e-01 2.263975846529044014e-03 9.231974921630093922e-01 9.304746977160770482e-01
6.733466933867734427e-01 9.269704433497535367e-01 2.358575741468221798e-03 9.234773846842811995e-01 9.312024182713838361e-01
6.753507014028055089e-01 9.275918047469773331e-01 2.247974344240287557e-03 9.242051052395879873e-01 9.314823107926556434e-01
6.773547094188375750e-01 9.283251231527092084e-01 2.286665371450817812e-03 9.251007613076578373e-01 9.322660098522167482e-01
6.793587174348696411e-01 9.289184952978055687e-01 2.344797822046293476e-03 9.256605463502015629e-01 9.331056874160322812e-01
6.813627254509017073e-01 9.295734437975818887e-01 2.375553869546277730e-03 9.262763098969996056e-01 9.337774294670846409e-01
6.833667334669337734e-01 9.302227944469324550e-01 2.393138344131418190e-03 9.270600089565607105e-01 9.341692789968651933e-01
6.853707414829658395e-01 9.310064935064934488e-01 2.236234399832617240e-03 9.278437080161218153e-01 9.346171070309001738e-01
6.873747494989979057e-01 9.315326914464845398e-01 2.266604131036866442e-03 9.284034930586654299e-01 9.352888490819525336e-01
6.893787575150299718e-01 9.322268248992386930e-01 2.170501084946664314e-03 9.294111061352440251e-01 9.358486341244961482e-01
6.913827655310620379e-01 9.328761755485894813e-01 2.191106205831294673e-03 9.300828481862964958e-01 9.364643976712941909e-01
6.933867735470941041e-01 9.333575906851768744e-01 2.176585050981489841e-03 9.303627407075683031e-01 9.370241827138379165e-01
6.953907815631261702e-01 9.340125391849530834e-01 2.062532528147423532e-03 9.312024182713838361e-01 9.376959247648902762e-01
6.973947895791582363e-01 9.346786833855800225e-01 1.955797935413089439e-03 9.320980743394536860e-01 9.380317957904165116e-01
6.993987975951903024e-01 9.353728168383341757e-01 1.927197714409087295e-03 9.327138378862517287e-01 9.387035378414688713e-01
7.014028056112223686e-01 9.359493954321539411e-01 1.919466913868748568e-03 9.333296014330496604e-01 9.391513658755038518e-01
7.034068136272544347e-01 9.365035826242721351e-01 1.888899218002206655e-03 9.340013434841021311e-01 9.397111509180474664e-01
7.054108216432865008e-01 9.372089117778770184e-01 1.940129679614990442e-03 9.342252575011196214e-01 9.403269144648455091e-01
7.074148296593185670e-01 9.378302731751008148e-01 1.990695098154297848e-03 9.347850425436632360e-01 9.411106135244066140e-01
7.094188376753506331e-01 9.383732646663682786e-01 1.985059642505701809e-03 9.352328705776982165e-01 9.417263770712046567e-01
7.114228456913826992e-01 9.389386475593373138e-01 1.958095752484988791e-03 9.356806986117330860e-01 9.418383340797134018e-01
7.134268537074147654e-01 9.394648454993281828e-01 1.942736389455474626e-03 9.360725481415136384e-01 9.423981191222570164e-01
7.154308617234468315e-01 9.401253918495298123e-01 1.847494187377293241e-03 9.368002686968204262e-01 9.429579041648007420e-01
7.174348697394788976e-01 9.407075682937751093e-01 1.899775513820356736e-03 9.373600537393640408e-01 9.434057321988356115e-01
7.194388777555109638e-01 9.413513210927003660e-01 1.766660664284840001e-03 9.381997313031795738e-01 9.436856247201075298e-01
7.214428857715430299e-01 9.420342588446036780e-01 1.702381693165096058e-03 9.392073443797581689e-01 9.441894312583968274e-01
7.234468937875750960e-01 9.426052395879983559e-01 1.716094979767860632e-03 9.398231079265562116e-01 9.448611733094491871e-01
7.254509018036071621e-01 9.431818181818181213e-01 1.808027697105811906e-03 9.403269144648455091e-01 9.454769368562472298e-01
7.274549098196392283e-01 9.437807881773399021e-01 1.829401157293661416e-03 9.408866995073891237e-01 9.459807433945365274e-01
7.294589178356712944e-01 9.442230183609494620e-01 1.900501135147614207e-03 9.414464845499328494e-01 9.468763994626063774e-01
7.314629258517033605e-01 9.447212270488133390e-01 1.719050557925901621e-03 9.423421406180026993e-01 9.472682489923869298e-01
7.334669338677354267e-01 9.453034034930588581e-01 1.733427510123246220e-03 9.428459471562919969e-01 9.476041200179131652e-01
7.354709418837674928e-01 9.459415584415584721e-01 1.687368922287435079e-03 9.434617107030900396e-01 9.479959695476937176e-01
7.374749498997995589e-01 9.463781907747425004e-01 1.592280977295264417e-03 9.440214957456336542e-01 9.483878190774742700e-01
7.394789579158316251e-01 9.468484102104792743e-01 1.570843009172450061e-03 9.445253022839229518e-01 9.490595611285266298e-01
7.414829659318636912e-01 9.473914017017464051e-01 1.584854174941353194e-03 9.449171518137035042e-01 9.496753246753246724e-01
7.434869739478957573e-01 9.478952082400358137e-01 1.545209524777236502e-03 9.456448723690102920e-01 9.501231527093596529e-01
7.454909819639278235e-01 9.484717868338558011e-01 1.511471445927559760e-03 9.461486789072995895e-01 9.506829377519032676e-01
7.474949899799598896e-01 9.490595611285266298e-01 1.542205252346152489e-03 9.464845499328258249e-01 9.512987012987013102e-01
7.494989979959919557e-01 9.496473354231975694e-01 1.675665823663305539e-03 9.471562919838781847e-01 9.523063143752799053e-01
7.515030060120240218e-01 9.501791312136139700e-01 1.771788194408566120e-03 9.473242274966412468e-01 9.526981639050604578e-01
7.535070140280560880e-01 9.507669055082846876e-01 1.842577344178159037e-03 9.478840125391849725e-01 9.532019704433497553e-01
7.555110220440881541e-01 9.513042991491268419e-01 1.910081391572495020e-03 9.483318405732198419e-01 9.535938199731303078e-01
7.575150300601202202e-01 9.518752798925212977e-01 1.943679753110744580e-03 9.487236901030003944e-01 9.543775190326914126e-01
7.595190380761522864e-01 9.524070756829375872e-01 1.879544448852049415e-03 9.493954321540528651e-01 9.547133900582176480e-01
7.615230460921843525e-01 9.529500671742050510e-01 1.894068075784491366e-03 9.496753246753246724e-01 9.556650246305419261e-01
7.635270541082164186e-01 9.534482758620688170e-01 1.893894353227994513e-03 9.503470667263770322e-01 9.561128526645767955e-01
7.655310621242484848e-01 9.540024630541872330e-01 1.888235520643165993e-03 9.508508732646663297e-01 9.567286162113748382e-01
7.675350701402805509e-01 9.544782803403493165e-01 1.818707057835955996e-03 9.512987012987013102e-01 9.569525302283923285e-01
7.695390781563125060e-01 9.549261083743842971e-01 1.703402981500679687e-03 9.520264218540080980e-01 9.574003582624271980e-01
7.715430861723445721e-01 9.553739364084192776e-01 1.741786249627801444e-03 9.525302283922973956e-01 9.577922077922077504e-01
7.735470941883766383e-01 9.558721450962830435e-01 1.744527671851359542e-03 9.529780564263322651e-01 9.584639498432602212e-01
7.755511022044087044e-01 9.563759516345724521e-01 1.725382458342987826e-03 9.533139274518585005e-01 9.589117778772950906e-01
7.775551102204407705e-01 9.569469323779667969e-01 1.673083152769989923e-03 9.539856695029108602e-01 9.595275414240931333e-01
7.795591182364728366e-01 9.574563367666815150e-01 1.595338266542609997e-03 9.546574115539633310e-01 9.598074339453649406e-01
7.815631262525049028e-01 9.579601433049707015e-01 1.483799986059271834e-03 9.554411106135244358e-01 9.603112404836542382e-01
7.835671342685369689e-01 9.583687863860277378e-01 1.539775228155360878e-03 9.558889386475593053e-01 9.609270040304522809e-01
7.855711422845690350e-01 9.588781907747424560e-01 1.510216634923185414e-03 9.565047021943573480e-01 9.615987460815047516e-01
7.875751503006011012e-01 9.593596059113302932e-01 1.571391496598539524e-03 9.568965517241379004e-01 9.622145096283026833e-01
7.895791583166331673e-01 9.598634124496193687e-01 1.514112477277591113e-03 9.573443797581728809e-01 9.626063591580833467e-01
7.915831663326652334e-01 9.603392297357815632e-01 1.500860847607481509e-03 9.577362292879534333e-01 9.631661442006269613e-01
7.935871743486972996e-01 9.608710255261978528e-01 1.575374751396151508e-03 9.581840573219883028e-01 9.638938647559337491e-01
7.955911823647293657e-01 9.613300492610840076e-01 1.502853434767921926e-03 9.589117778772950906e-01 9.641177787729512394e-01
7.975951903807614318e-01 9.618506493506492339e-01 1.506903488258181691e-03 9.593596059113300711e-01 9.643976712942230467e-01
7.995991983967934980e-01 9.622760859829824209e-01 1.501737494354262988e-03 9.598634124496193687e-01 9.649574563367666613e-01
8.016032064128255641e-01 9.627463054187190838e-01 1.512300501291062322e-03 9.606471115091804736e-01 9.655172413793103869e-01
8.036072144288576302e-01 9.631941334527540644e-01 1.395931505784244126e-03 9.612068965517240882e-01 9.657411553963277662e-01
8.056112224448896963e-01 9.637595163457233216e-01 1.309035508502372214e-03 9.619346171070308760e-01 9.661330049261084296e-01
8.076152304609217625e-01 9.642913121361397222e-01 1.245556312636939434e-03 9.622704881325571113e-01 9.666368114643976162e-01
8.096192384769538286e-01 9.647839229735781785e-01 1.298037590800909646e-03 9.626063591580833467e-01 9.671965965069413418e-01
8.116232464929858947e-01 9.653437080161217931e-01 1.241019578157793665e-03 9.633340797133900235e-01 9.678683385579937015e-01
8.136272545090179609e-01 9.658139274518585671e-01 1.252230506888765346e-03 9.637259292431705759e-01 9.680922525750111918e-01
8.156312625250500270e-01 9.663457232422750787e-01 1.169079935710409281e-03 9.642857142857143016e-01 9.684281236005374272e-01
8.176352705410820931e-01 9.667935512763099482e-01 1.249662905290387267e-03 9.645656068069861089e-01 9.691558441558441039e-01
8.196392785571141593e-01 9.673253470667264597e-01 1.202443810653619190e-03 9.648454993282579162e-01 9.694357366771160223e-01
8.216432865731462254e-01 9.678011643528886543e-01 1.143058577527996528e-03 9.655172413793103869e-01 9.699955217196596369e-01
8.236472945891782915e-01 9.683441558441557850e-01 1.141261540975973404e-03 9.660770264218540015e-01 9.704433497536946174e-01
8.256513026052103577e-01 9.688367666815942414e-01 1.183002088877525620e-03 9.663569189431258089e-01 9.710591133004926601e-01
8.276553106212424238e-01 9.692678011643527380e-01 1.134307392451934862e-03 9.669167039856695345e-01 9.712830273175100393e-01
8.296593186372744899e-01 9.697436184505150436e-01 1.165173438003723385e-03 9.673085535154500869e-01 9.720107478728168271e-01
8.316633266533065560e-01 9.702194357366771271e-01 1.141467451945789562e-03 9.677004030452306393e-01 9.724025974025973795e-01
8.336673346693386222e-01 9.707400358262427975e-01 1.143675228586641833e-03 9.681482310792655088e-01 9.727944469323779320e-01
8.356713426853706883e-01 9.712494402149575157e-01 1.128268937514023207e-03 9.685960591133004893e-01 9.731862964621584844e-01
8.376753507014027544e-01 9.717084639498431153e-01 1.129934116170198434e-03 9.690998656515897869e-01 9.738580385132109551e-01
8.396793587174348206e-01 9.721506941334526752e-01 1.119360146012740977e-03 9.694917151813703393e-01 9.741379310344827624e-01
8.416833667334668867e-01 9.726209135691894492e-01 1.145974460718705498e-03 9.697716077026421466e-01 9.745857590685177430e-01
8.436873747494989528e-01 9.730295566502462634e-01 1.183465546527249970e-03 9.700515002239140649e-01 9.750895656068070405e-01
8.456913827655310190e-01 9.734549932825794505e-01 1.131209093133883625e-03 9.704993282579489344e-01 9.752575011195701027e-01
8.476953907815630851e-01 9.738972234661888994e-01 1.170218547997949532e-03 9.708911777877294869e-01 9.757613076578594002e-01
8.496993987975951512e-01 9.744346171070310536e-01 1.084033527105114419e-03 9.716748768472905917e-01 9.761531571876399527e-01
8.517034068136272174e-01 9.748880429914912327e-01 1.061291027868705187e-03 9.722906403940886344e-01 9.767129422301835673e-01
8.537074148296592835e-01 9.753246753246754830e-01 1.101454421250074511e-03 9.725705329153605527e-01 9.772167487684728648e-01
8.557114228456913496e-01 9.757389162561576068e-01 1.050011113989539595e-03 9.731303179579041673e-01 9.776085982982534173e-01
8.577154308617234157e-01 9.762315270935959521e-01 8.505049052982011776e-04 9.743058665472458246e-01 9.778325123152709075e-01
8.597194388777554819e-01 9.766793551276311547e-01 8.830420526964057309e-04 9.748656515897895503e-01 9.784482758620689502e-01
8.617234468937875480e-01 9.770935960591133895e-01 8.573304845085836503e-04 9.753134796238244197e-01 9.787281683833407575e-01
8.637274549098196141e-01 9.775078369905954023e-01 8.119006161807348562e-04 9.758732646663681454e-01 9.791759964173757380e-01
8.657314629258516803e-01 9.779444693237797637e-01 8.340609284455450211e-04 9.762651141961486978e-01 9.795678459471562904e-01
8.677354709418837464e-01 9.783755038065382603e-01 7.756811072419889054e-04 9.768248992386923124e-01 9.798477384684280977e-01
8.697394789579158125e-01 9.788289296909985504e-01 6.882397173893230712e-04 9.776085982982534173e-01 9.801276309896999051e-01
8.717434869739478787e-01 9.792543663233319595e-01 7.861741990175076045e-04 9.779444693237796526e-01 9.809113300492611209e-01
8.737474949899798338e-01 9.797581728616211461e-01 9.013060708723119726e-04 9.783363188535602051e-01 9.815830721003134807e-01
8.757515030060118999e-01 9.802451858486340708e-01 8.590284052931930654e-04 9.788961038961039307e-01 9.818069861173309709e-01
8.777555110220439660e-01 9.807489923869233683e-01 8.098331100358774738e-04 9.795678459471562904e-01 9.822548141513658404e-01
8.797595190380760322e-01 9.810512763098968581e-01 8.062653751113619139e-04 9.799037169726825258e-01 9.824787281683833307e-01
8.817635270541080983e-01 9.814375279892522119e-01 8.162886759318623226e-04 9.803515450067173953e-01 9.830385132109270563e-01
8.837675350701401644e-01 9.817789968652037569e-01 7.329764725524627470e-04 9.806874160322436307e-01 9.833184057321988636e-01
8.857715430861722306e-01 9.822156291983878962e-01 7.341725419552524350e-04 9.812472010747872453e-01 9.837102552619794160e-01
8.877755511022042967e-01 9.825906851768921868e-01 6.233502421439848220e-04 9.818629646215852880e-01 9.838222122704881611e-01
8.897795591182363628e-01 9.829713390058218980e-01 7.323563117521811241e-04 9.820868786386027782e-01 9.842700403045230306e-01
8.917835671342684289e-01 9.834359605911326963e-01 7.377491155520324610e-04 9.824787281683833307e-01 9.846618898343035831e-01
8.937875751503004951e-01 9.837942230183610581e-01 7.325488316335874821e-04 9.827026421854008209e-01 9.851656963725928806e-01
8.957915831663325612e-01 9.841468875951633333e-01 7.008723343434722407e-04 9.833743842364531806e-01 9.854455888938647989e-01
8.977955911823646273e-01 9.845835199283475836e-01 6.138266977999403762e-04 9.837662337662337331e-01 9.856695029108821782e-01
8.997995991983966935e-01 9.849361845051500808e-01 6.026210132821958887e-04 9.839901477832512233e-01 9.857254814151366062e-01
9.018036072144287596e-01 9.852944469323778875e-01 6.441420968964899638e-04 9.842140618002687136e-01 9.862852664576802209e-01
9.038076152304608257e-01 9.856471115091803847e-01 6.750924062553382557e-04 9.846618898343035831e-01 9.866211374832064562e-01
9.058116232464928919e-01 9.860389610389608261e-01 7.243540582006996551e-04 9.848298253470667563e-01 9.870689655172413257e-01
9.078156312625249580e-01 9.863860277653382358e-01 7.608959398811597019e-04 9.850537393640842465e-01 9.874608150470219892e-01
9.098196392785570241e-01 9.868002686968203596e-01 7.344925869618058748e-04 9.855015673981191160e-01 9.879646215853112867e-01
9.118236472945890903e-01 9.871697268248992296e-01 6.855024413274341758e-04 9.858934169278996684e-01 9.883004926108374111e-01
9.138276553106211564e-01 9.874888042991492032e-01 7.338310067657748993e-04 9.860613524406627306e-01 9.885803851321092184e-01
9.158316633266532225e-01 9.879926108374383897e-01 6.562867889913278491e-04 9.867890729959695184e-01 9.890282131661441989e-01
9.178356713426852886e-01 9.883844603672189422e-01 6.911701986362457552e-04 9.869570085087326916e-01 9.894200626959247513e-01
9.198396793587173548e-01 9.887203313927450665e-01 6.596206330297043697e-04 9.872928795342588160e-01 9.896999552171965586e-01
9.218436873747494209e-01 9.890058217644425165e-01 6.576938263647330368e-04 9.875167935512763062e-01 9.898678907299597318e-01
9.238476953907814870e-01 9.894648454993282272e-01 5.816379403430591444e-04 9.882445141065830940e-01 9.902597402597402843e-01
9.258517034068135532e-01 9.898007165248543515e-01 5.652443153320474856e-04 9.886923421406179635e-01 9.905956112852664086e-01
9.278557114228456193e-01 9.901869682042097054e-01 6.173137267692892574e-04 9.889722346618898818e-01 9.910994178235557062e-01
9.298597194388776854e-01 9.904556650246304494e-01 6.143624902686416808e-04 9.893081056874160062e-01 9.913793103448276245e-01
9.318637274549097516e-01 9.908363188535602717e-01 5.421829521166621983e-04 9.898678907299597318e-01 9.917151813703537488e-01
9.338677354709418177e-01 9.912057769816391417e-01 4.389585741181030822e-04 9.903716972682490294e-01 9.918271383788624940e-01
9.358717434869738838e-01 9.916368114643976384e-01 4.137868027894345637e-04 9.908755038065383269e-01 9.922189879086430464e-01
9.378757515030059499e-01 9.920342588446036114e-01 3.628253565404883732e-04 9.912673533363188794e-01 9.924988804299149647e-01
9.398797595190380161e-01 9.923309449171517915e-01 3.215720245487039479e-04 9.917151813703537488e-01 9.927227944469323440e-01
9.418837675350700822e-01 9.925772503358711862e-01 3.098601097872343891e-04 9.918831168831169220e-01 9.928907299596955172e-01
9.438877755511021483e-01 9.928963278101209378e-01 2.570748433319525422e-04 9.923309449171517915e-01 9.931706224809673245e-01
9.458917835671342145e-01 9.931874160322438083e-01 2.466232733084597535e-04 9.927227944469323440e-01 9.935064935064935598e-01
9.478957915831662806e-01 9.935568741603224563e-01 3.151246740940018233e-04 9.929467084639498342e-01 9.940103000447828574e-01
9.498997995991983467e-01 9.938815494849977394e-01 3.755569439704269249e-04 9.930586654724585793e-01 9.942901925660546647e-01
9.519038076152304129e-01 9.941838334079713402e-01 3.399974169068662117e-04 9.934505150022391318e-01 9.945700850873264720e-01
9.539078156312624790e-01 9.945364979847738374e-01 3.351238143102391355e-04 9.937863860277653671e-01 9.949059561128527074e-01
9.559118236472945451e-01 9.948499776085982793e-01 2.930195326534251049e-04 9.943461710703089818e-01 9.952418271383788317e-01
9.579158316633266113e-01 9.951522615315718800e-01 3.088471613106462703e-04 9.947380206000895342e-01 9.957456336766681293e-01
9.599198396793586774e-01 9.954377519032691080e-01 3.078817733990213412e-04 9.949619346171070244e-01 9.959695476936856195e-01
9.619238476953907435e-01 9.957848186296462956e-01 3.186844005259978525e-04 9.953537841468875769e-01 9.964173757277206001e-01
9.639278557114228096e-01 9.960423197492163094e-01 3.186844005259674407e-04 9.954097626511420049e-01 9.966412897447379793e-01
9.659318637274548758e-01 9.963166144200625851e-01 3.786729629486941268e-04 9.956336766681593842e-01 9.967532467532467244e-01
9.679358717434869419e-01 9.965741155396328210e-01 3.608768800108920569e-04 9.959695476936856195e-01 9.970331392745185317e-01
9.699398797595190080e-01 9.968540080609047394e-01 2.693956429806628177e-04 9.964733542319749171e-01 9.973130317957904500e-01
9.719438877755510742e-01 9.971283027317510150e-01 2.553626226591469792e-04 9.968092252575011525e-01 9.977048813255710025e-01
9.739478957915831403e-01 9.974473802060008776e-01 2.170926940177517433e-04 9.970331392745185317e-01 9.978728168383340646e-01
9.759519038076150954e-01 9.977776533811015813e-01 2.168760706203838780e-04 9.974809673085535122e-01 9.982086878638603000e-01
9.779559118236471615e-01 9.980743394536497615e-01 2.156444277234478304e-04 9.977608598298253195e-01 9.983766233766233622e-01
9.799599198396792277e-01 9.983262427227945768e-01 1.962443813586946099e-04 9.980967308553515549e-01 9.986005373936408525e-01
9.819639278557112938e-01 9.985333631885355832e-01 1.271587179982074838e-04 9.983206448723690452e-01 9.987684729064039146e-01
9.839679358717433599e-01 9.987404836542767006e-01 1.465097663267220934e-04 9.984885803851321073e-01 9.989923869234214049e-01
9.859719438877754261e-01 9.990035826242722461e-01 1.497882686997324773e-04 9.986565158978951695e-01 9.992163009404388951e-01
9.879759519038074922e-01 9.991547245857590465e-01 9.840123058244927480e-05 9.989923869234214049e-01 9.993282579489476403e-01
9.899799599198395583e-01 9.993394536497983704e-01 1.026102932144315575e-04 9.991603224361844671e-01 9.994961934617107024e-01
9.919839679358716245e-01 9.994905956112851708e-01 1.045764761098557874e-04 9.993282579489476403e-01 9.996641289744737646e-01
9.939879759519036906e-01 9.996697268248991852e-01 6.357935899909738576e-05 9.996081504702194476e-01 9.997760859829825097e-01
9.959919839679357567e-01 9.997816838334079304e-01 9.516345723242193783e-05 9.996081504702194476e-01 9.998880429914912549e-01
9.979959919839678228e-01 9.999272279444693101e-01 5.038065382893222084e-05 9.998320644872369378e-01 1.000000000000000000e+00
1.000000000000000000e+00 1.000000000000000000e+00 0.000000000000000000e+00 1.000000000000000000e+00 1.000000000000000000e+00
