# signal_efficiencies		0sq-mean	0sq-std	0sq-min	0sq-max	1sq-mean	1sq-std	1sq-min	1sq-max	2sq-mean	2sq-std	2sq-min	2sq-max	all-mean	all-std	all-min	all-max
1.000000000000000021e-02 2.356251063668302892e-01 2.566928262807574232e-02 2.005361321489833037e-01 2.896969483270663837e-01 nan nan nan nan nan nan nan nan nan nan nan nan
1.497487437185929596e-02 2.784979249732911222e-01 1.751602125711405888e-02 2.505840501144342980e-01 3.120189798605628173e-01 nan nan nan nan nan nan nan nan 1.540769638820985721e+00 1.158029880731795691e-01 1.231446958409449621e+00 1.623316244933517449e+00
1.994974874371859344e-02 3.064247157565344049e-01 1.442015778033766543e-02 2.815445420679991706e-01 3.264945744762333124e-01 nan nan nan nan nan nan nan nan 1.801032439658090567e+00 9.076615602259524573e-02 1.587431025571614640e+00 1.873633981641674717e+00
2.492462311557788746e-02 3.375665100692406551e-01 1.504521182147334872e-02 3.137576599938713406e-01 3.619010307541904448e-01 nan nan nan nan 1.410645478757416971e+00 1.062190499346004624e-01 1.129113413525093090e+00 1.489023478198286288e+00 1.982593925672154977e+00 7.289008453134158960e-02 1.869660101054166246e+00 2.093701003086724022e+00
2.989949748743718494e-02 3.611646875015537828e-01 1.568480655174372615e-02 3.395765847468441012e-01 3.894158855277974340e-01 nan nan nan nan 1.559399189346657888e+00 9.336009520317549437e-02 1.322747385170630618e+00 1.630600727880137102e+00 2.156952136057112668e+00 9.099000112579516686e-02 2.013976109365407385e+00 2.293489506896182029e+00
3.487437185929648242e-02 3.790448496656785848e-01 1.695898261905542589e-02 3.521032125305590954e-01 4.053062642107709834e-01 nan nan nan nan 1.679456201826311057e+00 8.219330271647003194e-02 1.516381356816168147e+00 1.760780937955435554e+00 2.300401642440111694e+00 7.499264262046168028e-02 2.180586601503089472e+00 2.416407387008292051e+00
3.984924623115577991e-02 3.943423369141075829e-01 1.763107229196472087e-02 3.683057655248327400e-01 4.213507894938140486e-01 6.150631175746182899e-01 1.235514553910444235e-01 4.754515599756667377e-01 8.215823562395645485e-01 1.772591871263249130e+00 7.608713388923146748e-02 1.651170079611359975e+00 1.882188444839530517e+00 2.411937819553921614e+00 5.387077465961393613e-02 2.313317814813903972e+00 2.482981397134436552e+00
4.482412060301507739e-02 4.106109094209858812e-01 1.699346475688599117e-02 3.878066071456891528e-01 4.481949236568625872e-01 6.441608134414320563e-01 1.218372529933086645e-01 4.991742638999757675e-01 8.698735858174780899e-01 1.860290839214482350e+00 9.436009905160232247e-02 1.694270872247905402e+00 1.996307838383702737e+00 2.540098652158740755e+00 5.148320574565292546e-02 2.451807448719412363e+00 2.610084803362077821e+00
4.979899497487437487e-02 4.228398840496279121e-01 1.122825993541454875e-02 4.094030183190642269e-01 4.500163289702867608e-01 6.493204301531413369e-01 1.002995476041039918e-01 5.255978168425284869e-01 7.945657172070024199e-01 1.958842554606303965e+00 9.548935120256644982e-02 1.809865810402607744e+00 2.104778437009478420e+00 2.671460160117665517e+00 5.186518430691364201e-02 2.576994591674217627e+00 2.748598515554200539e+00
5.477386934673367236e-02 4.397837846600283207e-01 1.324991964570310099e-02 4.191110892496283102e-01 4.668015907546899657e-01 6.544679498104747362e-01 9.437161758220004304e-02 5.263596670330297211e-01 8.333755836471629097e-01 2.031987756563449210e+00 8.147402894326775946e-02 1.902647887746136579e+00 2.139954776814795068e+00 2.781021598583461873e+00 5.126939741145571799e-02 2.732860998348632275e+00 2.881034422958543395e+00
5.974874371859296984e-02 4.520671739698461922e-01 1.211028079758127811e-02 4.309771487601084528e-01 4.743377404616162529e-01 6.585580778597587281e-01 7.324777204941645969e-02 5.525948784494217891e-01 7.906733033570203517e-01 2.097967638986026007e+00 6.838142790493656475e-02 1.978052618883668456e+00 2.189080704877456984e+00 2.861183880789019085e+00 5.812205703121464673e-02 2.755567274727779292e+00 2.988019345279266936e+00
6.472361809045226733e-02 4.668431532515285309e-01 1.195618709059253701e-02 4.511484931360909556e-01 4.872090328974314488e-01 6.692490398807053875e-01 4.975546615298546277e-02 5.792305707943585791e-01 7.314293951342027977e-01 2.147652553360297922e+00 5.217012149403633253e-02 2.044318019197712832e+00 2.220419209585713372e+00 2.970988655730300021e+00 6.746085022889475313e-02 2.892683912302358440e+00 3.128055950321218415e+00
6.969849246231155093e-02 4.797433341192336442e-01 1.348772414819173447e-02 4.647092667551145917e-01 5.075291801595239738e-01 6.857315860968316024e-01 4.771594231061573183e-02 6.049715646873981001e-01 7.584084699091082626e-01 2.211747503238387313e+00 4.307002175862121446e-02 2.142226485286529591e+00 2.272793464620093573e+00 3.068246742118029502e+00 8.342107620129483869e-02 2.967889136309808329e+00 3.240428140620123632e+00
7.467336683417084842e-02 4.898426790825819443e-01 1.290056307369656305e-02 4.691576681080945055e-01 5.149805614824064515e-01 7.134230407757985448e-01 4.988414462978914277e-02 6.275089685536699990e-01 7.987466950523883780e-01 2.286550255790699815e+00 5.897346246138765458e-02 2.170221953406751947e+00 2.365621622872077889e+00 3.146371862050699075e+00 9.588541847369277948e-02 3.010824473143429714e+00 3.320407363590359484e+00
7.964824120603014590e-02 4.977381564295420557e-01 1.160141621013849322e-02 4.802785790939045341e-01 5.156740352999691357e-01 7.415326155149507548e-01 5.258903502167952548e-02 6.624959520467079699e-01 8.380390560311090642e-01 2.350667308847447234e+00 5.236020006068835275e-02 2.253822329091575760e+00 2.425520335249872428e+00 3.236188450838087594e+00 9.046053312799089141e-02 3.133673057324410038e+00 3.398215850659327852e+00
8.462311557788944338e-02 5.091930739393484284e-01 1.098500633182904890e-02 4.946140218060853799e-01 5.277229883027423352e-01 7.489050088493056645e-01 4.217108057040036551e-02 6.968960729046032032e-01 8.293247192386771216e-01 2.403719526050840827e+00 5.081194995656796581e-02 2.342604257150120883e+00 2.497332672212452920e+00 3.322511375914005693e+00 9.469330936461410608e-02 3.194450858930271586e+00 3.480066974435669369e+00
8.959798994974874087e-02 5.199880681619660772e-01 1.131662727509471361e-02 5.091704074523538681e-01 5.417045541060089286e-01 7.574176589901991941e-01 4.661291416282404426e-02 6.791486303202663999e-01 8.432883983660115490e-01 2.470179691552022216e+00 4.941509813091871095e-02 2.428964520459167442e+00 2.577510955477915200e+00 3.383988949122286094e+00 9.094334690160783830e-02 3.293510274496200374e+00 3.558894929098891158e+00
9.457286432160803835e-02 5.306501436561775753e-01 1.186020873642599539e-02 5.144274222401545860e-01 5.549080734598532683e-01 7.670115554811717251e-01 4.553023326746032107e-02 6.743451908671044270e-01 8.602515565577397716e-01 2.499451936062944135e+00 6.223131108770781766e-02 2.384054492805403047e+00 2.627809265950174389e+00 3.444350764896825901e+00 8.805185606875286231e-02 3.336662888385022008e+00 3.605517210251151905e+00
9.954773869346733584e-02 5.396360381874358847e-01 1.233887220296479847e-02 5.239063018942174965e-01 5.650750006640267165e-01 7.798290865197687882e-01 4.967345563578326462e-02 7.046712766883204138e-01 8.944638487345640820e-01 2.555558207727881115e+00 6.399017138052968956e-02 2.466077495686880727e+00 2.704484823132007332e+00 3.530868942155287016e+00 7.750252078993248583e-02 3.420926293305158516e+00 3.676703172727105784e+00
1.045226130653266333e-01 5.468620728815917209e-01 1.334829780218847045e-02 5.261195321578683304e-01 5.768437845229648087e-01 7.967032144174200914e-01 5.425831621572796415e-02 7.345282496048546328e-01 9.286761409113882815e-01 2.616952190905532660e+00 7.165116604342568196e-02 2.530726078836111448e+00 2.782797624532447056e+00 3.597699352843991782e+00 8.654492579105380057e-02 3.490635980136502781e+00 3.750801253610195118e+00
1.094974874371859308e-01 5.539906611552101179e-01 1.392551274078785220e-02 5.359758332840605100e-01 5.857250407585942176e-01 8.128140271761964408e-01 6.312736737467171400e-02 7.293003752101904213e-01 9.616153450173159367e-01 2.668587154913417248e+00 8.349243841363966634e-02 2.566724087796163012e+00 2.851326581951987738e+00 3.646853523080770376e+00 7.986083795312970413e-02 3.556181595424560360e+00 3.796092560255001302e+00
1.144723618090452283e-01 5.622816400619117250e-01 1.285804408634184416e-02 5.490034615723804468e-01 5.917457150392608778e-01 8.258989874475040072e-01 6.940689291788622317e-02 7.547373528979923751e-01 9.803185148629659507e-01 2.706870462651859377e+00 9.479767633886589107e-02 2.594041964908580411e+00 2.889914249137930824e+00 3.700238019567258618e+00 9.326245342507685776e-02 3.616539924562997665e+00 3.877975124333482793e+00
1.194472361809045258e-01 5.689157159773424732e-01 1.323013711194808047e-02 5.516759842755758481e-01 5.988951259301676933e-01 8.301982528416098628e-01 7.217334739055389359e-02 7.511900748136499661e-01 9.740593591518771355e-01 2.751126114041640758e+00 9.799622186018475123e-02 2.613526536491486141e+00 2.929244782965983340e+00 3.767272740789707974e+00 8.029144225072791519e-02 3.671285144508328102e+00 3.925052708886592079e+00
1.244221105527638233e-01 5.728534275982453128e-01 1.249514001353683665e-02 5.569101076823612662e-01 5.983378713639437851e-01 8.306807688427511049e-01 6.931898010056510018e-02 7.446069133160048148e-01 9.713715821263405603e-01 2.795434745969722634e+00 9.216314618718736418e-02 2.686626270415894080e+00 2.970702254852545909e+00 3.836171779379135671e+00 8.029299751644901340e-02 3.733400547717101947e+00 4.019875956555066132e+00
1.293969849246231207e-01 5.794908925596772287e-01 1.322247035987676386e-02 5.664705565032517320e-01 6.052445089375859677e-01 8.435195952031827593e-01 6.195796256685324327e-02 7.702902877612979315e-01 9.664140299346606344e-01 2.841798787688468941e+00 9.330624062593430301e-02 2.730740715348714431e+00 3.009553678749422367e+00 3.899940715807083791e+00 8.358443830383878448e-02 3.771612479553954511e+00 4.078950404645914851e+00
1.343718592964824043e-01 5.848452424371444192e-01 1.418298200760309373e-02 5.676351324729164149e-01 6.114045351395569483e-01 8.567725036524214133e-01 5.994634856685296387e-02 7.896130711015255654e-01 9.654336057168968477e-01 2.891917978657399857e+00 9.594463600110958446e-02 2.757646103262942905e+00 3.049020147185767637e+00 3.966862519072767324e+00 7.705421320425233367e-02 3.867997150009299112e+00 4.113367447331760296e+00
1.393467336683417157e-01 5.931115610242982950e-01 1.570284748575348846e-02 5.762154817859890255e-01 6.231303280945791334e-01 8.657801622341583236e-01 6.262550272625598546e-02 7.899877199817099127e-01 9.819426325013703716e-01 2.917392052428562810e+00 9.589037244571728402e-02 2.810300641758330720e+00 3.098120189731404572e+00 4.018890260363219724e+00 7.958048168997873539e-02 3.873991213337823591e+00 4.157968065782890577e+00
1.443216080402010271e-01 5.997910936378876290e-01 1.767692424659704845e-02 5.803699488409415075e-01 6.368568218467235420e-01 8.686901186511928330e-01 5.905792725232562185e-02 7.954428993979328899e-01 9.696634690239286369e-01 2.949250988160174280e+00 9.488932293288313002e-02 2.860387289900486074e+00 3.127378979307606333e+00 4.051151413393119682e+00 6.820829094450008012e-02 3.924713762926759220e+00 4.163421232759167978e+00
1.492964824120603107e-01 6.058405315999596530e-01 1.733297044279464433e-02 5.895159942281363863e-01 6.448120313439538176e-01 8.667908998027262779e-01 5.213733165160917143e-02 8.027890551899605764e-01 9.648910122126106437e-01 2.976109950061298193e+00 9.032627062910983384e-02 2.873984861958557513e+00 3.139614059867844365e+00 4.092294744766912906e+00 6.161061088391433377e-02 3.989310155250214152e+00 4.205952972348562469e+00
1.542713567839196220e-01 6.109561566352992301e-01 1.704759134190578229e-02 5.925155759437606973e-01 6.478839560187111823e-01 8.752218739574173512e-01 5.485387827563433655e-02 8.110348984014668083e-01 9.689016318366938663e-01 3.027584343924142107e+00 9.059783808087666646e-02 2.898096527788033061e+00 3.193210969346408579e+00 4.116814280275620241e+00 7.111154300309602272e-02 3.984438765419580530e+00 4.232690409707314139e+00
1.592462311557789056e-01 6.166927025308472921e-01 1.724686616632148048e-02 5.978470763241894304e-01 6.534724427493834309e-01 8.793797350001451019e-01 5.187272891927192930e-02 8.075729690622036605e-01 9.800987265338276799e-01 3.064437482255807144e+00 7.948799348370119700e-02 2.962484448773077261e+00 3.219258332777895859e+00 4.166189936668242666e+00 6.741218282288416463e-02 4.048166259628490415e+00 4.276218134456053477e+00
1.642211055276382170e-01 6.218696546853484941e-01 1.696344918900087942e-02 5.978382647665843042e-01 6.577699491427257961e-01 8.882210752629579043e-01 5.048118085397518273e-02 8.209143092019894894e-01 9.795756860526853016e-01 3.100292568670357962e+00 8.875454648873143393e-02 3.005771624746247372e+00 3.275677190125689364e+00 4.202748230284031550e+00 6.379307223672542326e-02 4.098032643219426063e+00 4.295070125155862506e+00
1.691959798994975006e-01 6.262639597942001313e-01 1.587501884458610013e-02 6.068594741002654169e-01 6.603200658563463943e-01 9.005653359227293597e-01 5.863588772333179489e-02 8.316035565620762959e-01 1.004023848559937315e+00 3.126611432953216418e+00 8.845160273220542546e-02 3.030498468174114723e+00 3.288118396873502824e+00 4.254867225344618475e+00 7.494976227890368103e-02 4.147447780551449803e+00 4.378036590783597859e+00
1.741708542713567842e-01 6.323820523419099171e-01 1.690739608048454426e-02 6.168119745176579016e-01 6.706098935073719902e-01 9.034528879693125569e-01 5.187553498633792892e-02 8.367449276645121392e-01 9.813516226450699209e-01 3.145068054731678497e+00 8.625574211103163857e-02 3.058931676447858905e+00 3.316710976734838390e+00 4.295784704379594920e+00 6.844911735471216618e-02 4.196412997946557866e+00 4.392840921045856106e+00
1.791457286432160956e-01 6.383116010078138114e-01 1.682040546922515534e-02 6.224510290720091099e-01 6.759467881101078879e-01 9.096340878274240538e-01 4.805840475204013057e-02 8.419033809610937391e-01 9.814558312238792492e-01 3.171640962594007185e+00 9.453700179117009716e-02 3.077721054509842791e+00 3.362691727335525904e+00 4.320868494398764525e+00 7.778118612943243915e-02 4.221203855814471773e+00 4.450394111461267066e+00
1.841206030150753792e-01 6.440869191681080075e-01 1.616449929507338817e-02 6.299594271862718475e-01 6.780301784256088649e-01 9.149302403786672144e-01 5.186562598409267394e-02 8.431051133637617045e-01 1.004295865854502479e+00 3.205432666212678861e+00 8.394993865577164704e-02 3.137400582980002017e+00 3.367728893769788012e+00 4.344118395570800040e+00 6.019242607877300227e-02 4.258285661881878070e+00 4.440924445363061857e+00
1.890954773869346905e-01 6.496366430256513835e-01 1.662888796375494929e-02 6.346410735349693466e-01 6.834330969100930186e-01 9.128589872465869837e-01 4.224822781423646922e-02 8.578381713527264418e-01 9.885296157370635495e-01 3.240664429356468368e+00 8.358121467351155298e-02 3.141950562859352925e+00 3.413990678211895169e+00 4.369539185316997809e+00 7.128547384530212194e-02 4.273351652464108419e+00 4.485370632982089489e+00
1.940703517587939742e-01 6.536453074728740820e-01 1.764039707397637921e-02 6.287113169237978916e-01 6.887505355864662615e-01 9.070768905759892808e-01 3.638816012849247633e-02 8.604099895989990587e-01 9.886818497247739090e-01 3.282569707487092980e+00 7.946277609220783744e-02 3.168223905287979481e+00 3.450708973059446460e+00 4.395672636685038270e+00 7.542737313317093850e-02 4.311093782227554350e+00 4.542010008287054035e+00
1.990452261306532855e-01 6.592067241415853207e-01 1.715127864064640989e-02 6.344998782363291401e-01 6.932250518292939478e-01 9.194813626198818923e-01 4.089594825718691207e-02 8.566493504182630669e-01 1.010183155211815897e+00 3.311529194013886013e+00 8.289226833992081878e-02 3.208992891949828064e+00 3.508286867181872992e+00 4.426002554745522843e+00 8.175891557584044622e-02 4.307693622062731542e+00 4.600745007638515460e+00
2.040201005025125691e-01 6.629592310526001286e-01 1.710257587834744866e-02 6.409705913839514047e-01 6.976669135981244940e-01 9.262747548103785755e-01 4.068689191254618032e-02 8.670768825250302347e-01 1.025666776343356457e+00 3.347104286500980130e+00 8.712067858491272243e-02 3.217352890762731565e+00 3.542180185948647697e+00 4.451407729942747693e+00 6.949406104094978109e-02 4.346257570011621496e+00 4.579321135443493063e+00
2.089949748743718805e-01 6.664037246972756012e-01 1.672469441078877628e-02 6.439695365370238234e-01 6.981840547147634135e-01 9.334919764105549245e-01 4.043717748278007063e-02 8.693696790211923320e-01 1.024949374266949986e+00 3.384282955970992823e+00 7.615665578479127729e-02 3.273128103172885162e+00 3.542239759881114836e+00 4.472220051040255662e+00 8.135392361085179436e-02 4.375016998257274636e+00 4.609146073917368192e+00
2.139698492462311641e-01 6.717702469227971873e-01 1.713992499132083180e-02 6.501917635739524748e-01 7.043008437847823044e-01 9.370648438066238040e-01 3.986900761506655122e-02 8.714677046433755292e-01 1.019628608494295374e+00 3.413826721781890505e+00 8.404653922238293495e-02 3.301592311564198301e+00 3.570871825281952461e+00 4.484110626464991256e+00 8.597727123267698279e-02 4.394739263342339441e+00 4.636734107762421786e+00
2.189447236180904754e-01 6.758581506291465590e-01 1.741608077071741048e-02 6.555114405413304812e-01 7.098126801947869380e-01 9.465426472732272334e-01 3.768750756307047423e-02 8.895663198933190241e-01 1.016354555771281198e+00 3.438636625207257769e+00 8.343169473021402882e-02 3.291548989831791783e+00 3.589266128631922737e+00 4.499497648583037801e+00 8.978060376888506722e-02 4.397324095461806692e+00 4.672805251892077294e+00
2.239195979899497591e-01 6.813062985685082174e-01 1.729329105875178005e-02 6.632048545589960264e-01 7.178732274229965293e-01 9.528515412134994644e-01 3.511406563347438392e-02 8.996159967180465955e-01 1.015256120137664420e+00 3.456479227186286529e+00 8.152131230944306695e-02 3.316324898909027041e+00 3.607860471370533340e+00 4.498387100233231628e+00 1.071600598006213073e-01 4.368096040572083893e+00 4.686771745389858523e+00
2.288944723618090704e-01 6.863654913645111932e-01 1.711282180526021990e-02 6.669521089736849540e-01 7.247563783592986253e-01 9.466449800608860432e-01 3.001354386989303277e-02 9.026469193344325292e-01 1.004628733792585216e+00 3.476772873681236664e+00 6.852588506334357510e-02 3.355160516477032839e+00 3.590080241220351187e+00 4.512012638961819810e+00 1.061019522961926670e-01 4.359680042663178767e+00 4.696843698224289376e+00
2.338693467336683540e-01 6.900864671335691369e-01 1.785849088831145681e-02 6.678870103430947225e-01 7.303174158866446719e-01 9.454345380345158256e-01 3.007513749723674662e-02 8.971334374677405465e-01 1.007564362188779539e+00 3.494932891089479909e+00 7.068903082475119781e-02 3.379609597657374565e+00 3.598695911899222555e+00 4.522754067888672402e+00 1.079691624722279863e-01 4.375586039452858955e+00 4.721557367064547428e+00
2.388442211055276654e-01 6.952524921632537991e-01 1.889879143866387765e-02 6.716044288887470515e-01 7.367691385991912423e-01 9.511166903301656594e-01 3.248024967954584591e-02 9.000706746425409799e-01 1.020090032747607012e+00 3.499264115626246507e+00 7.722733624486789739e-02 3.379845584982007267e+00 3.643572593386708913e+00 4.514270097135506532e+00 1.225638098683489025e-01 4.364156422811166891e+00 4.727969465543842453e+00
2.438190954773869490e-01 6.997877668999470391e-01 1.963358471701368707e-02 6.737261840495399889e-01 7.404729876482526452e-01 9.499523348944836076e-01 3.086665411178953974e-02 9.031800742587323683e-01 1.013182025848400336e+00 3.514388819533278419e+00 7.904719894369674482e-02 3.383158849470418339e+00 3.649771411027190826e+00 4.531281177314347985e+00 1.162930568155317035e-01 4.403194673982863350e+00 4.726923990145222021e+00
2.487939698492462326e-01 7.046810912957357509e-01 1.970942605762027178e-02 6.796432442540155661e-01 7.441207478777923656e-01 9.476836687002110349e-01 3.143400426881153703e-02 9.034491823883739059e-01 1.019201833225278797e+00 3.540047767451071969e+00 7.465359663214335417e-02 3.414261831171382156e+00 3.667117674989354370e+00 4.537268372980228115e+00 1.089673641596609899e-01 4.425302830036092594e+00 4.745088420262176143e+00
2.537688442211055162e-01 7.092069738256659983e-01 1.933999707856516245e-02 6.864254948849957128e-01 7.486434378423971747e-01 9.514557394665112966e-01 3.021696591344598046e-02 9.053738332946998923e-01 1.021449763450645642e+00 3.565839920616988845e+00 7.415472664150997428e-02 3.439258882733876810e+00 3.686979464035143206e+00 4.534377108469575646e+00 1.088742764198757790e-01 4.391243018830128797e+00 4.730527464923794057e+00
2.587437185929647998e-01 7.146696248523637385e-01 1.810080600373084603e-02 6.937999406664304702e-01 7.490632739641647220e-01 9.504950290344165165e-01 3.080474043851300775e-02 8.951671290248596202e-01 1.014156661751457689e+00 3.581842231205958349e+00 7.288489935600922509e-02 3.476422895370594013e+00 3.677482918541995716e+00 4.531161420091518899e+00 1.112292212050669943e-01 4.355821479281011044e+00 4.726818233073201370e+00
2.637185929648241389e-01 7.198320920070960804e-01 1.823703786396528928e-02 6.990106524433468138e-01 7.549096469039395796e-01 9.483813090796729961e-01 3.024375120209997145e-02 8.927446948192466758e-01 1.014661081187322678e+00 3.603945461663578875e+00 6.987681739215401144e-02 3.488969742749530756e+00 3.712667471709215850e+00 4.535053841259161445e+00 1.217665435185618927e-01 4.325292517483690702e+00 4.728624114737182360e+00
2.686934673366834225e-01 7.231923723173470098e-01 1.784075698021065845e-02 7.052493366991512413e-01 7.578443493203257386e-01 9.526007258176004688e-01 2.804838495861681005e-02 8.919106849534970127e-01 1.003334741751191750e+00 3.635416767212439559e+00 7.621245061675445409e-02 3.525539994234355046e+00 3.761918762867465738e+00 4.543204151862101803e+00 1.085136360906334835e-01 4.355341361431529279e+00 4.747233242809488551e+00
2.736683417085427061e-01 7.271593691359157230e-01 1.712730421965815569e-02 7.089451473844387008e-01 7.611481960104446998e-01 9.487855639574063193e-01 2.882473566450961117e-02 8.953097103468099505e-01 1.009063482353395935e+00 3.649152793747268309e+00 7.184689231498105066e-02 3.549959405146408731e+00 3.769236631244999636e+00 4.532598193656353303e+00 9.402317616532919475e-02 4.357287079443768363e+00 4.671002526906009145e+00
2.786432160804020453e-01 7.323842552459904898e-01 1.805066010124553241e-02 7.112284006358992050e-01 7.666086607282280863e-01 9.529244801807370546e-01 3.167863396502553636e-02 9.016193800731366892e-01 1.025363990802855341e+00 3.663560993672692057e+00 8.142769988702247552e-02 3.540127926108993073e+00 3.788460254912570324e+00 4.542601356286383840e+00 9.168189702586838907e-02 4.365860805027949709e+00 4.682424998418619921e+00
2.836180904522613289e-01 7.365539631186098779e-01 1.743828924565374999e-02 7.168158108223645630e-01 7.711390014809683668e-01 9.473572489616366443e-01 3.514634727928888508e-02 9.011552434469835005e-01 1.022076985020550666e+00 3.672395198104511316e+00 7.554805144867558775e-02 3.564853257118793195e+00 3.809048788044193223e+00 4.553746872991355055e+00 8.895122137601668699e-02 4.380477123794848993e+00 4.694587029401207090e+00
2.885929648241206125e-01 7.413966486235746833e-01 1.706693264234722743e-02 7.182474587631137997e-01 7.739288915909088296e-01 9.473843802928968438e-01 3.613543206466682950e-02 9.106550788947472830e-01 1.021281493621149616e+00 3.685250566354116408e+00 7.319454900576810585e-02 3.589456293815752819e+00 3.843009807896401675e+00 4.560962246981608459e+00 8.176345264861595297e-02 4.413970786615352360e+00 4.707416568066065565e+00
2.935678391959798961e-01 7.463795207506439544e-01 1.822682917758906146e-02 7.216913477482567174e-01 7.806327971469521065e-01 9.423194003778823102e-01 4.122120973744559935e-02 8.881758237786637755e-01 1.023460596776610165e+00 3.689677112283997751e+00 6.751574968064848192e-02 3.603230155247320265e+00 3.811953206751621526e+00 4.558142409211470181e+00 8.132306064949294810e-02 4.420574144155396290e+00 4.726081875149755085e+00
2.985427135678392352e-01 7.490215767767105515e-01 1.919898989262704830e-02 7.256035566450301788e-01 7.867507623119296412e-01 9.339588281343719212e-01 3.809628453986414753e-02 8.758704253793215821e-01 9.971642047357271998e-01 3.697596107587645342e+00 7.321271925641659184e-02 3.587325482354732475e+00 3.820987422210454287e+00 4.561683871019598158e+00 8.474054488866417101e-02 4.432606196552099753e+00 4.734828567804554744e+00
3.035175879396985188e-01 7.525841693230117535e-01 1.789933668683855311e-02 7.285648451415426274e-01 7.879881110870951000e-01 9.360776871650060560e-01 3.965223403479796460e-02 8.852360414938460487e-01 1.003054080114400781e+00 3.706730658787328103e+00 8.075938343595547020e-02 3.592387328068569197e+00 3.866992734335950477e+00 4.559942655956999324e+00 8.223643162930384387e-02 4.447873515694095836e+00 4.733275434486563960e+00
3.084924623115578024e-01 7.566625266467879030e-01 1.803338354162690310e-02 7.321518637315588274e-01 7.927372459221830869e-01 9.344674582181285993e-01 4.032094293837878984e-02 8.786631706118644969e-01 1.006069569298501776e+00 3.721564788127475598e+00 8.382711963185923709e-02 3.587401308397425215e+00 3.888170118239647088e+00 4.567330792708724552e+00 6.830068725480931136e-02 4.475661073546548074e+00 4.693500519193046117e+00
3.134673366834170860e-01 7.610670659059259879e-01 1.721498831512380603e-02 7.372351242863128817e-01 7.957971510573015328e-01 9.327940672439970493e-01 4.090686151314643776e-02 8.650297250290397422e-01 1.009179216173202720e+00 3.734905648720848514e+00 8.480531029731606940e-02 3.603170633852208038e+00 3.921336484015618851e+00 4.570497227998012946e+00 7.168211497076476535e-02 4.478553345680790443e+00 4.692724175291210997e+00
3.184422110552764251e-01 7.651018187593050524e-01 1.714453013642802323e-02 7.413332300535514507e-01 7.992436138365608400e-01 9.310542408090087818e-01 4.412447920848885929e-02 8.612872788454760675e-01 1.017958533624145678e+00 3.752330905392832872e+00 8.163758963828179893e-02 3.633929339501438260e+00 3.936064802014442421e+00 4.554881504217133781e+00 7.724370888833882731e-02 4.433278965003986549e+00 4.684570046846362246e+00
3.234170854271357087e-01 7.685500578107620218e-01 1.682002713887992273e-02 7.462545924503570793e-01 8.023434436290307614e-01 9.280011095923867970e-01 3.654728723065783086e-02 8.665051229203631911e-01 9.946142476902712914e-01 3.757067226571730423e+00 7.662878758479590990e-02 3.644080451550892885e+00 3.912338636745007925e+00 4.555117150807179272e+00 7.549253066445081595e-02 4.441734491447106414e+00 4.682973314744264925e+00
3.283919597989949923e-01 7.730435095386408717e-01 1.611433960386823502e-02 7.524422466832453305e-01 8.036915127706488748e-01 9.264252227766569536e-01 3.781634689678998323e-02 8.642268505425289016e-01 9.983679295486426186e-01 3.760141460469527797e+00 8.387871516515570114e-02 3.662867465401502098e+00 3.905946636038928776e+00 4.558716663739351915e+00 8.126212341010700946e-02 4.438497686066506631e+00 4.714446997246978910e+00
3.333668341708542759e-01 7.769340475279880032e-01 1.638494157798538881e-02 7.563670684699070890e-01 8.093881827571864918e-01 9.218976413043316054e-01 4.288451009149774756e-02 8.538322960220617874e-01 1.002164266247393076e+00 3.760237712256928599e+00 9.118041341642169062e-02 3.658547691564178805e+00 3.934694637079835466e+00 4.558033932498045004e+00 8.652315085322163923e-02 4.399855787808589547e+00 4.711280471714085927e+00
3.383417085427135595e-01 7.803981267659030330e-01 1.606064588733881887e-02 7.596538660880590710e-01 8.139174583388701922e-01 9.196881025922121200e-01 4.528201932406398372e-02 8.511008514856146512e-01 1.001217742789258791e+00 3.769632916332045003e+00 8.516964639286833672e-02 3.664507124773354718e+00 3.939324314021734885e+00 4.549158190849956540e+00 9.020589649499433094e-02 4.386708917516047634e+00 4.707518377024055845e+00
3.433165829145728987e-01 7.831884779164577370e-01 1.578237120193039592e-02 7.628055551077234098e-01 8.154690033139584404e-01 9.205402934804075565e-01 4.674469639260567244e-02 8.554524804772082325e-01 1.007498108668516412e+00 3.769312493790351937e+00 9.873437503786579306e-02 3.658217144769852602e+00 3.971703521347522692e+00 4.547060212369008703e+00 8.641040946954731128e-02 4.409903669252686953e+00 4.709408536801644729e+00
3.482914572864321823e-01 7.855125710969305119e-01 1.588455634889810245e-02 7.671651523307102538e-01 8.183280249387164806e-01 9.123441599182007256e-01 4.281802645480444619e-02 8.569649820337338353e-01 9.867050250113108545e-01 3.766831394180816694e+00 1.092164143167613649e-01 3.643423547548590768e+00 3.980600678586232455e+00 4.548206753468309493e+00 8.029891469363169276e-02 4.413957956834979157e+00 4.694930534763699370e+00
3.532663316582914659e-01 7.881184898656347082e-01 1.593924167997137764e-02 7.707002822829748245e-01 8.224157834136616163e-01 9.086500177288368008e-01 4.666824189094116726e-02 8.483616533487502442e-01 9.871209158549524298e-01 3.763042131178603533e+00 1.038180880796973349e-01 3.607950007960738503e+00 3.945726666541522931e+00 4.545577224281050377e+00 7.837147486541995445e-02 4.434953231049189704e+00 4.707278035141938766e+00
3.582412060301507495e-01 7.911553623247242761e-01 1.650972838558114122e-02 7.721888789777950901e-01 8.263406391153418351e-01 9.037728945598214603e-01 5.160510992960365417e-02 8.418038068580268041e-01 9.998768416094602207e-01 3.764995284113046292e+00 1.062187192778194511e-01 3.617627604865488955e+00 3.968147663665249514e+00 4.539160387544503905e+00 7.574053156345396387e-02 4.423014887728384359e+00 4.691421159297890497e+00
3.632160804020100886e-01 7.941483463578561386e-01 1.667922912253845188e-02 7.747413446923117064e-01 8.291830748381027183e-01 8.960585596966368360e-01 4.760828694065762784e-02 8.354227439045803782e-01 9.768211760361650287e-01 3.767077878350648668e+00 1.079346135182000649e-01 3.622691504065415735e+00 3.971684090719058258e+00 4.533262193702205956e+00 7.608117967123960435e-02 4.399598138347562859e+00 4.685247847761473849e+00
3.681909547738693722e-01 7.977369718899243178e-01 1.677616195261374607e-02 7.783216815508638975e-01 8.323219493675143577e-01 8.913346681757834400e-01 4.845689103646948909e-02 8.314301194152261543e-01 9.735329060172407400e-01 3.759118897722301345e+00 1.198483781077744753e-01 3.608555557659610447e+00 3.984903411990500466e+00 4.528342753674141186e+00 7.302154207562766564e-02 4.422330003226795370e+00 4.684079865106447471e+00
3.731658291457286558e-01 8.003679114060217037e-01 1.688239483843758174e-02 7.778650866572124345e-01 8.333812808276361839e-01 8.885840499773166590e-01 5.444696601611181963e-02 8.164730360389412800e-01 9.856759542009814190e-01 3.750172425065622317e+00 1.162191271293311762e-01 3.618451415187086351e+00 3.980357044137473377e+00 4.526518421603974218e+00 7.511010954492219893e-02 4.409806891840919896e+00 4.695912643533226571e+00
3.781407035175879394e-01 8.038859343751643127e-01 1.638241337094632419e-02 7.836597142275637529e-01 8.346566674560527144e-01 8.863843441201014750e-01 5.150436251578070085e-02 8.104331715262211855e-01 9.794993230842942156e-01 3.754742847012872975e+00 1.106264555232868430e-01 3.630512382695930018e+00 3.951981662584720389e+00 4.523725629172954399e+00 8.407802291281761542e-02 4.380897559057505219e+00 4.706034062905171567e+00
3.831155778894472785e-01 8.076316803337878492e-01 1.582986010682732592e-02 7.885914648755878442e-01 8.378968411935296956e-01 8.801950134074367771e-01 4.909337060191921315e-02 7.941506845317826135e-01 9.606220392387013751e-01 3.758087509351368372e+00 1.154665028616170402e-01 3.636235160394866828e+00 3.974002433544412849e+00 4.517697357452582274e+00 8.254062077564455757e-02 4.383804867096062985e+00 4.682831447054329743e+00
3.880904522613065621e-01 8.111393110711769827e-01 1.553198817440090695e-02 7.929071999063945775e-01 8.402328596042183406e-01 8.754413361049575570e-01 4.962894254380170039e-02 7.832681273909125608e-01 9.634122377220574185e-01 3.753030566412960845e+00 1.065783366552261330e-01 3.623537643317733536e+00 3.971736188096770537e+00 4.511508625581716281e+00 8.977648042014653440e-02 4.362355866220953615e+00 4.689499242915881716e+00
3.930653266331658457e-01 8.143129823570018910e-01 1.523354874749305483e-02 7.960221613758484693e-01 8.436172587448065308e-01 8.700734623240888865e-01 4.601888234316012238e-02 7.765325818759206689e-01 9.519296434871848955e-01 3.743745593667817673e+00 1.147653516314007111e-01 3.582584274303779903e+00 3.978821393719040866e+00 4.495502625684387965e+00 8.439360379174205840e-02 4.355882757113551662e+00 4.645102858235236276e+00
3.980402010050251294e-01 8.166981021000138119e-01 1.353316369988870511e-02 8.003338690339006911e-01 8.429679821581665955e-01 8.657479440527733328e-01 4.394464273572612489e-02 7.743685416603940386e-01 9.435227492534695726e-01 3.736113730933042554e+00 1.192844553097923560e-01 3.563055584051245006e+00 3.985912579317723914e+00 4.480624793714973464e+00 8.222062958263433308e-02 4.332007354675686095e+00 4.621656371780087369e+00
4.030150753768844685e-01 8.196140120947882357e-01 1.319604252094714117e-02 8.038265343267091412e-01 8.442045671228898263e-01 8.614375174133565016e-01 4.212674419856850955e-02 7.761097422527742928e-01 9.338445564721258307e-01 3.734827514753612743e+00 1.267326828122175009e-01 3.516876121617942275e+00 3.974075832095883776e+00 4.461958870298236235e+00 7.631414281667961430e-02 4.328054444938659095e+00 4.585158405200726150e+00
4.079899497487437521e-01 8.227729841118207599e-01 1.271596404372602081e-02 8.082049160351605366e-01 8.490906566787765897e-01 8.588492853425762075e-01 4.398865737127755082e-02 7.737322658183474200e-01 9.345299154146369247e-01 3.731035101653341624e+00 1.210797434163922437e-01 3.531841601264848141e+00 3.963719061603081517e+00 4.443008830629041839e+00 7.851526434180895742e-02 4.312707193908511094e+00 4.581738999555470926e+00
4.129648241206030357e-01 8.252325096403081428e-01 1.271639632478290677e-02 8.080395242818732005e-01 8.508740372867027446e-01 8.547186168083303892e-01 4.062493930422964028e-02 7.785007624310744667e-01 9.255631342280430385e-01 3.725960777247106392e+00 1.107964724025151809e-01 3.536747803549940450e+00 3.950835943423316898e+00 4.429034361855139323e+00 7.745284836731762546e-02 4.297041880752665577e+00 4.556857043725593748e+00
4.179396984924623193e-01 8.280545912002990061e-01 1.267315005864635448e-02 8.094716278607508864e-01 8.518335055095225261e-01 8.535320937368272576e-01 3.939781714069243157e-02 7.750335005259568755e-01 9.229147848089716000e-01 3.721021635123216154e+00 1.116105051278933058e-01 3.536435429642172501e+00 3.947323753167517157e+00 4.416334729967293704e+00 8.568642885033385392e-02 4.256845908330253003e+00 4.549851390230570836e+00
4.229145728643216029e-01 8.304042757225426064e-01 1.324994012296672879e-02 8.095400670659369524e-01 8.539004328327675086e-01 8.490639923537222078e-01 3.584128512531574440e-02 7.791111887103810973e-01 9.172462886757823952e-01 3.710488809229579577e+00 9.925457674520198059e-02 3.541751400735774435e+00 3.902431014138099119e+00 4.409026888815249734e+00 8.237939946147747328e-02 4.245873471549833411e+00 4.535374528997931698e+00
4.278894472361809420e-01 8.336828816698360622e-01 1.353481834025302769e-02 8.119843272512181631e-01 8.580423156803753670e-01 8.480881726546926069e-01 3.241669762489487322e-02 7.808768360745358406e-01 9.051752235628399701e-01 3.711703547542580139e+00 9.287272864744726408e-02 3.542547960317479649e+00 3.875008228212708961e+00 4.395182606892882760e+00 7.984613455550876315e-02 4.234122979800076791e+00 4.511662580652335386e+00
4.328643216080402256e-01 8.367177147777630219e-01 1.280098183756162890e-02 8.170100691837801632e-01 8.613537366439254495e-01 8.428411971602495223e-01 3.018965358810473190e-02 7.783045863254132168e-01 8.946054926515338845e-01 3.710715723492857165e+00 8.776508519191059121e-02 3.537659333973473874e+00 3.867934604972375734e+00 4.378239067111874938e+00 7.019684559223152154e-02 4.231948041705398289e+00 4.471832969921990752e+00
4.378391959798995092e-01 8.388885621858331865e-01 1.280879257518044781e-02 8.186362605382795365e-01 8.636818686618853436e-01 8.402638920286330526e-01 2.758801487890311446e-02 7.864212764274979284e-01 8.891921170525678431e-01 3.713083451207396912e+00 8.663427940725228205e-02 3.549984718711595377e+00 3.873565486522212442e+00 4.366425363301156715e+00 6.814466958645383488e-02 4.221322979135888609e+00 4.461533532894051746e+00
4.428140703517587928e-01 8.418835529503431170e-01 1.263575957083443342e-02 8.214543153349124216e-01 8.665950490684352081e-01 8.350326461424849578e-01 2.716096995413275206e-02 7.845477379251621919e-01 8.908371534559424987e-01 3.711524249132807540e+00 8.702923209736336541e-02 3.551900811448901241e+00 3.885321550821029479e+00 4.357070585186850309e+00 7.228838095737519231e-02 4.210166268611755136e+00 4.469833710951506944e+00
4.477889447236181319e-01 8.434806512265679013e-01 1.217604397126233716e-02 8.241469704924165862e-01 8.687475464469198716e-01 8.311495641270456591e-01 2.532789527985561048e-02 7.837337673999257293e-01 8.845780134541614270e-01 3.701120946792852529e+00 8.647573258828840370e-02 3.554174788432076681e+00 3.885602450531176366e+00 4.342733813967893930e+00 6.767347104701909588e-02 4.222688180469924113e+00 4.437399648118940831e+00
4.527638190954774156e-01 8.462992282254495624e-01 1.221881822184729509e-02 8.267489171110770085e-01 8.705030641804391012e-01 8.265562156356824897e-01 2.432633501009484611e-02 7.843234176781644917e-01 8.829117780727432363e-01 3.700316196886085152e+00 8.831575481455057608e-02 3.559140327961804573e+00 3.886340593544324484e+00 4.325282998513164223e+00 7.140460994861524968e-02 4.182917517576599131e+00 4.430669426473539119e+00
4.577386934673366992e-01 8.487941481408645128e-01 1.212031668044968175e-02 8.296057538583089253e-01 8.722406433215542654e-01 8.254392541767148206e-01 2.122770836361807453e-02 7.845941940805005732e-01 8.718815135100024261e-01 3.695632315333351237e+00 9.141227731703413517e-02 3.559707465793541026e+00 3.891938816321762751e+00 4.308029957194433379e+00 7.075818613762205334e-02 4.181447763622230696e+00 4.417267640693815167e+00
4.627135678391959828e-01 8.512860671704427507e-01 1.235025252533712009e-02 8.321163450937351103e-01 8.743326841739689215e-01 8.225442745390191268e-01 2.034816998055282572e-02 7.883345368350109794e-01 8.682642503942860079e-01 3.694533242385170446e+00 8.993540220897404402e-02 3.578676266153944852e+00 3.899910509294369554e+00 4.295511816749137068e+00 6.576695974379041798e-02 4.177622437632376950e+00 4.401628487851834137e+00
4.676884422110553219e-01 8.543788498330741055e-01 1.224269182358828610e-02 8.336070622110429706e-01 8.754288475033457084e-01 8.191695239241415516e-01 1.845473135498040124e-02 7.935538610624178757e-01 8.551343377025376613e-01 3.693764956597935800e+00 8.492180118239341102e-02 3.586291990725420042e+00 3.888734582738624823e+00 4.270712000695299437e+00 6.081611793630829765e-02 4.160230029684957920e+00 4.364979049537755174e+00
4.726633165829146055e-01 8.565970224135621702e-01 1.195450300236502485e-02 8.368258832458206342e-01 8.776074276337344493e-01 8.173893847107690513e-01 1.701582239626835830e-02 7.945245176735293846e-01 8.467410168582276686e-01 3.695380013793562402e+00 8.177884503304591601e-02 3.602616168270801111e+00 3.882501275624872239e+00 4.253321160169964088e+00 5.899716783743992610e-02 4.140487279804066389e+00 4.342373796248931939e+00
4.776381909547738891e-01 8.590962931669636760e-01 1.200651408116590324e-02 8.400288654960840207e-01 8.805597381727908735e-01 8.165110238917678842e-01 1.738678434604083028e-02 7.916467756532101774e-01 8.499613133441197288e-01 3.678353154679234738e+00 8.796357731076777375e-02 3.535401467066666026e+00 3.854159243271977342e+00 4.236787972094496091e+00 5.703552049557419901e-02 4.128569208247476752e+00 4.324441797579572366e+00
4.826130653266331727e-01 8.612114203917261568e-01 1.143368964164413054e-02 8.415687801204283502e-01 8.794668693703104889e-01 8.120862616571413728e-01 2.054154031210223691e-02 7.799732814281150617e-01 8.440439596543554135e-01 3.670611336844725514e+00 8.256316361421146832e-02 3.536650803994571657e+00 3.847007931388693791e+00 4.218664220691758615e+00 5.291609584349652590e-02 4.103026821141719793e+00 4.295575231007824790e+00
4.875879396984924563e-01 8.637184945663225477e-01 1.171144650402622736e-02 8.420851461725417098e-01 8.820321291023214272e-01 8.058026173958168226e-01 1.875519297246939013e-02 7.760067968413749684e-01 8.376030243431085154e-01 3.663984890361852820e+00 8.214574705930556553e-02 3.541781183712452208e+00 3.844525389445821784e+00 4.202705369660558077e+00 5.271720144418735182e-02 4.093536346913684731e+00 4.283181909648656749e+00
4.925628140703517954e-01 8.664665454978119907e-01 1.195153865660702856e-02 8.458308403589419600e-01 8.861404179210422560e-01 8.036174794029371515e-01 1.963333763512454047e-02 7.709921989831010070e-01 8.368782295163152973e-01 3.660671068698282848e+00 7.769385823659788470e-02 3.541130706487900959e+00 3.817889823117276649e+00 4.180904107189625130e+00 5.952704984908382263e-02 4.064574253214810362e+00 4.282620082829895480e+00
4.975376884422110790e-01 8.689214333467267792e-01 1.247620574031077512e-02 8.463013622397996816e-01 8.887385156257858743e-01 8.024573249048702062e-01 1.907636057798905993e-02 7.708470602576222852e-01 8.339368221347627230e-01 3.649463760622519537e+00 8.252730780128710031e-02 3.510910870428288977e+00 3.821221540808592554e+00 4.163631126357371315e+00 5.313259454833652029e-02 4.063748336391305394e+00 4.257815071135463647e+00
5.025125628140703071e-01 8.716043743627270857e-01 1.270901196988771624e-02 8.495427355245620538e-01 8.916209770621345010e-01 8.014955020618783621e-01 2.243471360956641666e-02 7.640458315074534212e-01 8.346104115060711814e-01 3.647940653913445352e+00 8.741685272940491469e-02 3.484550133686189266e+00 3.836519639382103719e+00 4.144912203413893437e+00 4.864330250493278246e-02 4.056253706584048935e+00 4.226123391636182447e+00
5.074874371859295907e-01 8.741812004333746611e-01 1.258889324244340073e-02 8.535636531316349584e-01 8.950346466697587378e-01 7.969202345307326851e-01 2.656069075674154581e-02 7.508310151704413737e-01 8.386380911551584161e-01 3.642781590108131518e+00 8.963940941094579451e-02 3.474288029796629207e+00 3.837672577824633890e+00 4.127622309347875884e+00 4.234322195672773209e-02 4.049615236145466035e+00 4.198732253535364833e+00
5.124623115577889854e-01 8.759095729643379125e-01 1.309942214825874675e-02 8.552219369644752378e-01 8.963896859958689900e-01 7.909756155534209965e-01 2.359564124940561128e-02 7.489845532637331438e-01 8.228133022738939317e-01 3.638960586838960065e+00 8.823632622402603765e-02 3.486014218505020246e+00 3.826511937364248883e+00 4.109289057467337081e+00 4.726602615804082613e-02 4.009952461360522413e+00 4.192174417760198502e+00
5.174371859296482690e-01 8.785623860338533930e-01 1.241657785684797087e-02 8.585654585600469568e-01 8.982769398976271358e-01 7.860857343201449465e-01 2.225480405687902882e-02 7.468453891947867129e-01 8.205312149685344281e-01 3.627653724727690765e+00 8.909106098000008078e-02 3.482505626990188841e+00 3.822380001560156337e+00 4.090779977228993225e+00 4.527672379759627164e-02 4.000918689187666466e+00 4.176747885296827612e+00
5.224120603015075526e-01 8.809463015992429202e-01 1.233226453759789579e-02 8.609366017545876382e-01 9.012936443108837681e-01 7.832410455333234101e-01 2.154603718917251845e-02 7.474538913459854994e-01 8.184106011162206595e-01 3.628048915363341731e+00 8.462895681487515864e-02 3.483831926858270478e+00 3.807876493186759692e+00 4.066750701466006923e+00 4.275406079776834789e-02 3.979821409112946906e+00 4.142323933379489453e+00
5.273869346733668362e-01 8.830447147749534986e-01 1.236010346720094709e-02 8.642171670246059367e-01 9.050002947778352791e-01 7.835337941516227200e-01 1.955544073523560189e-02 7.512164646262617929e-01 8.165396867974966666e-01 3.621397432493718149e+00 7.972786100606510384e-02 3.490876844138415702e+00 3.794146273426659555e+00 4.050162640773402600e+00 4.016448796124885007e-02 3.967068933164899835e+00 4.120060285861751659e+00
5.323618090452261198e-01 8.849629847414336448e-01 1.268870285544212821e-02 8.652289896629664634e-01 9.077935300915760397e-01 7.811891530630816760e-01 1.982421600490054739e-02 7.488042347337381388e-01 8.111701066653597136e-01 3.612663308659972650e+00 7.746576777388736179e-02 3.491243855189790413e+00 3.789991714523193167e+00 4.023909554019769352e+00 3.704347128089183205e-02 3.950498029696877911e+00 4.093581403935298901e+00
5.373366834170854034e-01 8.866911230523841780e-01 1.219121473355551551e-02 8.662302387397614600e-01 9.067072510886710068e-01 7.771316607052435321e-01 1.957295446337159114e-02 7.434704119727100213e-01 8.037941716192821273e-01 3.601244215775241564e+00 8.327230478313864259e-02 3.462979065470813911e+00 3.793732478762266158e+00 3.996218677430039001e+00 3.692985347242441069e-02 3.933762996694904590e+00 4.073363418895289634e+00
5.423115577889447980e-01 8.886543339464244573e-01 1.190095749147484019e-02 8.693092142253694421e-01 9.073144303565391366e-01 7.715651443504885076e-01 1.921763544553915445e-02 7.352286947798828409e-01 8.001671069722640084e-01 3.590172147304204309e+00 8.156886193686709030e-02 3.449749050454261390e+00 3.778942816999927956e+00 3.971794117791932699e+00 3.847733077360139531e-02 3.905802717176755756e+00 4.048172248088859781e+00
5.472864321608040816e-01 8.912619628396939442e-01 1.168349954232017658e-02 8.712299215117758067e-01 9.097659214625526403e-01 7.680466524240220361e-01 1.879079920770873255e-02 7.355382788649615922e-01 7.962718569024349602e-01 3.584168423574404905e+00 8.093836147271153691e-02 3.458321788527342733e+00 3.773287913185759290e+00 3.950921109295317368e+00 3.902613706392921156e-02 3.885697668511017611e+00 4.031196605650859688e+00
5.522613065326633652e-01 8.933125064310031282e-01 1.208030156927406701e-02 8.736100885130457794e-01 9.149949133185060202e-01 7.639360641889453296e-01 1.796621895339575031e-02 7.319196314059996933e-01 7.938165203481678533e-01 3.575177992333090859e+00 7.869594527113528415e-02 3.452235833015769639e+00 3.753920058938960747e+00 3.930307035222742940e+00 3.737960424016840977e-02 3.872502518698512919e+00 3.999369324715793095e+00
5.572361809045226488e-01 8.948607002241821817e-01 1.203085338333114221e-02 8.743406945310545630e-01 9.155378899215469435e-01 7.623891175391606101e-01 1.770190981820480083e-02 7.274889022881151357e-01 7.953066705659563862e-01 3.567423200287310525e+00 8.219226245428493116e-02 3.433854117131308836e+00 3.754155093799515175e+00 3.915117051646132662e+00 3.764273830447521785e-02 3.853281285686405155e+00 3.977735557422428236e+00
5.622110552763819324e-01 8.967358150602192657e-01 1.245702481755146113e-02 8.747639074728076336e-01 9.177543903912918077e-01 7.590713927955153872e-01 1.970478747849192455e-02 7.195582206666770730e-01 7.976869835357306426e-01 3.560049201426690679e+00 8.409720850138530102e-02 3.409614735249300921e+00 3.744706620358730476e+00 3.892663721341663940e+00 4.108631806468712733e-02 3.823645173636062822e+00 3.951090107316787225e+00
5.671859296482412161e-01 8.989397958683529311e-01 1.262133509093298252e-02 8.770174015321522409e-01 9.217250805213843545e-01 7.577310116243631821e-01 2.059213411092696705e-02 7.184267453371532275e-01 7.970085594647434712e-01 3.555419592619723623e+00 8.647230033700159524e-02 3.409008461347314167e+00 3.748462574328467412e+00 3.872741103470178192e+00 3.696915628989706076e-02 3.807244484732454026e+00 3.921738455303687143e+00
5.721608040201004997e-01 9.005225553979391284e-01 1.216098156413410007e-02 8.793360972890055249e-01 9.222920273500807564e-01 7.549333782544157545e-01 1.998372349766072698e-02 7.129464616637744001e-01 7.891445559132308496e-01 3.544146482228656136e+00 9.311877499138096481e-02 3.385560890603339868e+00 3.749898669444100108e+00 3.851978625359958386e+00 3.282955675970439247e-02 3.792493848596742989e+00 3.897033890359030472e+00
5.771356783919597833e-01 9.021890013870400571e-01 1.157125366096230928e-02 8.812413247820537476e-01 9.228133274736423086e-01 7.515138426489569312e-01 1.952173492753418033e-02 7.089839282144408950e-01 7.873187280036135771e-01 3.533264748861237425e+00 9.265136614133342996e-02 3.372128405127803763e+00 3.727063085111038454e+00 3.827175295646271902e+00 3.208917792025961502e-02 3.779257578143353502e+00 3.876026316315322795e+00
5.821105527638190669e-01 9.030387511691133628e-01 1.071026702521507036e-02 8.829595933481401149e-01 9.223058280346739801e-01 7.461469204481482320e-01 1.818540529581864212e-02 7.018805588573324705e-01 7.719930552829533665e-01 3.522253771225393848e+00 9.404630747213206521e-02 3.366062199785883724e+00 3.718763980280537229e+00 3.808138840294647220e+00 3.096229256063254623e-02 3.764249772349434142e+00 3.858093744509938361e+00
5.870854271356784615e-01 9.046120101059080820e-01 1.061294373669850223e-02 8.840102593508886164e-01 9.231770122067672890e-01 7.395940336568617157e-01 1.779449008449164246e-02 6.971944194609325240e-01 7.651442984852975249e-01 3.508215237860144775e+00 9.672818369081477574e-02 3.342946240979162820e+00 3.718336295152741666e+00 3.787298616266761009e+00 2.879028406206982429e-02 3.751198839817891262e+00 3.834147141491366373e+00
5.920603015075377451e-01 9.065780108102335921e-01 1.002786506155448933e-02 8.861720026733745925e-01 9.233837898870566052e-01 7.349767356966736553e-01 1.803845782015225940e-02 6.928165175632460260e-01 7.590741596489321008e-01 3.493474399952636755e+00 9.101841873826023444e-02 3.337948577712186893e+00 3.676614244599833992e+00 3.765947230450821248e+00 2.440247831707087825e-02 3.730693299006637709e+00 3.800044323940525715e+00
5.970351758793970287e-01 9.083585446476959424e-01 9.895606130240158435e-03 8.873715810125283321e-01 9.251093325445934878e-01 7.304761694734862587e-01 1.823171443065799147e-02 6.890450199089115380e-01 7.564317252794349189e-01 3.475903372160574101e+00 8.906533172689121147e-02 3.320709518677467553e+00 3.657727786701410633e+00 3.749352810876284359e+00 2.472387610677402245e-02 3.711672794742830739e+00 3.788611208467878022e+00
6.020100502512563123e-01 9.095907121571469300e-01 1.028393142309681589e-02 8.888347568746536309e-01 9.273870751483455077e-01 7.247453572925861565e-01 1.785423747135650441e-02 6.832379013004346024e-01 7.518197284157643878e-01 3.462062128095188651e+00 8.540158009608238288e-02 3.318180842324546909e+00 3.625616682240071054e+00 3.732940659739329536e+00 2.585068416909904604e-02 3.684357415006293657e+00 3.769106413548723999e+00
6.069849246231155959e-01 9.105189499588064450e-01 9.938372979582511466e-03 8.909608346710773397e-01 9.277877618318417507e-01 7.183362569887022930e-01 1.810984559254411388e-02 6.720750965786717046e-01 7.430552089733957200e-01 3.442506798324740380e+00 8.259824698890769201e-02 3.300959122446294192e+00 3.606899167649999516e+00 3.710553171591683963e+00 2.248876952166617080e-02 3.670817838422224089e+00 3.751883892657108088e+00
6.119597989949748795e-01 9.122012611276446581e-01 9.371997043802655913e-03 8.916232200524318863e-01 9.273430750765982999e-01 7.152807870582998939e-01 1.631961964683653621e-02 6.722045303647603554e-01 7.361410652269667620e-01 3.427761447737819545e+00 8.723902001870222078e-02 3.273730277691472512e+00 3.591143034943200085e+00 3.692883196356464559e+00 2.040987716994972084e-02 3.662749259615019959e+00 3.738987082036177689e+00
6.169346733668341631e-01 9.138065041039720171e-01 9.570147002410472198e-03 8.927852933099605925e-01 9.294852168652698587e-01 7.104734945164936644e-01 1.720907559715785171e-02 6.682724525007972538e-01 7.298235486298976227e-01 3.414221350473133576e+00 8.438462347027388122e-02 3.258396759137045962e+00 3.562054609183818776e+00 3.668292686897532739e+00 2.184210447276317343e-02 3.633811630187335329e+00 3.711985744746901350e+00
6.219095477386934467e-01 9.154786572028041913e-01 9.771130294150248696e-03 8.936985429584431984e-01 9.307981747909565007e-01 7.066426391887707936e-01 1.944216310843637288e-02 6.563447987443408183e-01 7.231146747954516618e-01 3.403723146939394262e+00 8.701072606991391845e-02 3.239462929767963573e+00 3.556921878646232216e+00 3.648122636486085035e+00 1.857807545131516871e-02 3.615732395155572210e+00 3.677457273772101409e+00
6.268844221105528414e-01 9.163664255485182153e-01 9.521244263686617568e-03 8.938948847054694058e-01 9.313085622189017920e-01 7.023830215908353214e-01 1.870078563413225120e-02 6.528102488690219474e-01 7.171931983291173207e-01 3.394334511528931841e+00 8.533378946786066011e-02 3.236671809286022938e+00 3.551670894226564457e+00 3.627821715996530028e+00 2.112449756690414765e-02 3.596364494682481983e+00 3.652098478147848049e+00
6.318592964824121250e-01 9.179433936008971617e-01 1.022835373077439318e-02 8.944927692875984659e-01 9.338471589897816560e-01 6.992983904454330712e-01 1.856261962294546847e-02 6.506880703882822470e-01 7.153545489647786804e-01 3.381665872300713804e+00 7.701764271535727069e-02 3.234358013537390608e+00 3.520977613603292422e+00 3.606570295208466170e+00 2.093493873185282156e-02 3.574029781373701198e+00 3.637637809478898365e+00
6.368341708542714086e-01 9.198662217437540978e-01 1.005856122496892428e-02 8.975511404746912003e-01 9.343147612772666477e-01 6.950756567239642081e-01 1.732345969058056781e-02 6.495767421571424505e-01 7.099229728958962315e-01 3.364968262273187349e+00 7.096274355070536499e-02 3.222800315801821913e+00 3.494686672099832414e+00 3.588159151955217396e+00 1.998887895891360983e-02 3.550449484850151549e+00 3.617072944215045993e+00
6.418090452261306922e-01 9.216084054642008638e-01 9.874579450324189045e-03 8.997613201105839620e-01 9.361657582879299166e-01 6.922891135238308236e-01 1.656382290436418658e-02 6.486904470202136119e-01 7.078897622664387379e-01 3.350282982999099435e+00 6.693932725904423731e-02 3.204830265836487335e+00 3.463837649875324498e+00 3.570134769945791930e+00 2.087891706473123457e-02 3.533837550008659179e+00 3.597966901113798244e+00
6.467839195979899758e-01 9.233777507850275956e-01 1.021248555477996187e-02 9.003282813569183363e-01 9.395424868204952373e-01 6.873753602770205084e-01 1.845735073225217640e-02 6.387508034941454804e-01 7.049608202553711012e-01 3.342605590715877817e+00 6.455727601960722928e-02 3.204638425893138187e+00 3.449809864162078465e+00 3.550823345769420936e+00 2.226618890520994445e-02 3.502044814980431742e+00 3.579540974946064047e+00
6.517587939698492594e-01 9.246213701962217035e-01 1.057072229627760082e-02 9.010689318219250454e-01 9.403490106859551112e-01 6.815894989954157657e-01 1.814125121239622968e-02 6.363395519723750171e-01 7.003246577201417411e-01 3.327623130982028776e+00 6.594645973213796031e-02 3.205137930041038530e+00 3.454308913468476572e+00 3.527314230962188102e+00 2.278515804970188130e-02 3.478701165129388873e+00 3.561758057885458406e+00
6.567336683417085430e-01 9.256108112224261664e-01 1.072449061600657012e-02 9.015456404354895703e-01 9.411884044627406576e-01 6.756006396282489002e-01 1.495582769254563509e-02 6.384322676636077221e-01 6.962174316293983090e-01 3.310295156075720335e+00 6.791683239552251394e-02 3.172441230528769474e+00 3.442213677156999552e+00 3.504128840125795730e+00 2.238935216203836662e-02 3.460890439242675143e+00 3.537481856579354211e+00
6.617085427135678266e-01 9.268124562297271885e-01 1.057053043755701825e-02 9.028689233595733610e-01 9.427783011160622006e-01 6.723066443976035700e-01 1.443401833936561185e-02 6.367666451133215944e-01 6.903202120219952276e-01 3.294021177773430509e+00 6.367949434856130797e-02 3.173759488080375668e+00 3.422429040158728508e+00 3.482661124813197340e+00 2.389461290778970015e-02 3.435896685299117514e+00 3.514888107560909525e+00
6.666834170854271102e-01 9.281748507800122727e-01 1.046301624991658602e-02 9.050994911688488020e-01 9.439190825026628762e-01 6.658819108274875997e-01 1.415537057085530792e-02 6.328133744827322271e-01 6.834345034492490534e-01 3.277179208231548735e+00 6.401585283796992765e-02 3.165546453531545179e+00 3.407509661966127812e+00 3.464022184608773536e+00 2.395265864901612030e-02 3.423333606304959975e+00 3.499346433389714406e+00
6.716582914572865048e-01 9.288816259664256503e-01 1.031388859420227962e-02 9.077373084062344555e-01 9.446730982962523449e-01 6.606243917425534962e-01 1.327761977583869109e-02 6.303929685347744449e-01 6.753931484323481005e-01 3.261711417411542246e+00 6.595410196735924935e-02 3.135010504708342083e+00 3.398427419547342065e+00 3.441072623484444648e+00 2.429206287963000394e-02 3.399952137166869726e+00 3.474747135666858000e+00
6.766331658291457885e-01 9.299512076826077500e-01 9.947298704260578925e-03 9.101330224803163560e-01 9.445837081168556582e-01 6.547818107409637545e-01 1.220219414265578776e-02 6.297362675413520350e-01 6.742999914020254559e-01 3.242978473787604621e+00 6.295261034336949169e-02 3.127088980537121365e+00 3.374915782343585136e+00 3.419802993252072376e+00 1.854211054171405956e-02 3.388323356654666885e+00 3.440856943940036050e+00
6.816080402010050721e-01 9.315912795466685381e-01 9.567709739843752864e-03 9.115501130390809559e-01 9.458861876268691571e-01 6.473299522725786126e-01 1.267223030090180134e-02 6.195575140021342131e-01 6.628306669057032474e-01 3.223519168460168061e+00 5.889051911990177135e-02 3.102326404018099559e+00 3.336808988682034460e+00 3.402619705600655742e+00 1.919129379178157596e-02 3.365552359502884450e+00 3.426594909559084190e+00
6.865829145728643557e-01 9.334318803054726388e-01 9.419444634577759171e-03 9.142446521080154209e-01 9.469463285561772192e-01 6.424336177734637499e-01 1.176566444657409401e-02 6.147762146390086668e-01 6.581195621426626507e-01 3.202726041894435660e+00 5.805369720920496024e-02 3.090465078850631375e+00 3.322373437158602005e+00 3.380096889297684815e+00 2.009336383740768089e-02 3.346391684893078367e+00 3.404353232416508224e+00
6.915577889447236393e-01 9.352393273105524818e-01 9.552589603368357232e-03 9.164088751001526756e-01 9.497297760294863833e-01 6.393779284789611328e-01 1.213612533649747506e-02 6.110055357596081427e-01 6.555783853380753312e-01 3.184903850774150946e+00 5.462529113081526083e-02 3.072050974712616789e+00 3.290520631153319275e+00 3.361647896497920840e+00 2.329711105049774023e-02 3.323151283669244727e+00 3.395460929414700235e+00
6.965326633165829229e-01 9.365584833741037452e-01 9.519579054044458380e-03 9.175450553977816393e-01 9.513289651199688945e-01 6.363283534375160366e-01 1.334681640664446556e-02 6.073860308321912260e-01 6.575517785299304085e-01 3.172092117822281843e+00 5.565620191441521952e-02 3.054632994383449596e+00 3.281804840873498108e+00 3.345078765164411827e+00 2.336659132250692647e-02 3.307276555465228363e+00 3.375430671306250296e+00
7.015075376884422065e-01 9.377604447096457019e-01 9.353606728717550264e-03 9.199623604741632432e-01 9.519868223317153877e-01 6.289126591344578188e-01 1.425695690171159546e-02 6.025674628719382975e-01 6.557591498709672839e-01 3.154150684236526558e+00 5.430695450604754865e-02 3.043893787273043383e+00 3.262985885387569951e+00 3.323900752391170332e+00 2.443963114863993355e-02 3.285406478252313356e+00 3.363599823334463501e+00
7.064824120603014901e-01 9.385717437974220312e-01 9.215094480868190815e-03 9.209788939927848750e-01 9.536080892651522811e-01 6.238157622988739215e-01 1.416000767527412531e-02 6.030635693707365741e-01 6.521981818177171597e-01 3.129559962922406235e+00 5.501872229715711049e-02 3.021124704152905682e+00 3.241823169089100176e+00 3.304101002083414951e+00 2.334272051542796156e-02 3.270556672211615723e+00 3.351135706230507161e+00
7.114572864321608847e-01 9.395743984443269969e-01 9.694997546495776053e-03 9.210655086040343553e-01 9.551016786333513808e-01 6.194588286493111218e-01 1.647761221410721372e-02 5.964419508280662807e-01 6.507365479209006320e-01 3.113341780415330717e+00 5.537983583837283175e-02 3.014144550517048771e+00 3.234811096060038249e+00 3.283652472731901639e+00 2.445199674893669753e-02 3.246944007227450690e+00 3.331711100105722245e+00
7.164321608040201683e-01 9.403707597218377012e-01 9.713391840113647091e-03 9.219269991582195178e-01 9.553295015883895847e-01 6.146715260664794567e-01 1.790878271865477961e-02 5.836748389068858733e-01 6.463980755289748803e-01 3.099000789252188692e+00 5.678675585661670938e-02 3.008739524241277330e+00 3.225552272691969868e+00 3.265630581169045143e+00 2.314649344510308349e-02 3.226336240520742749e+00 3.306017188950010954e+00
7.214070351758794519e-01 9.417426035309546251e-01 9.747244805580252205e-03 9.235996458153969968e-01 9.559317390519789237e-01 6.086830589166933869e-01 1.644550189670159618e-02 5.779510316299114603e-01 6.366182561443126664e-01 3.077582548509258054e+00 5.840219450539375912e-02 2.990139714843704777e+00 3.209313755183281547e+00 3.244780381823774373e+00 2.452311049187720637e-02 3.209880204370927803e+00 3.284890618153843089e+00
7.263819095477387355e-01 9.429020312682278027e-01 9.544014666406228781e-03 9.262455829246709627e-01 9.572602499270514986e-01 6.048797155762362099e-01 1.528798834876145089e-02 5.746551183432934140e-01 6.313320435137672604e-01 3.051038444695422402e+00 5.878517698549876741e-02 2.951649439030859412e+00 3.177309916097655229e+00 3.230396465106333270e+00 2.578267489985363453e-02 3.193399413320359592e+00 3.278286424225267393e+00
7.313567839195980191e-01 9.442589557963791957e-01 9.333581536683007579e-03 9.276024007691456852e-01 9.579761376020173858e-01 6.003615432825017972e-01 1.704945713567449991e-02 5.644825897931096126e-01 6.280199798719480198e-01 3.033703825463204051e+00 5.838227999173961624e-02 2.941525142931250780e+00 3.156140788325850099e+00 3.210975164740185850e+00 2.611291310264876597e-02 3.179104548526683338e+00 3.265604388072965047e+00
7.363316582914573027e-01 9.454183845967600863e-01 9.074618187448759213e-03 9.297120163239135371e-01 9.581153447688763869e-01 5.967129002919275838e-01 1.730603997844929604e-02 5.617982069233885545e-01 6.234304200832172516e-01 3.014894380414784969e+00 5.832033665197178252e-02 2.923331884900032041e+00 3.138756780087398113e+00 3.195028589856186763e+00 2.689047903156886049e-02 3.161193946890381135e+00 3.253416954815775863e+00
7.413065326633165864e-01 9.462598469892034014e-01 8.773420972839902909e-03 9.309822265113982809e-01 9.573142700875039157e-01 5.902140067120494882e-01 1.691875948719801306e-02 5.557887322706582811e-01 6.161264165482334132e-01 2.989530431276884226e+00 5.762034854145294677e-02 2.904220986215784173e+00 3.108461293177219975e+00 3.180413361649593096e+00 2.797598387065161271e-02 3.140908520277702731e+00 3.239462884571139067e+00
7.462814070351758700e-01 9.478379779276491224e-01 8.463559488110004511e-03 9.323612297563269591e-01 9.594913233944172282e-01 5.839178765428012507e-01 1.705841470618000080e-02 5.540814943971453799e-01 6.117351604680637545e-01 2.968083904149232399e+00 5.318545765054968899e-02 2.895616991467239831e+00 3.074188401062857512e+00 3.163377447864677450e+00 2.815599484886500969e-02 3.123411297418555499e+00 3.221994669006793099e+00
7.512562814070351536e-01 9.487000673282132146e-01 8.564715029110870487e-03 9.332640393209684637e-01 9.606128178172183008e-01 5.788368423731227175e-01 1.648187331320580956e-02 5.505909297812675574e-01 6.011258377603920788e-01 2.943439330323769809e+00 5.374857559677539975e-02 2.876992672335306978e+00 3.049324917804887125e+00 3.145512160142272418e+00 2.773865902603023584e-02 3.105687571538087610e+00 3.205210692103368952e+00
7.562311557788945482e-01 9.497326171108305681e-01 8.378550705306729920e-03 9.340181673336732660e-01 9.623016194082987251e-01 5.724985743364560120e-01 1.418544092578265074e-02 5.489408292042374793e-01 5.963015830130807826e-01 2.916569981376274434e+00 5.080148377213281746e-02 2.858449451264438945e+00 3.019258072143278238e+00 3.129588746778586117e+00 2.935291134355415277e-02 3.079394413441408851e+00 3.188691718545517695e+00
7.612060301507538318e-01 9.509888570414106734e-01 8.309121571312303930e-03 9.348892689019525637e-01 9.631678404714305586e-01 5.664899411315422739e-01 1.402012686593493047e-02 5.403435269869776292e-01 5.910507876697591589e-01 2.889456069875053323e+00 5.102632726207247116e-02 2.824126243972309158e+00 2.995844985164372698e+00 3.112603061430472717e+00 2.769588584719389138e-02 3.065442709408698008e+00 3.172062482912097359e+00
7.661809045226131154e-01 9.517170778710866141e-01 7.684511245182832143e-03 9.376892566044451316e-01 9.634550891392890115e-01 5.625184933130260578e-01 1.358854367826088129e-02 5.388135802535845009e-01 5.859204469693073403e-01 2.864782421128897028e+00 4.905731404513121591e-02 2.809161207281737127e+00 2.965828356021105616e+00 3.094784031036760030e+00 2.737707434832679920e-02 3.050832750343050570e+00 3.152806530452679556e+00
7.711557788944723990e-01 9.523004660114763320e-01 7.253796356929827563e-03 9.390418658314234612e-01 9.630382179116704355e-01 5.566979142435577455e-01 1.441908286306059842e-02 5.311577312051983801e-01 5.820386122273134566e-01 2.840515267991187365e+00 4.937114894095054329e-02 2.782375460061664363e+00 2.942343904400613663e+00 3.078967911422640036e+00 2.744020011867682324e-02 3.041530733429589350e+00 3.138412910348592710e+00
7.761306532663316826e-01 9.525149067272173919e-01 7.032513080022558677e-03 9.407055851843572070e-01 9.647033259644403058e-01 5.519665635537773785e-01 1.478922472819174487e-02 5.273693443999249997e-01 5.770577321885957955e-01 2.816363585931814573e+00 4.442926252467653547e-02 2.762853123328039562e+00 2.902951536662432108e+00 3.065480153873092029e+00 2.787853571685985909e-02 3.032681633260248422e+00 3.127895743825496400e+00
7.811055276381909662e-01 9.527750655445647032e-01 7.387919061016571740e-03 9.396225145245047372e-01 9.639364757217586677e-01 5.480440469885710097e-01 1.512957089564673577e-02 5.229198413675769652e-01 5.756293364914965016e-01 2.788479646040124660e+00 4.575133629889178988e-02 2.734899849373423120e+00 2.872573261446763393e+00 3.050410197169265647e+00 2.665468063201198445e-02 3.020384738636530564e+00 3.106183497118919501e+00
7.860804020100502498e-01 9.527996052756906309e-01 7.349923169473831196e-03 9.393562154620439530e-01 9.625628096409555301e-01 5.423250317752392746e-01 1.656589410458315578e-02 5.165059465609230793e-01 5.715713386127407869e-01 2.763934934750891692e+00 4.676162233657422257e-02 2.711417523491383541e+00 2.848973013178386804e+00 3.030592603727962686e+00 2.371830031033978284e-02 3.006022922015682663e+00 3.081791235025219233e+00
7.910552763819095334e-01 9.537637366656405158e-01 7.403930594736781064e-03 9.404710084905038014e-01 9.636438368946838029e-01 5.365557417999531342e-01 1.752168494698109341e-02 5.102131572972412599e-01 5.683814196503670368e-01 2.736100441300228336e+00 4.743708889652528682e-02 2.677201819707776043e+00 2.821688851527364594e+00 3.012871852787383009e+00 2.332524037978025641e-02 2.989584637971088199e+00 3.063577672342694402e+00
7.960301507537689281e-01 9.543547435736829954e-01 7.167289204704871408e-03 9.409456718005709819e-01 9.646125229957576153e-01 5.311475356260904057e-01 1.703373748648965083e-02 5.019386837555501746e-01 5.589160207066243835e-01 2.704469311302369672e+00 4.788211864792076694e-02 2.644252610842811269e+00 2.791957073580458637e+00 2.998786448609138233e+00 2.231198104200444662e-02 2.971907069504275967e+00 3.042675826395136340e+00
8.010050251256282117e-01 9.550854907572873254e-01 7.579487667657824196e-03 9.422108631949045465e-01 9.666551980158646362e-01 5.252817061208450156e-01 1.599194939385116532e-02 4.971548122197724795e-01 5.531883737700513670e-01 2.679193541674847356e+00 4.728304049893729960e-02 2.613542810847710562e+00 2.759669227459347951e+00 2.984256350754448395e+00 2.221861627543786355e-02 2.958238781138259554e+00 3.025204826076933529e+00
8.059798994974874953e-01 9.554055049668747079e-01 7.250285649334295944e-03 9.419598233196265769e-01 9.670802481869854583e-01 5.198181099917309478e-01 1.612680003894778266e-02 4.912037242570396200e-01 5.492032100782368031e-01 2.649940685501229076e+00 4.681122678869193560e-02 2.579349211985948909e+00 2.726017087859418986e+00 2.966406594656626261e+00 2.138296173364458846e-02 2.941833913950567148e+00 3.006351216624713274e+00
8.109547738693467789e-01 9.557121135030939296e-01 7.314212352186749005e-03 9.422767251646083642e-01 9.686656062701112235e-01 5.143008343267578830e-01 1.501414180275088307e-02 4.862458241576029239e-01 5.405630209864719093e-01 2.622408730920005038e+00 4.816433029343443473e-02 2.547331666128699545e+00 2.693127248326762313e+00 2.951190669809831579e+00 1.926466539818340665e-02 2.926623441041479978e+00 2.987867426474340338e+00
8.159296482412060625e-01 9.564633354818973254e-01 7.176899249691586456e-03 9.430850249734006319e-01 9.692933433876826932e-01 5.073107027100046684e-01 1.414015461767464434e-02 4.835823343039942213e-01 5.311341629453347757e-01 2.598532201783408269e+00 4.876482219022109516e-02 2.521221493688833526e+00 2.672951862717237503e+00 2.936316105391766573e+00 1.975471856598007281e-02 2.909058559646534370e+00 2.972007804782188511e+00
8.209045226130653461e-01 9.571698191651101251e-01 6.710463375581372271e-03 9.456363948587402923e-01 9.691730968334999474e-01 5.016104810862991314e-01 1.505907122623327717e-02 4.787428239160630428e-01 5.292022088270637026e-01 2.573307676102789543e+00 4.973963922741887755e-02 2.499704645260273139e+00 2.657757122323602506e+00 2.920923502096275381e+00 2.118552449829359807e-02 2.894287676723703129e+00 2.958121033799899546e+00
8.258793969849246297e-01 9.569573430090339006e-01 6.676391741799307146e-03 9.457969276312612195e-01 9.671539787924200438e-01 4.947087993130016015e-01 1.561755665092352287e-02 4.701439591543239982e-01 5.225507865875959057e-01 2.546595203859626899e+00 4.940880788679872376e-02 2.474055217744083546e+00 2.629931074601666197e+00 2.906746871419202627e+00 2.248367734254045139e-02 2.876850623104140414e+00 2.947827452763876366e+00
8.308542713567839133e-01 9.578693203218261454e-01 6.220616981226828948e-03 9.477244822549573122e-01 9.667189409935015298e-01 4.881150840905428834e-01 1.555643020819018514e-02 4.656981734006463425e-01 5.201464232346268979e-01 2.515617774081270408e+00 4.796634436761315623e-02 2.440816960872887353e+00 2.595721176664766539e+00 2.892562907187337107e+00 2.216459255198832343e-02 2.863028021701741199e+00 2.934797870120386509e+00
8.358291457286431969e-01 9.580945044984169323e-01 5.889674232887610363e-03 9.479947409357034616e-01 9.657217838839211588e-01 4.804070138015726354e-01 1.630130173067525362e-02 4.572024054607106147e-01 5.084937773408308992e-01 2.486233959265060633e+00 4.590539609049851949e-02 2.412766779302331965e+00 2.558102027747141349e+00 2.876611550926754024e+00 2.219827160438625144e-02 2.846682574017526335e+00 2.914952070000700779e+00
8.408040201005025915e-01 9.583482153565807682e-01 5.440523576812184015e-03 9.493718127906176640e-01 9.657714488754095550e-01 4.751743810654071032e-01 1.539358065771266604e-02 4.521212394878408869e-01 4.997936086189516680e-01 2.450050014645864138e+00 4.320052337133241382e-02 2.384730221885830836e+00 2.516905862333448596e+00 2.861311697241941676e+00 2.273682955505711839e-02 2.831339572510524150e+00 2.901523924106035324e+00
8.457788944723618751e-01 9.585196973780849561e-01 4.951771144396175349e-03 9.507393143040178130e-01 9.659174925276440282e-01 4.684389271307989877e-01 1.612962852046840104e-02 4.435666632982546709e-01 4.948839011209003602e-01 2.418605430753726360e+00 4.570737711779060408e-02 2.350250572121371562e+00 2.484600795174112697e+00 2.849115789580373370e+00 2.121892273254641706e-02 2.821951145095307201e+00 2.886967212123666471e+00
8.507537688442211588e-01 9.591758406175120433e-01 4.382859759021334733e-03 9.523565851298294582e-01 9.651624739164670341e-01 4.606891565037194991e-01 1.677502492387580521e-02 4.366584973225924871e-01 4.893758154652494419e-01 2.389898651658568518e+00 4.742249922506965726e-02 2.315932163971019531e+00 2.457589436723481846e+00 2.836809728330240254e+00 2.091881981656891487e-02 2.810433423869643565e+00 2.872827855938201225e+00
8.557286432160804424e-01 9.591819714123778207e-01 4.459508562008885658e-03 9.528068168134364857e-01 9.659389666215936199e-01 4.534642209514904154e-01 1.740317734407555855e-02 4.265690343581441946e-01 4.836384730365990148e-01 2.355743033457914137e+00 4.941178624026030392e-02 2.274181809870595483e+00 2.430546457200756461e+00 2.822483399890218347e+00 1.999917830447974290e-02 2.798575111753047739e+00 2.855865675022358108e+00
8.607035175879397260e-01 9.592380713506262202e-01 4.428426924544513928e-03 9.534535617302239974e-01 9.658148233513648151e-01 4.452593064986859472e-01 1.774188211959466105e-02 4.201156971707989962e-01 4.785736552399915689e-01 2.322720504316558188e+00 5.056686932159296100e-02 2.248451627732348523e+00 2.400519609211116290e+00 2.807443315961760444e+00 1.899613333010237784e-02 2.783753588761862741e+00 2.839754593544491446e+00
8.656783919597990096e-01 9.594849553682539556e-01 4.907751011650545239e-03 9.518091197114675328e-01 9.659432949565278648e-01 4.371106332515800608e-01 1.670628832279536652e-02 4.112968635504241077e-01 4.663288725792535394e-01 2.289063103128786469e+00 5.425686894839636815e-02 2.211768718408051448e+00 2.370560458225377864e+00 2.792949063939063059e+00 2.013920837494170141e-02 2.763949109046405006e+00 2.825614321525336869e+00
8.706532663316582932e-01 9.596962209638361108e-01 4.794052115322456481e-03 9.511950038262315665e-01 9.666202512009007819e-01 4.299017514904493464e-01 1.588774371427972842e-02 4.060547421318887462e-01 4.604688367956812356e-01 2.256176966518905758e+00 5.047406523399742412e-02 2.184882764330125848e+00 2.342220815869173300e+00 2.779757407789698931e+00 2.099755579993460922e-02 2.747874877709550301e+00 2.810435306122278654e+00
8.756281407035175768e-01 9.598891441785809553e-01 4.557262722864426595e-03 9.531729017384654723e-01 9.659418032605464610e-01 4.214618546996795057e-01 1.522858175275729198e-02 3.953998257206237099e-01 4.484110560830646963e-01 2.222744782835212263e+00 5.570889843399170344e-02 2.145335702871884020e+00 2.326727520054044263e+00 2.766214683613967384e+00 1.899334266959016790e-02 2.737329916235139216e+00 2.796128414853392030e+00
8.806030150753769714e-01 9.600625974310730282e-01 4.687350134962628596e-03 9.523391140032348989e-01 9.665246509223610616e-01 4.116062490013456809e-01 1.477983302019203991e-02 3.872799103940213761e-01 4.388019858869117718e-01 2.184140324158592161e+00 5.681313833103562860e-02 2.112228924595538349e+00 2.295258082079846940e+00 2.753053141387815650e+00 1.897052588512944393e-02 2.720816166923513801e+00 2.786544219121604993e+00
8.855778894472362550e-01 9.595010449380975137e-01 4.362167129955666148e-03 9.516593388230744077e-01 9.653035248033612348e-01 4.053194807381726994e-01 1.560317518242077851e-02 3.754696574010255028e-01 4.334263813144744182e-01 2.151608998309621601e+00 5.618014725396174025e-02 2.083453351552674526e+00 2.267522320840739347e+00 2.739804658081237854e+00 1.877040574770265369e-02 2.706223199818522218e+00 2.774267065364500517e+00
8.905527638190955386e-01 9.587360545720553517e-01 4.159546987623496950e-03 9.521366633362373655e-01 9.651385515477397536e-01 3.955588722682724656e-01 1.534587937094740104e-02 3.690797072340835094e-01 4.222507044512717189e-01 2.114589615556185631e+00 5.839569257823851861e-02 2.042836789849854284e+00 2.236203388832549432e+00 2.724321505311118496e+00 1.744065428197771536e-02 2.697081172612464162e+00 2.758137120661727781e+00
8.955276381909548222e-01 9.593235859341306959e-01 4.308085220097165012e-03 9.531696788898019745e-01 9.647483532052480992e-01 3.867049929246360040e-01 1.417113260055381102e-02 3.607424953252108546e-01 4.067877655601821463e-01 2.078821789211786175e+00 5.877222406843648356e-02 2.007800288565120272e+00 2.196850852592931780e+00 2.708456373374045878e+00 1.601163143887575357e-02 2.684966480694853885e+00 2.739057936055497855e+00
9.005025125628141058e-01 9.588630908338189318e-01 4.147462027785479843e-03 9.530055073727775605e-01 9.656386771333317354e-01 3.800633205871979947e-01 1.349306529688966937e-02 3.567108833434505244e-01 3.993166366939101541e-01 2.043132968179469433e+00 5.547736263850922694e-02 1.976827648738086474e+00 2.146668088487497794e+00 2.691500308699544597e+00 1.641810099394529557e-02 2.663780565113972099e+00 2.718006482943903457e+00
9.054773869346733894e-01 9.583577774681695249e-01 4.482822855018597612e-03 9.504116642407843818e-01 9.671882840806423909e-01 3.737025663249416430e-01 1.226614446022047250e-02 3.552809331094206602e-01 3.945060077588435909e-01 2.010432340111800276e+00 5.374570021323940572e-02 1.943481626388809280e+00 2.101635342145545593e+00 2.677122563688249191e+00 1.733105534812544313e-02 2.650050510535030046e+00 2.706214945053251331e+00
9.104522613065326730e-01 9.577026552274924276e-01 4.117298194019508931e-03 9.507075050482296508e-01 9.660054679183698312e-01 3.658646759671812521e-01 1.218698316541586522e-02 3.487293417842477483e-01 3.893859537256533776e-01 1.975397304752089411e+00 5.415441250773822546e-02 1.894459621440851338e+00 2.060601638682106440e+00 2.662257063193044004e+00 1.660156527854079328e-02 2.636876042417911403e+00 2.687216469575133271e+00
9.154271356783919567e-01 9.571275038072430963e-01 3.934248891352339593e-03 9.507671847645862151e-01 9.655191773491994534e-01 3.581651841558425864e-01 1.065152867094351641e-02 3.449673615667702697e-01 3.797741606635703926e-01 1.937306189427394854e+00 5.098701694856230121e-02 1.865074249240882054e+00 2.021978235831413340e+00 2.646167928920086787e+00 1.490058397261189750e-02 2.620896088271615909e+00 2.670058351544307040e+00
9.204020100502512403e-01 9.571651976849466781e-01 3.759016911559595175e-03 9.520095074193447582e-01 9.658255951526428795e-01 3.505047171230322722e-01 9.729806343359416118e-03 3.382384330029397090e-01 3.700355243206111533e-01 1.901978424062224615e+00 4.910161035293229143e-02 1.841791370306947284e+00 1.988744689912771202e+00 2.632209555597227801e+00 1.501501064297827009e-02 2.610042942857245585e+00 2.657335937425262973e+00
9.253768844221106349e-01 9.567597263505787097e-01 3.264508713884100872e-03 9.528418140253169799e-01 9.640506670241696385e-01 3.425864128768548733e-01 9.962744347678504850e-03 3.311466567100454506e-01 3.582688142083967353e-01 1.862394563786160306e+00 4.770763028993663807e-02 1.803080528396806770e+00 1.948723693772041798e+00 2.617389847754639565e+00 1.382780902709625052e-02 2.597408983050038866e+00 2.641464590759786457e+00
9.303517587939699185e-01 9.565008741662159863e-01 3.345248172283083084e-03 9.518473802779069404e-01 9.634351068973771026e-01 3.363893539794584053e-01 9.637010401052682057e-03 3.253826611869821139e-01 3.506815393696953165e-01 1.828182744407962357e+00 4.427949120797814581e-02 1.773727064240686158e+00 1.905229554955235161e+00 2.601841329363284494e+00 1.272725713075560650e-02 2.584923119582880791e+00 2.625595712425034645e+00
9.353266331658292021e-01 9.564393090281912979e-01 3.255348543846027162e-03 9.505509491286816548e-01 9.626792887320891889e-01 3.301591557511622255e-01 9.523579754527429150e-03 3.197108496400091204e-01 3.452755749873496760e-01 1.793151915017411557e+00 4.458109126045040060e-02 1.734012504325244342e+00 1.873231755611816318e+00 2.587025013428152498e+00 1.230145288034843916e-02 2.568371091937040607e+00 2.608186756944071760e+00
9.403015075376884857e-01 9.560378048529857287e-01 2.756458704831381452e-03 9.508622231790414547e-01 9.619195740160886299e-01 3.246908344185543416e-01 9.908146138950508705e-03 3.148337619429079082e-01 3.416280281453397683e-01 1.759809515751758813e+00 4.291092299759925038e-02 1.700642437448375288e+00 1.836483551938161263e+00 2.571781304163699655e+00 1.087168275171781009e-02 2.555238442375515895e+00 2.589567252142140230e+00
9.452763819095477693e-01 9.554103209006330477e-01 2.397180317048846002e-03 9.523401089531666752e-01 9.612774486668378415e-01 3.185363579931505540e-01 8.055080786248796157e-03 3.078086640416959341e-01 3.344994315133859586e-01 1.721557855340565713e+00 4.002855323948029120e-02 1.668579076538474038e+00 1.798761647392470797e+00 2.555507743890054861e+00 1.080302088953415639e-02 2.539740188567434220e+00 2.569201874889703419e+00
9.502512562814070529e-01 9.547196289345798448e-01 2.415451021774641868e-03 9.518876373412429315e-01 9.607669084818279970e-01 3.113572891219385519e-01 7.861887620703384219e-03 3.018233091668417467e-01 3.247432991928422830e-01 1.685000488653626505e+00 3.641163911770730482e-02 1.635490070492861658e+00 1.754490484457807975e+00 2.536448767784622582e+00 1.021203274274333148e-02 2.519192283848292302e+00 2.550221932753687248e+00
9.552261306532663365e-01 9.539583704806207098e-01 1.679480931153118708e-03 9.516722731397934121e-01 9.582724742557692243e-01 3.055234008517395683e-01 6.955833645411335295e-03 2.953677399296351092e-01 3.175740336674878206e-01 1.648008133360362892e+00 3.443533474054292359e-02 1.600530675156542015e+00 1.702841887653637309e+00 2.520874314085531864e+00 1.067244384519666633e-02 2.503947479473612514e+00 2.535320091778472396e+00
9.602010050251256201e-01 9.529007475645471237e-01 2.157345627828625208e-03 9.489606231101506140e-01 9.574897173342648005e-01 2.978070580460230321e-01 6.581977480542978813e-03 2.858563282790235749e-01 3.093958262726467234e-01 1.613140885716263906e+00 3.445522398908065081e-02 1.566928640582089249e+00 1.672784672841914677e+00 2.501664497990517155e+00 8.656902357413981397e-03 2.486937150000737784e+00 2.516702506872636746e+00
9.651758793969849037e-01 9.515039079657073851e-01 2.257918615566418402e-03 9.477367328622705589e-01 9.562471104098636543e-01 2.909329941905582362e-01 7.468865758624170306e-03 2.810294140288921438e-01 3.035819588692190707e-01 1.575347400949493659e+00 3.051134293739212258e-02 1.539036459384172995e+00 1.629588981089245658e+00 2.484281963303190288e+00 8.006040691450182559e-03 2.470214105179813657e+00 2.500386007820725620e+00
9.701507537688442984e-01 9.501149173391846281e-01 1.882998251298293249e-03 9.469000856621534457e-01 9.527096104637090557e-01 2.848972270820496200e-01 6.369023616346147429e-03 2.760931177476272924e-01 2.951373010678242093e-01 1.535412927798585958e+00 3.056836940342463546e-02 1.494893473438987375e+00 1.586276570562040966e+00 2.467126687472194657e+00 7.809442339912355847e-03 2.448997411955820880e+00 2.480513118487335245e+00
9.751256281407035820e-01 9.491072312201623840e-01 2.064126297157556269e-03 9.454313790001276363e-01 9.526570471827718878e-01 2.786338273803288801e-01 5.309102461816813529e-03 2.719331889532539126e-01 2.855842301773409697e-01 1.491594585758551528e+00 3.151633379597160167e-02 1.446405916385368196e+00 1.541999826801991214e+00 2.449804893327360844e+00 5.604717929090429103e-03 2.437754177979363224e+00 2.461542000596565583e+00
9.801005025125628656e-01 9.476248803067450766e-01 1.571564708919497228e-03 9.451741192763576382e-01 9.509195784641746307e-01 2.713914854597135884e-01 5.915764595472984728e-03 2.618775100325921312e-01 2.796180531075856956e-01 1.443135885727206524e+00 2.278120550906707550e-02 1.408497320568890654e+00 1.481948767616306784e+00 2.430477086731463565e+00 4.655869694898766113e-03 2.423601375953804204e+00 2.439123695961900040e+00
9.850753768844221492e-01 9.454665108316486766e-01 1.068322881452476135e-03 9.433142174010510361e-01 9.469568691273062555e-01 2.626670388345735407e-01 4.675111583520046542e-03 2.554979891113492996e-01 2.718589753893401184e-01 1.398536643125113388e+00 2.243562086051468715e-02 1.356541288498224196e+00 1.430268403604411320e+00 2.409259461987502959e+00 5.312706737657609847e-03 2.399820551308423422e+00 2.418427341487678905e+00
9.900502512562814328e-01 9.434908126165695297e-01 1.029149163898198651e-03 9.419051956963322425e-01 9.450919053044318785e-01 2.512129803202772793e-01 3.598133156311610244e-03 2.456122191579338254e-01 2.556371190670651550e-01 1.345995082731447301e+00 2.135814343046795599e-02 1.312583827280736637e+00 1.374261054656237935e+00 2.387916756927356943e+00 3.954300639383093348e-03 2.380954608171740539e+00 2.393893708969329737e+00
9.950251256281407164e-01 9.407533352243107050e-01 7.598684967938250682e-04 9.396794238611293482e-01 9.418354381337750159e-01 2.406513377328478032e-01 2.712408160828039174e-03 2.367607360982448006e-01 2.453605321656652238e-01 1.282471047187934809e+00 1.552990645389649114e-02 1.260100953199065899e+00 1.308321529507376679e+00 2.362769203760400671e+00 2.262890620157302721e-03 2.359131285810350587e+00 2.365708906527974609e+00
1.000000000000000000e+00 9.345983991156909809e-01 4.426336749997665868e-04 9.341794749955709687e-01 9.355770338987519086e-01 2.285565841362463269e-01 8.333233568310307237e-04 2.274072671445184490e-01 2.298667070173527893e-01 1.190611462510197782e+00 2.690705226947126723e-03 1.185530484029345688e+00 1.194934809892787664e+00 2.325720266504133882e+00 1.081088825138593751e-03 2.324697072107228646e+00 2.328110465305681220e+00
