# FPR	TPR_MEAN	TPR_STD	TPR_MIN	TPR_MAX
0.000000000000000000e+00 4.246504401864318462e-02 2.325444990905799550e-02 4.660797514241326114e-03 7.767995857068876742e-02
2.004008016032063962e-03 1.070947695494562507e-01 1.652440161840378757e-02 8.907301916105644923e-02 1.330916623511134156e-01
4.008016032064127925e-03 1.439150699119627064e-01 1.232141166371700063e-02 1.258415328845157999e-01 1.677887105126877332e-01
6.012024048096191453e-03 1.689280165717244597e-01 1.320264789816380860e-02 1.506991196271361966e-01 1.926462972553081299e-01
8.016032064128255849e-03 1.886587260486794204e-01 1.088271299357254120e-02 1.734852408078715602e-01 2.076644225789746334e-01
1.002004008016032024e-02 2.041429311237700495e-01 1.454052262948770172e-02 1.807353702744691759e-01 2.304505437597099970e-01
1.202404809619238291e-02 2.232004142931123813e-01 1.380674919480730234e-02 2.050750906266183282e-01 2.423614707405489510e-01
1.402805611222444730e-02 2.472294148109787648e-01 1.591999113984615341e-02 2.268254790264111753e-01 2.812014500258933070e-01
1.603206412825651170e-02 2.603314344899015920e-01 1.482771848288489541e-02 2.392542723977214014e-01 2.900051786639047391e-01
1.803607214428857436e-02 2.767477990678405275e-01 1.765339606821252419e-02 2.501294665976178111e-01 3.102019678922837698e-01
2.004008016032064049e-02 2.941998964267219518e-01 1.702268654452975330e-02 2.703262558259968973e-01 3.257379596064215455e-01
2.204408817635270315e-02 3.073019161056447790e-01 1.967919539727844974e-02 2.796478508544795183e-01 3.386846193682029882e-01
2.404809619238476581e-02 3.180735370274468954e-01 1.987662687955586358e-02 2.843086483687208843e-01 3.573278094251682857e-01
2.605210420841683194e-02 3.339720352149145310e-01 1.929418946872139135e-02 2.931123770067322609e-01 3.640600725012946848e-01
2.805611222444889460e-02 3.438632832729155986e-01 1.721467647705298559e-02 3.107198342827550697e-01 3.713102019678922727e-01
3.006012024048096073e-02 3.553081305023303993e-01 1.429433193785327981e-02 3.303987571206628560e-01 3.780424650440186163e-01
3.206412825651302340e-02 3.657690315898498024e-01 1.520456075193595685e-02 3.448990160538580874e-01 3.889176592439150815e-01
3.406813627254508953e-02 3.761781460383220588e-01 1.277399097690940823e-02 3.609528741584671074e-01 4.034179181771103129e-01
3.607214428857714872e-02 3.842050750906266243e-01 1.190067782306333637e-02 3.702744691869497839e-01 4.117037804246504451e-01
3.807615230460921485e-02 3.944588296219575518e-01 1.212305199890175225e-02 3.770067322630761275e-01 4.174003107198342999e-01
4.008016032064128098e-02 4.020196789228377976e-01 1.239432905033156090e-02 3.785603314344899162e-01 4.205075090626618217e-01
4.208416833667334017e-02 4.134127395132056182e-01 1.203423886172441497e-02 3.878819264629725372e-01 4.319005696530295313e-01
4.408817635270540630e-02 4.225789746245468548e-01 9.613363469756820018e-03 4.029000517866390685e-01 4.386328327291558749e-01
4.609218436873747243e-02 4.287933713102018984e-01 1.089244273444631844e-02 4.049715173485241015e-01 4.469186949766960071e-01
4.809619238476953162e-02 4.353702744691869131e-01 1.172724420761797615e-02 4.106680476437079008e-01 4.552045572242361393e-01
5.010020040080159776e-02 4.450025893319523584e-01 1.334860267666530993e-02 4.174003107198342999e-01 4.645261522527188158e-01
5.210420841683366389e-02 4.532366649404453440e-01 1.475655713438624173e-02 4.220611082340756104e-01 4.774728120145002586e-01
5.410821643286573002e-02 4.577421025375453256e-01 1.486096088446920392e-02 4.267219057483169209e-01 4.836872087001553577e-01
5.611222444889778921e-02 4.658208182288969823e-01 1.345705485260101711e-02 4.396685655100984191e-01 4.909373381667530012e-01
5.811623246492985534e-02 4.720352149145520815e-01 1.311388634086028612e-02 4.448472294148109740e-01 4.930088037286380342e-01
6.012024048096192147e-02 4.788710512687726073e-01 1.215398327477617071e-02 4.541688244432936505e-01 4.966338684619368005e-01
6.212424849699398066e-02 4.846711548420506999e-01 1.318567562067242058e-02 4.583117555670637167e-01 4.997410668047643778e-01
6.412825651302604679e-02 4.889694458829622059e-01 1.297728123909376932e-02 4.645261522527188158e-01 5.038839979285344439e-01
6.613226452905811292e-02 4.939409632314862297e-01 1.478016444482917885e-02 4.681512169860175820e-01 5.106162610046608430e-01
6.813627254509017905e-02 4.988606939409631624e-01 1.418055864629829896e-02 4.722941481097876482e-01 5.173485240807871310e-01
7.014028056112224518e-02 5.059554634904194215e-01 1.359732148340200147e-02 4.805800103573278359e-01 5.245986535473847745e-01
7.214428857715429744e-02 5.102019678922837809e-01 1.338221264119085485e-02 4.878301398239254238e-01 5.328845157949249067e-01
7.414829659318636357e-02 5.147591921284309091e-01 1.349436998528781052e-02 4.909373381667530012e-01 5.349559813568099953e-01
7.615230460921842970e-02 5.211289487312272817e-01 1.365646172949816148e-02 5.012946659761781110e-01 5.422061108234075277e-01
7.815631262525049583e-02 5.252718798549974588e-01 1.322548029824414419e-02 5.054375970999481771e-01 5.447954427757638607e-01
8.016032064128256196e-02 5.292594510616261960e-01 1.162837816305693772e-02 5.121698601760745762e-01 5.468669083376488382e-01
8.216432865731462809e-02 5.329880890730192000e-01 1.193746621168215692e-02 5.147591921284309091e-01 5.489383738995339268e-01
8.416833667334668034e-02 5.350077679958570309e-01 1.198600614033037970e-02 5.173485240807871310e-01 5.504919730709476600e-01
8.617234468937874647e-02 5.394614189539099769e-01 1.182063359603973372e-02 5.209735888140859528e-01 5.535991714137752373e-01
8.817635270541081260e-02 5.436043500776798210e-01 1.183877001927271383e-02 5.235629207664422857e-01 5.618850336613153695e-01
9.018036072144287874e-02 5.488348006214395225e-01 1.127427364436645908e-02 5.323666494044536623e-01 5.670636975660279244e-01
9.218436873747494487e-02 5.526152252718798952e-01 1.306512347866311749e-02 5.365095805282237285e-01 5.717244950802693459e-01
9.418837675350701100e-02 5.558259968928016548e-01 1.313799577459125352e-02 5.380631796996374616e-01 5.753495598135680567e-01
9.619238476953906325e-02 5.587778353184877922e-01 1.252337566043860810e-02 5.422061108234075277e-01 5.758674262040394121e-01
9.819639278557112938e-02 5.615743138270326007e-01 1.243353957366974578e-02 5.453133091662351051e-01 5.794924909373381228e-01
1.002004008016031955e-01 5.653029518384257157e-01 1.235347452751661169e-02 5.484205075090626824e-01 5.820818228896944557e-01
1.022044088176352616e-01 5.689280165717244264e-01 1.270240856724346931e-02 5.520455722423615041e-01 5.877783531848782550e-01
1.042084168336673278e-01 5.720870015535991504e-01 1.285738249789783634e-02 5.572242361470740590e-01 5.945106162610046541e-01
1.062124248496993939e-01 5.759709994821335943e-01 1.324523654134134726e-02 5.592957017089590366e-01 5.986535473847747202e-01
1.082164328657314600e-01 5.776799585706886564e-01 1.327244176087150063e-02 5.598135680994303920e-01 6.007250129466598088e-01
1.102204408817635123e-01 5.814603832211289181e-01 1.369323347362380247e-02 5.639564992232004581e-01 6.079751424132573412e-01
1.122244488977955784e-01 5.845157949249093488e-01 1.261097703174357543e-02 5.675815639564991688e-01 6.090108751941999410e-01
1.142284569138276445e-01 5.879337131020196949e-01 1.359347487361557347e-02 5.696530295183842574e-01 6.131538063179700071e-01
1.162324649298597107e-01 5.906784049715173568e-01 1.321767098275983786e-02 5.701708959088555018e-01 6.141895390989124959e-01
1.182364729458917768e-01 5.945624029000516897e-01 1.278920304772009943e-02 5.732780942516830791e-01 6.152252718798549846e-01
1.202404809619238429e-01 5.976178146038322314e-01 1.245465977467212146e-02 5.748316934230968123e-01 6.167788710512687178e-01
1.222444889779558952e-01 6.012428793371309421e-01 1.213178702379810216e-02 5.753495598135680567e-01 6.193682030036250508e-01
1.242484969939879613e-01 6.031071983428275551e-01 1.211895874638886303e-02 5.763852925945106564e-01 6.193682030036250508e-01
1.262525050100200275e-01 6.062143966856550215e-01 1.270029709453699036e-02 5.800103573278094782e-01 6.235111341273951169e-01
1.282565130260520936e-01 6.087519419989642078e-01 1.215001080773686799e-02 5.836354220611081889e-01 6.255825996892802054e-01
1.302605210420841597e-01 6.119627136198860784e-01 1.234880614046144319e-02 5.862247540134645218e-01 6.307612635939927603e-01
1.322645290581162258e-01 6.138788192646297270e-01 1.256442480300011544e-02 5.877783531848782550e-01 6.343863283272915821e-01
1.342685370741482920e-01 6.157431382703262290e-01 1.217591880657532995e-02 5.903676851372345880e-01 6.359399274987053152e-01
1.362725450901803581e-01 6.174520973588814021e-01 1.179110241054820256e-02 5.939927498705334097e-01 6.369756602796478040e-01
1.382765531062124242e-01 6.197307094769549662e-01 1.166533559199471083e-02 5.970999482133609870e-01 6.395649922320041370e-01
1.402805611222444904e-01 6.218539616778869794e-01 1.179962860664777145e-02 5.976178146038322314e-01 6.395649922320041370e-01
1.422845691382765287e-01 6.250647332988089611e-01 1.192892612519185803e-02 6.027964785085447863e-01 6.473329880890730248e-01
1.442885771543085949e-01 6.284308648368720496e-01 1.242933280376075887e-02 6.053858104609011193e-01 6.499223200414293578e-01
1.462925851703406610e-01 6.320559295701708713e-01 1.084865198303200731e-02 6.131538063179700071e-01 6.519937856033143353e-01
1.482965931863727271e-01 6.346452615225273153e-01 1.155724176752500124e-02 6.136716727084412515e-01 6.551009839461419126e-01
1.503006012024047933e-01 6.373381667529776085e-01 1.162849347761968875e-02 6.162610046607974734e-01 6.561367167270844014e-01
1.523046092184368594e-01 6.403935784567582612e-01 1.023280924435621651e-02 6.204039357845675395e-01 6.582081822889694900e-01
1.543086172344689255e-01 6.416364577938891145e-01 1.029760096329941990e-02 6.229932677369238725e-01 6.597617814603832231e-01
1.563126252505009917e-01 6.437079233557743141e-01 1.026107528107467193e-02 6.255825996892802054e-01 6.613153806317969563e-01
1.583166332665330578e-01 6.455204557224236694e-01 9.758037543723792340e-03 6.307612635939927603e-01 6.639047125841532893e-01
1.603206412825651239e-01 6.484722941481096958e-01 9.871571254225873851e-03 6.343863283272915821e-01 6.675297773174521110e-01
1.623246492985971901e-01 6.506991196271362243e-01 9.191946081735562213e-03 6.374935266701191594e-01 6.685655100983945998e-01
1.643286573146292562e-01 6.531330916623511174e-01 8.400935785352125346e-03 6.411185914034178701e-01 6.706369756602796883e-01
1.663326653306613223e-01 6.568099430346971968e-01 8.659525111861292312e-03 6.416364577938892255e-01 6.742620403935785101e-01
1.683366733466933607e-01 6.588814085965820633e-01 8.791687625764590605e-03 6.447436561367166918e-01 6.784049715173485762e-01
1.703406813627254268e-01 6.599171413775245520e-01 8.562979881618441522e-03 6.468151216986017804e-01 6.784049715173485762e-01
1.723446893787574929e-01 6.624029000517867027e-01 8.338935411902431011e-03 6.473329880890730248e-01 6.789228379078198206e-01
1.743486973947895591e-01 6.645779388917659736e-01 8.659525111861299251e-03 6.494044536509580023e-01 6.804764370792335537e-01
1.763527054108216252e-01 6.672708441222165998e-01 8.997323094727760137e-03 6.504401864319006021e-01 6.835836354220611311e-01
1.783567134268536913e-01 6.684619368203003065e-01 9.137957535002723050e-03 6.519937856033143353e-01 6.866908337648887084e-01
1.803607214428857575e-01 6.696012428793371996e-01 9.194134032593354738e-03 6.535473847747280685e-01 6.872087001553599528e-01
1.823647294589178236e-01 6.718798549974106527e-01 8.334914360944875242e-03 6.592439150699119788e-01 6.897980321077161747e-01
1.843687374749498897e-01 6.735370274469186791e-01 8.370233313398194042e-03 6.597617814603832231e-01 6.913516312791300189e-01
1.863727454909819559e-01 6.747799067840497544e-01 8.674841722207508182e-03 6.602796478508544675e-01 6.934230968410149964e-01
1.883767535070140220e-01 6.766960124287934031e-01 9.347595937357355139e-03 6.618332470222682007e-01 6.980838943552563070e-01
1.903807615230460881e-01 6.787156913516312340e-01 8.949354563325908132e-03 6.633868461936820449e-01 6.986017607457275513e-01
1.923847695390781265e-01 6.808907301916106158e-01 9.234299803494522285e-03 6.659761781460382668e-01 7.011910926980838843e-01
1.943887775551101926e-01 6.820300362506472869e-01 9.338841287498570592e-03 6.675297773174521110e-01 7.022268254790263731e-01
1.963927855711422588e-01 6.841532884515795221e-01 9.428724410380052295e-03 6.690833764888658441e-01 7.037804246504402172e-01
1.983967935871743249e-01 6.860176074572759131e-01 9.091616098176194885e-03 6.716727084412221771e-01 7.048161574313827060e-01
2.004008016032063910e-01 6.874158467115483173e-01 9.546737335517677461e-03 6.727084412221646659e-01 7.068876229932676836e-01
2.024048096192384572e-01 6.900569653029517969e-01 9.672463284746475598e-03 6.752977731745209988e-01 7.099948213360952609e-01
2.044088176352705233e-01 6.922837907819782144e-01 9.554038426996456362e-03 6.773692387364059764e-01 7.125841532884515939e-01
2.064128256513025894e-01 6.946141895390989252e-01 8.721245183829827094e-03 6.835836354220611311e-01 7.136198860693940826e-01
2.084168336673346555e-01 6.966856551009839027e-01 1.013762315116795501e-02 6.846193682030036198e-01 7.208700155359917261e-01
2.104208416833667217e-01 6.991714137752460534e-01 1.002429358393404357e-02 6.872087001553599528e-01 7.234593474883480591e-01
2.124248496993987878e-01 7.010875194199897020e-01 1.023700173013872804e-02 6.877265665458311972e-01 7.260486794407042810e-01
2.144288577154308539e-01 7.024339720352148486e-01 1.057310194922032529e-02 6.877265665458311972e-01 7.281201450025893696e-01
2.164328657314629201e-01 7.031589849818746796e-01 1.041619727542175862e-02 6.887622993267736859e-01 7.281201450025893696e-01
2.184368737474949584e-01 7.044536509580526795e-01 1.026904373049865142e-02 6.892801657172449303e-01 7.286380113930606139e-01
2.204408817635270246e-01 7.058518902123251948e-01 1.074120311803848822e-02 6.903158984981874191e-01 7.312273433454168359e-01
2.224448897795590907e-01 7.074572760227860746e-01 1.119705699666389415e-02 6.929052304505437521e-01 7.348524080787156576e-01
2.244488977955911568e-01 7.091144484722942121e-01 1.078120216830010317e-02 6.954945624029000850e-01 7.364060072501295018e-01
2.264529058116232230e-01 7.108751941998964208e-01 1.098084363277751670e-02 6.965302951838425738e-01 7.374417400310719906e-01
2.284569138276552891e-01 7.123252200932157496e-01 1.065911951117787075e-02 6.975660279647850626e-01 7.374417400310719906e-01
2.304609218436873552e-01 7.141895390989125847e-01 1.118986925873185871e-02 6.991196271361989067e-01 7.405489383738995679e-01
2.324649298597194214e-01 7.153288451579491447e-01 1.140023784097511823e-02 7.006732263076126399e-01 7.421025375453133011e-01
2.344689378757514875e-01 7.172449508026929044e-01 1.136477822835438474e-02 7.011910926980838843e-01 7.426204039357845454e-01
2.364729458917835536e-01 7.189539098912479664e-01 1.125105702995128458e-02 7.027446918694976175e-01 7.436561367167270342e-01
2.384769539078156197e-01 7.201450025893320062e-01 1.106393395336595885e-02 7.042982910409114616e-01 7.446918694976696340e-01
2.404809619238476859e-01 7.211807353702744949e-01 1.077411037639222462e-02 7.063697566027964392e-01 7.446918694976696340e-01
2.424849699398797520e-01 7.225271879854997525e-01 1.056955026768217031e-02 7.084412221646815278e-01 7.452097358881408784e-01
2.444889779559117904e-01 7.239254272397721568e-01 1.024394176037741154e-02 7.115484205075091051e-01 7.467633350595546116e-01
2.464929859719438565e-01 7.249611600207147566e-01 9.786030621524619347e-03 7.125841532884515939e-01 7.472812014500258559e-01
2.484969939879759226e-01 7.270326255825997341e-01 9.493918988460093786e-03 7.141377524598653270e-01 7.477990678404971003e-01
2.505010020040079888e-01 7.285344381149663207e-01 9.947349314173346488e-03 7.151734852408079268e-01 7.493526670119109445e-01
2.525050100200400549e-01 7.303987571206629337e-01 1.087815303390570268e-02 7.151734852408079268e-01 7.534955981356810106e-01
2.545090180360721210e-01 7.317969963749352269e-01 1.163172182123478615e-02 7.156913516312791712e-01 7.555670636975659882e-01
2.565130260521041872e-01 7.329880890730191556e-01 1.174358386996032268e-02 7.162092180217504156e-01 7.566027964785085880e-01
2.585170340681362533e-01 7.344899016053858531e-01 1.157069283004025922e-02 7.182806835836353931e-01 7.576385292594510767e-01
2.605210420841683194e-01 7.364060072501293908e-01 1.319289404749560135e-02 7.187985499741066375e-01 7.654065251165199646e-01
2.625250501002003856e-01 7.375970999482132084e-01 1.351631279129983723e-02 7.193164163645779929e-01 7.669601242879336978e-01
2.645290581162324517e-01 7.387364060072501015e-01 1.354445859278450258e-02 7.198342827550492373e-01 7.669601242879336978e-01
2.665330661322645178e-01 7.407560849300879324e-01 1.349277998057092816e-02 7.219057483169342149e-01 7.711030554117037639e-01
2.685370741482965840e-01 7.423096841015018876e-01 1.387108776201612624e-02 7.234593474883480591e-01 7.731745209735888524e-01
2.705410821643286501e-01 7.439668565510098031e-01 1.420540642307863838e-02 7.239772138788193034e-01 7.752459865354738300e-01
2.725450901803607162e-01 7.459865354738475229e-01 1.424320876398104015e-02 7.239772138788193034e-01 7.762817193164163188e-01
2.745490981963927823e-01 7.476954945624029181e-01 1.412323336389042540e-02 7.260486794407042810e-01 7.762817193164163188e-01
2.765531062124248485e-01 7.488348006214397001e-01 1.396511966084571302e-02 7.281201450025893696e-01 7.778353184878301629e-01
2.785571142284569146e-01 7.499223200414293355e-01 1.397366280988265527e-02 7.286380113930606139e-01 7.788710512687726517e-01
2.805611222444889807e-01 7.519937856033143131e-01 1.312655953031840669e-02 7.332988089073019244e-01 7.809425168306577403e-01
2.825651302605209914e-01 7.533402382185395707e-01 1.343072281473303188e-02 7.348524080787156576e-01 7.814603832211289847e-01
2.845691382765530575e-01 7.545831175556705350e-01 1.294759188772899236e-02 7.353702744691869020e-01 7.819782496116002291e-01
2.865731462925851236e-01 7.559295701708959037e-01 1.292603224684804597e-02 7.384774728120144793e-01 7.830139823925427178e-01
2.885771543086171897e-01 7.573278094251683079e-01 1.263042047361045105e-02 7.405489383738995679e-01 7.845675815639564510e-01
2.905811623246492559e-01 7.588814085965820411e-01 1.297397429344815736e-02 7.415846711548420567e-01 7.861211807353702952e-01
2.925851703406813220e-01 7.598135680994303476e-01 1.346014349260106491e-02 7.426204039357845454e-01 7.892283790781978725e-01
2.945891783567133881e-01 7.612635939927498985e-01 1.402834958543040800e-02 7.441740031071983896e-01 7.918177110305540944e-01
2.965931863727454543e-01 7.630761263593991428e-01 1.450072130652911399e-02 7.452097358881408784e-01 7.954427757638529162e-01
2.985971943887775204e-01 7.651993785603314890e-01 1.396742394593043605e-02 7.498705334023821889e-01 7.980321077162092491e-01
3.006012024048095865e-01 7.659243915069912090e-01 1.384360605485995474e-02 7.498705334023821889e-01 7.985499741066804935e-01
3.026052104208416527e-01 7.670119109269808444e-01 1.349725139142659777e-02 7.519419989642671664e-01 7.985499741066804935e-01
3.046092184368737188e-01 7.679440704298291509e-01 1.371407591811132573e-02 7.519419989642671664e-01 7.990678404971517379e-01
3.066132264529057849e-01 7.687726566545831641e-01 1.365881808623494245e-02 7.524598653547385219e-01 7.995857068876229823e-01
3.086172344689378511e-01 7.690833764888658219e-01 1.366706213549560150e-02 7.529777317452097662e-01 8.001035732780942267e-01
3.106212424849699172e-01 7.705334023821853728e-01 1.383091123058339741e-02 7.545313309166234994e-01 8.016571724495080709e-01
3.126252505010019833e-01 7.718280683583634838e-01 1.337900578453298829e-02 7.550491973070947438e-01 8.016571724495080709e-01
3.146292585170340494e-01 7.732263076126357770e-01 1.385222414577213894e-02 7.566027964785085880e-01 8.047643707923355372e-01
3.166332665330661156e-01 7.745209735888139990e-01 1.385754725280852195e-02 7.576385292594510767e-01 8.052822371828067816e-01
3.186372745490981817e-01 7.756602796478508921e-01 1.395513002875374726e-02 7.591921284308648099e-01 8.068358363542206257e-01
3.206412825651302478e-01 7.767477990678406385e-01 1.420965359057407840e-02 7.602278612118072987e-01 8.089073019161056033e-01
3.226452905811623140e-01 7.781978249611599674e-01 1.394792152690283935e-02 7.622993267736923872e-01 8.094251683065768477e-01
3.246492985971943801e-01 7.793371310201968605e-01 1.390632780915361695e-02 7.622993267736923872e-01 8.094251683065768477e-01
3.266533066132264462e-01 7.809943034697048869e-01 1.392945076346338226e-02 7.638529259451061204e-01 8.114966338684619362e-01
3.286573146292585124e-01 7.821336095287416690e-01 1.357965755466188952e-02 7.654065251165199646e-01 8.120145002589331806e-01
3.306613226452905785e-01 7.836872087001552911e-01 1.312165523155406355e-02 7.674779906784049421e-01 8.125323666494044250e-01
3.326653306613226446e-01 7.850854479544278064e-01 1.341463888864693338e-02 7.705851890212325195e-01 8.140859658208182692e-01
3.346693386773546552e-01 7.863283272915587707e-01 1.338702148579999987e-02 7.716209218021750083e-01 8.151216986017607580e-01
3.366733466933867214e-01 7.878819264629723929e-01 1.270240856724349533e-02 7.736923873640600968e-01 8.151216986017607580e-01
3.386773547094187875e-01 7.887105126877265171e-01 1.268296975901787686e-02 7.736923873640600968e-01 8.156395649922320024e-01
3.406813627254508536e-01 7.900051786639046281e-01 1.220946210360525884e-02 7.762817193164163188e-01 8.166752977731744911e-01
3.426853707414829198e-01 7.909891248058001922e-01 1.216754608495674433e-02 7.783531848783014073e-01 8.187467633350595797e-01
3.446893787575149859e-01 7.919730709476955344e-01 1.226381528837319941e-02 7.793889176592438961e-01 8.197824961160020685e-01
3.466933867735470520e-01 7.931641636457793521e-01 1.200556820784429851e-02 7.793889176592438961e-01 8.203003625064733129e-01
3.486973947895791182e-01 7.937338166752976321e-01 1.213631791302994742e-02 7.793889176592438961e-01 8.203003625064733129e-01
3.507014028056111843e-01 7.950802692905231117e-01 1.268096079342846336e-02 7.804246504401863849e-01 8.234075608493008902e-01
3.527054108216432504e-01 7.966856551009839915e-01 1.323389297092502671e-02 7.809425168306577403e-01 8.270326255825997119e-01
3.547094188376753165e-01 7.970999482133608316e-01 1.331994235963857021e-02 7.819782496116002291e-01 8.280683583635422007e-01
3.567134268537073827e-01 7.986017607457277512e-01 1.322426356541027241e-02 7.830139823925427178e-01 8.291040911444846895e-01
3.587174348697394488e-01 7.996374935266701289e-01 1.309178116485688013e-02 7.845675815639564510e-01 8.296219575349559339e-01
3.607214428857715149e-01 8.007250129466598754e-01 1.308225215557354965e-02 7.856033143448990508e-01 8.301398239254272893e-01
3.627254509018035811e-01 8.018125323666493998e-01 1.340073723834069898e-02 7.856033143448990508e-01 8.306576903158985337e-01
3.647294589178356472e-01 8.024857586742619731e-01 1.342303290674048966e-02 7.856033143448990508e-01 8.306576903158985337e-01
3.667334669338677133e-01 8.037286380113929374e-01 1.346651779876197920e-02 7.866390471258415396e-01 8.311755567063697780e-01
3.687374749498997795e-01 8.051786639047125993e-01 1.355544335629992742e-02 7.876747799067840283e-01 8.322112894873122668e-01
3.707414829659318456e-01 8.058518902123251726e-01 1.343751024308775105e-02 7.881926462972552727e-01 8.332470222682547556e-01
3.727454909819639117e-01 8.068358363542206257e-01 1.295494297424865625e-02 7.902641118591403613e-01 8.332470222682547556e-01
3.747494989979959779e-01 8.078715691351631145e-01 1.271253875445911737e-02 7.918177110305540944e-01 8.337648886587260000e-01
3.767535070140280440e-01 8.092698083894355188e-01 1.300875837401839138e-02 7.923355774210253388e-01 8.353184878301398442e-01
3.787575150300601101e-01 8.101501812532365676e-01 1.325009509865143070e-02 7.923355774210253388e-01 8.363542206110823329e-01
3.807615230460921762e-01 8.108234075608493630e-01 1.314411824095500052e-02 7.923355774210253388e-01 8.368720870015535773e-01
3.827655310621242424e-01 8.119627136198861450e-01 1.315513149985416373e-02 7.933713102019679386e-01 8.373899533920248217e-01
3.847695390781562530e-01 8.129984464008286338e-01 1.303223916285683841e-02 7.944070429829104274e-01 8.389435525634386659e-01
3.867735470941883191e-01 8.136198860693941715e-01 1.322831890630060854e-02 7.944070429829104274e-01 8.399792853443811547e-01
3.887775551102203853e-01 8.141377524598653048e-01 1.323642586068814186e-02 7.954427757638529162e-01 8.404971517348523991e-01
3.907815631262524514e-01 8.149663386846193180e-01 1.306840735913124101e-02 7.959606421543241606e-01 8.404971517348523991e-01
3.927855711422845175e-01 8.160020714655619178e-01 1.276737594618342769e-02 7.980321077162092491e-01 8.410150181253236434e-01
3.947895791583165837e-01 8.178146038322113842e-01 1.303707424344655551e-02 7.990678404971517379e-01 8.415328845157948878e-01
3.967935871743486498e-01 8.192128430864837885e-01 1.336346168120665541e-02 7.995857068876229823e-01 8.430864836872087320e-01
3.987975951903807159e-01 8.203521491455205705e-01 1.292271218649839251e-02 8.006214396685654711e-01 8.441222164681512208e-01
4.008016032064127820e-01 8.212843086483687660e-01 1.272824568136595412e-02 8.011393060590367154e-01 8.446400828586224652e-01
4.028056112224448482e-01 8.222682547902641081e-01 1.252722973158401122e-02 8.021750388399793152e-01 8.451579492490937096e-01
4.048096192384769143e-01 8.234075608493010012e-01 1.261087070107293900e-02 8.037286380113930484e-01 8.467115484205075537e-01
4.068136272545089804e-01 8.241843604350076458e-01 1.252819306411491473e-02 8.047643707923355372e-01 8.477472812014500425e-01
4.088176352705410466e-01 8.252200932159503566e-01 1.195419157018319696e-02 8.068358363542206257e-01 8.477472812014500425e-01
4.108216432865731127e-01 8.263076126359398810e-01 1.253878483722137109e-02 8.068358363542206257e-01 8.477472812014500425e-01
4.128256513026051788e-01 8.270844122216468586e-01 1.234533084624372251e-02 8.083894355256343589e-01 8.477472812014500425e-01
4.148296593186372450e-01 8.279129984464008718e-01 1.200746682464402110e-02 8.104609010875194475e-01 8.482651475919212869e-01
4.168336673346693111e-01 8.287933713102020317e-01 1.155480498742253795e-02 8.109787674779906919e-01 8.482651475919212869e-01
4.188376753507013772e-01 8.301398239254271783e-01 1.138364094378795446e-02 8.120145002589331806e-01 8.487830139823925313e-01
4.208416833667334433e-01 8.317452097358881691e-01 1.221209766596156876e-02 8.120145002589331806e-01 8.534438114966338418e-01
4.228456913827655095e-01 8.331434489901605733e-01 1.264018402123591976e-02 8.135680994303470248e-01 8.555152770585189304e-01
4.248496993987975756e-01 8.341273951320558044e-01 1.232706947729016352e-02 8.151216986017607580e-01 8.555152770585189304e-01
4.268537074148296417e-01 8.352667011910928085e-01 1.229962658742214492e-02 8.161574313827032467e-01 8.560331434489901747e-01
4.288577154308617079e-01 8.359917141377526395e-01 1.249561271937726231e-02 8.171931641636457355e-01 8.586224754013465077e-01
4.308617234468937740e-01 8.367167270844122484e-01 1.240730491790818443e-02 8.192646297255308241e-01 8.596582081822889965e-01
4.328657314629258401e-01 8.377524598653547372e-01 1.195598619070713763e-02 8.218539616778871570e-01 8.601760745727602409e-01
4.348697394789579063e-01 8.387881926462972260e-01 1.220243115434010636e-02 8.223718280683584014e-01 8.627654065251165738e-01
4.368737474949899169e-01 8.398757120662867504e-01 1.235260612397770519e-02 8.239254272397721346e-01 8.627654065251165738e-01
4.388777555110219830e-01 8.408078715691352789e-01 1.195856548587694891e-02 8.254790264111858678e-01 8.627654065251165738e-01
4.408817635270540491e-01 8.417918177110305100e-01 1.236009409822646544e-02 8.259968928016572232e-01 8.658726048679440401e-01
4.428857715430861153e-01 8.428275504919729988e-01 1.250247879484805806e-02 8.275504919730709563e-01 8.684619368203003731e-01
4.448897795591181814e-01 8.441222164681512208e-01 1.233783391200960963e-02 8.301398239254272893e-01 8.700155359917141062e-01
4.468937875751502475e-01 8.451061626100466739e-01 1.202398329300770688e-02 8.306576903158985337e-01 8.700155359917141062e-01
4.488977955911823137e-01 8.465044018643190782e-01 1.219616580263377034e-02 8.327291558777835112e-01 8.720870015535991948e-01
4.509018036072143798e-01 8.476437079233557492e-01 1.212692272291319984e-02 8.332470222682547556e-01 8.741584671154841724e-01
4.529058116232464459e-01 8.481097876747799580e-01 1.222000094246385345e-02 8.332470222682547556e-01 8.746763335059554167e-01
4.549098196392785121e-01 8.489901605385808958e-01 1.242706703011552290e-02 8.332470222682547556e-01 8.751941998964267722e-01
4.569138276553105782e-01 8.502848265147591178e-01 1.210179628894763638e-02 8.373899533920248217e-01 8.767477990678405053e-01
4.589178356713426443e-01 8.510098394614189488e-01 1.202309109100727080e-02 8.373899533920248217e-01 8.772656654583117497e-01
4.609218436873747105e-01 8.517866390471258153e-01 1.157011336535758612e-02 8.379078197824960661e-01 8.772656654583117497e-01
4.629258517034067766e-01 8.525116519937855353e-01 1.153529221528811800e-02 8.384256861729674215e-01 8.783013982392542385e-01
4.649298597194388427e-01 8.531848783013981086e-01 1.133465089465967267e-02 8.389435525634386659e-01 8.783013982392542385e-01
4.669338677354709088e-01 8.540652511651993795e-01 1.140670526093795663e-02 8.399792853443811547e-01 8.788192646297254829e-01
4.689378757515029750e-01 8.544795442775763306e-01 1.126999109993615487e-02 8.415328845157948878e-01 8.788192646297254829e-01
4.709418837675350411e-01 8.557224236147072949e-01 1.142643762137561178e-02 8.425686172967374876e-01 8.803728638011393270e-01
4.729458917835671072e-01 8.569135163127912236e-01 1.153354839814397896e-02 8.451579492490937096e-01 8.824443293630243046e-01
4.749498997995991734e-01 8.579492490937339344e-01 1.133890901803283682e-02 8.456758156395649539e-01 8.829621957534955490e-01
4.769539078156312395e-01 8.587778353184877256e-01 1.111435866209506580e-02 8.456758156395649539e-01 8.829621957534955490e-01
4.789579158316633056e-01 8.598653547384774720e-01 1.102751457624539903e-02 8.477472812014500425e-01 8.829621957534955490e-01
4.809619238476953718e-01 8.606939409632314852e-01 1.095871849051901874e-02 8.498187467633350201e-01 8.839979285344381488e-01
4.829659318637274379e-01 8.613153806317971339e-01 1.065547065736856085e-02 8.508544795442776199e-01 8.839979285344381488e-01
4.849699398797595040e-01 8.624029000517865473e-01 1.082340756084930466e-02 8.508544795442776199e-01 8.850336613153806375e-01
4.869739478957915702e-01 8.634904194717762937e-01 1.073171111091753525e-02 8.518902123252201086e-01 8.860693940963231263e-01
4.889779559118235808e-01 8.644225789746243782e-01 1.089441225669991742e-02 8.529259451061625974e-01 8.865872604867943707e-01
4.909819639278556469e-01 8.654583117555670890e-01 1.077311466358784817e-02 8.549974106680476860e-01 8.865872604867943707e-01
4.929859719438877130e-01 8.661315380631796623e-01 1.139364905970463582e-02 8.555152770585189304e-01 8.876229932677369705e-01
4.949899799599197792e-01 8.669601242879337866e-01 1.157625421517543760e-02 8.555152770585189304e-01 8.886587260486794593e-01
4.969939879759518453e-01 8.679958570688762753e-01 1.162941595295800302e-02 8.555152770585189304e-01 8.891765924391507037e-01
4.989979959919839114e-01 8.689798032107717285e-01 1.163529501396880564e-02 8.560331434489901747e-01 8.902123252200931924e-01
5.010020040080159776e-01 8.701191092698081775e-01 1.160945107753666439e-02 8.565510098394614191e-01 8.928016571724495254e-01
5.030060120240480437e-01 8.711548420507508883e-01 1.190146653317304508e-02 8.575867426204039079e-01 8.953909891248057473e-01
5.050100200400801098e-01 8.719834282755050126e-01 1.157243104999558514e-02 8.586224754013465077e-01 8.959088555152771027e-01
5.070140280561121759e-01 8.727084412221646215e-01 1.123853591055870571e-02 8.596582081822889965e-01 8.959088555152771027e-01
5.090180360721442421e-01 8.734334541688244524e-01 1.093716161996771685e-02 8.617296737441739740e-01 8.964267219057483471e-01
5.110220440881763082e-01 8.740548938373897681e-01 1.082278808571667666e-02 8.622475401346452184e-01 8.969445882962195915e-01
5.130260521042083743e-01 8.748316934230967457e-01 1.046564284859106617e-02 8.627654065251165738e-01 8.969445882962195915e-01
5.150300601202404405e-01 8.759192128430864921e-01 1.011948560379013519e-02 8.627654065251165738e-01 8.974624546866908359e-01
5.170340681362725066e-01 8.764888658726048831e-01 1.011961811242398541e-02 8.638011393060590626e-01 8.984981874676333247e-01
5.190380761523045727e-01 8.777835318487829941e-01 9.784797321435091677e-03 8.648368720870015514e-01 8.984981874676333247e-01
5.210420841683366389e-01 8.785603314344900827e-01 9.504647221975784724e-03 8.653547384774727957e-01 8.984981874676333247e-01
5.230460921843687050e-01 8.790264111859139584e-01 9.350894743056789929e-03 8.658726048679440401e-01 8.984981874676333247e-01
5.250501002004007711e-01 8.793371310201967272e-01 9.199966024320009941e-03 8.669083376488866399e-01 8.984981874676333247e-01
5.270541082164328373e-01 8.800621439668565582e-01 9.006111945449341016e-03 8.669083376488866399e-01 8.990160538581045691e-01
5.290581162324649034e-01 8.810978767477990470e-01 9.276026486818187908e-03 8.674262040393578843e-01 9.000517866390471688e-01
5.310621242484969695e-01 8.821853961677887934e-01 9.044888986921649499e-03 8.674262040393578843e-01 9.010875194199896576e-01
5.330661322645290356e-01 8.830139823925426956e-01 8.768473595756833341e-03 8.689798032107716175e-01 9.016053858104609020e-01
5.350701402805611018e-01 8.837907819782495622e-01 8.465808839738761180e-03 8.700155359917141062e-01 9.016053858104609020e-01
5.370741482965931679e-01 8.847747281201450154e-01 8.431049332707498192e-03 8.700155359917141062e-01 9.016053858104609020e-01
5.390781563126252340e-01 8.854997410668048463e-01 8.536002883304855474e-03 8.705334023821853506e-01 9.021232522009321464e-01
5.410821643286573002e-01 8.861729673744175306e-01 8.751175890891199280e-03 8.710512687726567060e-01 9.031589849818746352e-01
5.430861723446893663e-01 8.867944070429830683e-01 9.139131400706688307e-03 8.710512687726567060e-01 9.052304505437597237e-01
5.450901803607214324e-01 8.878301398239253350e-01 8.922343471478726834e-03 8.731227343345416836e-01 9.057483169342309681e-01
5.470941883767534986e-01 8.882444329363023972e-01 8.906097494233315703e-03 8.731227343345416836e-01 9.062661833247022125e-01
5.490981963927855647e-01 8.890730191610562994e-01 8.945158194944138885e-03 8.741584671154841724e-01 9.067840497151734569e-01
5.511022044088176308e-01 8.897462454686688726e-01 8.777644362726952018e-03 8.751941998964267722e-01 9.073019161056447013e-01
5.531062124248496970e-01 8.904712584153289257e-01 8.472300478992391207e-03 8.767477990678405053e-01 9.078197824961160567e-01
5.551102204408817631e-01 8.911962713619885346e-01 8.087507996214441525e-03 8.772656654583117497e-01 9.078197824961160567e-01
5.571142284569138292e-01 8.918694976696011079e-01 8.068750576307551561e-03 8.783013982392542385e-01 9.078197824961160567e-01
5.591182364729458953e-01 8.926462972553080855e-01 7.915228211333429770e-03 8.798549974106680827e-01 9.088555152770585455e-01
5.611222444889779615e-01 8.930605903676852586e-01 7.898947997236348967e-03 8.798549974106680827e-01 9.088555152770585455e-01
5.631262525050100276e-01 8.939409632314863074e-01 7.904208815469248792e-03 8.814085965820818158e-01 9.093733816675297899e-01
5.651302605210419827e-01 8.949249093733817606e-01 7.950387643512656088e-03 8.819264629725530602e-01 9.098912480580010342e-01
5.671342685370740488e-01 8.952874158467116761e-01 7.907601034335130438e-03 8.829621957534955490e-01 9.098912480580010342e-01
5.691382765531061150e-01 8.965820818228896760e-01 7.432961396523466054e-03 8.855515277058518819e-01 9.098912480580010342e-01
5.711422845691381811e-01 8.975142413257378715e-01 7.531173361524035048e-03 8.865872604867943707e-01 9.098912480580010342e-01
5.731462925851702472e-01 8.982392542723977025e-01 7.580155964942756654e-03 8.865872604867943707e-01 9.098912480580010342e-01
5.751503006012023134e-01 8.992232004142929336e-01 7.963027243511307599e-03 8.865872604867943707e-01 9.109269808389435230e-01
5.771543086172343795e-01 8.998446400828585823e-01 8.066756076072833376e-03 8.871051268772656151e-01 9.109269808389435230e-01
5.791583166332664456e-01 9.005178663904713776e-01 8.222341971454740633e-03 8.876229932677369705e-01 9.124805800103573672e-01
5.811623246492985118e-01 9.012428793371309865e-01 8.446303986063493502e-03 8.876229932677369705e-01 9.129984464008286116e-01
5.831663326653305779e-01 9.021750388399792930e-01 8.322839551829681187e-03 8.881408596582082149e-01 9.135163127912998560e-01
5.851703406813626440e-01 9.030036250647330842e-01 8.452651966356108243e-03 8.896944588296219480e-01 9.155877783531848335e-01
5.871743486973947102e-01 9.036768513723458796e-01 8.188186587696474894e-03 8.907301916105644368e-01 9.161056447436561889e-01
5.891783567134267763e-01 9.042982910409115282e-01 8.281977338872634209e-03 8.907301916105644368e-01 9.161056447436561889e-01
5.911823647294588424e-01 9.047643707923358480e-01 8.186384988449474723e-03 8.907301916105644368e-01 9.161056447436561889e-01
5.931863727454909085e-01 9.055411703780423816e-01 8.142862355671059288e-03 8.907301916105644368e-01 9.161056447436561889e-01
5.951903807615229747e-01 9.065251165199379457e-01 8.116636756808848219e-03 8.917659243915070366e-01 9.176592439150699221e-01
5.971943887775550408e-01 9.070429829104093011e-01 8.286671374269017482e-03 8.917659243915070366e-01 9.176592439150699221e-01
5.991983967935871069e-01 9.078197824961160567e-01 8.276146556591579967e-03 8.928016571724495254e-01 9.197307094769548996e-01
6.012024048096191731e-01 9.082858622475402655e-01 7.766096781499528395e-03 8.938373899533920142e-01 9.197307094769548996e-01
6.032064128256512392e-01 9.091144484722942787e-01 7.820468381784920209e-03 8.943552563438632586e-01 9.202485758674262550e-01
6.052104208416833053e-01 9.096323148627654120e-01 8.083527759909123547e-03 8.943552563438632586e-01 9.202485758674262550e-01
6.072144288577153715e-01 9.100466079751423631e-01 7.911839262637561376e-03 8.953909891248057473e-01 9.202485758674262550e-01
6.092184368737474376e-01 9.109787674779907807e-01 8.097450027500027389e-03 8.964267219057483471e-01 9.207664422578974994e-01
6.112224448897795037e-01 9.120662868979805271e-01 8.005350122812898359e-03 8.979803210771620803e-01 9.218021750388399882e-01
6.132264529058115698e-01 9.129466597617813539e-01 8.228862724271077123e-03 8.990160538581045691e-01 9.228379078197824770e-01
6.152304609218436360e-01 9.139823925427241758e-01 7.903021194875748875e-03 9.016053858104609020e-01 9.233557742102537214e-01
6.172344689378757021e-01 9.144484722941481625e-01 7.812062132836078768e-03 9.021232522009321464e-01 9.238736406007249657e-01
6.192384769539077682e-01 9.154842050750906512e-01 7.603294521898707435e-03 9.026411185914033908e-01 9.254272397721388099e-01
6.212424849699398344e-01 9.160538581046088202e-01 7.605586875088880816e-03 9.031589849818746352e-01 9.259451061626100543e-01
6.232464929859719005e-01 9.166752977731744689e-01 7.376460943790294662e-03 9.036768513723458796e-01 9.259451061626100543e-01
6.252505010020039666e-01 9.175556706369756288e-01 7.286289937632939653e-03 9.041947177628172350e-01 9.269808389435525431e-01
6.272545090180360328e-01 9.184360435007767887e-01 7.361175188285118583e-03 9.062661833247022125e-01 9.285344381149663873e-01
6.292585170340680989e-01 9.191092698083893620e-01 7.406756780437544901e-03 9.073019161056447013e-01 9.285344381149663873e-01
6.312625250501001650e-01 9.198342827550491929e-01 7.457276022786123344e-03 9.073019161056447013e-01 9.300880372863801204e-01
6.332665330661322312e-01 9.203521491455204373e-01 7.439272819411944793e-03 9.073019161056447013e-01 9.300880372863801204e-01
6.352705410821642973e-01 9.210771620921803793e-01 7.386452337514420007e-03 9.078197824961160567e-01 9.300880372863801204e-01
6.372745490981963634e-01 9.219575349559813171e-01 7.511919312338144646e-03 9.083376488865873011e-01 9.311237700673226092e-01
6.392785571142284295e-01 9.229414810978766592e-01 7.560849300880348109e-03 9.093733816675297899e-01 9.321595028482650980e-01
6.412825651302604957e-01 9.233039875712065747e-01 7.612635939927489548e-03 9.093733816675297899e-01 9.326773692387364534e-01
6.432865731462925618e-01 9.237182806835836368e-01 7.607702280342559104e-03 9.093733816675297899e-01 9.326773692387364534e-01
6.452905811623246279e-01 9.245468669083376501e-01 7.183424739234340294e-03 9.114448472294147674e-01 9.337131020196789422e-01
6.472945891783566941e-01 9.248575867426204189e-01 7.273949182138763313e-03 9.114448472294147674e-01 9.342309684101501865e-01
6.492985971943887602e-01 9.254272397721390320e-01 7.017041817070670574e-03 9.129984464008286116e-01 9.347488348006214309e-01
6.513026052104208263e-01 9.261004660797513832e-01 6.784049715173487601e-03 9.145520455722423447e-01 9.352667011910926753e-01
6.533066132264528925e-01 9.266183324702227386e-01 6.752350226442487870e-03 9.145520455722423447e-01 9.357845675815639197e-01
6.553106212424849586e-01 9.271879854997411297e-01 6.624642731412682187e-03 9.161056447436561889e-01 9.368203003625065195e-01
6.573146292585170247e-01 9.280165717244950319e-01 6.359433012121705822e-03 9.181771103055411665e-01 9.373381667529777639e-01
6.593186372745490909e-01 9.283272915587778007e-01 6.123975349184669278e-03 9.181771103055411665e-01 9.373381667529777639e-01
6.613226452905811570e-01 9.287415846711549738e-01 6.004570912743966218e-03 9.181771103055411665e-01 9.373381667529777639e-01
6.633266533066132231e-01 9.294148109787675471e-01 6.061691911835081527e-03 9.197307094769548996e-01 9.388917659243914970e-01
6.653306613226452892e-01 9.302433972035213383e-01 6.231850166793855353e-03 9.207664422578974994e-01 9.399274987053339858e-01
6.673346693386772444e-01 9.306059036768512538e-01 5.945322688168272647e-03 9.223200414293112326e-01 9.404453650958052302e-01
6.693386773547093105e-01 9.312791299844640491e-01 5.766948591332368527e-03 9.233557742102537214e-01 9.404453650958052302e-01
6.713426853707413766e-01 9.319523562920766224e-01 5.127661851677480648e-03 9.243915069911963212e-01 9.404453650958052302e-01
6.733466933867734427e-01 9.326255825996891957e-01 5.118500865069344936e-03 9.254272397721388099e-01 9.404453650958052302e-01
6.753507014028055089e-01 9.331434489901606621e-01 4.871523745258998610e-03 9.264629725530812987e-01 9.404453650958052302e-01
6.773547094188375750e-01 9.334023821853962843e-01 4.853598970009310488e-03 9.269808389435525431e-01 9.404453650958052302e-01
6.793587174348696411e-01 9.340238218539618220e-01 4.792433061112076793e-03 9.274987053340237875e-01 9.409632314862765856e-01
6.813627254509017073e-01 9.351113412739513464e-01 4.863810402665376398e-03 9.285344381149663873e-01 9.414810978767478300e-01
6.833667334669337734e-01 9.358881408596582130e-01 5.259850409360784795e-03 9.285344381149663873e-01 9.430346970481615632e-01
6.853707414829658395e-01 9.365613671672710083e-01 5.317910430718287770e-03 9.285344381149663873e-01 9.445882962195752963e-01
6.873747494989979057e-01 9.373899533920247995e-01 5.507187060629374110e-03 9.295701708959088760e-01 9.451061626100466517e-01
6.893787575150299718e-01 9.379596064215431905e-01 5.464901484525286519e-03 9.300880372863801204e-01 9.456240290005178961e-01
6.913827655310620379e-01 9.387881926462972038e-01 5.474707524143982221e-03 9.311237700673226092e-01 9.471776281719316293e-01
6.933867735470941041e-01 9.392024857586742659e-01 5.075090626618338797e-03 9.321595028482650980e-01 9.471776281719316293e-01
6.953907815631261702e-01 9.401346452615225724e-01 5.021969103014239759e-03 9.331952356292076978e-01 9.482133609528741180e-01
6.973947895791582363e-01 9.406007250129467812e-01 5.037165816479160889e-03 9.337131020196789422e-01 9.487312273433453624e-01
6.993987975951903024e-01 9.411703780424651722e-01 4.957471960134366730e-03 9.337131020196789422e-01 9.492490937338167178e-01
7.014028056112223686e-01 9.419471776281719277e-01 4.686333177583114872e-03 9.347488348006214309e-01 9.492490937338167178e-01
7.034068136272544347e-01 9.426721905748317587e-01 4.763526370128452758e-03 9.363024339720351641e-01 9.508026929052304510e-01
7.054108216432865008e-01 9.431382703262556344e-01 4.688335700779403328e-03 9.363024339720351641e-01 9.513205592957016954e-01
7.074148296593185670e-01 9.437597099948211721e-01 4.741801405389773315e-03 9.368203003625065195e-01 9.523562920766441842e-01
7.094188376753506331e-01 9.444847229414810030e-01 4.767746985596635345e-03 9.378560331434490083e-01 9.523562920766441842e-01
7.114228456913826992e-01 9.449508026929052118e-01 4.376200815810037809e-03 9.394096323148627414e-01 9.523562920766441842e-01
7.134268537074147654e-01 9.456758156395649317e-01 4.260690455116862736e-03 9.404453650958052302e-01 9.523562920766441842e-01
7.154308617234468315e-01 9.464526152252720204e-01 4.327826497312524390e-03 9.409632314862765856e-01 9.533920248575867840e-01
7.174348697394788976e-01 9.473329880890730692e-01 4.097694512107378020e-03 9.409632314862765856e-01 9.533920248575867840e-01
7.194388777555109638e-01 9.477990678404971669e-01 4.173887453052282578e-03 9.409632314862765856e-01 9.539098912480580283e-01
7.214428857715430299e-01 9.483687208700153359e-01 4.175493473910133098e-03 9.409632314862765856e-01 9.539098912480580283e-01
7.234468937875750960e-01 9.486276540652509581e-01 4.010038463512353123e-03 9.414810978767478300e-01 9.539098912480580283e-01
7.254509018036071621e-01 9.492490937338168289e-01 4.238919094703487954e-03 9.414810978767478300e-01 9.544277576385292727e-01
7.274549098196392283e-01 9.499223200414294022e-01 4.220213926852277656e-03 9.425168306576903188e-01 9.559813568099430059e-01
7.294589178356712944e-01 9.505955463490417534e-01 4.019390556588771889e-03 9.440704298291040519e-01 9.564992232004142503e-01
7.314629258517033605e-01 9.513205592957018064e-01 4.289234436219313551e-03 9.440704298291040519e-01 9.575349559813568501e-01
7.334669338677354267e-01 9.519419989642671220e-01 4.231320189708021214e-03 9.451061626100466517e-01 9.580528223718280945e-01
7.354709418837674928e-01 9.524598653547384774e-01 3.996640369047069902e-03 9.451061626100466517e-01 9.580528223718280945e-01
7.374749498997995589e-01 9.529259451061626862e-01 4.171637985115743928e-03 9.451061626100466517e-01 9.590885551527705832e-01
7.394789579158316251e-01 9.531848783013984194e-01 4.265408654992006859e-03 9.451061626100466517e-01 9.596064215432418276e-01
7.414829659318636912e-01 9.537027446918695528e-01 3.806934427651800356e-03 9.466597617814603849e-01 9.596064215432418276e-01
7.434869739478957573e-01 9.542206110823407972e-01 3.692499941993965598e-03 9.476954945624028737e-01 9.601242879337130720e-01
7.454909819639278235e-01 9.548938373899533705e-01 3.319600312902597303e-03 9.492490937338167178e-01 9.606421543241843164e-01
7.474949899799598896e-01 9.555152770585187971e-01 2.868905020085877125e-03 9.513205592957016954e-01 9.606421543241843164e-01
7.494989979959919557e-01 9.561367167270844458e-01 2.993339413074794231e-03 9.523562920766441842e-01 9.616778871051269162e-01
7.515030060120240218e-01 9.564474365613671036e-01 3.179294765027643275e-03 9.523562920766441842e-01 9.621957534955981606e-01
7.535070140280560880e-01 9.568099430346970191e-01 3.349759011661587824e-03 9.523562920766441842e-01 9.621957534955981606e-01
7.555110220440881541e-01 9.569653029518384590e-01 3.391530674268881419e-03 9.523562920766441842e-01 9.621957534955981606e-01
7.575150300601202202e-01 9.575867426204039967e-01 3.319600312902597737e-03 9.528741584671155396e-01 9.621957534955981606e-01
7.595190380761522864e-01 9.579492490937336902e-01 3.207428807291968966e-03 9.533920248575867840e-01 9.621957534955981606e-01
7.615230460921843525e-01 9.586224754013464855e-01 2.978969863960571202e-03 9.539098912480580283e-01 9.627136198860694050e-01
7.635270541082164186e-01 9.587778353184879254e-01 2.940459775572945144e-03 9.539098912480580283e-01 9.632314862765406493e-01
7.655310621242484848e-01 9.590367685137234366e-01 2.868905020085863247e-03 9.539098912480580283e-01 9.632314862765406493e-01
7.675350701402805509e-01 9.593992749870533521e-01 2.912969675903724978e-03 9.539098912480580283e-01 9.632314862765406493e-01
7.695390781563125060e-01 9.600725012946659254e-01 2.754445602687144012e-03 9.544277576385292727e-01 9.632314862765406493e-01
7.715430861723445721e-01 9.607457276022787207e-01 2.555973625945744034e-03 9.554634904194717615e-01 9.637493526670118937e-01
7.735470941883766383e-01 9.611082340756084141e-01 2.573228016324152854e-03 9.564992232004142503e-01 9.637493526670118937e-01
7.755511022044087044e-01 9.617814603832212095e-01 2.448801743663760796e-03 9.570170895908856057e-01 9.647850854479543825e-01
7.775551102204407705e-01 9.629207664422579915e-01 2.912969675903724978e-03 9.575349559813568501e-01 9.673744174003107155e-01
7.795591182364728366e-01 9.632314862765406493e-01 3.010759576126073069e-03 9.575349559813568501e-01 9.673744174003107155e-01
7.815631262525049028e-01 9.634904194717762715e-01 3.057166679056535011e-03 9.575349559813568501e-01 9.673744174003107155e-01
7.835671342685369689e-01 9.642154324184361025e-01 3.111079916287004705e-03 9.580528223718280945e-01 9.689280165717244486e-01
7.855711422845690350e-01 9.644225789746245781e-01 3.141959878222151410e-03 9.580528223718280945e-01 9.689280165717244486e-01
7.875751503006011012e-01 9.649922320041429691e-01 2.976718355919200521e-03 9.590885551527705832e-01 9.694458829621958040e-01
7.895791583166331673e-01 9.656654583117554314e-01 2.957284626674108567e-03 9.590885551527705832e-01 9.699637493526670484e-01
7.915831663326652334e-01 9.663904712584152623e-01 2.942739025411795269e-03 9.596064215432418276e-01 9.709994821336095372e-01
7.935871743486972996e-01 9.669083376488867287e-01 3.023647970377020457e-03 9.606421543241843164e-01 9.720352149145520260e-01
7.955911823647293657e-01 9.672190574831691645e-01 3.226187079683588872e-03 9.606421543241843164e-01 9.725530813050232704e-01
7.975951903807614318e-01 9.675297773174520444e-01 3.141959878222147940e-03 9.611600207146556718e-01 9.730709476954945147e-01
7.995991983967934980e-01 9.679958570688761421e-01 3.354559241988944087e-03 9.611600207146556718e-01 9.741066804764371145e-01
8.016032064128255641e-01 9.684101501812530932e-01 3.037364743369271817e-03 9.627136198860694050e-01 9.741066804764371145e-01
8.036072144288576302e-01 9.688762299326774130e-01 2.969953590665909415e-03 9.627136198860694050e-01 9.741066804764371145e-01
8.056112224448896963e-01 9.690315898498187419e-01 3.017877220990878781e-03 9.627136198860694050e-01 9.741066804764371145e-01
8.076152304609217625e-01 9.695494562402900973e-01 3.156861865174139751e-03 9.627136198860694050e-01 9.751424132573796033e-01
8.096192384769538286e-01 9.698601760745727551e-01 3.410062689415711747e-03 9.627136198860694050e-01 9.756602796478508477e-01
8.116232464929858947e-01 9.703262558259968529e-01 3.543129670242844195e-03 9.627136198860694050e-01 9.761781460383220921e-01
8.136272545090179609e-01 9.707923355774209506e-01 3.589378239495280218e-03 9.637493526670118937e-01 9.761781460383220921e-01
8.156312625250500270e-01 9.711548420507508661e-01 3.676851372345933677e-03 9.642672190574831381e-01 9.772138788192645809e-01
8.176352705410820931e-01 9.715173485240807816e-01 3.348157405540037792e-03 9.658208182288969823e-01 9.772138788192645809e-01
8.196392785571141593e-01 9.721387881926462082e-01 2.955016596102979023e-03 9.678922837907819599e-01 9.777317452097359363e-01
8.216432865731462254e-01 9.726566545831175636e-01 3.173807031806250185e-03 9.678922837907819599e-01 9.777317452097359363e-01
8.236472945891782915e-01 9.729673744174004435e-01 2.881497202121937468e-03 9.689280165717244486e-01 9.777317452097359363e-01
8.256513026052103577e-01 9.734334541688246523e-01 2.548092097388423780e-03 9.704816157431382928e-01 9.777317452097359363e-01
8.276553106212424238e-01 9.737959606421544567e-01 2.642641288901732659e-03 9.704816157431382928e-01 9.787674779906784250e-01
8.296593186372744899e-01 9.740031071983430433e-01 2.638578809499123046e-03 9.704816157431382928e-01 9.787674779906784250e-01
8.316633266533065560e-01 9.743138270326255901e-01 2.702845852035191693e-03 9.704816157431382928e-01 9.787674779906784250e-01
8.336673346693386222e-01 9.747799067840497989e-01 2.711266724538263957e-03 9.704816157431382928e-01 9.787674779906784250e-01
8.356713426853706883e-01 9.751941998964268610e-01 2.665377365604936107e-03 9.715173485240807816e-01 9.787674779906784250e-01
8.376753507014027544e-01 9.756084930088035900e-01 2.614584269573153388e-03 9.715173485240807816e-01 9.792853443811496694e-01
8.396793587174348206e-01 9.759192128430864699e-01 2.560690899031824695e-03 9.715173485240807816e-01 9.792853443811496694e-01
8.416833667334668867e-01 9.763335059554634210e-01 2.789276646192701166e-03 9.715173485240807816e-01 9.798032107716209138e-01
8.436873747494989528e-01 9.769031589849819230e-01 3.082936523280622922e-03 9.725530813050232704e-01 9.803210771620921582e-01
8.456913827655310190e-01 9.773174520973588741e-01 3.053216566128140116e-03 9.730709476954945147e-01 9.808389435525634026e-01
8.476953907815630851e-01 9.774728120145000920e-01 2.995130759382948812e-03 9.730709476954945147e-01 9.808389435525634026e-01
8.496993987975951512e-01 9.781978249611599230e-01 3.229510476989919023e-03 9.741066804764371145e-01 9.834282755049197355e-01
8.517034068136272174e-01 9.786639047125842428e-01 3.248966782259579862e-03 9.746245468669083589e-01 9.834282755049197355e-01
8.537074148296592835e-01 9.789746245468670116e-01 3.074225184807013317e-03 9.751424132573796033e-01 9.834282755049197355e-01
8.557114228456913496e-01 9.792853443811496694e-01 2.974915922598676994e-03 9.756602796478508477e-01 9.834282755049197355e-01
8.577154308617234157e-01 9.796996374935265095e-01 3.044420187819603125e-03 9.761781460383220921e-01 9.844640082858622243e-01
8.597194388777554819e-01 9.801657172449506072e-01 2.948202035730767331e-03 9.761781460383220921e-01 9.844640082858622243e-01
8.617234468937875480e-01 9.803210771620920472e-01 3.124412869808043322e-03 9.761781460383220921e-01 9.844640082858622243e-01
8.637274549098196141e-01 9.809425168306576959e-01 2.658829135783188219e-03 9.777317452097359363e-01 9.844640082858622243e-01
8.657314629258516803e-01 9.812532366649404647e-01 2.862822363766986695e-03 9.777317452097359363e-01 9.854997410668047131e-01
8.677354709418837464e-01 9.816157431382702692e-01 2.683427531441015274e-03 9.777317452097359363e-01 9.854997410668047131e-01
8.697394789579158125e-01 9.820818228896943669e-01 2.341305966951270478e-03 9.787674779906784250e-01 9.854997410668047131e-01
8.717434869739478787e-01 9.823925427239771357e-01 2.440024648242309063e-03 9.787674779906784250e-01 9.860176074572760685e-01
8.737474949899798338e-01 9.828586224754012335e-01 2.583629142054175761e-03 9.798032107716209138e-01 9.865354738477473129e-01
8.757515030060118999e-01 9.834282755049196245e-01 2.440024648242327711e-03 9.808389435525634026e-01 9.875712066286898017e-01
8.777555110220439660e-01 9.837907819782495400e-01 2.505638612822999513e-03 9.813568099430346470e-01 9.875712066286898017e-01
8.797595190380760322e-01 9.840497151734852732e-01 2.524299866795219616e-03 9.813568099430346470e-01 9.875712066286898017e-01
8.817635270541080983e-01 9.844640082858623353e-01 2.609964405666301106e-03 9.818746763335060024e-01 9.880890730191610460e-01
8.837675350701401644e-01 9.846193682030037753e-01 2.516319132730453299e-03 9.818746763335060024e-01 9.880890730191610460e-01
8.857715430861722306e-01 9.847747281201449931e-01 2.474946275577099772e-03 9.818746763335060024e-01 9.880890730191610460e-01
8.877755511022042967e-01 9.850854479544277620e-01 2.415723208636051840e-03 9.823925427239772468e-01 9.880890730191610460e-01
8.897795591182363628e-01 9.853961677887104198e-01 2.302031151827318902e-03 9.823925427239772468e-01 9.880890730191610460e-01
8.917835671342684289e-01 9.857586742620403353e-01 2.318862058750699711e-03 9.829104091144484912e-01 9.896426721905747792e-01
8.937875751503004951e-01 9.859140341791816642e-01 2.382185396167776741e-03 9.834282755049197355e-01 9.896426721905747792e-01
8.957915831663325612e-01 9.863283272915588373e-01 2.420159802288543612e-03 9.839461418953909799e-01 9.901605385810461346e-01
8.977955911823646273e-01 9.866908337648887528e-01 2.440574141470381892e-03 9.839461418953909799e-01 9.906784049715173790e-01
8.997995991983966935e-01 9.870015535991714106e-01 2.455910036536397556e-03 9.839461418953909799e-01 9.911962713619886234e-01
9.018036072144287596e-01 9.872087001553599972e-01 2.462453325317208366e-03 9.839461418953909799e-01 9.911962713619886234e-01
9.038076152304608257e-01 9.876747799067839839e-01 2.555973625945753142e-03 9.839461418953909799e-01 9.917141377524598678e-01
9.058116232464928919e-01 9.878301398239253128e-01 2.560690899031832501e-03 9.844640082858622243e-01 9.917141377524598678e-01
9.078156312625249580e-01 9.879854997410667528e-01 2.370900702694909209e-03 9.849818746763334687e-01 9.917141377524598678e-01
9.098196392785570241e-01 9.884515794924908505e-01 2.362401807966251280e-03 9.849818746763334687e-01 9.917141377524598678e-01
9.118236472945890903e-01 9.887622993267737304e-01 2.185494339306998796e-03 9.860176074572760685e-01 9.917141377524598678e-01
9.138276553106211564e-01 9.891248058001034238e-01 2.184880694948614435e-03 9.860176074572760685e-01 9.922320041429311122e-01
9.158316633266532225e-01 9.896944588296220369e-01 2.400689173795791248e-03 9.860176074572760685e-01 9.937856033143448453e-01
9.178356713426852886e-01 9.899533920248575480e-01 2.211719990063440965e-03 9.870533402382185573e-01 9.937856033143448453e-01
9.198396793587173548e-01 9.903158984981874635e-01 1.882214587818354431e-03 9.875712066286898017e-01 9.937856033143448453e-01
9.218436873747494209e-01 9.904712584153289034e-01 1.870064224263881395e-03 9.875712066286898017e-01 9.937856033143448453e-01
9.238476953907814870e-01 9.908855515277059656e-01 1.657172449508034036e-03 9.886069394096322904e-01 9.937856033143448453e-01
9.258517034068135532e-01 9.911444847229414767e-01 1.578430932587074212e-03 9.891248058001035348e-01 9.937856033143448453e-01
9.278557114228456193e-01 9.913516312791299523e-01 1.501812532366637908e-03 9.891248058001035348e-01 9.937856033143448453e-01
9.298597194388776854e-01 9.915069911962712812e-01 1.412551185601844611e-03 9.891248058001035348e-01 9.937856033143448453e-01
9.318637274549097516e-01 9.919212843086484543e-01 1.251480680848724965e-03 9.896426721905747792e-01 9.937856033143448453e-01
9.338677354709418177e-01 9.921284308648369299e-01 1.404936298938428340e-03 9.896426721905747792e-01 9.943034697048162007e-01
9.358717434869738838e-01 9.925427239772138810e-01 1.522210093909791154e-03 9.896426721905747792e-01 9.948213360952874451e-01
9.378757515030059499e-01 9.928016571724495032e-01 1.526608283064062469e-03 9.901605385810461346e-01 9.948213360952874451e-01
9.398797595190380161e-01 9.931641636457794187e-01 1.550142884214987483e-03 9.901605385810461346e-01 9.953392024857586895e-01
9.418837675350700822e-01 9.935784567581563698e-01 1.673277516458160450e-03 9.906784049715173790e-01 9.958570688762299339e-01
9.438877755511021483e-01 9.939409632314861742e-01 1.670871652501475582e-03 9.911962713619886234e-01 9.958570688762299339e-01
9.458917835671342145e-01 9.942516830657689431e-01 1.578430932587077682e-03 9.911962713619886234e-01 9.958570688762299339e-01
9.478957915831662806e-01 9.945106162610046763e-01 1.450025893319528778e-03 9.911962713619886234e-01 9.958570688762299339e-01
9.498997995991983467e-01 9.947177628171932628e-01 1.366225371131329219e-03 9.917141377524598678e-01 9.963749352667011783e-01
9.519038076152304129e-01 9.947177628171932628e-01 1.366225371131329219e-03 9.917141377524598678e-01 9.963749352667011783e-01
9.539078156312624790e-01 9.951838425686172496e-01 1.519565070028084525e-03 9.917141377524598678e-01 9.974106680476436670e-01
9.559118236472945451e-01 9.952356292076643962e-01 1.550142884214987483e-03 9.917141377524598678e-01 9.974106680476436670e-01
9.579158316633266113e-01 9.957534955981355296e-01 1.385716018670073678e-03 9.922320041429311122e-01 9.974106680476436670e-01
9.599198396793586774e-01 9.961677887105124807e-01 9.604990673739739878e-04 9.937856033143448453e-01 9.974106680476436670e-01
9.619238476953907435e-01 9.965820818228896538e-01 9.029309049281315910e-04 9.943034697048162007e-01 9.974106680476436670e-01
9.639278557114228096e-01 9.969963749352667159e-01 9.492647736832141850e-04 9.948213360952874451e-01 9.979285344381149114e-01
9.659318637274548758e-01 9.972035214914551915e-01 7.750714421074937415e-04 9.958570688762299339e-01 9.984464008285862668e-01
9.679358717434869419e-01 9.975142413257378493e-01 8.603442633783683511e-04 9.963749352667011783e-01 9.989642672190575112e-01
9.699398797595190080e-01 9.977213878819263249e-01 1.040898562519005938e-03 9.963749352667011783e-01 9.994821336095287556e-01
9.719438877755510742e-01 9.980838943552562403e-01 1.135769663358964995e-03 9.963749352667011783e-01 1.000000000000000000e+00
9.739478957915831403e-01 9.982910409114447159e-01 9.563016733619779429e-04 9.968928016571724227e-01 1.000000000000000000e+00
9.759519038076150954e-01 9.985499741066805601e-01 1.004180187968183903e-03 9.968928016571724227e-01 1.000000000000000000e+00
9.779559118236471615e-01 9.987053340238218890e-01 9.335969123418007103e-04 9.968928016571724227e-01 1.000000000000000000e+00
9.799599198396792277e-01 9.989642672190575112e-01 8.969708998285368497e-04 9.968928016571724227e-01 1.000000000000000000e+00
9.819639278557112938e-01 9.992749870533401690e-01 8.727239537210174699e-04 9.968928016571724227e-01 1.000000000000000000e+00
9.839679358717433599e-01 9.994303469704817200e-01 5.881831533713510361e-04 9.979285344381149114e-01 1.000000000000000000e+00
9.859719438877754261e-01 9.995857068876230489e-01 5.074033646365845108e-04 9.984464008285862668e-01 1.000000000000000000e+00
9.879759519038074922e-01 9.996374935266700845e-01 5.204492812594830198e-04 9.984464008285862668e-01 1.000000000000000000e+00
9.899799599198395583e-01 9.997928534438115244e-01 3.435137017457597433e-04 9.989642672190575112e-01 1.000000000000000000e+00
9.919839679358716245e-01 9.998446400828585601e-01 3.315962836578287536e-04 9.989642672190575112e-01 1.000000000000000000e+00
9.939879759519036906e-01 9.998446400828585601e-01 3.315962836578287536e-04 9.989642672190575112e-01 1.000000000000000000e+00
9.959919839679357567e-01 9.998964267219058177e-01 3.107198342827466103e-04 9.989642672190575112e-01 1.000000000000000000e+00
9.979959919839678228e-01 9.998964267219058177e-01 3.107198342827466103e-04 9.989642672190575112e-01 1.000000000000000000e+00
1.000000000000000000e+00 1.000000000000000000e+00 0.000000000000000000e+00 1.000000000000000000e+00 1.000000000000000000e+00
