# signal_efficiencies		0sq-mean	0sq-std	0sq-min	0sq-max	1sq-mean	1sq-std	1sq-min	1sq-max	2sq-mean	2sq-std	2sq-min	2sq-max	all-mean	all-std	all-min	all-max
1.000000000000000021e-02 7.442656414964964051e-02 5.567536704703966721e-03 6.642843276613841219e-02 8.233197166660918831e-02 8.052637823382591264e-02 4.732403554912471833e-02 0.000000000000000000e+00 1.521266264436745563e-01 1.286609916391491804e-01 1.619211816324701569e-01 0.000000000000000000e+00 3.774852986719301473e-01 5.838919561770335998e-01 3.175869123329020383e-01 0.000000000000000000e+00 9.422654432352340903e-01
1.497487437185929596e-02 8.866618994685668276e-02 5.273488907209555529e-03 7.985088175544913236e-02 9.791129487189197123e-02 1.663957482482454342e-01 4.202212328588825901e-02 1.139038559804397416e-01 2.278077119608794832e-01 1.871549790912061251e-01 2.339925974852918034e-01 0.000000000000000000e+00 5.965943031518214923e-01 1.160965837812339307e+00 3.034893497646349858e-01 7.383107991579940244e-01 1.609400728415493198e+00
1.994974874371859344e-02 9.970473873567178846e-02 5.450638572367038151e-03 9.076794200536900115e-02 1.105506918117016846e-01 1.795592284836048380e-01 3.676847370521690861e-02 1.262435321956932588e-01 2.490408800412461099e-01 3.722031180759289848e-01 2.712393808254480176e-01 0.000000000000000000e+00 7.509058231240990366e-01 1.202744359070126112e+00 2.091470105698997606e-01 8.753118561430456301e-01 1.516084607307175203e+00
2.492462311557788746e-02 1.078987888529235190e-01 5.615088984613433171e-03 9.988522702720387114e-02 1.204356594094955213e-01 1.781591529570066834e-01 3.028905539054908141e-02 1.340567977438394121e-01 2.189138340159291762e-01 6.342301593659589454e-01 1.754200388144812883e-01 2.537634341952451633e-01 9.929891757157833787e-01 1.208609372982201613e+00 2.149506290812923659e-01 9.470755229525930075e-01 1.546567852742260829e+00
2.989949748743718494e-02 1.174937353862378631e-01 4.754657005165347991e-03 1.108978068944605488e-01 1.288576839079282887e-01 1.911246895960143077e-01 3.242690802215247164e-02 1.581306859833284673e-01 2.503336680403349113e-01 8.671294885874416547e-01 2.110228252952461303e-01 5.947134189630282064e-01 1.191186611997764544e+00 1.290015926392594992e+00 1.792343609358156564e-01 1.016166551002544827e+00 1.606700391622849500e+00
3.487437185929648242e-02 1.257099214043251867e-01 4.956834890176554237e-03 1.199822909585731567e-01 1.377809303266401553e-01 2.046576711764780954e-01 2.980961411235092881e-02 1.677689662461361308e-01 2.652660270148495814e-01 9.794779353778177988e-01 2.655235253786726868e-01 5.840962503565588770e-01 1.389384048279745709e+00 1.314474518093008637e+00 2.187207777829876243e-01 1.001713166319775583e+00 1.874033734094550541e+00
3.984924623115577991e-02 1.339107073646672863e-01 5.378648776016101835e-03 1.285653405966068197e-01 1.458978653100907186e-01 2.071082120406440574e-01 3.755101731084789507e-02 1.620172765389353842e-01 3.031065697734520170e-01 9.741718235760457034e-01 1.883816743677497185e-01 6.481274270444065122e-01 1.189496601591938152e+00 1.382016542394493452e+00 2.116665650649603714e-01 1.106379731159196300e+00 1.864712878504341420e+00
4.482412060301507739e-02 1.421120362456353425e-01 6.053782251587419040e-03 1.348156336007903799e-01 1.542671807251500271e-01 2.183486666782652463e-01 3.903259060693166360e-02 1.796491514021789637e-01 3.139889551316898397e-01 9.740263038561896014e-01 1.642503491575546537e-01 7.057514062966148138e-01 1.262736384628580399e+00 1.441494220939079973e+00 2.277703791523027210e-01 1.196344723067524596e+00 1.966695656623669519e+00
4.979899497487437487e-02 1.494076668002770059e-01 5.270188933252243149e-03 1.431924776376021780e-01 1.583661792633307419e-01 2.278032452059025881e-01 3.843020459747819445e-02 1.956051040919560002e-01 3.092788254424514993e-01 9.571169397418390901e-01 1.331272002073133620e-01 7.448832088210084468e-01 1.145449283852369327e+00 1.465159567148844211e+00 2.090688735156519540e-01 1.196758680164009547e+00 1.973639466367130613e+00
5.477386934673367236e-02 1.560822231998956755e-01 4.055533832657149881e-03 1.513457356450332025e-01 1.621751220680605066e-01 2.355041786509743107e-01 4.166669039943259045e-02 2.046051990446800528e-01 3.401754992252998822e-01 9.835554214485181523e-01 1.756515487341315795e-01 7.715149435230675978e-01 1.259878627042464672e+00 1.506412310629910767e+00 2.110590296951648237e-01 1.316313785447800422e+00 2.019554696074083111e+00
5.974874371859296984e-02 1.621781157221544034e-01 3.717030707305957801e-03 1.574793104123801135e-01 1.682118855935813562e-01 2.359124590916993058e-01 3.621161924163400492e-02 2.032445996190223592e-01 3.301872801900215260e-01 1.035982799289879575e+00 1.756855271082920500e-01 8.415883191274563524e-01 1.337698968709081671e+00 1.551260126390024086e+00 2.288207745427003614e-01 1.315854842896056143e+00 2.140466964302036867e+00
6.472361809045226733e-02 1.682275064623819649e-01 4.122727115764140103e-03 1.629251810910213316e-01 1.761495706779267201e-01 2.447584922569601140e-01 3.602201070033340252e-02 2.115722409851485963e-01 3.282061890443095931e-01 1.049193529565431993e+00 1.466359063727283585e-01 8.154150087612269671e-01 1.289284332985815684e+00 1.518587999680840683e+00 1.721785420056586580e-01 1.338695829524215286e+00 1.923966759157076600e+00
6.969849246231155093e-02 1.737812946938797898e-01 4.170863535546379293e-03 1.678451760548599903e-01 1.828230329213501315e-01 2.434421544584269292e-01 3.769469349896237970e-02 2.146658672434582915e-01 3.397998347763066529e-01 1.068992612850038881e+00 1.504209400881677816e-01 8.149845069979341217e-01 1.388383051126805823e+00 1.556460098465592079e+00 1.572611453338429999e-01 1.367614709336169909e+00 1.872683565698229025e+00
7.467336683417084842e-02 1.800589288504190200e-01 4.164481070819321153e-03 1.754254478358897029e-01 1.895908394861259560e-01 2.448433288833931909e-01 2.679642397766275261e-02 2.183595260311192443e-01 3.036036228711955220e-01 1.056176235834976218e+00 1.711932110554500452e-01 7.950924499532032730e-01 1.487481769267796627e+00 1.597998458153456314e+00 1.717263088917592717e-01 1.377130448929976714e+00 2.006350236934079767e+00
7.964824120603014590e-02 1.851368966206003719e-01 4.729570235574148511e-03 1.800144993244919556e-01 1.944648820958589930e-01 2.469996474208503712e-01 2.521956068679287802e-02 2.084176835445901710e-01 3.029154559211358344e-01 1.091733115537029120e+00 1.947436092325741108e-01 8.480629429177840573e-01 1.586580487408786988e+00 1.641919190958982755e+00 1.541171117586269956e-01 1.468039487728757031e+00 1.963814197932860273e+00
8.462311557788944338e-02 1.913556594195591765e-01 4.761252206519003827e-03 1.857979126761324651e-01 2.003743563169955444e-01 2.568172749114586706e-01 2.689684389330375403e-02 2.207774875213410481e-01 3.218357273004370245e-01 1.111757468271620919e+00 1.764934197860456577e-01 8.805497835717733812e-01 1.535319182562164375e+00 1.653570289883992572e+00 1.441443979864353575e-01 1.475360725811538654e+00 1.984633735048595415e+00
8.959798994974874087e-02 1.960094558843569756e-01 4.704600605398108135e-03 1.895196547125875264e-01 2.045765617973387962e-01 2.649783264610524602e-01 3.104475171585195648e-02 2.271280212471833149e-01 3.407559986797382701e-01 1.135666405418880531e+00 1.587952437541307327e-01 9.216553566843995737e-01 1.457265072408797657e+00 1.659060554703969625e+00 1.194748371655278557e-01 1.522541983560955714e+00 1.888480908319101426e+00
9.457286432160803835e-02 2.011199454143595133e-01 4.908448227496670091e-03 1.947099877940325630e-01 2.096664842396620543e-01 2.658490423753626652e-01 2.620835319105246572e-02 2.333887827039572982e-01 3.324169470084536449e-01 1.155441254836275133e+00 1.742260788667521765e-01 9.419383209158792569e-01 1.538178836945236938e+00 1.648582289445061688e+00 1.042174223220252854e-01 1.482581646822660248e+00 1.879000858833878018e+00
9.954773869346733584e-02 2.062473857187369364e-01 5.634925235855788722e-03 1.981746650626375339e-01 2.172447298982665143e-01 2.736598112054090537e-01 2.442895479653996171e-02 2.418016076916899570e-01 3.304661540932727348e-01 1.171672069683100892e+00 1.912660240185640459e-01 9.474197858530476468e-01 1.619092601481676441e+00 1.673400536361369095e+00 9.304899938264181436e-02 1.483647513940365981e+00 1.834817807691272895e+00
1.045226130653266333e-01 2.110299525905286466e-01 5.479331672856338833e-03 2.044250489789386505e-01 2.227605740820876312e-01 2.761214058354946599e-01 2.524523858800616083e-02 2.514117073429129601e-01 3.396629046249011186e-01 1.183816996217928130e+00 1.884092436544962113e-01 9.322927447907005671e-01 1.617956045633392570e+00 1.691057411852187942e+00 9.173983246322552076e-02 1.514711489578262738e+00 1.854624790888476760e+00
1.094974874371859308e-01 2.155473137246594617e-01 5.606918263737683400e-03 2.081844988856161038e-01 2.257756480388144193e-01 2.725603123238276582e-01 1.846003476976180654e-02 2.418528035818780786e-01 3.114328456091676744e-01 1.189027103752958947e+00 1.605101595808289539e-01 9.754501286197750920e-01 1.573840815661306625e+00 1.698134946936267653e+00 8.966949765221435276e-02 1.532071923723824503e+00 1.815852275223914347e+00
1.144723618090452283e-01 2.203000203088985587e-01 5.586317523866829622e-03 2.123199314941245364e-01 2.301356471538334170e-01 2.756503518434199052e-01 1.507228337198253040e-02 2.414928105662396407e-01 3.019727988473653868e-01 1.207666982028833713e+00 1.631402550675007945e-01 1.019768422669044217e+00 1.612395450775732320e+00 1.703712072928907473e+00 8.495053979674387079e-02 1.561320266584590222e+00 1.833983365902195128e+00
1.194472361809045258e-01 2.236180300669368126e-01 5.668896932719403106e-03 2.164692670981533396e-01 2.351019090062346217e-01 2.783229293334515964e-01 1.570995799703121809e-02 2.414232767292222859e-01 3.035925893076533710e-01 1.217184393877126070e+00 1.655257884757694586e-01 1.064086716718313452e+00 1.612979723592327330e+00 1.699232209513398262e+00 8.334853894093854909e-02 1.556763551298038228e+00 1.852919246959855881e+00
1.244221105527638233e-01 2.282268372256411326e-01 5.551260089410686022e-03 2.206933319603400778e-01 2.384953662408609010e-01 2.800686505201280818e-01 1.376804143359337644e-02 2.464204762505133040e-01 2.956043836029408345e-01 1.233690000684436905e+00 1.601889869380772047e-01 1.081054856430087030e+00 1.652312633785134377e+00 1.706851238020175243e+00 7.614196525000530014e-02 1.580627751082389176e+00 1.819707939387221751e+00
1.293969849246231207e-01 2.323450100740512558e-01 6.274065198502197863e-03 2.246034600290985894e-01 2.439673564564032449e-01 2.804160094372764034e-01 1.241464410415397783e-02 2.541287300891961198e-01 3.001892692644228533e-01 1.258622935446365831e+00 1.797778166748272288e-01 1.074920024312379319e+00 1.718378445879128247e+00 1.709549764485219558e+00 8.778312254932944814e-02 1.595211848478585326e+00 1.839523191835741978e+00
1.343718592964824043e-01 2.361008731430776775e-01 5.825211740358750279e-03 2.292064101476083970e-01 2.477927552188399218e-01 2.798768210323724359e-01 1.526412897249719916e-02 2.526340216982552178e-01 3.065390114451953529e-01 1.230069321864740273e+00 1.550940008054748909e-01 1.092744476618374927e+00 1.598701842185100475e+00 1.713465907732311111e+00 8.966779686389243775e-02 1.578519042880493828e+00 1.880110290976368059e+00
1.393467336683417157e-01 2.405155692668002332e-01 5.996779583058440763e-03 2.329274347852123561e-01 2.529330641420128867e-01 2.803874336254798538e-01 1.487450715813860326e-02 2.569203881671759948e-01 3.104432674638245571e-01 1.223012650069664531e+00 1.516649103525971043e-01 1.068392487091362364e+00 1.596294848095136887e+00 1.713583652960363413e+00 9.747586507768225828e-02 1.587460017395198042e+00 1.872243975776925362e+00
1.443216080402010271e-01 2.448659485712739170e-01 6.516831898996168146e-03 2.383366005631492035e-01 2.574851502951508997e-01 2.806752424644801125e-01 1.397676694279315242e-02 2.598972485918891739e-01 3.064093491583809170e-01 1.236007430688103703e+00 1.311920413642684580e-01 1.103743190066876156e+00 1.536679351457335141e+00 1.716012375793880107e+00 1.030818843949083408e-01 1.583057714636541213e+00 1.917149385867454869e+00
1.492964824120603107e-01 2.476476475755320927e-01 6.671105019462486400e-03 2.415908805037228768e-01 2.621367966511293779e-01 2.819128204943394111e-01 1.572268476801690767e-02 2.612534049729912100e-01 3.062481438269676337e-01 1.250903241687182144e+00 1.194616720846279068e-01 1.104501959695873170e+00 1.486981270691327017e+00 1.707813428353729845e+00 1.146291488606502734e-01 1.568303503615317229e+00 1.926916444848130849e+00
1.542713567839196220e-01 2.504574352801125503e-01 6.200761020501254286e-03 2.444389859178583146e-01 2.640745146620097072e-01 2.804947514466779035e-01 1.611737567243882660e-02 2.596651394224878673e-01 3.055375048825024198e-01 1.262078773750177962e+00 1.202106480829229912e-01 1.121728211376367135e+00 1.536530629761822420e+00 1.688250299735824189e+00 1.059900900369519228e-01 1.546099304407059227e+00 1.889474096402375514e+00
1.592462311557789056e-01 2.534130799145025703e-01 6.307935457600023603e-03 2.469986856491544480e-01 2.663994023446182857e-01 2.820121283564833714e-01 1.624159510252081232e-02 2.567907607667332393e-01 3.076653250443762699e-01 1.276928806193957211e+00 1.346543884689792303e-01 1.104404346456677066e+00 1.586079988832317378e+00 1.673380774086942413e+00 1.085751969763835839e-01 1.544958923828717801e+00 1.878586177386045275e+00
1.642211055276382170e-01 2.569608086733193297e-01 6.875551465941738029e-03 2.492420200745175118e-01 2.712078609685027453e-01 2.838345567595423335e-01 1.814082577085660702e-02 2.614179849134614098e-01 3.120117210036708055e-01 1.296936811861810313e+00 1.421490168800784437e-01 1.122032475931586948e+00 1.635629347902813002e+00 1.668950206467530561e+00 1.073161323117167304e-01 1.536183201636246665e+00 1.865904756140180476e+00
1.691959798994975006e-01 2.602652471761451869e-01 7.263419381269172609e-03 2.518921901965135435e-01 2.749358228485541678e-01 2.833541756527575006e-01 1.888688313687650333e-02 2.603839928970345663e-01 3.168278182345163341e-01 1.313762140577632298e+00 1.362825609131839144e-01 1.156023055832819280e+00 1.634863483974762666e+00 1.663528259270443899e+00 1.070145608101343154e-01 1.531374776671691640e+00 1.852155111174993873e+00
1.741708542713567842e-01 2.637524128029075099e-01 7.755349181735080033e-03 2.546213548159810824e-01 2.799749546570342584e-01 2.828139034603733282e-01 1.873872686034511181e-02 2.627859635351163514e-01 3.175060683396402905e-01 1.315813235047849084e+00 1.230349700763940790e-01 1.190013635734051389e+00 1.585561254047341606e+00 1.654138114566677142e+00 1.136135788124637835e-01 1.503385616728767138e+00 1.844411729748761664e+00
1.791457286432160956e-01 2.666837863643439221e-01 7.710168570427396173e-03 2.558928318208237296e-01 2.807342731451521467e-01 2.793955339636441382e-01 1.972901253345440975e-02 2.610348203573025216e-01 3.107162430952847276e-01 1.323076696132901464e+00 1.216257366638386073e-01 1.173333607042404525e+00 1.557445021216604220e+00 1.639710287789903020e+00 1.096782028885396471e-01 1.463808996893116721e+00 1.844141387526835985e+00
1.841206030150753792e-01 2.697034696445684832e-01 8.326441789771895849e-03 2.582191288469568025e-01 2.850838283340753621e-01 2.773786895266059371e-01 1.867468542166909190e-02 2.543198046613573959e-01 3.054897886651058436e-01 1.320262799026985734e+00 1.104615973520414185e-01 1.189943948152453412e+00 1.583531211001804717e+00 1.628500672907562841e+00 1.014091726607225380e-01 1.474915507608788978e+00 1.837275991096415151e+00
1.890954773869346905e-01 2.731023706208214885e-01 8.218093615379524347e-03 2.622119104120634869e-01 2.893667624498896251e-01 2.758413397583024951e-01 1.879189509749536191e-02 2.513337022090139650e-01 3.059189994946529545e-01 1.319389459640020634e+00 9.552719232901263346e-02 1.191151660702056247e+00 1.502075465258734699e+00 1.617925727323974439e+00 9.280705185932913714e-02 1.484877393474507867e+00 1.825035452030587368e+00
1.940703517587939742e-01 2.759638540990833055e-01 8.311342919701432408e-03 2.651295062448005835e-01 2.912342519252872908e-01 2.748431512241150676e-01 1.751289852932159247e-02 2.517783990264550464e-01 3.013205912862632063e-01 1.317290400210878953e+00 9.199812161820429546e-02 1.207488988594565216e+00 1.500141935369219803e+00 1.610474275206472017e+00 7.859219349207911820e-02 1.493629536659595303e+00 1.772315151086636398e+00
1.990452261306532855e-01 2.787330512775677560e-01 7.930580469262558940e-03 2.683866982541828206e-01 2.941171710990186927e-01 2.737204509529304053e-01 1.927630097403821435e-02 2.494334272279025710e-01 3.037866783604084575e-01 1.318683373026691807e+00 8.203941405891097827e-02 1.232063235269429402e+00 1.498610132483371382e+00 1.612531020136705795e+00 7.609006418327507459e-02 1.497744343822139834e+00 1.768157738895789421e+00
2.040201005025125691e-01 2.816098103362604799e-01 7.759197387252727944e-03 2.709450147856138913e-01 2.961088990888169348e-01 2.725637753981732803e-01 1.796068731944369321e-02 2.470344264324692285e-01 3.001504386980481942e-01 1.313186889163543869e+00 8.199728024538772975e-02 1.173189730686331922e+00 1.483980670595337559e+00 1.601830346024085472e+00 7.399791220675973336e-02 1.495390898684306746e+00 1.746832824261925987e+00
2.089949748743718805e-01 2.844063632193857272e-01 7.754782476127141180e-03 2.743001974034771639e-01 2.991229943533539881e-01 2.708027340685743023e-01 1.762016309435808503e-02 2.432587703956544944e-01 3.036341130148886291e-01 1.322796475214853995e+00 8.301568968834170670e-02 1.170208582404109521e+00 1.483879768328786763e+00 1.595293485990757265e+00 7.354999832338718346e-02 1.494110198846437587e+00 1.743342853669470838e+00
2.139698492462311641e-01 2.871781033123730342e-01 7.823886688455265401e-03 2.772674859780095424e-01 3.014198136557212915e-01 2.701065140846685142e-01 1.728600995195758369e-02 2.425579400746260550e-01 3.075734214924490950e-01 1.327640484220744099e+00 7.600750228849897927e-02 1.182134312225814110e+00 1.461938274943909821e+00 1.590490428772716847e+00 6.619988249717946582e-02 1.509803868838597740e+00 1.728490326670429011e+00
2.189447236180904754e-01 2.899763204998242472e-01 7.537344443164012940e-03 2.810311832026411993e-01 3.042283031320477948e-01 2.689998667115954811e-01 1.617628288325975716e-02 2.448803029074792525e-01 3.071907750220361777e-01 1.336093874523047287e+00 8.036212294483988106e-02 1.187007650118738766e+00 1.474403576441113639e+00 1.588820418342058227e+00 6.353374362868072223e-02 1.506884085934923068e+00 1.716870257943358791e+00
2.239195979899497591e-01 2.930606106518235943e-01 6.863294912276662885e-03 2.855384094779731541e-01 3.063660248788168672e-01 2.693341857239286985e-01 1.595476902433376129e-02 2.462292129277236785e-01 3.071459439058570329e-01 1.340161424933300038e+00 7.538443130889656285e-02 1.202892107394043952e+00 1.468189048362553040e+00 1.581577728015762796e+00 6.360630730825798940e-02 1.490029462741834898e+00 1.705951081152109694e+00
2.288944723618090704e-01 2.962941776825184226e-01 6.889883684575845088e-03 2.881774734979324348e-01 3.081470818355549479e-01 2.699641358747283393e-01 1.418129256690503492e-02 2.480949974356215781e-01 3.019441069987740534e-01 1.340338513299390355e+00 7.037969019938973558e-02 1.207852190860656538e+00 1.441853790724918261e+00 1.573470482081259725e+00 5.673360052934255798e-02 1.488443391503114333e+00 1.684428120452547750e+00
2.338693467336683540e-01 2.992976450123424059e-01 6.466744178738020009e-03 2.921179862136050742e-01 3.111120499020215147e-01 2.699370915661126746e-01 1.374562999423545491e-02 2.497068855915733632e-01 3.000436183853142369e-01 1.348004334672513016e+00 7.215464627396880881e-02 1.232289783875756717e+00 1.437687747921774450e+00 1.571376335902658461e+00 6.128142507301426872e-02 1.474834368287103237e+00 1.691173595634157811e+00
2.388442211055276654e-01 3.017836291134953219e-01 6.394733021652516253e-03 2.947550438443857779e-01 3.134753784613895644e-01 2.695182892292701249e-01 1.305294178747173559e-02 2.485985230949416258e-01 2.965676595725975084e-01 1.347068683121395605e+00 6.275519769268683712e-02 1.238809840118104244e+00 1.451096933745761763e+00 1.572361932479066748e+00 6.252629511932859818e-02 1.474163111694788642e+00 1.696281800736469281e+00
2.438190954773869490e-01 3.041140024827245214e-01 6.576439331386968110e-03 2.972235004049195162e-01 3.161009809078897947e-01 2.675377093505950099e-01 1.318873665017538006e-02 2.458442849495040827e-01 2.954524346124439149e-01 1.343472796736658648e+00 6.638327160305902697e-02 1.233707701785029087e+00 1.448029378633363118e+00 1.567024887180738846e+00 5.950680171205374042e-02 1.471767100398078121e+00 1.691465331336376554e+00
2.487939698492462326e-01 3.068616474774331637e-01 6.982498222649293276e-03 2.999954756889106067e-01 3.187661437666189923e-01 2.674879364919485192e-01 1.372715023164466398e-02 2.487962443629948006e-01 2.982855027842170603e-01 1.340092588493360104e+00 7.374889893816731490e-02 1.220067325475559405e+00 1.445795388791188740e+00 1.562765915636212144e+00 5.547292079662691916e-02 1.480921559753386907e+00 1.687733982789658471e+00
2.537688442211055162e-01 3.089793193043660624e-01 6.831089582984235797e-03 3.021359563446056051e-01 3.207792574604417801e-01 2.678138067936730593e-01 1.325184816361162088e-02 2.523687679232927139e-01 2.986611239789025429e-01 1.342625136852916956e+00 6.965540591767152567e-02 1.226026224245998053e+00 1.446012370851634143e+00 1.557218858102355608e+00 5.090801869118163209e-02 1.494573201449728828e+00 1.681886868977008564e+00
2.587437185929647998e-01 3.115565888649949322e-01 6.947502911776245148e-03 3.036197068789122100e-01 3.237075244350945957e-01 2.667898671661353971e-01 1.369160105790998352e-02 2.519881607912225485e-01 2.978605311272718992e-01 1.341413486642949460e+00 5.636756785244646795e-02 1.239582279335143200e+00 1.427913474552472861e+00 1.553230968333510154e+00 5.212435950160620307e-02 1.477982154408044035e+00 1.689219848814054847e+00
2.637185929648241389e-01 3.140762437685121755e-01 7.142778899332479815e-03 3.060708823317691007e-01 3.265906382400466934e-01 2.671429682542328932e-01 1.414081537172180887e-02 2.491693474832970545e-01 3.000987824692892825e-01 1.345395949610859843e+00 6.105304468215436847e-02 1.252097651074557394e+00 1.429748943728055943e+00 1.551421352726007674e+00 4.479417986178910877e-02 1.478173022315167229e+00 1.659632250803312781e+00
2.686934673366834225e-01 3.165733868798524253e-01 7.334104516647469742e-03 3.091941853479949209e-01 3.305154815569312787e-01 2.667620743066256850e-01 1.256667589210765795e-02 2.502252913904916554e-01 2.961230726192724538e-01 1.336579610110626870e+00 6.351462056953083302e-02 1.244391861645215647e+00 1.430470837785927873e+00 1.544564853598674681e+00 4.366938380123934482e-02 1.473643732618660440e+00 1.652118982708274952e+00
2.736683417085427061e-01 3.188578947946124065e-01 7.175223634733047043e-03 3.103091107894927481e-01 3.323284679076812242e-01 2.660098037457911957e-01 1.261645122699526708e-02 2.477173400211695187e-01 2.963515629829459597e-01 1.343610992860943210e+00 7.087001489609071059e-02 1.250643927633544594e+00 1.456956084268218321e+00 1.543460547813301442e+00 4.420027767409918928e-02 1.466103552229073514e+00 1.646759679835174017e+00
2.786432160804020453e-01 3.217962672939876922e-01 7.172260470671291618e-03 3.126925890103783301e-01 3.352747047917177259e-01 2.662936166226942403e-01 1.320436690965188543e-02 2.455284659258891722e-01 2.974253074339545666e-01 1.342311571721517716e+00 6.818366387232578651e-02 1.256947351056677542e+00 1.470371108303477836e+00 1.544270762681137166e+00 4.264734927520309749e-02 1.468700647382970015e+00 1.638408597309626069e+00
2.836180904522613289e-01 3.243263493313349732e-01 6.931484953155913481e-03 3.153264697919864745e-01 3.381619852868438802e-01 2.655852743645409353e-01 1.225738923780024005e-02 2.454498491731865462e-01 2.915527255438091769e-01 1.347204150861807337e+00 7.242396336261616718e-02 1.247794068392646505e+00 1.483664981258267623e+00 1.540417494046339097e+00 4.345069435508382844e-02 1.466761176443332149e+00 1.636327379408718086e+00
2.885929648241206125e-01 3.264363242294762157e-01 6.668140137659730321e-03 3.183826963838972679e-01 3.395581087784441676e-01 2.670099499105144103e-01 1.233457152682349532e-02 2.465819843620829233e-01 2.933370804423411915e-01 1.342207879126060543e+00 7.791976004922258892e-02 1.232656380020636711e+00 1.496840924005527373e+00 1.534538155793541581e+00 3.975795139227460834e-02 1.465148296360666791e+00 1.610633610424810680e+00
2.935678391959798961e-01 3.288260776215664594e-01 7.263208976668921249e-03 3.202180434917670238e-01 3.434087360601819627e-01 2.669800159611835921e-01 1.255654078046917858e-02 2.484920217425214406e-01 2.951181838085338849e-01 1.343163896523102752e+00 7.882205652350636471e-02 1.239736498433414713e+00 1.485349128687601050e+00 1.531141899726788713e+00 3.804101487507650231e-02 1.459525009106782401e+00 1.610871770612541276e+00
2.985427135678392352e-01 3.310958011381510691e-01 7.051224818608917665e-03 3.225588810973030740e-01 3.453855899807091179e-01 2.662910105517255488e-01 1.241209297146819886e-02 2.511526900147705854e-01 2.963055541890026179e-01 1.340657731207305581e+00 7.731331952435011035e-02 1.233334601801786334e+00 1.498484018696240039e+00 1.525429623915407262e+00 3.283136676243150753e-02 1.469591404463820306e+00 1.588253930678176440e+00
3.035175879396985188e-01 3.333089566253247260e-01 6.839200499998010149e-03 3.251255685694628417e-01 3.462554953252454104e-01 2.666683604209795222e-01 1.188810855135196375e-02 2.533725823617368755e-01 2.966431690266306265e-01 1.342831324364284429e+00 8.145088986081260030e-02 1.224969418240618335e+00 1.511505700938339691e+00 1.523847493863995872e+00 3.249398643350204230e-02 1.464836966542216068e+00 1.586572314106638570e+00
3.084924623115578024e-01 3.347490168994988746e-01 6.585192818588907725e-03 3.266968836824945543e-01 3.471825119086849321e-01 2.659933183888031349e-01 1.143492124612811162e-02 2.509589516788554020e-01 2.934847558461350370e-01 1.341938787244127962e+00 8.679508785234039958e-02 1.229024304378869781e+00 1.524417033973196611e+00 1.518278262537047674e+00 2.912731101258421787e-02 1.460182935843967744e+00 1.568807081410893645e+00
3.134673366834170860e-01 3.372045952641036237e-01 6.883839434710570596e-03 3.291915280907939945e-01 3.504795855573616947e-01 2.652170564731036739e-01 1.106663973169757891e-02 2.514674493711626657e-01 2.937090252457214001e-01 1.335979318874479072e+00 9.705976082383846459e-02 1.218746997551439115e+00 1.537220758698553791e+00 1.514699629170569439e+00 3.282250864909885824e-02 1.443884495130985490e+00 1.563432600457310251e+00
3.184422110552764251e-01 3.391845317691618567e-01 6.616295965455393051e-03 3.322732559386853413e-01 3.509928505071396865e-01 2.640547750934101878e-01 9.450545772132872696e-03 2.511978052873219402e-01 2.880118213038775354e-01 1.322812110118364970e+00 1.005891084470282443e-01 1.204162381752295286e+00 1.542219718272476392e+00 1.506224525802099423e+00 2.838491831378512492e-02 1.442252015030509593e+00 1.547171799272880621e+00
3.234170854271357087e-01 3.408698906117286764e-01 6.721080244781129330e-03 3.337393668323707652e-01 3.534041320628147909e-01 2.639062170409134378e-01 8.353576838415614422e-03 2.510628371250149815e-01 2.833423220360231087e-01 1.313704578597198136e+00 8.608259517227669078e-02 1.196326929081561685e+00 1.487812631861523682e+00 1.498979215254966801e+00 2.708989444984094552e-02 1.438909160973557366e+00 1.536133585111615130e+00
3.283919597989949923e-01 3.428654251288777433e-01 6.845099944712783151e-03 3.351484210664076868e-01 3.556888926174038845e-01 2.639697226597257917e-01 9.030940703900336777e-03 2.488030855999676660e-01 2.840250918208567787e-01 1.313137213625488853e+00 9.402515717931780870e-02 1.189366617174238527e+00 1.500726784260964619e+00 1.495330751846159822e+00 2.894248220614031863e-02 1.423792751750459162e+00 1.529462903719482014e+00
3.333668341708542759e-01 3.448699085457436198e-01 6.704060919362560440e-03 3.372321164636241098e-01 3.575486404099386673e-01 2.639795734692211848e-01 8.725253843258356026e-03 2.493264958635822426e-01 2.839437303998810780e-01 1.300709712826887632e+00 9.753933087455916862e-02 1.181233512278046627e+00 1.503803196917943730e+00 1.494504306049404097e+00 3.016314419914186210e-02 1.423233677661226437e+00 1.532750249042932777e+00
3.383417085427135595e-01 3.473760317490584559e-01 6.667578131073196961e-03 3.398065667129027134e-01 3.601820712573733929e-01 2.647200019381396041e-01 8.573534984968315953e-03 2.504557783009769834e-01 2.831895031755451431e-01 1.295224778655125197e+00 9.501151747826511174e-02 1.177703062930459232e+00 1.479559402346978247e+00 1.489829630826720486e+00 2.926655019561135926e-02 1.422187482465980146e+00 1.521289913945085726e+00
3.433165829145728987e-01 3.492429241332247192e-01 6.545234016418123406e-03 3.408836465620063705e-01 3.618601726554122044e-01 2.646691739030415103e-01 7.974979557115350476e-03 2.518719541369434656e-01 2.814050981509909621e-01 1.292382826785732908e+00 9.662801756990331559e-02 1.177182538206733575e+00 1.483546737164787910e+00 1.483419513177193449e+00 2.966491460503506428e-02 1.416926511428916236e+00 1.519246732867236771e+00
3.482914572864321823e-01 3.510117404062034763e-01 6.492240095845338427e-03 3.429461185101204124e-01 3.634496195595786627e-01 2.644760605529626329e-01 7.101012551517861190e-03 2.527222877518521260e-01 2.779518413590002512e-01 1.293718297654202321e+00 9.492525514696763256e-02 1.172721045250557648e+00 1.465781418333133024e+00 1.479376194730296579e+00 2.807166978238915395e-02 1.419982789823704294e+00 1.510145138626465267e+00
3.532663316582914659e-01 3.528469864696892055e-01 6.484416284686759201e-03 3.456962969776061767e-01 3.658176778327977274e-01 2.649642781970241723e-01 6.919925013632235479e-03 2.535318176641940813e-01 2.770422956006280968e-01 1.284267627105315723e+00 9.228817357812699185e-02 1.156121965441936794e+00 1.443963981636915861e+00 1.472610583578664478e+00 2.884419302778366487e-02 1.410582490436118164e+00 1.500392116508255658e+00
3.582412060301507495e-01 3.545657159374294709e-01 6.372027286923344185e-03 3.472027711262482552e-01 3.664368774974683940e-01 2.647406146277432315e-01 6.642180928643084438e-03 2.531300505166405035e-01 2.770290356745722105e-01 1.280934045781510822e+00 9.045204220724881172e-02 1.153840389788741927e+00 1.450531419396628330e+00 1.468478624784725239e+00 2.473577888439560876e-02 1.416256935160618680e+00 1.498026608757723865e+00
3.632160804020100886e-01 3.566355621059962844e-01 6.295347694129436837e-03 3.494756420678925002e-01 3.688432153238574429e-01 2.638297219014508199e-01 5.400601829578646762e-03 2.534279851114032978e-01 2.715139910395742429e-01 1.275282067290041565e+00 9.348714861991731795e-02 1.136903162443370752e+00 1.439860092644267731e+00 1.464462113329277670e+00 2.450798921082487924e-02 1.414661097363949960e+00 1.493673656469260314e+00
3.681909547738693722e-01 3.585698329337965173e-01 6.338244715773514934e-03 3.514530632506066565e-01 3.707409511666490687e-01 2.638535875421058607e-01 6.124868243599605223e-03 2.522787286617113600e-01 2.741856598278789026e-01 1.260815252055733415e+00 9.300454506824236411e-02 1.115233940041875593e+00 1.445341314870889793e+00 1.456401196892906702e+00 2.336134537255515550e-02 1.409173906107601182e+00 1.489264271121816030e+00
3.731658291457286558e-01 3.600086582033340532e-01 6.538385885633950581e-03 3.517496540003157701e-01 3.717855518311130036e-01 2.628609530882632939e-01 5.312274414093612340e-03 2.525342187379998049e-01 2.696647315474546835e-01 1.260532494972150586e+00 8.949621218707798365e-02 1.130302612085569702e+00 1.441510681515595582e+00 1.451074124026586976e+00 2.398444283178634284e-02 1.403266182770601889e+00 1.491035981562441215e+00
3.781407035175879394e-01 3.618381054513787332e-01 6.733964220766551143e-03 3.530245168193396066e-01 3.736424047659098746e-01 2.626425663262920707e-01 5.936058196189950703e-03 2.506085181116504135e-01 2.701081724623594638e-01 1.256676066662580471e+00 8.875073593816064366e-02 1.134703803063206839e+00 1.439252389904294605e+00 1.444373215416767220e+00 2.475859261017732821e-02 1.396631875561406222e+00 1.487541063719881373e+00
3.831155778894472785e-01 3.635747233811527090e-01 6.909876879706346522e-03 3.541693387157305306e-01 3.760012953702056016e-01 2.624578215443119644e-01 6.644565422511538623e-03 2.507159588914676385e-01 2.703359418646591461e-01 1.251667611765998167e+00 8.718897344327251886e-02 1.125218370824917935e+00 1.440907535713237264e+00 1.438429450796627318e+00 2.682725106547620766e-02 1.383732647450387265e+00 1.486820309409381480e+00
3.880904522613065621e-01 3.652678765149939277e-01 7.017879802078879313e-03 3.556063344366972578e-01 3.779972707424805733e-01 2.613925163334213098e-01 6.764615429941940421e-03 2.496422271579164520e-01 2.700368915793093239e-01 1.244243410334627598e+00 8.203542371529655430e-02 1.124225696400746877e+00 1.423337426069270162e+00 1.434861237201492390e+00 2.482040980131676455e-02 1.385702069198464503e+00 1.483953931298263473e+00
3.930653266331658457e-01 3.670025204709472799e-01 7.128892123626397702e-03 3.566036849366113204e-01 3.804079020385628396e-01 2.608828556543336674e-01 6.623645955724695618e-03 2.502312443765886685e-01 2.693038557689420576e-01 1.237247119105339799e+00 7.791628789086293971e-02 1.124293719341104669e+00 1.411978532466162894e+00 1.427981929655645521e+00 2.453600289504720769e-02 1.380053572435836040e+00 1.472476890198828103e+00
3.980402010050251294e-01 3.687729576292895217e-01 6.957330731340292430e-03 3.578970225613957168e-01 3.815544018849746921e-01 2.607694578225466797e-01 6.620473441774388755e-03 2.473632330289063375e-01 2.690333553380740983e-01 1.231675658091719860e+00 6.760955679278669861e-02 1.135600422734092785e+00 1.380244056213843162e+00 1.422607033082727401e+00 2.373544102242161266e-02 1.373524184032574480e+00 1.455677633473136279e+00
4.030150753768844685e-01 3.700646922873829237e-01 6.814151297256445215e-03 3.599306077630885503e-01 3.825654412081583855e-01 2.603898512798260567e-01 6.550667239402962333e-03 2.458279921621989994e-01 2.701481331433097655e-01 1.227850661419294998e+00 6.699025024509408510e-02 1.126909881890123755e+00 1.371520864260608485e+00 1.416844085598886194e+00 2.221620277084933315e-02 1.374063991032261178e+00 1.452684883328865695e+00
4.079899497487437521e-01 3.718989477147741640e-01 6.881111763830870601e-03 3.609712911942959401e-01 3.848208928933859463e-01 2.596466990435879474e-01 6.285395275399593799e-03 2.459812376375229981e-01 2.686079660428730698e-01 1.224156996334250236e+00 6.640337648906959045e-02 1.129744424257890900e+00 1.366897709122517401e+00 1.405046413456146892e+00 2.115759588241059377e-02 1.361997627614056627e+00 1.444346565108484803e+00
4.129648241206030357e-01 3.735006598328626248e-01 7.204659826348496984e-03 3.607718370948529429e-01 3.864216544534666564e-01 2.592530927110859862e-01 6.469372932809541558e-03 2.467798699502831983e-01 2.691899418435641511e-01 1.222019568711345094e+00 6.413696629725525178e-02 1.135322715975658925e+00 1.361609418822387951e+00 1.397853244205386369e+00 2.321379135847625660e-02 1.353136571590320969e+00 1.443414512544476835e+00
4.179396984924623193e-01 3.748974336479584668e-01 7.164247288441620738e-03 3.617820970481313014e-01 3.873093521414209262e-01 2.585506552686754334e-01 6.348248160881655999e-03 2.456223230573645888e-01 2.673492996806876021e-01 1.214683192144156543e+00 6.524948663205487609e-02 1.132928921968963554e+00 1.357018621229019617e+00 1.392787316574710221e+00 2.201755171568531982e-02 1.350021921328227181e+00 1.431750910826895540e+00
4.229145728643216029e-01 3.761839371822858769e-01 7.346934694950891381e-03 3.625367323745229409e-01 3.883576656338934563e-01 2.574080666113393034e-01 6.864457921167350755e-03 2.443372422548782119e-01 2.651955453604579738e-01 1.206078364423377902e+00 5.938690308033296034e-02 1.128278034216148251e+00 1.332460274413058032e+00 1.383910862180350865e+00 2.423616823779868937e-02 1.341826147085570797e+00 1.428689693638502067e+00
4.278894472361809420e-01 3.776652157284618450e-01 6.846325005617411377e-03 3.651113182742607988e-01 3.890090827423792197e-01 2.567003631681536446e-01 6.525562838346187985e-03 2.433948552641228835e-01 2.641725685882330699e-01 1.206088296399436377e+00 6.080971706580524938e-02 1.127930730253569491e+00 1.338188294563549707e+00 1.377220530297821099e+00 2.564714762267068446e-02 1.329874163866303638e+00 1.421856009115781250e+00
4.328643216080402256e-01 3.793664912018756552e-01 6.638154073620002732e-03 3.672796308235031781e-01 3.906730756769175583e-01 2.556140219532770375e-01 6.144662305692316466e-03 2.425124934490872630e-01 2.636059530308619281e-01 1.201332015918432194e+00 5.381517928528358613e-02 1.134649472058854025e+00 1.318791637720234000e+00 1.368182767835075087e+00 2.692171224533981833e-02 1.321119048070730440e+00 1.418800420290290853e+00
4.378391959798995092e-01 3.811417499642096307e-01 6.886240022593816644e-03 3.680273349367981783e-01 3.923368170507062769e-01 2.551308243172011325e-01 5.845755202919028157e-03 2.416936015214317390e-01 2.634932189363972665e-01 1.198447755916526081e+00 4.947428478729565954e-02 1.142753582422967984e+00 1.311124457633723761e+00 1.362796977283189381e+00 2.750072044225642873e-02 1.315321147032950666e+00 1.413343150835477902e+00
4.428140703517587928e-01 3.825037254753200777e-01 6.932074902587782167e-03 3.700888639511772382e-01 3.938715025046982121e-01 2.550407816334037681e-01 6.125336295592464023e-03 2.411782792528235631e-01 2.629966652159088092e-01 1.195429476543434566e+00 5.160099594548379909e-02 1.128668834814794630e+00 1.309710528132860929e+00 1.357901335740769877e+00 2.807403684438733449e-02 1.306941041606825227e+00 1.408823486782889933e+00
4.477889447236181319e-01 3.837855688733828319e-01 6.935425079472217272e-03 3.726437024313331015e-01 3.953399414024474923e-01 2.541059465250316007e-01 6.231112622224093019e-03 2.402906349295422239e-01 2.611307803908750613e-01 1.189697387159959430e+00 4.854550100022180653e-02 1.117169811021694326e+00 1.290840544773305787e+00 1.351032610286827973e+00 2.777388283627323790e-02 1.296293485812118229e+00 1.399798858017643921e+00
4.527638190954774156e-01 3.855283231006378930e-01 6.906876549724096266e-03 3.742132267433006532e-01 3.962463697776801297e-01 2.537590375098295881e-01 6.101993663272394473e-03 2.404464601714873251e-01 2.616163356341937862e-01 1.184972484194859899e+00 4.944582327504083719e-02 1.114389427657935583e+00 1.295050679016025885e+00 1.343671386114031474e+00 2.646020119231167270e-02 1.296131878288772077e+00 1.391156081509996145e+00
4.577386934673366992e-01 3.872013521331026942e-01 7.104684714385969650e-03 3.751768946857842457e-01 3.984829776731202422e-01 2.534351968574576341e-01 6.042356040352361672e-03 2.408659653240153575e-01 2.616663073147370566e-01 1.178351806840820526e+00 4.543540147229423870e-02 1.116486591381538052e+00 1.283092171594348851e+00 1.338556295023772602e+00 2.481773468185864695e-02 1.294268757703688211e+00 1.382488051078089919e+00
4.627135678391959828e-01 3.890469529348404842e-01 7.228403344859902352e-03 3.769042430022779278e-01 4.008112603438228061e-01 2.518594771357536843e-01 6.875420132273058968e-03 2.376937678236877849e-01 2.620591483013569034e-01 1.171654580941335677e+00 4.366912889584023683e-02 1.101777287319490206e+00 1.266077287904231463e+00 1.332783483483584108e+00 2.456150369900099786e-02 1.287539000452885718e+00 1.372573494635058511e+00
4.676884422110553219e-01 3.907634318837770460e-01 6.930545362874894824e-03 3.787825106691570243e-01 4.017875393068395806e-01 2.509655835639551524e-01 7.210273123593428576e-03 2.364105040801338931e-01 2.618891003840662091e-01 1.169479316471086161e+00 4.378617266114052942e-02 1.101766429116818546e+00 1.259071792626021757e+00 1.326948026519224610e+00 2.343144836882296925e-02 1.284606301415677443e+00 1.359298954973282347e+00
4.726633165829146055e-01 3.922036401940955375e-01 6.897391683981961459e-03 3.811635419263868507e-01 4.036383770455990172e-01 2.505982429209107631e-01 7.187417700332503559e-03 2.356129187116771662e-01 2.596813385158795451e-01 1.167405808639828901e+00 4.350542844208128701e-02 1.092671429764542568e+00 1.261000854305738272e+00 1.320049947613168850e+00 2.120439991238609254e-02 1.281825537969492057e+00 1.345910377607383079e+00
4.776381909547738891e-01 3.933272350537317386e-01 7.071333341622396129e-03 3.819189531718267805e-01 4.051909258659292523e-01 2.497685600071267997e-01 6.489000862830041766e-03 2.364130599257199261e-01 2.594324621905608752e-01 1.162837993987966501e+00 4.509917028615788304e-02 1.094240283495388599e+00 1.264628337352323051e+00 1.313689415767636204e+00 1.977569401776396729e-02 1.278177015656168036e+00 1.339362374725695082e+00
4.826130653266331727e-01 3.947090664800005366e-01 7.061529496467051047e-03 3.840059009974575721e-01 4.063256107131650863e-01 2.485035924568329280e-01 6.541658068906101853e-03 2.351544189492175141e-01 2.593005712409265917e-01 1.158387600734546607e+00 4.366226438486937866e-02 1.092028926337474504e+00 1.262324457831715430e+00 1.308042507804667798e+00 2.036737943316265301e-02 1.274278517335428962e+00 1.334165958852471690e+00
4.875879396984924563e-01 3.957598749093220736e-01 7.186994672607286208e-03 3.847027005824096291e-01 4.075317568019504177e-01 2.472341961524327503e-01 5.866014748001066592e-03 2.354356868052060181e-01 2.555790551080890372e-01 1.154197097167284802e+00 4.346642772626381490e-02 1.091036395195409403e+00 1.254602527839254522e+00 1.304492778143607978e+00 1.804541139667284119e-02 1.276659185614718028e+00 1.324706794241538699e+00
4.925628140703517954e-01 3.969511535299779514e-01 7.131817846183415369e-03 3.863877428601945607e-01 4.091295250262916294e-01 2.462559544391950406e-01 5.989757691500487147e-03 2.339689810402057202e-01 2.552239614571835125e-01 1.150089016319235657e+00 4.140566646984193688e-02 1.087215601089081884e+00 1.251437828195083091e+00 1.300279324924515478e+00 1.702752631919236467e-02 1.274047121177491970e+00 1.319672960314474564e+00
4.975376884422110790e-01 3.982045873107586953e-01 7.286713776609928493e-03 3.879473835426742179e-01 4.102052301041865245e-01 2.446300276027474074e-01 6.137901026053409724e-03 2.344621967046278399e-01 2.535697268126243520e-01 1.144907856253630118e+00 3.769781543084752690e-02 1.092728493596101247e+00 1.241169111978266404e+00 1.296014147806991534e+00 1.752020236926985983e-02 1.270911513450168506e+00 1.318681984678948815e+00
5.025125628140703071e-01 3.993409835760931559e-01 6.992551923606401057e-03 3.900060368436067404e-01 4.111805581505415530e-01 2.435752913197595793e-01 5.815545738248386123e-03 2.347033932174686921e-01 2.521974582712924740e-01 1.141540651351701241e+00 3.879112984976786083e-02 1.090058706299750213e+00 1.242506698994510383e+00 1.290888709500168208e+00 1.619118249500864706e-02 1.264309511107547301e+00 1.309324612429878743e+00
5.074874371859295907e-01 4.002094870038465646e-01 6.802497544441497325e-03 3.913630850646918069e-01 4.116577915239095220e-01 2.422645446709663086e-01 5.371672299223835025e-03 2.340584642661687753e-01 2.495651753401676998e-01 1.135720296011764052e+00 4.089011503343598780e-02 1.074582043409349819e+00 1.241990497758299616e+00 1.285489978178775416e+00 1.675074802183288900e-02 1.260231348375594029e+00 1.306752415971680792e+00
5.124623115577889854e-01 4.017977017088893987e-01 6.897373594429095402e-03 3.919933095367207354e-01 4.131555218959352960e-01 2.412966602011311357e-01 5.860618672229795864e-03 2.338356071765626265e-01 2.486352229861559793e-01 1.135077740697322257e+00 4.290455148983986916e-02 1.068639968495454395e+00 1.247030437797120417e+00 1.279599909108129152e+00 1.743924335417167820e-02 1.253993536628668082e+00 1.305350208453004202e+00
5.174371859296482690e-01 4.028680964637212369e-01 7.059779098104936035e-03 3.922804491126675175e-01 4.143670932125158024e-01 2.399543626514357153e-01 5.827660899270220053e-03 2.319318753109784748e-01 2.483416816628675750e-01 1.131228340488869000e+00 3.761460679432373361e-02 1.074606940810152400e+00 1.230463937949139552e+00 1.274899802640602875e+00 1.630505173587001172e-02 1.252197857767098244e+00 1.298991628494218675e+00
5.224120603015075526e-01 4.041199044810427354e-01 6.995626092362900762e-03 3.931881218105501841e-01 4.154142586386103120e-01 2.389797049882912139e-01 6.285118148256206919e-03 2.300694275443419257e-01 2.491376925515093876e-01 1.128879501823993881e+00 3.864533481262468623e-02 1.069537509925886365e+00 1.228536772740646654e+00 1.268167755137385999e+00 1.581608862926003889e-02 1.245935561979590656e+00 1.290528718672130148e+00
5.273869346733668362e-01 4.052366031711294170e-01 7.270541401054663594e-03 3.928509423364325293e-01 4.164314663885255730e-01 2.381591611923575269e-01 6.147932368520096433e-03 2.293359190864909247e-01 2.473060220133203035e-01 1.122127974274866435e+00 3.625483788798142953e-02 1.066686082324562967e+00 1.215093469240628998e+00 1.262761886668593236e+00 1.632973164795053708e-02 1.239807015252646361e+00 1.284997348922868987e+00
5.323618090452261198e-01 4.065629834655100083e-01 7.334034358911174778e-03 3.945368975080733587e-01 4.183430372641553929e-01 2.372939757603292343e-01 6.060510480118385876e-03 2.287036495762622135e-01 2.472379326330520766e-01 1.120606439433910362e+00 3.924268681925765362e-02 1.060911939725539321e+00 1.220138322484569660e+00 1.259928046743010288e+00 1.482845872702431150e-02 1.239320374331886132e+00 1.280808684744600523e+00
5.373366834170854034e-01 4.077840608900148434e-01 7.067224001907457254e-03 3.968159888146825520e-01 4.191142598581502621e-01 2.361316194731542806e-01 5.777112918213111493e-03 2.269246800155786115e-01 2.454415448320604876e-01 1.118409995938650425e+00 3.759107194676689079e-02 1.055608637949210893e+00 1.210746184081371357e+00 1.256192513864900606e+00 1.563505272132253640e-02 1.233996615437366051e+00 1.278171597782959967e+00
5.423115577889447980e-01 4.090940887966932893e-01 7.128808314468887061e-03 3.986120910528409556e-01 4.204578858002560038e-01 2.349340593446564984e-01 5.566799440093409511e-03 2.260115345840785495e-01 2.439364853077511663e-01 1.116547952726713699e+00 3.704750807461174716e-02 1.055834045776331775e+00 1.206901214237789732e+00 1.250488735676016150e+00 1.550369002975121764e-02 1.226034049864687336e+00 1.269866608637408856e+00
5.472864321608040816e-01 4.102201713040576903e-01 6.584314914463661010e-03 4.005534412586205795e-01 4.202762588333880389e-01 2.333848832590282307e-01 5.716754502067703490e-03 2.238572692600257208e-01 2.420819422246397457e-01 1.112386159979363187e+00 3.625486643951523341e-02 1.053979858237657385e+00 1.200934111685753036e+00 1.245577737126243090e+00 1.517706094433474845e-02 1.220675516377392800e+00 1.263650850118603897e+00
5.522613065326633652e-01 4.114577714497468786e-01 6.194077040565910096e-03 4.019981863677685729e-01 4.213980811480894095e-01 2.320107918999580465e-01 5.082563049864518775e-03 2.242565325871757054e-01 2.403591126957562163e-01 1.106494840317118200e+00 3.687935152386888349e-02 1.048588678189085632e+00 1.191470628563991330e+00 1.241198398795207325e+00 1.499846228313544104e-02 1.212650252033953935e+00 1.259959704741515418e+00
5.572361809045226488e-01 4.127571311412229216e-01 6.157281213297500014e-03 4.029081400470632124e-01 4.228061950540348279e-01 2.308109113564905390e-01 5.381431687072143859e-03 2.218300530112660984e-01 2.403401352931283097e-01 1.103538697954620673e+00 3.841581473144686787e-02 1.045668989571286733e+00 1.191764608045418283e+00 1.234622083647989088e+00 1.450887810643883453e-02 1.207259953690799970e+00 1.254543631034869655e+00
5.622110552763819324e-01 4.137364478446080573e-01 6.135440062233495952e-03 4.038197592623331555e-01 4.236907160896874469e-01 2.291524940347839101e-01 5.927117220023416129e-03 2.202198796568502481e-01 2.398820098393986411e-01 1.097373241982128489e+00 3.763068543413825712e-02 1.038641305079428090e+00 1.187703513282782453e+00 1.230646332985825930e+00 1.492808814802117946e-02 1.202166759748327651e+00 1.251072280346251508e+00
5.671859296482412161e-01 4.148848412641891192e-01 5.932648367087593397e-03 4.057800631256350821e-01 4.246589437515979060e-01 2.289133525502274336e-01 5.916697902745939042e-03 2.202474663229699592e-01 2.395528947019997801e-01 1.094459091601387657e+00 3.254657428304875283e-02 1.043409872506242841e+00 1.168992930184080459e+00 1.224766491748444874e+00 1.498888802370596483e-02 1.197300680452751731e+00 1.247428468726268669e+00
5.721608040201004997e-01 4.160790749147024181e-01 5.882985444433092188e-03 4.075197628346619583e-01 4.257501210824632398e-01 2.277470294303681198e-01 6.262933039790157322e-03 2.197564905447021433e-01 2.401329051303916773e-01 1.090254891251546621e+00 3.300786995655817513e-02 1.043880288252514887e+00 1.170076621491430879e+00 1.220748859997633939e+00 1.441404692810825498e-02 1.195806623028306204e+00 1.246473132638304282e+00
5.771356783919597833e-01 4.172778902342917928e-01 5.985230362121055601e-03 4.093544650804232798e-01 4.272213042447611242e-01 2.263800476500825720e-01 6.227119830183175386e-03 2.166569203872982519e-01 2.364160319396325927e-01 1.086354089200247008e+00 3.245061646552376694e-02 1.035012131015991432e+00 1.158724626072054953e+00 1.215953212942940453e+00 1.435746517458143939e-02 1.190600203946122759e+00 1.239806442779512574e+00
5.821105527638190669e-01 4.185161805384617351e-01 6.144457387562240851e-03 4.101737579475033257e-01 4.290273744366038255e-01 2.252172829721885150e-01 5.969232823075935196e-03 2.160472675432585365e-01 2.347033317538576025e-01 1.079034141845365946e+00 3.135031154488170102e-02 1.029423922188547724e+00 1.149025143991396769e+00 1.211728614681650384e+00 1.458399355927973880e-02 1.186451896524018279e+00 1.237008207101854218e+00
5.870854271356784615e-01 4.197503533764570527e-01 5.790425431645192765e-03 4.116246676843806074e-01 4.298808479884800859e-01 2.241010002988922112e-01 5.750500698987296398e-03 2.148638822472040411e-01 2.335297711578429303e-01 1.076029889627834857e+00 2.926438770501271075e-02 1.029678241353886081e+00 1.140677184910166231e+00 1.207382809988310823e+00 1.374757579700600606e-02 1.183279203211550890e+00 1.228416842758287331e+00
5.920603015075377451e-01 4.207350054983557408e-01 5.592058146963238899e-03 4.132135268809925543e-01 4.308864595205175174e-01 2.229561062731118537e-01 5.070144186023390655e-03 2.143664788393148113e-01 2.323946621696908466e-01 1.070042751534668435e+00 3.101984566555611098e-02 1.012223350480597750e+00 1.132518683775482371e+00 1.203571796939738814e+00 1.343986362231952905e-02 1.182024003403067791e+00 1.227939460314701137e+00
5.970351758793970287e-01 4.215628887386078105e-01 5.245676016388929608e-03 4.142366520772964855e-01 4.308435215879979352e-01 2.218717301462365676e-01 5.186536030628571999e-03 2.127044161565872504e-01 2.320091018281713602e-01 1.064884305001293496e+00 3.092840724565464744e-02 1.011470610042062068e+00 1.128557852233844638e+00 1.199434115520850108e+00 1.396480133839024182e-02 1.172471541232240178e+00 1.222881788101789269e+00
6.020100502512563123e-01 4.225715430742870704e-01 5.130723293998122950e-03 4.154728132821635667e-01 4.319789644408962848e-01 2.207088544318482337e-01 5.388532840836633524e-03 2.116451867718592839e-01 2.316512565516473388e-01 1.060756693517696414e+00 3.091177406745486064e-02 1.007592072861544175e+00 1.121194404874322093e+00 1.195513762310738359e+00 1.419296047705393901e-02 1.170521932255739639e+00 1.218838183203747816e+00
6.069849246231155959e-01 4.239922773527453614e-01 5.158093577461273990e-03 4.177080873025770247e-01 4.336089008139493717e-01 2.198346636199388637e-01 6.012513392395541119e-03 2.108138911917565861e-01 2.318310285922578762e-01 1.054593514236975560e+00 2.927903100000715103e-02 1.001930178555478612e+00 1.110960412467120184e+00 1.191206308034364891e+00 1.489896624099541940e-02 1.166306054927472413e+00 1.215052782732786385e+00
6.119597989949748795e-01 4.252167584196141492e-01 5.115233564772060995e-03 4.190408175433605886e-01 4.347807739285619033e-01 2.190303580682781137e-01 6.084498511062869791e-03 2.109586528605255640e-01 2.312091790802553171e-01 1.047862629193068162e+00 2.757626280948437952e-02 9.913308843969150796e-01 1.092588513344945778e+00 1.187593122118703270e+00 1.555053714277017905e-02 1.164427454988834043e+00 1.214546400136397475e+00
6.169346733668341631e-01 4.264307538981064738e-01 5.275226438937265054e-03 4.200726135332078504e-01 4.362630627151851681e-01 2.178997005047265678e-01 5.867253537932894634e-03 2.084780174568831024e-01 2.280160456809637859e-01 1.042833101444922139e+00 2.675090067652290821e-02 9.832156658113567760e-01 1.081129763008916278e+00 1.182331452295260377e+00 1.466453168592263441e-02 1.159020189016335634e+00 1.208885556497873992e+00
6.219095477386934467e-01 4.274231965943021683e-01 5.363972124292622039e-03 4.216349220516399376e-01 4.375780764310942539e-01 2.166197966747532289e-01 5.087356067654817855e-03 2.081987336564077307e-01 2.253768615041738810e-01 1.040681650131067615e+00 2.510520786774955368e-02 9.823062305975780450e-01 1.072766291980919551e+00 1.177947762990299685e+00 1.475534550234926766e-02 1.152330404677238018e+00 1.204715802939023694e+00
6.268844221105528414e-01 4.283777945958983646e-01 5.162312137427156090e-03 4.230324923382749458e-01 4.382446140100390575e-01 2.152230005140400027e-01 4.925067491709717200e-03 2.079249667610531260e-01 2.250566458809226955e-01 1.036247982405481327e+00 2.651733845924584068e-02 9.781894729558044954e-01 1.077007249797053978e+00 1.173968619404733849e+00 1.458599268261372151e-02 1.146091085187176173e+00 1.201382105236622033e+00
6.318592964824121250e-01 4.293683335364808507e-01 4.924492809296278362e-03 4.245184226160247931e-01 4.385017263333145232e-01 2.142580327023582976e-01 4.923672499142659094e-03 2.081435477164978176e-01 2.246787690530193671e-01 1.029489714524836508e+00 2.749323777332839114e-02 9.707565947656049410e-01 1.074886994044124133e+00 1.169852296805135250e+00 1.458229733518134723e-02 1.141043838639402397e+00 1.195279300528570232e+00
6.368341708542714086e-01 4.299107590856732775e-01 4.796601393565907458e-03 4.245160490015214005e-01 4.389202246536924590e-01 2.132642663828922536e-01 4.780097295243273051e-03 2.068065744931219807e-01 2.231133671183116729e-01 1.023754696190487756e+00 2.617553775466799695e-02 9.692757264587079646e-01 1.066286543561733025e+00 1.166011533490887597e+00 1.430888001713406452e-02 1.135567916546015743e+00 1.189224492889553453e+00
6.418090452261306922e-01 4.307413583472543550e-01 4.623545746166555365e-03 4.259389141031300063e-01 4.394403156591167869e-01 2.121366814671682699e-01 5.131895165068811084e-03 2.045676949500892239e-01 2.214689034143489110e-01 1.017193226869152145e+00 2.481166149283134045e-02 9.684537697526273137e-01 1.061140643435933839e+00 1.161779185115660473e+00 1.402793111396235734e-02 1.131382775228834792e+00 1.184406788153338663e+00
6.467839195979899758e-01 4.316321324565399742e-01 4.661826496645818212e-03 4.265123390667514003e-01 4.398477047514782745e-01 2.114126900783928897e-01 5.461856393322581278e-03 2.027228051951411592e-01 2.211337370397889746e-01 1.012509838060052569e+00 2.551096138190970739e-02 9.650067770023880165e-01 1.054292396816989275e+00 1.158535345690016705e+00 1.376787960014688034e-02 1.129732852186092762e+00 1.181506641861663320e+00
6.517587939698492594e-01 4.324396229658352686e-01 4.526776699510429332e-03 4.270853746894436864e-01 4.408774239031442721e-01 2.099630777190006070e-01 5.495978466268505898e-03 2.000944334095454691e-01 2.200225405176436111e-01 1.007206832556212461e+00 2.479183341004050425e-02 9.610581966108762142e-01 1.047344548567850975e+00 1.155340923524929897e+00 1.432351520186000635e-02 1.126315348595081201e+00 1.178468437441551941e+00
6.567336683417085430e-01 4.330388232230522050e-01 4.681256054908586317e-03 4.268267283674906376e-01 4.416649082018431205e-01 2.093024146865695434e-01 5.530366095176013873e-03 1.991687238383964276e-01 2.201212576421920919e-01 1.002370802382923198e+00 2.489658511805205657e-02 9.595108149011346566e-01 1.041731292209267856e+00 1.152440060421066503e+00 1.418790441629525119e-02 1.122875157009274316e+00 1.175188533864434559e+00
6.617085427135678266e-01 4.339719110704216010e-01 4.634629646422356967e-03 4.273973753642320017e-01 4.426781535166314230e-01 2.081702292763165096e-01 5.755832130402193172e-03 1.967953322967497809e-01 2.190873466343158382e-01 9.955372914291384934e-01 2.358908179708880601e-02 9.550390870528572274e-01 1.034012948941802401e+00 1.149322021951805661e+00 1.444376840775288100e-02 1.121962434663957175e+00 1.172869346166743210e+00
6.666834170854271102e-01 4.350740746171471995e-01 4.753930084445108853e-03 4.280447152838162128e-01 4.440302240385011756e-01 2.069662588665768799e-01 6.048603116623610561e-03 1.963402013798764834e-01 2.190944142572652797e-01 9.890918712031417925e-01 2.401898201510739572e-02 9.505081617989755705e-01 1.027641721754200654e+00 1.147115093896257987e+00 1.427605248837394113e-02 1.119557089158860208e+00 1.169656024967682395e+00
6.716582914572865048e-01 4.359676328884881658e-01 4.919950239751478410e-03 4.280601152699413658e-01 4.452408943217773807e-01 2.054811068644949723e-01 5.886126516742539588e-03 1.952439099251908061e-01 2.167338512238652926e-01 9.825755592442171338e-01 2.263681145232157577e-02 9.436205166876133754e-01 1.016788785431237629e+00 1.143631244134777347e+00 1.464786427911954174e-02 1.115750430556366357e+00 1.166631588819388554e+00
6.766331658291457885e-01 4.370589858389996030e-01 4.886822584154933494e-03 4.287149687714243984e-01 4.466098180001187301e-01 2.046222783997411754e-01 6.144312625519841517e-03 1.945179006211910366e-01 2.171002693942799266e-01 9.777461674938254799e-01 2.279921590872252893e-02 9.379488861627994778e-01 1.013816811915514204e+00 1.139547397195896705e+00 1.483075646204546141e-02 1.111771345624845475e+00 1.163897767041735642e+00
6.816080402010050721e-01 4.377631998902247190e-01 4.840186465454609545e-03 4.292536102956011068e-01 4.470087504478116314e-01 2.033513236781227251e-01 5.558958655395298057e-03 1.945405051023226528e-01 2.144725646640442407e-01 9.704164049920234181e-01 2.588997907466848714e-02 9.223203242188148243e-01 1.014143072012201330e+00 1.136481905707784845e+00 1.546651959662685878e-02 1.108268895113172281e+00 1.163335768213978438e+00
6.865829145728643557e-01 4.387738740470005783e-01 4.843651398718311872e-03 4.297772268464244427e-01 4.479354795947049217e-01 2.019961590034664023e-01 5.097569205697318265e-03 1.938638613711216041e-01 2.120792056569576756e-01 9.638756476382243088e-01 2.505089009289505203e-02 9.196255277745523093e-01 1.010998264234099109e+00 1.133026780637275577e+00 1.533079307205618622e-02 1.104725204122146032e+00 1.159166250758107308e+00
6.915577889447236393e-01 4.395770084001954237e-01 4.499356414021036567e-03 4.313268488501029729e-01 4.479155556133948557e-01 2.006842651443918601e-01 5.243369444520726112e-03 1.910871619936631571e-01 2.098324610191565909e-01 9.579667555668063272e-01 2.297105592669967250e-02 9.198095363048760520e-01 1.004642371275185297e+00 1.129678087025099087e+00 1.444215486450303038e-02 1.103078168837264839e+00 1.154296575274672998e+00
6.965326633165829229e-01 4.404033042831875799e-01 4.519949222759263828e-03 4.325200757060337908e-01 4.486545031960836871e-01 1.994032602775420160e-01 5.619918891842616906e-03 1.908338719205193157e-01 2.097099240054584313e-01 9.531691588048903929e-01 2.218652258771862743e-02 9.186985017994140357e-01 1.000441622363359206e+00 1.126110609913669069e+00 1.428411638030639523e-02 1.098949092319294829e+00 1.151392708436103307e+00
7.015075376884422065e-01 4.408476850422893278e-01 4.437335198683178134e-03 4.333340243497492694e-01 4.494678296895696090e-01 1.979008378323057482e-01 5.728143326880951770e-03 1.887453050995391568e-01 2.084847238295963745e-01 9.454193659115233128e-01 2.284038188338164202e-02 9.117893125814724442e-01 9.950922977414221604e-01 1.122833283852042507e+00 1.403387622890034207e-02 1.093582099454899037e+00 1.147745562551432341e+00
7.064824120603014901e-01 4.417430040273101488e-01 4.321917298191688128e-03 4.347648752667980787e-01 4.501164698968981304e-01 1.961119681799859404e-01 5.449589479180924449e-03 1.872636121801842801e-01 2.063508772434550220e-01 9.360786093679365205e-01 2.288234515393865881e-02 8.990741988324526535e-01 9.855010699768380622e-01 1.120746455013567289e+00 1.427186969126796948e-02 1.089737556962148801e+00 1.144612497787427463e+00
7.114572864321608847e-01 4.424851204785628656e-01 4.304158211129860759e-03 4.360598610897333804e-01 4.505189432625743007e-01 1.947755256671965807e-01 5.570114598140349024e-03 1.860530886748873736e-01 2.059768650849450045e-01 9.285883944878428053e-01 2.084848466927595456e-02 8.990517759889127269e-01 9.717196168412873813e-01 1.117141335892252618e+00 1.523342108270132021e-02 1.083463900547395165e+00 1.144494432343793999e+00
7.164321608040201683e-01 4.430259975662257377e-01 4.461903478707016438e-03 4.365520211300564779e-01 4.512874556774689183e-01 1.932652659346798807e-01 5.726402238028590122e-03 1.846868019862592247e-01 2.054087496923246436e-01 9.191481821762705895e-01 1.994967450021599073e-02 8.899577109214552584e-01 9.618928104634030252e-01 1.114150329062033595e+00 1.461077063449095839e-02 1.083136370761963674e+00 1.138861017545599541e+00
7.214070351758794519e-01 4.437796315089386212e-01 4.412852779728935158e-03 4.374568084004581969e-01 4.524679857011807971e-01 1.920843412326626587e-01 6.368143126605051683e-03 1.824908382176414212e-01 2.058171991287461311e-01 9.102735301767614917e-01 2.199740566056702928e-02 8.773763915117138712e-01 9.588919565831345304e-01 1.110521103076198113e+00 1.355534795112279915e-02 1.083361934466416487e+00 1.132746341423886749e+00
7.263819095477387355e-01 4.443906678846182845e-01 4.015156445001252621e-03 4.389629622676073928e-01 4.518529762976132291e-01 1.908487589788284977e-01 6.732859347241495866e-03 1.805470994898064063e-01 2.050204793403128667e-01 9.024226040595000331e-01 2.158230552606967695e-02 8.736063644256367722e-01 9.496863027717112882e-01 1.107495396360403062e+00 1.299508893567616168e-02 1.082255860626312183e+00 1.129553044863899292e+00
7.313567839195980191e-01 4.451256926912871004e-01 4.035328075860464964e-03 4.394641838580177762e-01 4.532581504673641737e-01 1.897433485942641995e-01 6.483935075138630259e-03 1.797070576689534238e-01 2.037876344287986585e-01 8.944073930313564125e-01 2.389462515343311264e-02 8.651660133775104233e-01 9.457495881117495840e-01 1.105081527237634420e+00 1.303200959799171582e-02 1.080007020641541970e+00 1.125609903812570645e+00
7.363316582914573027e-01 4.455412793482182998e-01 4.114305936188730230e-03 4.389573287418114811e-01 4.532825456629528404e-01 1.887897754865432431e-01 6.581475813876041039e-03 1.792407963633981527e-01 2.038816471831515209e-01 8.845650448146479272e-01 2.476418031880751533e-02 8.556350552826773592e-01 9.376465852151706359e-01 1.101940385718233717e+00 1.300680308474514053e-02 1.078600476869616243e+00 1.123476110653647941e+00
7.413065326633165864e-01 4.459453290779091250e-01 4.257028497721726187e-03 4.396928200455720859e-01 4.542750106507610353e-01 1.879549849967064867e-01 6.247281127030632035e-03 1.787802733007906875e-01 2.017233800656451914e-01 8.760913101135991976e-01 2.552396211986819596e-02 8.459600892131128314e-01 9.348221126573644790e-01 1.099355395384618017e+00 1.303981148998551061e-02 1.077965888364921021e+00 1.122086283169927867e+00
7.462814070351758700e-01 4.466513261665497336e-01 4.084288725167602337e-03 4.409677785155003971e-01 4.547210527920358958e-01 1.867375709976270282e-01 6.157739645598621185e-03 1.777199041248318789e-01 1.996782254236486032e-01 8.660600640042630527e-01 2.541153843091784048e-02 8.313755890204126420e-01 9.229242573763227764e-01 1.096653353286722865e+00 1.304638458313461119e-02 1.076338206554387389e+00 1.119467424956159585e+00
7.512562814070351536e-01 4.472390692405691093e-01 4.043051259240731075e-03 4.414128909127638112e-01 4.550000218040164413e-01 1.854941287754143520e-01 5.756770601465385773e-03 1.774937749420075761e-01 1.970148803858072228e-01 8.584881967247021128e-01 2.465505351569637765e-02 8.265489691353553603e-01 9.155144110812729608e-01 1.094136484259085274e+00 1.196305173126156231e-02 1.074700575336119623e+00 1.114010555303616590e+00
7.562311557788945482e-01 4.478920084008379265e-01 3.919946384700242689e-03 4.418130373707994107e-01 4.547314396610205312e-01 1.845296812151873689e-01 6.144392468285482696e-03 1.757715567621610797e-01 1.967863881964845851e-01 8.526442749917799713e-01 2.379440470687372092e-02 8.205639925390286749e-01 9.064677427137027843e-01 1.091149598481436112e+00 1.140380260388596141e-02 1.072705504752702987e+00 1.110809116172782662e+00
7.612060301507538318e-01 4.483750822367674194e-01 3.763710370732865820e-03 4.423457442659651795e-01 4.555871377635482555e-01 1.835789916785897091e-01 6.220494189535235620e-03 1.749195460273119118e-01 1.964149252437306370e-01 8.439276932902792794e-01 2.448003791955049441e-02 8.147971087053393902e-01 9.015848272264735952e-01 1.089547190186244796e+00 1.088680607303585401e-02 1.073915128285002130e+00 1.109666032603140895e+00
7.661809045226131154e-01 4.491029698924302593e-01 3.973489324566140644e-03 4.425058330048205479e-01 4.565422801844664646e-01 1.821586833330058608e-01 6.757463476427132132e-03 1.743847846286314118e-01 1.965587279362102091e-01 8.361923707030591846e-01 2.406365412561459541e-02 8.092032789103210666e-01 8.926543372597651738e-01 1.087533382029049589e+00 1.148137756326579086e-02 1.069416465576346065e+00 1.109241864644680664e+00
7.711557788944723990e-01 4.498838779165676982e-01 4.047487695129755626e-03 4.427248086298053442e-01 4.574745982933263733e-01 1.812219997824314477e-01 6.626954005749765252e-03 1.738260333512147149e-01 1.956344033358201062e-01 8.277821416580046776e-01 2.282106752624071117e-02 8.063333694190674139e-01 8.821426995459032971e-01 1.084912241545309186e+00 1.138437477387547331e-02 1.069865947760154201e+00 1.107369006433146508e+00
7.761306532663316826e-01 4.503499839698202889e-01 4.130683037248444357e-03 4.436461227156709430e-01 4.584940040166813890e-01 1.802675612015213480e-01 6.259841529684486740e-03 1.729903346698417610e-01 1.935705017519571414e-01 8.199938918583102865e-01 2.222796475585862505e-02 7.975340388909182288e-01 8.704420790198956759e-01 1.081739780139116869e+00 1.073301745373747389e-02 1.067984426495642403e+00 1.102233199569024880e+00
7.811055276381909662e-01 4.509005634067415613e-01 3.935211275122106611e-03 4.443507815527177329e-01 4.586504157836892026e-01 1.794329764498485413e-01 6.148991969722143215e-03 1.714777391300166542e-01 1.926083115281612135e-01 8.106270957116373799e-01 2.266741744820555474e-02 7.838510965552447640e-01 8.606055196532150786e-01 1.078527368521900121e+00 1.065513116861016747e-02 1.064955567749992227e+00 1.097280810945732821e+00
7.860804020100502498e-01 4.514362875653000207e-01 4.009737635487952388e-03 4.445534995119679311e-01 4.595107205546555829e-01 1.781588373887775800e-01 6.244046536278343405e-03 1.705734930997078180e-01 1.910436623819382895e-01 8.010546629075682157e-01 1.976949438712876164e-02 7.715802734424571652e-01 8.399087297721474776e-01 1.075580694608501364e+00 1.012987673106031418e-02 1.062169468193612687e+00 1.092046984145935928e+00
7.910552763819095334e-01 4.519297025946752977e-01 3.999465423829399319e-03 4.452334329628142573e-01 4.597661855570119305e-01 1.773217325026276436e-01 6.488007261761641505e-03 1.692339451847738596e-01 1.907726238066596025e-01 7.913791799670751859e-01 1.884830591385635787e-02 7.676291170021941612e-01 8.289604060869240065e-01 1.072386319538568777e+00 9.647183455185127585e-03 1.057585119030640675e+00 1.088790798802004689e+00
7.960301507537689281e-01 4.523797686648801109e-01 3.873814479327822823e-03 4.460789834712932667e-01 4.599726744840443304e-01 1.761878051381196852e-01 6.801396066856535416e-03 1.677522661102546220e-01 1.905796478675676475e-01 7.847089693842803637e-01 1.828095054872278663e-02 7.587023867242908004e-01 8.179725642662368790e-01 1.069528137411627444e+00 9.629771406498472547e-03 1.054132278106354015e+00 1.087751156360070803e+00
8.010050251256282117e-01 4.527913546317924309e-01 3.804638443520856703e-03 4.465450544590319759e-01 4.603115086760700136e-01 1.747329961052861980e-01 6.733181754885238929e-03 1.665149867806994255e-01 1.889849785917988856e-01 7.761488171917229062e-01 1.619267997970273709e-02 7.497229292135435541e-01 8.025511281075329295e-01 1.067493082700680329e+00 9.825040320489850099e-03 1.049383131422145787e+00 1.086031266024260367e+00
8.059798994974874953e-01 4.535630904530391083e-01 4.057219300380957884e-03 4.475154968968765856e-01 4.615669939852199422e-01 1.736132947825878570e-01 6.570472452139427405e-03 1.661854068759782421e-01 1.876745190964129451e-01 7.660957845635293362e-01 1.722179458082003303e-02 7.402756082558319406e-01 7.951426630857103550e-01 1.064934829442671038e+00 9.187005688244199303e-03 1.046936707696408675e+00 1.082647520440836786e+00
8.109547738693467789e-01 4.537530432225971855e-01 4.155768112363200130e-03 4.477536392134183751e-01 4.614455554725386266e-01 1.728092026866760167e-01 6.181052157564510298e-03 1.650124454347462466e-01 1.860513344640976063e-01 7.564512768055160485e-01 1.855120785121889757e-02 7.312618682429160577e-01 7.874258076042643939e-01 1.062764291191635735e+00 9.171957566542533052e-03 1.042654651975391644e+00 1.078168809401833350e+00
8.159296482412060625e-01 4.543327143984086658e-01 3.764553176422028805e-03 4.487630446264207484e-01 4.607986284649261410e-01 1.719285092827572692e-01 5.817383561518467763e-03 1.643229253357398334e-01 1.839186394461262142e-01 7.471440956880148754e-01 1.705720442490910385e-02 7.199464513706443913e-01 7.782474189873253012e-01 1.060266131818398572e+00 8.934226931309853861e-03 1.042229794538608312e+00 1.076214725783700255e+00
8.209045226130653461e-01 4.546997004414018440e-01 3.504675380901791076e-03 4.491159698685033286e-01 4.602761192238167265e-01 1.707885791979778523e-01 5.498909297749747342e-03 1.639169056631340216e-01 1.817238625552976550e-01 7.366365368052709695e-01 1.641190091199592332e-02 7.111997400823889537e-01 7.672775915473782904e-01 1.057204846009735855e+00 8.860992272047113830e-03 1.039601852763855305e+00 1.073192023149779795e+00
8.258793969849246297e-01 4.550099996146699799e-01 3.521621191227199826e-03 4.492931540325899586e-01 4.609862732313858014e-01 1.697887602157207299e-01 5.210379425534586960e-03 1.629137995191013988e-01 1.807060200534009453e-01 7.246798114282180237e-01 1.721924527167475669e-02 6.987389311405639569e-01 7.584188391237115523e-01 1.054785214950632266e+00 8.897420327816813260e-03 1.038727141932330289e+00 1.070541862439479797e+00
8.308542713567839133e-01 4.552153475647734426e-01 3.274267982885144777e-03 4.500648385957630726e-01 4.612854094209030142e-01 1.687626975827755949e-01 5.033049429092312406e-03 1.628154490563308854e-01 1.787760149602442283e-01 7.135133728644675877e-01 2.030515709669960048e-02 6.759159433816972484e-01 7.485451384831691701e-01 1.051937604969242823e+00 9.037405857942200013e-03 1.036477419194499650e+00 1.068783477541176419e+00
8.358291457286431969e-01 4.554937248005104244e-01 3.156018027480087234e-03 4.507760483448070010e-01 4.608582566700517580e-01 1.673968987886677029e-01 4.777737379529287121e-03 1.620759425117607178e-01 1.768746487589981098e-01 7.037762142058753279e-01 2.042410447555546849e-02 6.678912581431962758e-01 7.374479124096464666e-01 1.049190187794253326e+00 8.389591048380419525e-03 1.036659690111909837e+00 1.063773476961811904e+00
8.408040201005025915e-01 4.558140692204736832e-01 3.010106990606891027e-03 4.517979258021975197e-01 4.604751137756205592e-01 1.664962000940774511e-01 4.565157049654647824e-03 1.609271666141457724e-01 1.755417286107099906e-01 6.938851611984515610e-01 1.875589303532735827e-02 6.593994672120833123e-01 7.219465837432637034e-01 1.046604925163080235e+00 7.846349186096383821e-03 1.035783849627177400e+00 1.060164480196379877e+00
8.457788944723618751e-01 4.561660955510712934e-01 2.783340730729387622e-03 4.523295766311515864e-01 4.610992762319747751e-01 1.655067506013583878e-01 4.281444814180513508e-03 1.606814809909690167e-01 1.737044782755242378e-01 6.832780132131831552e-01 1.913621863459559827e-02 6.477725580507858183e-01 7.147281273892759357e-01 1.042957150157014956e+00 7.993985472161879366e-03 1.032747184461441980e+00 1.057836038567310455e+00
8.507537688442211588e-01 4.563521125334911166e-01 2.969103089057569759e-03 4.518657049959559635e-01 4.612427238160879406e-01 1.644507257067307493e-01 4.110541069404524336e-03 1.596283874493426291e-01 1.717638694461392224e-01 6.724121221158052553e-01 1.891580007972031713e-02 6.371338625324418636e-01 6.985806738593872689e-01 1.040467901449336541e+00 8.001889642514662879e-03 1.029296353476009340e+00 1.054169438905864453e+00
8.557286432160804424e-01 4.566978662266252265e-01 2.892099053034179884e-03 4.526650953023759749e-01 4.616806400440726099e-01 1.634557291253749822e-01 4.249052911383002611e-03 1.583470576502217231e-01 1.722503745508320028e-01 6.605592310211482188e-01 1.885089284075112948e-02 6.269781408059317274e-01 6.917555000490336337e-01 1.037154904503697850e+00 7.390630970710270441e-03 1.027932515100959510e+00 1.050366665765815277e+00
8.607035175879397260e-01 4.569451517375394123e-01 2.855763330710683976e-03 4.526011034863965388e-01 4.618922812893421215e-01 1.627257023470416730e-01 4.117917292330972381e-03 1.576844062436920657e-01 1.712287126837324924e-01 6.503737378419790494e-01 1.761195950325345622e-02 6.195428184211442257e-01 6.811659392073398100e-01 1.034888688727292338e+00 7.883219738535722498e-03 1.024643884866544230e+00 1.050189425038412727e+00
8.656783919597990096e-01 4.568501206890195343e-01 2.651320337455367448e-03 4.525821575304903033e-01 4.613875289860144280e-01 1.613080926121786551e-01 3.751658637758027975e-03 1.561629823513157878e-01 1.701090978850094138e-01 6.420606493194953579e-01 1.752968755415583099e-02 6.071987469181886476e-01 6.676125400996550940e-01 1.032807507424133853e+00 8.349248051141698601e-03 1.022960394370233006e+00 1.049602367482343812e+00
8.706532663316582932e-01 4.568822616789673385e-01 2.532894143898969073e-03 4.528661396879497536e-01 4.611185711919043584e-01 1.604707915897784498e-01 3.816731774862807455e-03 1.544519076777690347e-01 1.693675212764235993e-01 6.322449214866163736e-01 1.816191493253704534e-02 5.999586600300188532e-01 6.638221655899937401e-01 1.029460694121672626e+00 7.980634393932449500e-03 1.019676155038731213e+00 1.046744891197974869e+00
8.756281407035175768e-01 4.567153846887560542e-01 2.299944979821059304e-03 4.530151004656175484e-01 4.606428035801385379e-01 1.596112433626700744e-01 3.940090942026622765e-03 1.535282496633023630e-01 1.685667574847506400e-01 6.206492951801203528e-01 1.747455917617304552e-02 5.920154495176424003e-01 6.529630871308711448e-01 1.026344475752754004e+00 8.207338526448896415e-03 1.015931407250478369e+00 1.043656066340367561e+00
8.806030150753769714e-01 4.567253526191384916e-01 2.019140829666520379e-03 4.530221404738843383e-01 4.597829709443165269e-01 1.588689112014902982e-01 3.575555650030456771e-03 1.534477519529798273e-01 1.665656834646960793e-01 6.088779078487148722e-01 1.864283658412508801e-02 5.824765689391313561e-01 6.472555243583860696e-01 1.023321585967080782e+00 7.777834646401719440e-03 1.014634241200147002e+00 1.039528373067167388e+00
8.855778894472362550e-01 4.568570913088091379e-01 2.152270029979148035e-03 4.538654594032991985e-01 4.603741673114153388e-01 1.580466949898474138e-01 3.295734470938789084e-03 1.533420418134324725e-01 1.646208121673526925e-01 5.991939014234485272e-01 1.844990914874355958e-02 5.762039563168097622e-01 6.383405459158288942e-01 1.020960255578447162e+00 8.727096298991566040e-03 1.012130722896503521e+00 1.038351553077961453e+00
8.905527638190955386e-01 4.568353700492273073e-01 1.981168707788177191e-03 4.537116625128585490e-01 4.597827225935356976e-01 1.567128673840827435e-01 3.340586044903356630e-03 1.514222991309521205e-01 1.634162720103951305e-01 5.897976364157692108e-01 1.713892107296777906e-02 5.632954285781486270e-01 6.234407803979630236e-01 1.017792579209614967e+00 7.892762191833345431e-03 1.009906195579461485e+00 1.032589202240978610e+00
8.955276381909548222e-01 4.565661880456347577e-01 1.999300513593474035e-03 4.530427422057377584e-01 4.595992084704176861e-01 1.558330248400242035e-01 3.508735183782527196e-03 1.503881443208293089e-01 1.631791828158915270e-01 5.810140619855046484e-01 1.720847238372049878e-02 5.537864915029999668e-01 6.165468276708954143e-01 1.014948237298208156e+00 6.995368943601852109e-03 1.006096949620691294e+00 1.027618397404829409e+00
9.005025125628141058e-01 4.567044892448708926e-01 1.810798419302760663e-03 4.540054558947800856e-01 4.598726924135115857e-01 1.549432914914393722e-01 2.719241582685121787e-03 1.502378466555548409e-01 1.600678186462805852e-01 5.701737769503993913e-01 1.637502403638369658e-02 5.454204946734405590e-01 6.021586990630296565e-01 1.011493678874395341e+00 7.036797007558628220e-03 1.003369211149813145e+00 1.024640863715548633e+00
9.054773869346733894e-01 4.568314804459286949e-01 1.739282963942554014e-03 4.543066463912281971e-01 4.599372394013749310e-01 1.540048473158679987e-01 2.649788966245226335e-03 1.496401717869275394e-01 1.585457739874846783e-01 5.592013007762105525e-01 1.415286668225906180e-02 5.376392079661485024e-01 5.866652947872009749e-01 1.008417376777078989e+00 6.358225557504853381e-03 9.994106039141325004e-01 1.017902471298257394e+00
9.104522613065326730e-01 4.569129409768345473e-01 1.841056826571554894e-03 4.542274590575415827e-01 4.603245916378700398e-01 1.531099107697718176e-01 2.386377463660026461e-03 1.483306147406645847e-01 1.560520081764081579e-01 5.508991197409347507e-01 1.334907055896812460e-02 5.319895261616320870e-01 5.786419828580143809e-01 1.005571003689520904e+00 5.676880810546344920e-03 9.959889469669247486e-01 1.014574011471865100e+00
9.154271356783919567e-01 4.569038485082147494e-01 1.516712619729016073e-03 4.552777872331713604e-01 4.598158383849357822e-01 1.519485331795979166e-01 2.172622889659727753e-03 1.474289900155709987e-01 1.544583435021241735e-01 5.413825001561761718e-01 1.309571570719456936e-02 5.247383731346250135e-01 5.685120827244052322e-01 1.002384882173597003e+00 5.408688607344993779e-03 9.932835294167537965e-01 1.010260304223169481e+00
9.204020100502512403e-01 4.568358165894794709e-01 1.291736618509729036e-03 4.552751030439122770e-01 4.594451452387304791e-01 1.511378754644197575e-01 2.018990360478117863e-03 1.470503322078239861e-01 1.537994420557594055e-01 5.310078762686106790e-01 1.418035903579696611e-02 5.105394086447223589e-01 5.604274555687416282e-01 9.983280271501829839e-01 4.894633517406881025e-03 9.905158944293941392e-01 1.005915556488794715e+00
9.253768844221106349e-01 4.567878633310548109e-01 1.339338007689241852e-03 4.541203520683197992e-01 4.594980344990590715e-01 1.501281961696775413e-01 2.052772303968578189e-03 1.464048415777473577e-01 1.532116567649584038e-01 5.217889972420673983e-01 1.386735899187470714e-02 5.030551919662713534e-01 5.501377663929215567e-01 9.941311651904009006e-01 4.831721764789724365e-03 9.867910820479705025e-01 1.000708082730340287e+00
9.303517587939699185e-01 4.567884072730700740e-01 1.474538919981628051e-03 4.547116959251176760e-01 4.600314576869713457e-01 1.490813138764013612e-01 1.908955309427091311e-03 1.457918593032299093e-01 1.519744729324581378e-01 5.106922342564907957e-01 1.244630045367264327e-02 4.952383283191290064e-01 5.374548379927669428e-01 9.900506004688104378e-01 4.323989346900622248e-03 9.827611866683539921e-01 9.954583482875164480e-01
9.353266331658292021e-01 4.568572418953958936e-01 1.436419995443498007e-03 4.550828602319618721e-01 4.599428047101879469e-01 1.479935248062160535e-01 1.653041639763127733e-03 1.449100605959222077e-01 1.507241197168470437e-01 4.993272122691225223e-01 1.176840712185913025e-02 4.865489321924794108e-01 5.234368998354181901e-01 9.863281612179122249e-01 3.906906663614082877e-03 9.805136241962253418e-01 9.907602698514003103e-01
9.403015075376884857e-01 4.566555809435539071e-01 1.299389200812838116e-03 4.551554452313000820e-01 4.594631107871716136e-01 1.469864069515503524e-01 1.346364530760331586e-03 1.445195226027425617e-01 1.493298861424808555e-01 4.904616057204480017e-01 1.275730778679503609e-02 4.750007094194454438e-01 5.179591736627848775e-01 9.818716567926069061e-01 3.708764064341989446e-03 9.752674963237824013e-01 9.863045042125507811e-01
9.452763819095477693e-01 4.563968821314846602e-01 1.236250135013632805e-03 4.547675838940540283e-01 4.589499785777502727e-01 1.460836625120037757e-01 1.600267847245798961e-03 1.430190027199218228e-01 1.485120806784454295e-01 4.804208033516957910e-01 1.227828404038096809e-02 4.652334321688778584e-01 5.052033232494893555e-01 9.782541433595280944e-01 3.169932602433858746e-03 9.726366937191296413e-01 9.825738544160388388e-01
9.502512562814070529e-01 4.558988983801244288e-01 1.141338725716131491e-03 4.545670979670597411e-01 4.579638876473264286e-01 1.453156175570536335e-01 1.403657105928229291e-03 1.427328463013659288e-01 1.478233965965847496e-01 4.701734797370928365e-01 9.676153165798057412e-03 4.587711074061065486e-01 4.868401929890525115e-01 9.739528125976383288e-01 2.819681250422103724e-03 9.691845746244850401e-01 9.788812579072996289e-01
9.552261306532663365e-01 4.554769982769267256e-01 1.220517964277224431e-03 4.539071528550248646e-01 4.574321602340928883e-01 1.441470292966487154e-01 1.439761656824339181e-03 1.418927369490720347e-01 1.464241620328581850e-01 4.605212825904660967e-01 8.941586119748164141e-03 4.486426055161180093e-01 4.749079574415082106e-01 9.698472127189907699e-01 2.646514368134942653e-03 9.634215885173037508e-01 9.740618240628948765e-01
9.602010050251256201e-01 4.550393616184417178e-01 8.118687644728006959e-04 4.539460991121466171e-01 4.565764380109755272e-01 1.428191187427219622e-01 1.072485058074185192e-03 1.407827410528220413e-01 1.442858102223465167e-01 4.508974469548907571e-01 7.998406631434249944e-03 4.403612979671344685e-01 4.657185355497078794e-01 9.662570956753148144e-01 2.871776144606340720e-03 9.606842738593439623e-01 9.720079954937581590e-01
9.651758793969849037e-01 4.546797029825039305e-01 8.799731425901248603e-04 4.529629855861028731e-01 4.563352418585693293e-01 1.414801140660940926e-01 1.021127149161934903e-03 1.394793215876050096e-01 1.430638229610219636e-01 4.402106701190263149e-01 7.609165883222591617e-03 4.300245816641319330e-01 4.535330081391079626e-01 9.619807604991965633e-01 2.449959321481118887e-03 9.575371081716864685e-01 9.675700333423555843e-01
9.701507537688442984e-01 4.543787692425579894e-01 9.091993067886227926e-04 4.522918988067014534e-01 4.554351785993336343e-01 1.402643132824999139e-01 1.036483728227070378e-03 1.392516819578302756e-01 1.427851511044822830e-01 4.299632988330874817e-01 7.780314572428417147e-03 4.193914998933849780e-01 4.400739246245151670e-01 9.576669549535921089e-01 2.832702433081743520e-03 9.536025635403886369e-01 9.638604442903780933e-01
9.751256281407035820e-01 4.541589598739150802e-01 8.166954821812478236e-04 4.526931609651075328e-01 4.552761110572384751e-01 1.387501816446002900e-01 1.292517128493704363e-03 1.371657922413671016e-01 1.416628935026254532e-01 4.182322495103529825e-01 6.473645547521292287e-03 4.073492272441092688e-01 4.266915346739661996e-01 9.522800918737835962e-01 2.238471138873881702e-03 9.494167142602070175e-01 9.566638268833156378e-01
9.801005025125628656e-01 4.535330381443395953e-01 6.361658776701334611e-04 4.523842556536543658e-01 4.545575722083838310e-01 1.375854755443434441e-01 9.309486873840693878e-04 1.362084521261538450e-01 1.391676814872516155e-01 4.075999069374885986e-01 5.393273443822144478e-03 3.965851941405146852e-01 4.149221297048515389e-01 9.471710037149760897e-01 2.212058500066750848e-03 9.429686121731289949e-01 9.509065707956115832e-01
9.850753768844221492e-01 4.524997182860734379e-01 5.403970491753426952e-04 4.515303179470415706e-01 4.532699087061047849e-01 1.359257751716325402e-01 1.053986933691777352e-03 1.345735825936025809e-01 1.377950091200175198e-01 3.951831459269483648e-01 5.276973024488231662e-03 3.819203841440306224e-01 4.018462401045796439e-01 9.425237757220605861e-01 2.072343674445997676e-03 9.389647180673198479e-01 9.454180923566682937e-01
9.900502512562814328e-01 4.516055579743069037e-01 4.356186162539946952e-04 4.505069887266597295e-01 4.520978912360170687e-01 1.343873615131318811e-01 9.618450953438461171e-04 1.332356129726142702e-01 1.360024991946535700e-01 3.812602778966270867e-01 5.502051789938557265e-03 3.693561780653863424e-01 3.881900931861682058e-01 9.361486578903072120e-01 1.568805969132929228e-03 9.339785530887306786e-01 9.389698118657273662e-01
9.950251256281407164e-01 4.508283646805081313e-01 5.399976017553530802e-04 4.498298101849152464e-01 4.518253326070770237e-01 1.327744669766346974e-01 4.873440996710324559e-04 1.320795952232475257e-01 1.337158280031318092e-01 3.654247835145886802e-01 3.881040567573794918e-03 3.590174284016046657e-01 3.713057790171457317e-01 9.296919923020372512e-01 8.296050282959897609e-04 9.280350707139659594e-01 9.308702141255784657e-01
1.000000000000000000e+00 4.490086943433000966e-01 1.824306213298772239e-04 4.488143504154076813e-01 4.493746887496637976e-01 1.310735716724124589e-01 4.656299720148589119e-04 1.303229920216460169e-01 1.319105144193817858e-01 3.424584326833365888e-01 7.866978389189241763e-04 3.412964115243210528e-01 3.441111181032762700e-01 9.205555467735646591e-01 3.740184154166069255e-04 9.201571037521778518e-01 9.213059068113785832e-01
