# FPR	TPR_MEAN	TPR_STD	TPR_MIN	TPR_MAX
0.000000000000000000e+00 2.693296420802847660e-02 1.339624585718219608e-02 9.294047854459166341e-03 4.864544196163733680e-02
2.004008016032063962e-03 1.737393711686770481e-01 1.556453369709635826e-02 1.421791576033221149e-01 2.017006130116670015e-01
4.008016032064127925e-03 2.532977760940112177e-01 1.731508812258551397e-02 2.270120624876408866e-01 2.948388372552896985e-01
6.012024048096191453e-03 3.055368795728692910e-01 1.939994155284317789e-02 2.819853668182716877e-01 3.397271109353371399e-01
8.016032064128255849e-03 3.383824401819260363e-01 2.066793547335358042e-02 3.108562388768044138e-01 3.668182717025904593e-01
1.002004008016032024e-02 3.615186869685584337e-01 2.245154890202343684e-02 3.306308087799090245e-01 3.889657899940676122e-01
1.202404809619238291e-02 3.875617955309472173e-01 1.945509178757901317e-02 3.606881550326280217e-01 4.178366620526003383e-01
1.402805611222444730e-02 4.115878979632193735e-01 1.441027601976710253e-02 3.875815701008503145e-01 4.328653351789598647e-01
1.603206412825651170e-02 4.336760925449871240e-01 1.270520348179270467e-02 4.144749851690725517e-01 4.518489222859402576e-01
1.803607214428857436e-02 4.545382637927625202e-01 1.134488290495325007e-02 4.415661459363258712e-01 4.779513545580383882e-01
2.004008016032064049e-02 4.749653945026695578e-01 1.248539785218885645e-02 4.589677674510579397e-01 5.026695669369191100e-01
2.204408817635270315e-02 4.906268538659284140e-01 1.424605087071928282e-02 4.718212378880759506e-01 5.224441368400237762e-01
2.404809619238476581e-02 5.073165908641485977e-01 1.324519822938187777e-02 4.832904884318766081e-01 5.364840814712279471e-01
2.605210420841683194e-02 5.228791773778920238e-01 1.218402385947459435e-02 5.042515325291675454e-01 5.481510777140596868e-01
2.805611222444889460e-02 5.381253707731856739e-01 1.164386387653889091e-02 5.238283567332410184e-01 5.633774965394502399e-01
3.006012024048096073e-02 5.528178762111923827e-01 9.466712628279003866e-03 5.418232153450662780e-01 5.742535099861577619e-01
3.206412825651302340e-02 5.653154043899545345e-01 9.940847600236763990e-03 5.562586513743326133e-01 5.837453035396480416e-01
3.406813627254508953e-02 5.774372157405576189e-01 9.473009724419546168e-03 5.671346648210401353e-01 5.946213169863555636e-01
3.607214428857714872e-02 5.887087205853273053e-01 1.037230386273117581e-02 5.774174411706545218e-01 6.056950761320941679e-01
3.807615230460921485e-02 5.992485663436820653e-01 1.006026263726019637e-02 5.871069804231757727e-01 6.187462922681431499e-01
4.008016032064128098e-02 6.072572671544393952e-01 9.632651526698095615e-03 5.940280798892624281e-01 6.260628831322918586e-01
4.208416833667334017e-02 6.172829740953134081e-01 9.962615934401444426e-03 6.027288906466284901e-01 6.341704567925647851e-01
4.408817635270540630e-02 6.270516116274471585e-01 8.965537901829174691e-03 6.120229385010875767e-01 6.418825390547755472e-01
4.609218436873747243e-02 6.367807000197746037e-01 1.006787810353680125e-02 6.223057148507019631e-01 6.553292465888866936e-01
4.809619238476953162e-02 6.445323314217915600e-01 1.183742158076670457e-02 6.292268143167886185e-01 6.673917342297804867e-01
5.010020040080159776e-02 6.516907257267154918e-01 1.122777720168579782e-02 6.361479137828752739e-01 6.717421396084635177e-01
5.210420841683366389e-02 6.603717619141783457e-01 1.078366967006090353e-02 6.422780304528376005e-01 6.786632390745501731e-01
5.410821643286573002e-02 6.672137631006525016e-01 1.137113426135452632e-02 6.484081471228000382e-01 6.812339331619536864e-01
5.611222444889778921e-02 6.739766660075143800e-01 1.139298420730248604e-02 6.569112121811350180e-01 6.893415068222266129e-01
5.811623246492985534e-02 6.799090369784457355e-01 1.054229410740705093e-02 6.624480917540043201e-01 6.940874035989716972e-01
6.012024048096192147e-02 6.876804429503657889e-01 1.005559726038631092e-02 6.707534111133083288e-01 7.014039944631204060e-01
6.212424849699398066e-02 6.930789005339134112e-01 9.433298929771611815e-03 6.751038164919912488e-01 7.071386197350207903e-01
6.412825651302604679e-02 6.986553292465889076e-01 9.282449353440792167e-03 6.796519675697053620e-01 7.120822622107969568e-01
6.613226452905811292e-02 7.032034803243030208e-01 9.282449353440788697e-03 6.824204073561399575e-01 7.162349218904489057e-01
6.813627254509017905e-02 7.085623887680443378e-01 8.676868563559855807e-03 6.903302353173818018e-01 7.223650385604113433e-01
7.014028056112224518e-02 7.131303144156614371e-01 8.586832329226726582e-03 6.960648605892821861e-01 7.306703579197152409e-01
7.214428857715429744e-02 7.182321534506624916e-01 9.168429808385137117e-03 6.986355546766858104e-01 7.360094917935534609e-01
7.414829659318636357e-02 7.224836859798299260e-01 9.921317738344986523e-03 7.029859600553688415e-01 7.419418627644849273e-01
7.615230460921842970e-02 7.270120624876408311e-01 9.583324577222475382e-03 7.079296025311448970e-01 7.455012853470437406e-01
7.815631262525049583e-02 7.314811152857424448e-01 9.524878894157999890e-03 7.144552105991694990e-01 7.510381649199130427e-01
8.016032064128256196e-02 7.353173818469447287e-01 9.055479236500976747e-03 7.192011073759145834e-01 7.540043504053787204e-01
8.216432865731462809e-02 7.384219893217323083e-01 9.374814725627865497e-03 7.211785643662250722e-01 7.567727901918133160e-01
8.416833667334668034e-02 7.425153252916748547e-01 9.836313145147719539e-03 7.247379869487838855e-01 7.638916353569309425e-01
8.617234468937874647e-02 7.462131698635554589e-01 9.671038420714969663e-03 7.300771208226221054e-01 7.672533122404587846e-01
8.817635270541081260e-02 7.493573264781490106e-01 9.723077799487160611e-03 7.348230175993671898e-01 7.708127348230175979e-01
9.018036072144287874e-02 7.536681827170259584e-01 9.215479993323156746e-03 7.405576428712675741e-01 7.737789203084832756e-01
9.218436873747494487e-02 7.570298596005535785e-01 9.416121965296115129e-03 7.427328455606090341e-01 7.767451057939489534e-01
9.418837675350701100e-02 7.597389756772791047e-01 9.779919334687161431e-03 7.451057939489815762e-01 7.789203084832905244e-01
9.619238476953906325e-02 7.631006525608067248e-01 8.377045572364905102e-03 7.498516907257266606e-01 7.803045283765077667e-01
9.819639278557112938e-02 7.662645837453034847e-01 7.750521525270587242e-03 7.561795530947201804e-01 7.824797310658493377e-01
1.002004008016031955e-01 7.695273877793158412e-01 8.143306182061865045e-03 7.591457385801858582e-01 7.848526794542218799e-01
1.022044088176352616e-01 7.734229780502273055e-01 7.189789965574586682e-03 7.642871267549931069e-01 7.874233735416255042e-01
1.042084168336673278e-01 7.759936721376309299e-01 6.784032158953237461e-03 7.664623294443345669e-01 7.886098477358117753e-01
1.062124248496993939e-01 7.795333201502867571e-01 6.196386011924910620e-03 7.702194977259244624e-01 7.905873047261221531e-01
1.082164328657314600e-01 7.821633379473996728e-01 6.247136855933768662e-03 7.729879375123590579e-01 7.925647617164326419e-01
1.102204408817635123e-01 7.846747083250940058e-01 6.222834389991029058e-03 7.755586315997626823e-01 7.945422187067431308e-01
1.122244488977955784e-01 7.875024718212378927e-01 6.547264237421621114e-03 7.773383428910420889e-01 7.975084041922088085e-01
1.142284569138276445e-01 7.898951947795135320e-01 6.689681760130698242e-03 7.793157998813525777e-01 8.002768439786435151e-01
1.162324649298597107e-01 7.924065651572078650e-01 7.033634111660432182e-03 7.810955111726319844e-01 8.032430294641091928e-01
1.182364729458917768e-01 7.949772592446114894e-01 7.086804170938431312e-03 7.830729681629424732e-01 8.060114692505437883e-01
1.202404809619238429e-01 7.971920110737591436e-01 7.441231349555753674e-03 7.838639509590666909e-01 8.083844176389163305e-01
1.222444889779558952e-01 7.998418034407751565e-01 6.980619238183155030e-03 7.884121020367806931e-01 8.107573660272888727e-01
1.242484969939879613e-01 8.020367807000198246e-01 6.950107294793947572e-03 7.895985762309669642e-01 8.123393316195373082e-01
1.262525050100200275e-01 8.043108562388768812e-01 6.616773205526654128e-03 7.923670160174016708e-01 8.149100257069408215e-01
1.282565130260520936e-01 8.063476369388965503e-01 6.941437391187289113e-03 7.941467273086810774e-01 8.186671939885307170e-01
1.302605210420841597e-01 8.084437413486256219e-01 6.886577367819155839e-03 7.967174213960845908e-01 8.202491595807791525e-01
1.322645290581162258e-01 8.103223254894207361e-01 6.834567396394057061e-03 7.981016412893019440e-01 8.210401423769032592e-01
1.342685370741482920e-01 8.120427130709906294e-01 6.549085588471586193e-03 8.018588095708918395e-01 8.228198536681826658e-01
1.362725450901803581e-01 8.137433260826576475e-01 6.558154943582932342e-03 8.036385208621712462e-01 8.249950563575242368e-01
1.382765531062124242e-01 8.156416847933558589e-01 6.364248019999280311e-03 8.060114692505437883e-01 8.265770219497725613e-01
1.402805611222444904e-01 8.173027486652164608e-01 6.181854426136726248e-03 8.073956891437611416e-01 8.279612418429899146e-01
1.422845691382765287e-01 8.191022345263989646e-01 5.913753662266668480e-03 8.093731461340716304e-01 8.287522246391141323e-01
1.442885771543085949e-01 8.211390152264188558e-01 5.803928906481539002e-03 8.119438402214751438e-01 8.309274273284555923e-01
1.462925851703406610e-01 8.226616571089578889e-01 5.551549818585442726e-03 8.137235515127545504e-01 8.327071386197349989e-01
1.482965931863727271e-01 8.249752817876210287e-01 5.779082107996080450e-03 8.157010085030650393e-01 8.342891042119834344e-01
1.503006012024047933e-01 8.266165710895789775e-01 5.638215032532090110e-03 8.176784654933755281e-01 8.354755784061697055e-01
1.523046092184368594e-01 8.282974095313425655e-01 5.553838544034344661e-03 8.192604310856238525e-01 8.376507810955111655e-01
1.543086172344689255e-01 8.297014039944631270e-01 5.862618067987981560e-03 8.204469052798101236e-01 8.386395095906663544e-01
1.563126252505009917e-01 8.311053984575835774e-01 5.652518521509239911e-03 8.222266165710895303e-01 8.398259837848526255e-01
1.583166332665330578e-01 8.326478149100257076e-01 5.308321139485199826e-03 8.240063278623690479e-01 8.404192208819458720e-01
1.603206412825651239e-01 8.345461736207238079e-01 5.767296620860730763e-03 8.253905477555862902e-01 8.439786434645046853e-01
1.623246492985971901e-01 8.357524223848130651e-01 5.770109713257121596e-03 8.273680047458967790e-01 8.447696262606287920e-01
1.643286573146292562e-01 8.368202491595809756e-01 6.178279481171767423e-03 8.275657504449278612e-01 8.469448289499703630e-01
1.663326653306613223e-01 8.382440181926043010e-01 6.451481842563679646e-03 8.281589875420209967e-01 8.485267945422186875e-01
1.683366733466933607e-01 8.395886889460154601e-01 6.344401955936016489e-03 8.291477160371761856e-01 8.487245402412497697e-01
1.703406813627254268e-01 8.408542614198142306e-01 6.150368100073146625e-03 8.293454617362072678e-01 8.491200316393118230e-01
1.723446893787574929e-01 8.421593830334188624e-01 6.465286481920313327e-03 8.299386988333004034e-01 8.503065058334980941e-01
1.743486973947895591e-01 8.434051809373146469e-01 6.934335770989917547e-03 8.303341902313624567e-01 8.540636741150879896e-01
1.763527054108216252e-01 8.448091754004349863e-01 6.830561235343185662e-03 8.323116472216729456e-01 8.550524026102431785e-01
1.783567134268536913e-01 8.461340715839430482e-01 6.370020971681097238e-03 8.340913585129523522e-01 8.556456397073363140e-01
1.803607214428857575e-01 8.474194186276449159e-01 6.114916057206457208e-03 8.352778327071386233e-01 8.566343682024916140e-01
1.823647294589178236e-01 8.484674708325095072e-01 6.139709399102041484e-03 8.368597982993869477e-01 8.580185880957089672e-01
1.843687374749498897e-01 8.498121415859205552e-01 5.768110186165666120e-03 8.392327466877594899e-01 8.588095708918330740e-01
1.863727454909819559e-01 8.510777140597192147e-01 5.706222750224130592e-03 8.408147122800079254e-01 8.603915364840815094e-01
1.883767535070140220e-01 8.521059916946805979e-01 5.939913470291513856e-03 8.414079493771010609e-01 8.623689934743918872e-01
1.903807615230460881e-01 8.532133676092545915e-01 5.755758758316905505e-03 8.429899149693493854e-01 8.631599762705161050e-01
1.923847695390781265e-01 8.543602926636346684e-01 5.787060907236553364e-03 8.441763891635356565e-01 8.633577219695471872e-01
1.943887775551101926e-01 8.556851888471423973e-01 5.864618711219883596e-03 8.447696262606287920e-01 8.649396875617955116e-01
1.963927855711422588e-01 8.568716630413290014e-01 5.549436311135126816e-03 8.465493375519081987e-01 8.653351789598576760e-01
1.983967935871743249e-01 8.581767846549336332e-01 6.089026459614081156e-03 8.473403203480324164e-01 8.671148902511370826e-01
2.004008016032063910e-01 8.595807791180541946e-01 6.465679603127194239e-03 8.483290488431876053e-01 8.704765671346648137e-01
2.024048096192384572e-01 8.608265770219498680e-01 6.604114268107294516e-03 8.493177773383429052e-01 8.720585327269131382e-01
2.044088176352705233e-01 8.619141783666204315e-01 6.769751154537340457e-03 8.499110144354360408e-01 8.738382440181926558e-01
2.064128256513025894e-01 8.629820051413881199e-01 6.428073665405325751e-03 8.516907257267154474e-01 8.738382440181926558e-01
2.084168336673346555e-01 8.643069013248961818e-01 6.368394020321762813e-03 8.532726913189637719e-01 8.752224639114098981e-01
2.104208416833667217e-01 8.656515720783073409e-01 6.409645521469300306e-03 8.544591655131500429e-01 8.771999209017203869e-01
2.124248496993987878e-01 8.667787225627842096e-01 6.458781391726176914e-03 8.546569112121811251e-01 8.781886493968755758e-01
2.144288577154308539e-01 8.679454221870674946e-01 6.341936099433403626e-03 8.552501483092742607e-01 8.791773778920308757e-01
2.164328657314629201e-01 8.688946015424164893e-01 6.353763482960321160e-03 8.562388768044294496e-01 8.805615977852481180e-01
2.184368737474949584e-01 8.699031046074747753e-01 6.352809485207268521e-03 8.574253509986158317e-01 8.819458176784654713e-01
2.204408817635270246e-01 8.707336365434052983e-01 6.623182161755686997e-03 8.582163337947399384e-01 8.837255289697448779e-01
2.224448897795590907e-01 8.716630413288509738e-01 6.356839919243290407e-03 8.603915364840815094e-01 8.843187660668380135e-01
2.244488977955911568e-01 8.726319952541032876e-01 6.395751356653371633e-03 8.609847735811746450e-01 8.853074945619933134e-01
2.264529058116232230e-01 8.736009491793554904e-01 6.619491124394827689e-03 8.619735020763298339e-01 8.860984773581174201e-01
2.284569138276552891e-01 8.744117065453826942e-01 6.514482879427689783e-03 8.625667391734229694e-01 8.864939687561795845e-01
2.304609218436873552e-01 8.752620130512160923e-01 6.453784666353355910e-03 8.633577219695471872e-01 8.876804429503658556e-01
2.324649298597194214e-01 8.759738975677280326e-01 6.353640394525067805e-03 8.645441961637334582e-01 8.880759343484279089e-01
2.344689378757514875e-01 8.768637532133677359e-01 6.340240266778481709e-03 8.653351789598576760e-01 8.884714257464899623e-01
2.364729458917835536e-01 8.778524817085227028e-01 6.535816943591008128e-03 8.659284160569508115e-01 8.894601542416452622e-01
2.384769539078156197e-01 8.786830136444532258e-01 6.507756576319473005e-03 8.667193988530749182e-01 8.900533913387383977e-01
2.404809619238476859e-01 8.796717421396083036e-01 6.217679497402484046e-03 8.683013644453233537e-01 8.902511370377694799e-01
2.424849699398797520e-01 8.807593434842792002e-01 6.610150990987147777e-03 8.688946015424164893e-01 8.930195768242040755e-01
2.444889779559117904e-01 8.817480719794345001e-01 6.346990074210941482e-03 8.710698042317579493e-01 8.940083053193592644e-01
2.464929859719438565e-01 8.826379276250740924e-01 6.474624211511529649e-03 8.728495155230373559e-01 8.955902709116076998e-01
2.484969939879759226e-01 8.832904884318766303e-01 6.463471766505243972e-03 8.736404983191615736e-01 8.957880166106386710e-01
2.505010020040079888e-01 8.840221475182914457e-01 6.454057314758798042e-03 8.742337354162547092e-01 8.961835080087008354e-01
2.525050100200400549e-01 8.849713268736405514e-01 6.366705234990313947e-03 8.758157010085030336e-01 8.967767451057939709e-01
2.545090180360721210e-01 8.859996045086019345e-01 6.328016855935046474e-03 8.771999209017203869e-01 8.979632192999802420e-01
2.565130260521041872e-01 8.868499110144354436e-01 6.625985975023609628e-03 8.773976666007514691e-01 8.991496934941665131e-01
2.585170340681362533e-01 8.877595412299781330e-01 6.821624755286612857e-03 8.789796321929997935e-01 9.003361676883527842e-01
2.605210420841683194e-01 8.886889460154241416e-01 6.841229591828761232e-03 8.793751235910618469e-01 9.011271504844770019e-01
2.625250501002003856e-01 8.895590270911608588e-01 6.824518935209948449e-03 8.797706149891240113e-01 9.017203875815701375e-01
2.645290581162324517e-01 8.902313624678661608e-01 6.796499826303467606e-03 8.805615977852481180e-01 9.023136246786632730e-01
2.665330661322645178e-01 8.911805418232152665e-01 6.847285699783674413e-03 8.811548348823413646e-01 9.029068617757564086e-01
2.685370741482965840e-01 8.918726517698241096e-01 6.762671621387549535e-03 8.815503262804034179e-01 9.033023531738184619e-01
2.705410821643286501e-01 8.928613802649791875e-01 6.657777890952093491e-03 8.833300375716828245e-01 9.036978445718805153e-01
2.725450901803607162e-01 8.937116867708126966e-01 6.313788234187582386e-03 8.841210203678070423e-01 9.042910816689736508e-01
2.745490981963927823e-01 8.944631204271307201e-01 6.402839621197712640e-03 8.847142574649001778e-01 9.054775558631599219e-01
2.765531062124248485e-01 8.951750049436425494e-01 6.358346829641563745e-03 8.857029859600553667e-01 9.062685386592841397e-01
2.785571142284569146e-01 8.959066640300573647e-01 6.310040158253251048e-03 8.866917144552105556e-01 9.070595214554083574e-01
2.805611222444889807e-01 8.967767451057937489e-01 6.336507837372459470e-03 8.868894601542416378e-01 9.082459956495946285e-01
2.825651302605209914e-01 8.974490804824994949e-01 6.098908228466394348e-03 8.874826972513347734e-01 9.084437413486257107e-01
2.845691382765530575e-01 8.983191615582362122e-01 5.989312121782746322e-03 8.882736800474589911e-01 9.094324698437808996e-01
2.865731462925851236e-01 8.991892426339728184e-01 6.147824418215712579e-03 8.886691714455210445e-01 9.106189440379671707e-01
2.885771543086171897e-01 8.998022543009689400e-01 6.144166030593694629e-03 8.898556456397073156e-01 9.118054182321534418e-01
2.905811623246492559e-01 9.006130116669963659e-01 5.971920110737600866e-03 8.912398655329246688e-01 9.125964010282776595e-01
2.925851703406813220e-01 9.014830927427327500e-01 5.906475682054806303e-03 8.914376112319557510e-01 9.131896381253707951e-01
2.945891783567133881e-01 9.022740755388569678e-01 6.058122725368124926e-03 8.922285940280798577e-01 9.139806209214950128e-01
2.965931863727454543e-01 9.028870872058532004e-01 5.812142716203373694e-03 8.938105596203282932e-01 9.143761123195570661e-01
2.985971943887775204e-01 9.037967174213961119e-01 5.852237107028386738e-03 8.949970338145145643e-01 9.149693494166502017e-01
3.006012024048095865e-01 9.043108562388768590e-01 5.824240298516449033e-03 8.953925252125766177e-01 9.155625865137433372e-01
3.026052104208416527e-01 9.051413881748071599e-01 5.913257720897137013e-03 8.961835080087008354e-01 9.169468064069606905e-01
3.046092184368737188e-01 9.060114692505438772e-01 5.574920873170572007e-03 8.975677279019181887e-01 9.171445521059916617e-01
3.066132264529057849e-01 9.067629029068617896e-01 5.580669516729046611e-03 8.981609649990113242e-01 9.173422978050227439e-01
3.086172344689378511e-01 9.072374925845363425e-01 5.538609577464819779e-03 8.989519477951354309e-01 9.179355349021158794e-01
3.106212424849699172e-01 9.079691516709511578e-01 5.787702789773139719e-03 8.995451848922285665e-01 9.189242633972710683e-01
3.126252505010019833e-01 9.085821633379472795e-01 6.137161299512483743e-03 8.995451848922285665e-01 9.203084832904884216e-01
3.146292585170340494e-01 9.092544987146528035e-01 5.892324127978916526e-03 9.009294047854459198e-01 9.207039746885504750e-01
3.166332665330661156e-01 9.100850306505833265e-01 5.965270319542701274e-03 9.015226418825390553e-01 9.214949574846746927e-01
3.186372745490981817e-01 9.109155625865138495e-01 6.050662954634850391e-03 9.029068617757564086e-01 9.224836859798299926e-01
3.206412825651302478e-01 9.116669962428318730e-01 5.795028720996213932e-03 9.036978445718805153e-01 9.228791773778920460e-01
3.226452905811623140e-01 9.123393316195371749e-01 6.003169910842607974e-03 9.040933359699426797e-01 9.238679058730472349e-01
3.246492985971943801e-01 9.131303144156615037e-01 5.864118614401271808e-03 9.044888273680047330e-01 9.240656515720783171e-01
3.266533066132264462e-01 9.139806209214949018e-01 5.924455862708790169e-03 9.054775558631599219e-01 9.250543800672335060e-01
3.286573146292585124e-01 9.148704765671344941e-01 5.728655699770989450e-03 9.066640300573463040e-01 9.256476171643266415e-01
3.306613226452905785e-01 9.153450662448092690e-01 5.744470012438961104e-03 9.070595214554083574e-01 9.260431085623888059e-01
3.326653306613226446e-01 9.158789796321930021e-01 5.822057872427700669e-03 9.072572671544394396e-01 9.268340913585129126e-01
3.346693386773546552e-01 9.164524421593830406e-01 5.676541643636783853e-03 9.084437413486257107e-01 9.272295827565750770e-01
3.366733466933867214e-01 9.169863555467667737e-01 5.632663967848114579e-03 9.094324698437808996e-01 9.278228198536682125e-01
3.386773547094187875e-01 9.175795926438599093e-01 5.315498553739046901e-03 9.110144354360292240e-01 9.278228198536682125e-01
3.406813627254508536e-01 9.181728297409531558e-01 5.363102513854296587e-03 9.114099268340913884e-01 9.286138026497923192e-01
3.426853707414829198e-01 9.189044888273679712e-01 5.348975468738128777e-03 9.125964010282776595e-01 9.292070397468854548e-01
3.446893787575149859e-01 9.194384022147519264e-01 5.389577074847638934e-03 9.131896381253707951e-01 9.301957682420407547e-01
3.466933867735470520e-01 9.200909630215543533e-01 5.496796920576448378e-03 9.141783666205259840e-01 9.309867510381649724e-01
3.486973947895791182e-01 9.205457781293256980e-01 5.483513549515362656e-03 9.141783666205259840e-01 9.313822424362270258e-01
3.507014028056111843e-01 9.211390152264188336e-01 5.397986739921563706e-03 9.153648408147122550e-01 9.323709709313822147e-01
3.527054108216432504e-01 9.215938303341901783e-01 5.308468465985725915e-03 9.157603322127744194e-01 9.329642080284753503e-01
3.547094188376753165e-01 9.221277437215741335e-01 5.283030881391028062e-03 9.159580779118053906e-01 9.335574451255684858e-01
3.567134268537073827e-01 9.227803045283765604e-01 5.243245015467428230e-03 9.161558236108364728e-01 9.337551908245995680e-01
3.587174348697394488e-01 9.233933161953726820e-01 5.107201410277368951e-03 9.169468064069606905e-01 9.341506822226616213e-01
3.607214428857715149e-01 9.238876804429505540e-01 5.114278782378503876e-03 9.173422978050227439e-01 9.341506822226616213e-01
3.627254509018035811e-01 9.242633972711095103e-01 4.927003837025102119e-03 9.177377892030847972e-01 9.341506822226616213e-01
3.647294589178356472e-01 9.248566343682025348e-01 4.809734780077779687e-03 9.181332806011469616e-01 9.341506822226616213e-01
3.667334669338677133e-01 9.253509986157799627e-01 4.916874336229526757e-03 9.183310263001779328e-01 9.347439193197547569e-01
3.687374749498997795e-01 9.260035594225823896e-01 4.986015753874019525e-03 9.185287719992090150e-01 9.357326478149100568e-01
3.707414829659318456e-01 9.265374728099663448e-01 4.926408560588262618e-03 9.185287719992090150e-01 9.363258849120031924e-01
3.727454909819639117e-01 9.269725133478348145e-01 4.868762549764555497e-03 9.191220090963021505e-01 9.369191220090963279e-01
3.747494989979959779e-01 9.275262013051216448e-01 4.936716524745859459e-03 9.197152461933952861e-01 9.379078505042515168e-01
3.767535070140280440e-01 9.280403401226022808e-01 5.024803426745031235e-03 9.201107375914573394e-01 9.386988333003757345e-01
3.787575150300601101e-01 9.285940280798892221e-01 5.017794677620351224e-03 9.207039746885504750e-01 9.396875617955309234e-01
3.807615230460921762e-01 9.291081668973699692e-01 5.221572444734407133e-03 9.207039746885504750e-01 9.406762902906862234e-01
3.827655310621242424e-01 9.297607277041721741e-01 5.196461999021352932e-03 9.214949574846746927e-01 9.410717816887482767e-01
3.847695390781562530e-01 9.303539648012655316e-01 5.075404457975853795e-03 9.230769230769231282e-01 9.412695273877793589e-01
3.867735470941883191e-01 9.309669764682618753e-01 5.278328715099599860e-03 9.240656515720783171e-01 9.426537472809966012e-01
3.887775551102203853e-01 9.315404389954518027e-01 5.307400256202097176e-03 9.248566343682025348e-01 9.432469843780897367e-01
3.907815631262524514e-01 9.318766066838046758e-01 5.226063798825234669e-03 9.248566343682025348e-01 9.432469843780897367e-01
3.927855711422845175e-01 9.322127743721573268e-01 5.169301026693930330e-03 9.252521257662645882e-01 9.434447300771208189e-01
3.947895791583165837e-01 9.329048843187660589e-01 5.148266645030694956e-03 9.258453628633577237e-01 9.438402214751828723e-01
3.967935871743486498e-01 9.333992485663437089e-01 5.008707677085413174e-03 9.268340913585129126e-01 9.440379671742139545e-01
3.987975951903807159e-01 9.339133873838243449e-01 4.890999123106967370e-03 9.274273284556060482e-01 9.444334585722760078e-01
4.008016032064127820e-01 9.343879770614990088e-01 4.945066039845447819e-03 9.282183112517302659e-01 9.450266956693691434e-01
4.028056112224448482e-01 9.347043701799483406e-01 4.942693205282064524e-03 9.288115483488234014e-01 9.452244413684002255e-01
4.048096192384769143e-01 9.352976072770416982e-01 4.848440655560207549e-03 9.296025311449476192e-01 9.454221870674313077e-01
4.068136272545089804e-01 9.357524223848132650e-01 4.734719221442224013e-03 9.299980225430096725e-01 9.454221870674313077e-01
4.088176352705410466e-01 9.360885900731659159e-01 4.687699331256884802e-03 9.301957682420407547e-01 9.456199327664622789e-01
4.108216432865731127e-01 9.363456594819064005e-01 4.595577711733654647e-03 9.307890053391338903e-01 9.458176784654933611e-01
4.128256513026051788e-01 9.369586711489026332e-01 4.749026718207471735e-03 9.311844967371959436e-01 9.466086612616175788e-01
4.148296593186372450e-01 9.373739371168676726e-01 4.834912670308886759e-03 9.313822424362270258e-01 9.470041526596796322e-01
4.168336673346693111e-01 9.379869487838640163e-01 4.797687224558671269e-03 9.319754795333201614e-01 9.473996440577417966e-01
4.188376753507013772e-01 9.382835673324105841e-01 4.725625748049336675e-03 9.325687166304132969e-01 9.473996440577417966e-01
4.208416833667334433e-01 9.388570298596004005e-01 4.645803633970475507e-03 9.333596994265375146e-01 9.475973897567727677e-01
4.228456913827655095e-01 9.393316195372751753e-01 4.594173526902666470e-03 9.335574451255684858e-01 9.477951354558038499e-01
4.248496993987975756e-01 9.398655329246589085e-01 4.627798618335877100e-03 9.339529365236306502e-01 9.483883725528969855e-01
4.268537074148296417e-01 9.402214751829147676e-01 4.418233706705104735e-03 9.351394107178169213e-01 9.483883725528969855e-01
4.288577154308617079e-01 9.406169665809768210e-01 4.225516049879864469e-03 9.363258849120031924e-01 9.483883725528969855e-01
4.308617234468937740e-01 9.412695273877792479e-01 4.289760123243648894e-03 9.367213763100652457e-01 9.487838639509590388e-01
4.328657314629258401e-01 9.416254696460353291e-01 4.110828225489047104e-03 9.375123591061894635e-01 9.487838639509590388e-01
4.348697394789579063e-01 9.420209610440973824e-01 4.038856060470383431e-03 9.377101048052204346e-01 9.491793553490212032e-01
4.368737474949899169e-01 9.425944235712873098e-01 4.165868800236111405e-03 9.381055962032825990e-01 9.499703381451453099e-01
4.388777555110219830e-01 9.429108166897369747e-01 4.060340901427796946e-03 9.381055962032825990e-01 9.499703381451453099e-01
4.408817635270540491e-01 9.432865335178959310e-01 4.031103186327734782e-03 9.385010876013446524e-01 9.501680838441763921e-01
4.428857715430861153e-01 9.436820249159580953e-01 3.934890978630825598e-03 9.388965789994068167e-01 9.501680838441763921e-01
4.448897795591181814e-01 9.440379671742139545e-01 4.002091561217640224e-03 9.390943246984377879e-01 9.507613209412695277e-01
4.468937875751502475e-01 9.445323314217916044e-01 4.041227403193992616e-03 9.390943246984377879e-01 9.515523037373937454e-01
4.488977955911823137e-01 9.449475973897566439e-01 4.020807602021373231e-03 9.394898160964999523e-01 9.517500494364247166e-01
4.509018036072143798e-01 9.453035396480125030e-01 4.007169120503168737e-03 9.394898160964999523e-01 9.521455408344868809e-01
4.529058116232464459e-01 9.456792564761716813e-01 4.091998340861168620e-03 9.402807988926240590e-01 9.521455408344868809e-01
4.549098196392785121e-01 9.459561004548149299e-01 4.059377731070464013e-03 9.402807988926240590e-01 9.521455408344868809e-01
4.569138276553105782e-01 9.463911409926832885e-01 4.014237690330234309e-03 9.404785445916551412e-01 9.527387779315800165e-01
4.589178356713426443e-01 9.468261815305517581e-01 4.042388369650106589e-03 9.404785445916551412e-01 9.533320150286731520e-01
4.609218436873747105e-01 9.471425746490013120e-01 4.000185814857874604e-03 9.404785445916551412e-01 9.537275064267352054e-01
4.629258517034067766e-01 9.474391931975478798e-01 4.086021441421217731e-03 9.404785445916551412e-01 9.539252521257662876e-01
4.649298597194388427e-01 9.479137828752224326e-01 3.943229724604625785e-03 9.412695273877793589e-01 9.541229978247972587e-01
4.669338677354709088e-01 9.484081471228000826e-01 3.942485910790634665e-03 9.418627644848724945e-01 9.549139806209214765e-01
4.689378757515029750e-01 9.488629622305714273e-01 3.998376959422488171e-03 9.424560015819656300e-01 9.555072177180146120e-01
4.709418837675350411e-01 9.492782281985364667e-01 4.075912551444172555e-03 9.426537472809966012e-01 9.559027091160767764e-01
4.729458917835671072e-01 9.497725924461141167e-01 4.210637018008638564e-03 9.430492386790587656e-01 9.564959462131699119e-01
4.749498997995991734e-01 9.501680838441762811e-01 4.187355644078773198e-03 9.434447300771208189e-01 9.570891833102630475e-01
4.769539078156312395e-01 9.505438006723355704e-01 4.164366672749367573e-03 9.440379671742139545e-01 9.574846747083251008e-01
4.789579158316633056e-01 9.511765869092346781e-01 3.830809383382265294e-03 9.454221870674313077e-01 9.574846747083251008e-01
4.809619238476953718e-01 9.514929800276844540e-01 3.745754548089369473e-03 9.460154241645244433e-01 9.578801661063871542e-01
4.829659318637274379e-01 9.519477951354557987e-01 3.871979957780665761e-03 9.468064069606486610e-01 9.584734032034802897e-01
4.849699398797595040e-01 9.525805813723551285e-01 3.853555832948143880e-03 9.473996440577417966e-01 9.594621316986355897e-01
4.869739478957915702e-01 9.529958473403205010e-01 3.866977691374077954e-03 9.473996440577417966e-01 9.600553687957287252e-01
4.889779559118235808e-01 9.533122404587699439e-01 3.863335611271098268e-03 9.475973897567727677e-01 9.600553687957287252e-01
4.909819639278556469e-01 9.537670555665413996e-01 3.947788716936618397e-03 9.483883725528969855e-01 9.606486058928218608e-01
4.929859719438877130e-01 9.543207435238283409e-01 4.077591115295870275e-03 9.485861182519280677e-01 9.612418429899149963e-01
4.949899799599197792e-01 9.548151077714057688e-01 3.959113846730516646e-03 9.497725924461143387e-01 9.614395886889459675e-01
4.969939879759518453e-01 9.551908245995649471e-01 3.837693326702238707e-03 9.505635752422384455e-01 9.618350800870081319e-01
4.989979959919839114e-01 9.555863159976271115e-01 3.919357667510879953e-03 9.507613209412695277e-01 9.624283171841012674e-01
5.010020040080159776e-01 9.558829345461736793e-01 3.992749609471210777e-03 9.507613209412695277e-01 9.626260628831322386e-01
5.030060120240480437e-01 9.561795530947201360e-01 4.048912603290866913e-03 9.509590666403006098e-01 9.632192999802254851e-01
5.050100200400801098e-01 9.565157207830730091e-01 3.982943976628587103e-03 9.515523037373937454e-01 9.634170456792564563e-01
5.070140280561121759e-01 9.570496341704567422e-01 3.829124759330711746e-03 9.523432865335178521e-01 9.634170456792564563e-01
5.090180360721442421e-01 9.574846747083251008e-01 3.525201877910110002e-03 9.533320150286731520e-01 9.634170456792564563e-01
5.110220440881763082e-01 9.578603915364842791e-01 3.427851964818640768e-03 9.535297607277041232e-01 9.636147913782875385e-01
5.130260521042083743e-01 9.581965592248368191e-01 3.454838644534074556e-03 9.535297607277041232e-01 9.638125370773186207e-01
5.150300601202404405e-01 9.584931777733833869e-01 3.388844380406235823e-03 9.537275064267352054e-01 9.640102827763495918e-01
5.170340681362725066e-01 9.587502471821236494e-01 3.418427788656681118e-03 9.537275064267352054e-01 9.640102827763495918e-01
5.190380761523045727e-01 9.590073165908641339e-01 3.293579133652436812e-03 9.537275064267352054e-01 9.640102827763495918e-01
5.210420841683366389e-01 9.593039351394108127e-01 3.325186685522638162e-03 9.537275064267352054e-01 9.644057741744117562e-01
5.230460921843687050e-01 9.596796519675698800e-01 3.452857350549833667e-03 9.539252521257662876e-01 9.651967569705358629e-01
5.250501002004007711e-01 9.599960450860193228e-01 3.472732024742801200e-03 9.539252521257662876e-01 9.657899940676289985e-01
5.270541082164328373e-01 9.603915364840815982e-01 3.217912546188314484e-03 9.545184892228594231e-01 9.657899940676289985e-01
5.290581162324649034e-01 9.608463515918529430e-01 3.267295163507675203e-03 9.551117263199525587e-01 9.659877397666600807e-01
5.310621242484969695e-01 9.613802649792366761e-01 3.258966709405934029e-03 9.557049634170456942e-01 9.661854854656911629e-01
5.330661322645290356e-01 9.617757563772988405e-01 3.213048158015686506e-03 9.562982005141388298e-01 9.667787225627842984e-01
5.350701402805611018e-01 9.621910223452638800e-01 3.298028355054685463e-03 9.566936919122008831e-01 9.671742139608463518e-01
5.370741482965931679e-01 9.624283171841014894e-01 3.319537206682750350e-03 9.566936919122008831e-01 9.675697053589084051e-01
5.390781563126252340e-01 9.626656120229384328e-01 3.286150378143731007e-03 9.566936919122008831e-01 9.675697053589084051e-01
5.410821643286573002e-01 9.628831322918726121e-01 3.282876400194986635e-03 9.568914376112319653e-01 9.679651967569705695e-01
5.430861723446893663e-01 9.631402017006130967e-01 3.236270127819461037e-03 9.572869290092940187e-01 9.681629424560015407e-01
5.450901803607214324e-01 9.634961439588689558e-01 3.105551976175691727e-03 9.578801661063871542e-01 9.683606881550326229e-01
5.470941883767534986e-01 9.637927625074155236e-01 3.086923737371404918e-03 9.582756575044493186e-01 9.687561795530946762e-01
5.490981963927855647e-01 9.639509590666403005e-01 3.028867715510333465e-03 9.586711489025113719e-01 9.687561795530946762e-01
5.511022044088176308e-01 9.641882539054776879e-01 2.906861775756381175e-03 9.594621316986355897e-01 9.689539252521257584e-01
5.531062124248496970e-01 9.646430690132488106e-01 3.016902122925612956e-03 9.598576230966976430e-01 9.695471623492188940e-01
5.551102204408817631e-01 9.650385604113111970e-01 2.951383540724629266e-03 9.606486058928218608e-01 9.695471623492188940e-01
5.571142284569138292e-01 9.653549535297607509e-01 2.786460740171414763e-03 9.612418429899149963e-01 9.697449080482499761e-01
5.591182364729458953e-01 9.656713466482104158e-01 2.785618612290334441e-03 9.616373343879770497e-01 9.699426537472809473e-01
5.611222444889779615e-01 9.658493177773384009e-01 2.735831577765144521e-03 9.618350800870081319e-01 9.701403994463120295e-01
5.631262525050100276e-01 9.660866126161756773e-01 2.668101751881793351e-03 9.620328257860391030e-01 9.701403994463120295e-01
5.651302605210419827e-01 9.663041328851097456e-01 2.590695073784813392e-03 9.624283171841012674e-01 9.701403994463120295e-01
5.671342685370740488e-01 9.667589479928813123e-01 2.531531140203891958e-03 9.630215542811944029e-01 9.707336365434051650e-01
5.691382765531061150e-01 9.670555665414276580e-01 2.548082051468404750e-03 9.634170456792564563e-01 9.713268736404983006e-01
5.711422845691381811e-01 9.673126359501681426e-01 2.564678622252382790e-03 9.636147913782875385e-01 9.715246193395293828e-01
5.731462925851702472e-01 9.678267747676487787e-01 2.875211583797332437e-03 9.636147913782875385e-01 9.725133478346845717e-01
5.751503006012023134e-01 9.682024915958079569e-01 2.975136451628281834e-03 9.640102827763495918e-01 9.731065849317777072e-01
5.771543086172343795e-01 9.685584338540638161e-01 2.864242524579771465e-03 9.642080284753806740e-01 9.731065849317777072e-01
5.791583166332664456e-01 9.688748269725133699e-01 2.823265698647377947e-03 9.642080284753806740e-01 9.733043306308087894e-01
5.811623246492985118e-01 9.690527981016412440e-01 2.785688799337292677e-03 9.644057741744117562e-01 9.735020763298398716e-01
5.831663326653305779e-01 9.693691912200907979e-01 2.833289445028941336e-03 9.644057741744117562e-01 9.736998220288708428e-01
5.851703406813626440e-01 9.696262606288312824e-01 2.807988926240863933e-03 9.646035198734427274e-01 9.738975677279019250e-01
5.871743486973947102e-01 9.698635554676684478e-01 2.842590124748510440e-03 9.646035198734427274e-01 9.738975677279019250e-01
5.891783567134267763e-01 9.701799485861183348e-01 2.721141769708453062e-03 9.653945026695669451e-01 9.742930591259639783e-01
5.911823647294588424e-01 9.703579197152460978e-01 2.750656178766470138e-03 9.655922483685980273e-01 9.742930591259639783e-01
5.931863727454909085e-01 9.706940874035987488e-01 2.744037770805093316e-03 9.659877397666600807e-01 9.744908048249950605e-01
5.951903807615229747e-01 9.709313822424363583e-01 2.768439786434658857e-03 9.663832311647221340e-01 9.746885505240261427e-01
5.971943887775550408e-01 9.711686770812735237e-01 2.782247551823073626e-03 9.663832311647221340e-01 9.746885505240261427e-01
5.991983967935871069e-01 9.712873245006921064e-01 2.731182388075072912e-03 9.665809768637532162e-01 9.748862962230571139e-01
6.012024048096191731e-01 9.715246193395292718e-01 2.679435979585418834e-03 9.671742139608463518e-01 9.748862962230571139e-01
6.032064128256512392e-01 9.716828158987540487e-01 2.668907703192096876e-03 9.675697053589084051e-01 9.748862962230571139e-01
6.052104208416833053e-01 9.718410124579790477e-01 2.736045965027187384e-03 9.677674510579394873e-01 9.752817876211192782e-01
6.072144288577153715e-01 9.721178564366225183e-01 2.725736355960096773e-03 9.679651967569705695e-01 9.756772790191813316e-01
6.092184368737474376e-01 9.724737986948784885e-01 2.765330608093881544e-03 9.681629424560015407e-01 9.762705161162744671e-01
6.112224448897795037e-01 9.727308681036188620e-01 2.720638766089331344e-03 9.685584338540637050e-01 9.764682618153055493e-01
6.132264529058115698e-01 9.730274866521652077e-01 2.705866479430071511e-03 9.691516709511568406e-01 9.764682618153055493e-01
6.152304609218436360e-01 9.731263595016808043e-01 2.704782412742387336e-03 9.693494166501878118e-01 9.764682618153055493e-01
6.172344689378757021e-01 9.734229780502273721e-01 2.668028471508487442e-03 9.697449080482499761e-01 9.768637532133676027e-01
6.192384769539077682e-01 9.737195965987741619e-01 2.730681233983113260e-03 9.699426537472809473e-01 9.774569903104607382e-01
6.212424849699398344e-01 9.739173422978050221e-01 2.820840837168788525e-03 9.699426537472809473e-01 9.776547360094918204e-01
6.232464929859719005e-01 9.740953134269328961e-01 2.793748548538572615e-03 9.699426537472809473e-01 9.776547360094918204e-01
6.252505010020039666e-01 9.742535099861576731e-01 2.680603235567417288e-03 9.699426537472809473e-01 9.776547360094918204e-01
6.272545090180360328e-01 9.744908048249951715e-01 2.724301380153370741e-03 9.701403994463120295e-01 9.780502274075538738e-01
6.292585170340680989e-01 9.747874233735416283e-01 2.743253892340562737e-03 9.701403994463120295e-01 9.782479731065849560e-01
6.312625250501001650e-01 9.749456199327664052e-01 2.738688694702437910e-03 9.703381451453431117e-01 9.784457188056159271e-01
6.332665330661322312e-01 9.751829147716037927e-01 2.774436286595304262e-03 9.703381451453431117e-01 9.786434645046470093e-01
6.352705410821642973e-01 9.754399841803440552e-01 2.719704369698120947e-03 9.705358908443740829e-01 9.790389559027090627e-01
6.372745490981963634e-01 9.756575044492781235e-01 2.616602293520562013e-03 9.709313822424362472e-01 9.790389559027090627e-01
6.392785571142284295e-01 9.759343484279217051e-01 2.572290768347107372e-03 9.711291279414672184e-01 9.790389559027090627e-01
6.412825651302604957e-01 9.761914178366621897e-01 2.666562441137054762e-03 9.711291279414672184e-01 9.794344473007712271e-01
6.432865731462925618e-01 9.765671346648210349e-01 2.676880832644032687e-03 9.713268736404983006e-01 9.800276843978643626e-01
6.452905811623246279e-01 9.767648803638520061e-01 2.704493254903958272e-03 9.715246193395293828e-01 9.804231757959264160e-01
6.472945891783566941e-01 9.769230769230770051e-01 2.791017850441303988e-03 9.715246193395293828e-01 9.806209214949574982e-01
6.492985971943887602e-01 9.772394700415265589e-01 2.703336314257532083e-03 9.719201107375914361e-01 9.808186671939885803e-01
6.513026052104208263e-01 9.775756377298794320e-01 2.694280613842378255e-03 9.719201107375914361e-01 9.810164128930195515e-01
6.533066132264528925e-01 9.778920308483289858e-01 2.742612370589021884e-03 9.719201107375914361e-01 9.812141585920506337e-01
6.553106212424849586e-01 9.780700019774570819e-01 2.668394853250560632e-03 9.723156021356536005e-01 9.814119042910817159e-01
6.573146292585170247e-01 9.783468459561005526e-01 2.512615711126146845e-03 9.729088392327467361e-01 9.816096499901126871e-01
6.593186372745490909e-01 9.784654933755190243e-01 2.548465677439981907e-03 9.729088392327467361e-01 9.816096499901126871e-01
6.613226452905811570e-01 9.787621119240655920e-01 2.412497528178770244e-03 9.731065849317777072e-01 9.816096499901126871e-01
6.633266533066132231e-01 9.790191813328059656e-01 2.505134424491462387e-03 9.731065849317777072e-01 9.816096499901126871e-01
6.653306613226452892e-01 9.792762507415464501e-01 2.439255518308765681e-03 9.736998220288708428e-01 9.818073956891437692e-01
6.673346693386772444e-01 9.795530947201898098e-01 2.366678157069764844e-03 9.742930591259639783e-01 9.822028870872058226e-01
6.693386773547093105e-01 9.797903895590269752e-01 2.379202094948783177e-03 9.746885505240261427e-01 9.827961241842989581e-01
6.713426853707413766e-01 9.800672335376706679e-01 2.392314357893878148e-03 9.750840419220881961e-01 9.831916155823611225e-01
6.733466933867734427e-01 9.803045283765079443e-01 2.341763313124377299e-03 9.752817876211192782e-01 9.831916155823611225e-01
6.753507014028055089e-01 9.805418232153449987e-01 2.195244466897842278e-03 9.756772790191813316e-01 9.831916155823611225e-01
6.773547094188375750e-01 9.807197943444728727e-01 2.232425457053069558e-03 9.760727704172433850e-01 9.835871069804231759e-01
6.793587174348696411e-01 9.809175400435039549e-01 2.255081408987335244e-03 9.762705161162744671e-01 9.837848526794542581e-01
6.813627254509017073e-01 9.810164128930196625e-01 2.287363059667203626e-03 9.762705161162744671e-01 9.837848526794542581e-01
6.833667334669337734e-01 9.812339331619537308e-01 2.345517411439020962e-03 9.764682618153055493e-01 9.837848526794542581e-01
6.853707414829658395e-01 9.814712280007908962e-01 2.314638537028583000e-03 9.766660075143365205e-01 9.841803440775163114e-01
6.873747494989979057e-01 9.817678465493375750e-01 2.384127644548401839e-03 9.766660075143365205e-01 9.845758354755783648e-01
6.893787575150299718e-01 9.821633379473997394e-01 2.317593090604484155e-03 9.766660075143365205e-01 9.845758354755783648e-01
6.913827655310620379e-01 9.824401819260432100e-01 2.252565689681340459e-03 9.772592446114296560e-01 9.849713268736405292e-01
6.933867735470941041e-01 9.825983784852679870e-01 2.247699780641947490e-03 9.772592446114296560e-01 9.849713268736405292e-01
6.953907815631261702e-01 9.829147716037176519e-01 2.126478949380270801e-03 9.776547360094918204e-01 9.849713268736405292e-01
6.973947895791582363e-01 9.831322918726517202e-01 1.989384632474288945e-03 9.782479731065849560e-01 9.851690725726715003e-01
6.993987975951903024e-01 9.832707138619735110e-01 1.915583316323883753e-03 9.786434645046470093e-01 9.853668182717025825e-01
7.014028056112223686e-01 9.833498121415858995e-01 1.947167668592635764e-03 9.786434645046470093e-01 9.853668182717025825e-01
7.034068136272544347e-01 9.835277832707138845e-01 1.894750542410069283e-03 9.788412102036780915e-01 9.853668182717025825e-01
7.054108216432865008e-01 9.837453035396480638e-01 1.992821465270965074e-03 9.788412102036780915e-01 9.855645639707336647e-01
7.074148296593185670e-01 9.838244018192604523e-01 1.971118970832839035e-03 9.788412102036780915e-01 9.857623096697646359e-01
7.094188376753506331e-01 9.840419220881946316e-01 1.855124482162654517e-03 9.792367016017401449e-01 9.859600553687957181e-01
7.114228456913826992e-01 9.842792169270317970e-01 1.956083822675897844e-03 9.792367016017401449e-01 9.863555467668577714e-01
7.134268537074147654e-01 9.845165117658691845e-01 1.955683969069352268e-03 9.796321929998023093e-01 9.867510381649199358e-01
7.154308617234468315e-01 9.847142574649001556e-01 1.949676324414838973e-03 9.800276843978643626e-01 9.869487838639509070e-01
7.174348697394788976e-01 9.849120031639312378e-01 1.846673808535496432e-03 9.804231757959264160e-01 9.869487838639509070e-01
7.194388777555109638e-01 9.850701997231560147e-01 1.878584140794941227e-03 9.804231757959264160e-01 9.873442752620130713e-01
7.214428857715430299e-01 9.852283962823810137e-01 1.898873603628570229e-03 9.806209214949574982e-01 9.877397666600751247e-01
7.234468937875750960e-01 9.853272691318963883e-01 1.914766610545405937e-03 9.806209214949574982e-01 9.877397666600751247e-01
7.254509018036071621e-01 9.854854656911212762e-01 1.890928706803539361e-03 9.806209214949574982e-01 9.877397666600751247e-01
7.274549098196392283e-01 9.856436622503459422e-01 1.901240315083548233e-03 9.808186671939885803e-01 9.881352580581372891e-01
7.294589178356712944e-01 9.858611825192802325e-01 1.905451944791039737e-03 9.812141585920506337e-01 9.887284951552304246e-01
7.314629258517033605e-01 9.860391536484082176e-01 1.935888985646871605e-03 9.814119042910817159e-01 9.889262408542613958e-01
7.334669338677354267e-01 9.861973502076331055e-01 1.850375727156738925e-03 9.820051413881748514e-01 9.889262408542613958e-01
7.354709418837674928e-01 9.863159976270516882e-01 1.801114896062605769e-03 9.822028870872058226e-01 9.889262408542613958e-01
7.374749498997995589e-01 9.864741941862764651e-01 1.744650583358741888e-03 9.822028870872058226e-01 9.889262408542613958e-01
7.394789579158316251e-01 9.866521653154041172e-01 1.742520019779345269e-03 9.822028870872058226e-01 9.889262408542613958e-01
7.414829659318636912e-01 9.868301364445322132e-01 1.594767265466173105e-03 9.827961241842989581e-01 9.889262408542613958e-01
7.434869739478957573e-01 9.870872058532725868e-01 1.779821146610624039e-03 9.827961241842989581e-01 9.899149693494166957e-01
7.454909819639278235e-01 9.872454024124976968e-01 1.744762646215469769e-03 9.829938698833300403e-01 9.901127150484476669e-01
7.474949899799598896e-01 9.874035989717222517e-01 1.790772647604259001e-03 9.829938698833300403e-01 9.901127150484476669e-01
7.494989979959919557e-01 9.874826972513348622e-01 1.790772647604259218e-03 9.829938698833300403e-01 9.901127150484476669e-01
7.515030060120240218e-01 9.877595412299783328e-01 1.909961411380224107e-03 9.829938698833300403e-01 9.905082064465098313e-01
7.535070140280560880e-01 9.879177377892028877e-01 1.864375982045013381e-03 9.833893612813920937e-01 9.907059521455408024e-01
7.555110220440881541e-01 9.881550326280402752e-01 1.836907472510402369e-03 9.835871069804231759e-01 9.909036978445718846e-01
7.575150300601202202e-01 9.882539054775559828e-01 1.775751973157512799e-03 9.839825983784852292e-01 9.909036978445718846e-01
7.595190380761522864e-01 9.884912003163931482e-01 1.803284653379959778e-03 9.839825983784852292e-01 9.909036978445718846e-01
7.615230460921843525e-01 9.885900731659086338e-01 1.698887609946097806e-03 9.845758354755783648e-01 9.911014435436029668e-01
7.635270541082164186e-01 9.887680442950367299e-01 1.677461740988622557e-03 9.847735811746094470e-01 9.911014435436029668e-01
7.655310621242484848e-01 9.889262408542615068e-01 1.732956480142899738e-03 9.847735811746094470e-01 9.912991892426339380e-01
7.675350701402805509e-01 9.890646628435831866e-01 1.737576053091850368e-03 9.847735811746094470e-01 9.912991892426339380e-01
7.695390781563125060e-01 9.892228594028079636e-01 1.782455643397272806e-03 9.847735811746094470e-01 9.912991892426339380e-01
7.715430861723445721e-01 9.893612813921297544e-01 1.718909536254762836e-03 9.851690725726715003e-01 9.912991892426339380e-01
7.735470941883766383e-01 9.894799288115482261e-01 1.777072726016292424e-03 9.851690725726715003e-01 9.912991892426339380e-01
7.755511022044087044e-01 9.895590270911606146e-01 1.785852783053296349e-03 9.851690725726715003e-01 9.914969349416650202e-01
7.775551102204407705e-01 9.896183508008700169e-01 1.819367898400079493e-03 9.851690725726715003e-01 9.914969349416650202e-01
7.795591182364728366e-01 9.897765473600947939e-01 1.825375970084119328e-03 9.851690725726715003e-01 9.916946806406961024e-01
7.815631262525049028e-01 9.898358710698043073e-01 1.804151825660609476e-03 9.853668182717025825e-01 9.916946806406961024e-01
7.835671342685369689e-01 9.899742930591258760e-01 1.735324139168598848e-03 9.857623096697646359e-01 9.920901720387581557e-01
7.855711422845690350e-01 9.901324896183508750e-01 1.843282691139844481e-03 9.857623096697646359e-01 9.924856634368202091e-01
7.875751503006011012e-01 9.903697844571881514e-01 1.829655371034264854e-03 9.859600553687957181e-01 9.926834091358512913e-01
7.895791583166331673e-01 9.904686573067037481e-01 1.761602329548736740e-03 9.861578010678268003e-01 9.926834091358512913e-01
7.915831663326652334e-01 9.906268538659286360e-01 1.706122571494816335e-03 9.863555467668577714e-01 9.926834091358512913e-01
7.935871743486972996e-01 9.907455012853469967e-01 1.732505130615748972e-03 9.865532924658888536e-01 9.930789005339133446e-01
7.955911823647293657e-01 9.908443741348624823e-01 1.755487373538951309e-03 9.865532924658888536e-01 9.930789005339133446e-01
7.975951903807614318e-01 9.909036978445717736e-01 1.673260494467575807e-03 9.869487838639509070e-01 9.930789005339133446e-01
7.995991983967934980e-01 9.910223452639904673e-01 1.575029286275635935e-03 9.873442752620130713e-01 9.930789005339133446e-01
8.016032064128255641e-01 9.912003163931185634e-01 1.540006127936524019e-03 9.875420209610440425e-01 9.930789005339133446e-01
8.036072144288576302e-01 9.913189638125372571e-01 1.470382554480624505e-03 9.877397666600751247e-01 9.930789005339133446e-01
8.056112224448896963e-01 9.913980620921496456e-01 1.490981589570438423e-03 9.877397666600751247e-01 9.930789005339133446e-01
8.076152304609217625e-01 9.915760332212772976e-01 1.521999715633288531e-03 9.877397666600751247e-01 9.930789005339133446e-01
8.096192384769538286e-01 9.916749060707928942e-01 1.575649840764196258e-03 9.877397666600751247e-01 9.932766462329444268e-01
8.116232464929858947e-01 9.917737789203083798e-01 1.584929002136747705e-03 9.877397666600751247e-01 9.932766462329444268e-01
8.136272545090179609e-01 9.919912991892427812e-01 1.676179143981093187e-03 9.877397666600751247e-01 9.934743919319755090e-01
8.156312625250500270e-01 9.921494957484675581e-01 1.495694925635807039e-03 9.883330037571682603e-01 9.936721376310064802e-01
8.176352705410820931e-01 9.922681431678860298e-01 1.388310011348064220e-03 9.887284951552304246e-01 9.936721376310064802e-01
8.196392785571141593e-01 9.924065651572078206e-01 1.379125629753840581e-03 9.889262408542613958e-01 9.940676290290686445e-01
8.216432865731462254e-01 9.927031837057542774e-01 1.475691770362326559e-03 9.889262408542613958e-01 9.946608661261617801e-01
8.236472945891782915e-01 9.927427328455603606e-01 1.469318409195967531e-03 9.889262408542613958e-01 9.946608661261617801e-01
8.256513026052103577e-01 9.929207039746886787e-01 1.463318172829741965e-03 9.891239865532924780e-01 9.946608661261617801e-01
8.276553106212424238e-01 9.930986751038165528e-01 1.520071587184302275e-03 9.891239865532924780e-01 9.946608661261617801e-01
8.296593186372744899e-01 9.931777733834288302e-01 1.475161708646082143e-03 9.893217322523235602e-01 9.946608661261617801e-01
8.316633266533065560e-01 9.932370970931382326e-01 1.375150377750736187e-03 9.897172236503856135e-01 9.946608661261617801e-01
8.336673346693386222e-01 9.933161953727507321e-01 1.419918771684088206e-03 9.897172236503856135e-01 9.948586118251927513e-01
8.356713426853706883e-01 9.934348427921693148e-01 1.414400216907057322e-03 9.899149693494166957e-01 9.952541032232549156e-01
8.376753507014027544e-01 9.935732647814908836e-01 1.456488022805629487e-03 9.899149693494166957e-01 9.952541032232549156e-01
8.396793587174348206e-01 9.936919122009095773e-01 1.438115707777460782e-03 9.899149693494166957e-01 9.952541032232549156e-01
8.416833667334668867e-01 9.938303341902313681e-01 1.383654790155088282e-03 9.903104607474787491e-01 9.954518489222858868e-01
8.436873747494989528e-01 9.940478544591655474e-01 1.242655119111307901e-03 9.911014435436029668e-01 9.954518489222858868e-01
8.456913827655310190e-01 9.942060510183903244e-01 1.260153764394292839e-03 9.912991892426339380e-01 9.956495946213169690e-01
8.476953907815630851e-01 9.943246984378090181e-01 1.302872565555013686e-03 9.914969349416650202e-01 9.960450860193791334e-01
8.496993987975951512e-01 9.943840221475183094e-01 1.300318941884400295e-03 9.914969349416650202e-01 9.962428317184101045e-01
8.517034068136272174e-01 9.944631204271306979e-01 1.320609678233257899e-03 9.914969349416650202e-01 9.962428317184101045e-01
8.537074148296592835e-01 9.945817678465495026e-01 1.266807781534262873e-03 9.918924263397270735e-01 9.962428317184101045e-01
8.557114228456913496e-01 9.947004152659679743e-01 1.287019188868743051e-03 9.918924263397270735e-01 9.964405774174411867e-01
8.577154308617234157e-01 9.948586118251926402e-01 1.346995164399965566e-03 9.918924263397270735e-01 9.964405774174411867e-01
8.597194388777554819e-01 9.950168083844175282e-01 1.389295477180177343e-03 9.920901720387581557e-01 9.964405774174411867e-01
8.617234468937875480e-01 9.950959066640299167e-01 1.305121613604920145e-03 9.924856634368202091e-01 9.966383231164722689e-01
8.637274549098196141e-01 9.952343286533515965e-01 1.147777090047990981e-03 9.930789005339133446e-01 9.966383231164722689e-01
8.657314629258516803e-01 9.953727506426736094e-01 1.226023333992512379e-03 9.930789005339133446e-01 9.966383231164722689e-01
8.677354709418837464e-01 9.954320743523830117e-01 1.168039503707538193e-03 9.932766462329444268e-01 9.966383231164722689e-01
8.697394789579158125e-01 9.955507217718014834e-01 1.136822808131686575e-03 9.934743919319755090e-01 9.966383231164722689e-01
8.717434869739478787e-01 9.956495946213170800e-01 1.209324488939733438e-03 9.934743919319755090e-01 9.970338145145343223e-01
8.737474949899798338e-01 9.956891437611232742e-01 1.195666716063360259e-03 9.934743919319755090e-01 9.970338145145343223e-01
8.757515030060118999e-01 9.957880166106386488e-01 1.189929711950212703e-03 9.936721376310064802e-01 9.972315602135654045e-01
8.777555110220439660e-01 9.959462131698636478e-01 1.101889002630427770e-03 9.938698833300375624e-01 9.972315602135654045e-01
8.797595190380760322e-01 9.959857623096699530e-01 1.039059098708297992e-03 9.940676290290686445e-01 9.972315602135654045e-01
8.817635270541080983e-01 9.961241842989914108e-01 1.024467775122686131e-03 9.944631204271306979e-01 9.972315602135654045e-01
8.837675350701401644e-01 9.962230571485068964e-01 1.044314488946875355e-03 9.946608661261617801e-01 9.972315602135654045e-01
8.857715430861722306e-01 9.963614791378286872e-01 1.047119026685689900e-03 9.946608661261617801e-01 9.972315602135654045e-01
8.877755511022042967e-01 9.965394502669567833e-01 1.005396386702481649e-03 9.946608661261617801e-01 9.974293059125963756e-01
8.897795591182363628e-01 9.966580976863754771e-01 9.785914994391001123e-04 9.948586118251927513e-01 9.978247973106585400e-01
8.917835671342684289e-01 9.966976468261815603e-01 9.567704491519076317e-04 9.950563575242238334e-01 9.978247973106585400e-01
8.937875751503004951e-01 9.968162942456000319e-01 1.010052820970720223e-03 9.950563575242238334e-01 9.980225430096895112e-01
8.957915831663325612e-01 9.970140399446311141e-01 9.705668334433926060e-04 9.954518489222858868e-01 9.980225430096895112e-01
8.977955911823646273e-01 9.970733636543405165e-01 9.009915562503125960e-04 9.954518489222858868e-01 9.980225430096895112e-01
8.997995991983966935e-01 9.972513347834685016e-01 9.460845334313417723e-04 9.954518489222858868e-01 9.982202887087205934e-01
9.018036072144287596e-01 9.973304330630808900e-01 8.765734727823523958e-04 9.956495946213169690e-01 9.982202887087205934e-01
9.038076152304608257e-01 9.973897567727900704e-01 8.966410163144011066e-04 9.956495946213169690e-01 9.984180344077516756e-01
9.058116232464928919e-01 9.975479533320150693e-01 8.491560432502963558e-04 9.960450860193791334e-01 9.986157801067826467e-01
9.078156312625249580e-01 9.976072770417243607e-01 8.410587430546304089e-04 9.960450860193791334e-01 9.986157801067826467e-01
9.098196392785570241e-01 9.977061498912398463e-01 7.303217446161489350e-04 9.962428317184101045e-01 9.986157801067826467e-01
9.118236472945890903e-01 9.978050227407553319e-01 7.681599604332558498e-04 9.964405774174411867e-01 9.988135258058137289e-01
9.138276553106211564e-01 9.979038955902709285e-01 6.861519309035933297e-04 9.968360688155032401e-01 9.988135258058137289e-01
9.158316633266532225e-01 9.979434447300772337e-01 6.918273950775584522e-04 9.968360688155032401e-01 9.988135258058137289e-01
9.178356713426852886e-01 9.980027684397866361e-01 6.818643325911342284e-04 9.968360688155032401e-01 9.990112715048448111e-01
9.198396793587173548e-01 9.980620921494957054e-01 6.838685570809032365e-04 9.968360688155032401e-01 9.990112715048448111e-01
9.218436873747494209e-01 9.981214158592048857e-01 6.206191349209015879e-04 9.972315602135654045e-01 9.990112715048448111e-01
9.238476953907814870e-01 9.982202887087204823e-01 5.451472711920308037e-04 9.974293059125963756e-01 9.990112715048448111e-01
9.258517034068135532e-01 9.982598378485267876e-01 4.907919179747235496e-04 9.976270516116274578e-01 9.990112715048448111e-01
9.278557114228456193e-01 9.983191615582361900e-01 5.397407183688475137e-04 9.976270516116274578e-01 9.990112715048448111e-01
9.298597194388776854e-01 9.983982598378485784e-01 5.411877470201355766e-04 9.976270516116274578e-01 9.990112715048448111e-01
9.318637274549097516e-01 9.984773581174609669e-01 4.599447636785867848e-04 9.978247973106585400e-01 9.990112715048448111e-01
9.338677354709418177e-01 9.985564563970734664e-01 5.006521218577044590e-04 9.978247973106585400e-01 9.992090172038757823e-01
9.358717434869738838e-01 9.985762309669764525e-01 4.907919179747171528e-04 9.978247973106585400e-01 9.992090172038757823e-01
9.378757515030059499e-01 9.986157801067827577e-01 4.595194794788388785e-04 9.980225430096895112e-01 9.992090172038757823e-01
9.398797595190380161e-01 9.986553292465888410e-01 4.827587745989212614e-04 9.980225430096895112e-01 9.992090172038757823e-01
9.418837675350700822e-01 9.986751038164920491e-01 4.599447636785810927e-04 9.980225430096895112e-01 9.992090172038757823e-01
9.438877755511021483e-01 9.987542020961044376e-01 4.766450778403619648e-04 9.980225430096895112e-01 9.992090172038757823e-01
9.458917835671342145e-01 9.988135258058138399e-01 4.147948776626862472e-04 9.982202887087205934e-01 9.992090172038757823e-01
9.478957915831662806e-01 9.988333003757169370e-01 3.999159267580782470e-04 9.982202887087205934e-01 9.992090172038757823e-01
9.498997995991983467e-01 9.988728495155230203e-01 3.651608723080576081e-04 9.982202887087205934e-01 9.992090172038757823e-01
9.519038076152304129e-01 9.989321732252323116e-01 3.447814074384318475e-04 9.984180344077516756e-01 9.992090172038757823e-01
9.539078156312624790e-01 9.990112715048449221e-01 3.063463196525385260e-04 9.984180344077516756e-01 9.994067629029068645e-01
9.559118236472945451e-01 9.990508206446511164e-01 2.469842989281484619e-04 9.986157801067826467e-01 9.994067629029068645e-01
9.579158316633266113e-01 9.991101443543601857e-01 2.210864126458073932e-04 9.988135258058137289e-01 9.994067629029068645e-01
9.599198396793586774e-01 9.991694680640696991e-01 2.623393150370128039e-04 9.988135258058137289e-01 9.996045086019379466e-01
9.619238476953907435e-01 9.991892426339727962e-01 2.413793872994615794e-04 9.988135258058137289e-01 9.996045086019379466e-01
9.639278557114228096e-01 9.992090172038757823e-01 2.166195600178618167e-04 9.988135258058137289e-01 9.996045086019379466e-01
9.659318637274548758e-01 9.993276646232945870e-01 2.202002911936081929e-04 9.988135258058137289e-01 9.996045086019379466e-01
9.679358717434869419e-01 9.994067629029068645e-01 2.501307225761220839e-04 9.988135258058137289e-01 9.996045086019379466e-01
9.699398797595190080e-01 9.994463120427129477e-01 1.937504245824252008e-04 9.990112715048448111e-01 9.996045086019379466e-01
9.719438877755510742e-01 9.994858611825192529e-01 1.311696575185290075e-04 9.992090172038757823e-01 9.996045086019379466e-01
9.739478957915831403e-01 9.995451848922286553e-01 1.266190278313798214e-04 9.994067629029068645e-01 9.998022543009689178e-01
9.759519038076150954e-01 9.995847340320347385e-01 1.384219893217226158e-04 9.994067629029068645e-01 9.998022543009689178e-01
9.779559118236471615e-01 9.996440577417440299e-01 1.723907037192082801e-04 9.994067629029068645e-01 9.998022543009689178e-01
9.799599198396792277e-01 9.996836068815501131e-01 1.581965592248157752e-04 9.994067629029068645e-01 9.998022543009689178e-01
9.819639278557112938e-01 9.997231560213564183e-01 1.812369268323319219e-04 9.994067629029068645e-01 1.000000000000000000e+00
9.839679358717433599e-01 9.997429305912595154e-01 1.779711291279320010e-04 9.994067629029068645e-01 1.000000000000000000e+00
9.859719438877754261e-01 9.997627051611626126e-01 1.479793310964464979e-04 9.994067629029068645e-01 1.000000000000000000e+00
9.879759519038074922e-01 9.997824797310655986e-01 1.064893179184024088e-04 9.996045086019379466e-01 1.000000000000000000e+00
9.899799599198395583e-01 9.998220288708719039e-01 1.384219893217226700e-04 9.996045086019379466e-01 1.000000000000000000e+00
9.919839679358716245e-01 9.998615780106782092e-01 1.544443281769074976e-04 9.996045086019379466e-01 1.000000000000000000e+00
9.939879759519036906e-01 9.999406762902907086e-01 9.061846341618897316e-05 9.998022543009689178e-01 1.000000000000000000e+00
9.959919839679357567e-01 9.999406762902907086e-01 9.061846341618897316e-05 9.998022543009689178e-01 1.000000000000000000e+00
9.979959919839678228e-01 9.999802254300969029e-01 5.932370970932466223e-05 9.998022543009689178e-01 1.000000000000000000e+00
1.000000000000000000e+00 1.000000000000000000e+00 0.000000000000000000e+00 1.000000000000000000e+00 1.000000000000000000e+00
