# FPR	TPR_MEAN	TPR_STD	TPR_MIN	TPR_MAX
0.000000000000000000e+00 1.839267548321464954e-02 9.477096907616862700e-03 2.746693794506612548e-03 3.306205493387588679e-02
2.004008016032063962e-03 1.498443479023153224e-01 1.499487661415892757e-02 1.244150559511698895e-01 1.795218106609964559e-01
4.008016032064127925e-03 2.285147507629705088e-01 1.361389108009974230e-02 1.973550356052899413e-01 2.491353001017294067e-01
6.012024048096191453e-03 2.862970498474058934e-01 1.603069751356074255e-02 2.628687690742624872e-01 3.089521871820956056e-01
8.016032064128255849e-03 3.195015259409970110e-01 1.713740667191095135e-02 2.935910478128179180e-01 3.462868769074262665e-01
1.002004008016032024e-02 3.492370295015259085e-01 1.874158167541591091e-02 3.155645981688707802e-01 3.794506612410986635e-01
1.202404809619238291e-02 3.771210579857579015e-01 1.899701959102819554e-02 3.417090539165819063e-01 4.122075279755849642e-01
1.402805611222444730e-02 4.004984740590030734e-01 1.680324888139170594e-02 3.698880976602237913e-01 4.369277721261444758e-01
1.603206412825651170e-02 4.227466937945066339e-01 1.673720398330908951e-02 3.988809766022380354e-01 4.569684638860630477e-01
1.803607214428857436e-02 4.427263479145473468e-01 1.591556378537403380e-02 4.190233977619531869e-01 4.778229908443540341e-01
2.004008016032064049e-02 4.615564598168869770e-01 1.440866503793538159e-02 4.398779247202441733e-01 4.968463886063071988e-01
2.204408817635270315e-02 4.764598168870803896e-01 1.418796565151012740e-02 4.543234994913529778e-01 5.092573753814852999e-01
2.404809619238476581e-02 4.938351983723296423e-01 1.268326973533988149e-02 4.790437436419124895e-01 5.271617497456765333e-01
2.605210420841683194e-02 5.103255340793488859e-01 1.345393907969180680e-02 4.879959308240081617e-01 5.400813835198372548e-01
2.805611222444889460e-02 5.245066124109867278e-01 1.333225398866431585e-02 5.047812817904374638e-01 5.513733468972532581e-01
3.006012024048096073e-02 5.367853509664293199e-01 1.251992613324555241e-02 5.137334689725330250e-01 5.596134282807730953e-01
3.206412825651302340e-02 5.493184130213631944e-01 1.203719759235742127e-02 5.275686673448626296e-01 5.718209562563580928e-01
3.406813627254508953e-02 5.602644964394709604e-01 1.154646165296755941e-02 5.376398779247202331e-01 5.804679552390641373e-01
3.607214428857714872e-02 5.718574687523572120e-01 9.638537076904025655e-03 5.533661422539891683e-01 5.891149542217700708e-01
3.807615230460921485e-02 5.826754832146490148e-01 1.033092483146697514e-02 5.632756866734486279e-01 5.979654120040691634e-01
4.008016032064128098e-02 5.919125127161749544e-01 1.067676585478453608e-02 5.710071210579857892e-01 6.088504577822990704e-01
4.208416833667334017e-02 6.018311291963377441e-01 1.027597868434226153e-02 5.804679552390641373e-01 6.179043743641912112e-01
4.408817635270540630e-02 6.112309257375381222e-01 9.723031860341294769e-03 5.907426246185147889e-01 6.293997965412003737e-01
4.609218436873747243e-02 6.192777212614445359e-01 1.051591228006324916e-02 5.973550356052899080e-01 6.358087487283825556e-01
4.809619238476953162e-02 6.269582909460833520e-01 1.055184490881849908e-02 6.049847405900304897e-01 6.410986775178026953e-01
5.010020040080159776e-02 6.339064089521871947e-01 1.064179479536645455e-02 6.130213631739572788e-01 6.507629704984740915e-01
5.210420841683366389e-02 6.423194303153612061e-01 1.040707173349897895e-02 6.221770091556459992e-01 6.603255340793489081e-01
5.410821643286573002e-02 6.494303153611393764e-01 1.109470460467998180e-02 6.288911495422176978e-01 6.701932858596134635e-01
5.611222444889778921e-02 6.567853509664292044e-01 1.064381248803443654e-02 6.383519837232960459e-01 6.754832146490336031e-01
5.811623246492985534e-02 6.636622583926754526e-01 1.056309808024784476e-02 6.438453713123092337e-01 6.817904374364190945e-01
6.012024048096192147e-02 6.701525940996948538e-01 1.086422362659652044e-02 6.495422177009155806e-01 6.867751780264496064e-01
6.212424849699398066e-02 6.758189216683622158e-01 1.040737502338466916e-02 6.564598168870803274e-01 6.910478128179043944e-01
6.412825651302604679e-02 6.818413021363174398e-01 1.020435130165419854e-02 6.626653102746693502e-01 6.971515768056968376e-01
6.613226452905811292e-02 6.868463886063073121e-01 1.013482687487985388e-02 6.672431332655137659e-01 7.020345879959307700e-01
6.813627254509017905e-02 6.912410986775178179e-01 9.561854695483974070e-03 6.739572736520854646e-01 7.061037639877925098e-01
7.014028056112224518e-02 6.966225839267548015e-01 9.862800406412065152e-03 6.799593082400813282e-01 7.112919633774160699e-01
7.214428857715429744e-02 7.011698880976601211e-01 9.680796531273112501e-03 6.853509664292980474e-01 7.157680569684639060e-01
7.414829659318636357e-02 7.062767039674465730e-01 1.032421101125548767e-02 6.901322482197355113e-01 7.221770091556459770e-01
7.615230460921842970e-02 7.111291963377416314e-01 9.809605193031402381e-03 6.960325534079349064e-01 7.254323499491353022e-01
7.815631262525049583e-02 7.154526958290945426e-01 9.310041017847971168e-03 7.003051881993895833e-01 7.287894201424212071e-01
8.016032064128256196e-02 7.191556459816887958e-01 9.244068331519533430e-03 7.033570701932858604e-01 7.326551373346896767e-01
8.216432865731462809e-02 7.227568667344862474e-01 8.614870598079778577e-03 7.082400813835197928e-01 7.353001017293997466e-01
8.416833667334668034e-02 7.268056968463886269e-01 8.799122644855552136e-03 7.120040691759919049e-01 7.409969481180060935e-01
8.617234468937874647e-02 7.304679552390640485e-01 8.802062467008779992e-03 7.164801627670396300e-01 7.454730417090539296e-01
8.817635270541081260e-02 7.337843336724313437e-01 8.854017595381579592e-03 7.189216683621566517e-01 7.497456765005086066e-01
9.018036072144287874e-02 7.377416073245168793e-01 8.824930152138390355e-03 7.233977619532044878e-01 7.541200406917599741e-01
9.218436873747494487e-02 7.414750762970497844e-01 8.727297558647239759e-03 7.274669379450661166e-01 7.564598168870804162e-01
9.418837675350701100e-02 7.449338758901322688e-01 8.760200904813953901e-03 7.307222787385554419e-01 7.590030518819939065e-01
9.619238476953906325e-02 7.482095625635809544e-01 8.485530906073250959e-03 7.342828077314343949e-01 7.618514750762970245e-01
9.819639278557112938e-02 7.511698880976602766e-01 8.318579168185555317e-03 7.372329603255340924e-01 7.646998982706002534e-01
1.002004008016031955e-01 7.544862665310275718e-01 8.911890253566541464e-03 7.396744659206511141e-01 7.675483214649033714e-01
1.022044088176352616e-01 7.574669379450662543e-01 8.722600507908696496e-03 7.435401831129195838e-01 7.707019328585961171e-01
1.042084168336673278e-01 7.608443540183112974e-01 8.541811294592418016e-03 7.466937945066124405e-01 7.741607324516784905e-01
1.062124248496993939e-01 7.635300101729398659e-01 8.533544491883027910e-03 7.503560528992878620e-01 7.783316378433366989e-01
1.082164328657314600e-01 7.663784333672430948e-01 8.524201369330125858e-03 7.522889114954222078e-01 7.818921668362156518e-01
1.102204408817635123e-01 7.687995930824008672e-01 8.379940397973710195e-03 7.556459816887080017e-01 7.850457782299083975e-01
1.122244488977955784e-01 7.717090539165818441e-01 8.546050683672984025e-03 7.581892166836216029e-01 7.881993896236012542e-01
1.142284569138276445e-01 7.743641912512716496e-01 8.922776065076533022e-03 7.599186164801627896e-01 7.922685656154628830e-01
1.162324649298597107e-01 7.772634791454730019e-01 8.953025254399345212e-03 7.622583926754832317e-01 7.959308240081383046e-01
1.182364729458917768e-01 7.800712105798576212e-01 8.822050738608160428e-03 7.649033570701933016e-01 7.975584944048830227e-01
1.202404809619238429e-01 7.825635808748728772e-01 8.873719736855101639e-03 7.674465920651067918e-01 8.004069175991861407e-01
1.222444889779558952e-01 7.853509664292980252e-01 8.760313132425780885e-03 7.699898270600203931e-01 8.037639877924720455e-01
1.242484969939879613e-01 7.880671414038656897e-01 8.837943234158663827e-03 7.728382502543235111e-01 8.064089521871821153e-01
1.262525050100200275e-01 7.903967446592063961e-01 8.590588542594234864e-03 7.750762970498473736e-01 8.078331637843336743e-01
1.282565130260520936e-01 7.924109867751779612e-01 8.833158570744330945e-03 7.768056968463885603e-01 8.104781281790437442e-01
1.302605210420841597e-01 7.946083418107833252e-01 8.599233761946174087e-03 7.786368260427263266e-01 8.120040691759918827e-01
1.322645290581162258e-01 7.970295015259410976e-01 8.273271263756326252e-03 7.820956256358087000e-01 8.140386571719226971e-01
1.342685370741482920e-01 7.990030518819937200e-01 8.093058088914901679e-03 7.841302136317396254e-01 8.156663275686673042e-01
1.362725450901803581e-01 8.010071210579857715e-01 7.797736004546474732e-03 7.862665310274669084e-01 8.167853509664293465e-01
1.382765531062124242e-01 8.029298067141403816e-01 7.716133062209339262e-03 7.888097660223805097e-01 8.184130213631739537e-01
1.402805611222444904e-01 8.046693794506613040e-01 7.492762215751704730e-03 7.916581892166836276e-01 8.197355035605290441e-01
1.422845691382765287e-01 8.066632756866735088e-01 7.198855657416130746e-03 7.933875890132248143e-01 8.210579857578840235e-01
1.442885771543085949e-01 8.085249237029501490e-01 7.339591134307973941e-03 7.951169888097660010e-01 8.230925737538148379e-01
1.462925851703406610e-01 8.105900305188198374e-01 7.141150262283149815e-03 7.982706002034587467e-01 8.252288911495422319e-01
1.482965931863727271e-01 8.124923702950154203e-01 7.461392049021731837e-03 7.991861648016276298e-01 8.277721261444557221e-01
1.503006012024047933e-01 8.139776195320447272e-01 7.471150072768498011e-03 8.016276703967446515e-01 8.295015259409969088e-01
1.523046092184368594e-01 8.159206510681586977e-01 7.439090607618876853e-03 8.035605289928789974e-01 8.313326551373346751e-01
1.543086172344689255e-01 8.181892166836215452e-01 7.894987952553453661e-03 8.048830111902339768e-01 8.335707019328586487e-01
1.563126252505009917e-01 8.199593082400815636e-01 7.964677907522985448e-03 8.064089521871821153e-01 8.353001017293998354e-01
1.583166332665330578e-01 8.221871820956258015e-01 7.443429721710921598e-03 8.100712105798575369e-01 8.365208545269583462e-01
1.603206412825651239e-01 8.238962360122075168e-01 7.438701076177550199e-03 8.118006103763988346e-01 8.385554425228891606e-01
1.623246492985971901e-01 8.256866734486267845e-01 7.447015925542889263e-03 8.137334689725330694e-01 8.402848423194303473e-01
1.643286573146292562e-01 8.274364191251271095e-01 7.409651325567964686e-03 8.158697863682604634e-01 8.424211597151576303e-01
1.663326653306613223e-01 8.289827060020347194e-01 7.779266558540971245e-03 8.172939979654120224e-01 8.446592065106816039e-01
1.683366733466933607e-01 8.302644964394710891e-01 7.889933141492827887e-03 8.188199389623601610e-01 8.459816887080365833e-01
1.703406813627254268e-01 8.317090539165817864e-01 8.083749944218898698e-03 8.205493387589013476e-01 8.474059003051882533e-01
1.723446893787574929e-01 8.333468972533062402e-01 8.152048495013608509e-03 8.221770091556459548e-01 8.490335707019328604e-01
1.743486973947895591e-01 8.349847405900305830e-01 8.209184378662633813e-03 8.241098677517803006e-01 8.518819938962359783e-01
1.763527054108216252e-01 8.363886063072227817e-01 8.085926002711213423e-03 8.254323499491352800e-01 8.532044760935910688e-01
1.783567134268536913e-01 8.381281790437438151e-01 8.086917835061437423e-03 8.267548321464903704e-01 8.541200406917599519e-01
1.803607214428857575e-01 8.395829094608341370e-01 7.837317734366890110e-03 8.277721261444557221e-01 8.550356052899288350e-01
1.823647294589178236e-01 8.409359104781281014e-01 7.931788525838869355e-03 8.289928789420142330e-01 8.568667344862664903e-01
1.843687374749498897e-01 8.421770091556458615e-01 8.024147831273021475e-03 8.295015259409969088e-01 8.579857578840285326e-01
1.863727454909819559e-01 8.437029501525941111e-01 7.991969385147307953e-03 8.313326551373346751e-01 8.591047812817904639e-01
1.883767535070140220e-01 8.452899287894203306e-01 8.246082488777044944e-03 8.322482197355035582e-01 8.613428280773143264e-01
1.903807615230460881e-01 8.467751780264496375e-01 8.200273081959849608e-03 8.335707019328586487e-01 8.625635808748728373e-01
1.923847695390781265e-01 8.480874872838249923e-01 8.068629363787936312e-03 8.354018311291963039e-01 8.633774160732451408e-01
1.943887775551101926e-01 8.493692777212613620e-01 8.162990425454354215e-03 8.362156663275687185e-01 8.644964394710070721e-01
1.963927855711422588e-01 8.508443540183112663e-01 8.030155658131445801e-03 8.390640895218718365e-01 8.658189216683621625e-01
1.983967935871743249e-01 8.526246185147507983e-01 8.136832258920022667e-03 8.406917599186164436e-01 8.675483214649033492e-01
2.004008016032063910e-01 8.541302136317396876e-01 8.059569079964841107e-03 8.425228891149542099e-01 8.689725330620549082e-01
2.024048096192384572e-01 8.553306205493387271e-01 8.018116142604973448e-03 8.438453713123093003e-01 8.698880976602237913e-01
2.044088176352705233e-01 8.565615462868768626e-01 8.088223029036238979e-03 8.453713123092573278e-01 8.717192268565615576e-01
2.064128256513025894e-01 8.580366225839266558e-01 7.992364322546194680e-03 8.466937945066124183e-01 8.727365208545269093e-01
2.084168336673346555e-01 8.592573753814851667e-01 7.832800456622523652e-03 8.485249237029501845e-01 8.741607324516785793e-01
2.104208416833667217e-01 8.604883011190234132e-01 7.697790480646351206e-03 8.502543234994913712e-01 8.749745676500508829e-01
2.124248496993987878e-01 8.615157680569686116e-01 7.716166592114203152e-03 8.510681586978636748e-01 8.760935910478128141e-01
2.144288577154308539e-01 8.625330620549338523e-01 7.741206278387246023e-03 8.518819938962359783e-01 8.770091556459816973e-01
2.164328657314629201e-01 8.638351983723296934e-01 7.553947389719420022e-03 8.530010172939980206e-01 8.780264496439470490e-01
2.184368737474949584e-01 8.651169888097660632e-01 7.362770289347300712e-03 8.539165818921667928e-01 8.787385554425228840e-01
2.204408817635270246e-01 8.662868769074263398e-01 7.414279855777104744e-03 8.551373346897253036e-01 8.798575788402848152e-01
2.224448897795590907e-01 8.672227873855545832e-01 7.372090331038070633e-03 8.561546286876907663e-01 8.813835198372329538e-01
2.244488977955911568e-01 8.684028484231941514e-01 7.233554080360490510e-03 8.572736520854526976e-01 8.822990844354018369e-01
2.264529058116232230e-01 8.692268565615461906e-01 7.251850744068831511e-03 8.579857578840285326e-01 8.832146490335707201e-01
2.284569138276552891e-01 8.701119023397761998e-01 7.100070802685362614e-03 8.587995930824008362e-01 8.837232960325533959e-01
2.304609218436873552e-01 8.710986775178026775e-01 6.870832581422822542e-03 8.603255340793489747e-01 8.844354018311292309e-01
2.324649298597194214e-01 8.722278738555442335e-01 7.050074935518217505e-03 8.610376398779246987e-01 8.850457782299084863e-01
2.344689378757514875e-01 8.736113936927770718e-01 7.241990148345884420e-03 8.622583926754832095e-01 8.860630722278738380e-01
2.364729458917835536e-01 8.746693794506613662e-01 7.259374615007261125e-03 8.631739572736520927e-01 8.869786368260427212e-01
2.384769539078156197e-01 8.755340793489316820e-01 7.137352379251265394e-03 8.637843336724313481e-01 8.875890132248219766e-01
2.404809619238476859e-01 8.763580874872838322e-01 7.251130039846252762e-03 8.645981688708036517e-01 8.884028484231942802e-01
2.424849699398797520e-01 8.773550356052899346e-01 7.242133047859263852e-03 8.653102746693794867e-01 8.893184130213631633e-01
2.444889779559117904e-01 8.782095625635808478e-01 7.265331125334737253e-03 8.660223804679552106e-01 8.903357070193286260e-01
2.464929859719438565e-01 8.793692777212613887e-01 6.993302481038723463e-03 8.673448626653103011e-01 8.911495422177009296e-01
2.484969939879759226e-01 8.802543234994913979e-01 7.028529803150389450e-03 8.683621566632756528e-01 8.923702950152594404e-01
2.505010020040079888e-01 8.812207527975586263e-01 6.867028364910657094e-03 8.692777212614445359e-01 8.932858596134283236e-01
2.525050100200400549e-01 8.821668362156662724e-01 6.795805636182164489e-03 8.702950152594099986e-01 8.938962360122075790e-01
2.545090180360721210e-01 8.831536113936928611e-01 6.779056686122598291e-03 8.716174974567649780e-01 8.951169888097659788e-01
2.565130260521041872e-01 8.840691759918616333e-01 6.879074101724381302e-03 8.719226856561546057e-01 8.959308240081383934e-01
2.585170340681362533e-01 8.851983723296031892e-01 7.107129234862154255e-03 8.723296032553408130e-01 8.975584944048830005e-01
2.605210420841683194e-01 8.860630722278738380e-01 6.900673446898714612e-03 8.737538148524923720e-01 8.981688708036622559e-01
2.625250501002003856e-01 8.869684638860630965e-01 6.960915486070103249e-03 8.748728382502543033e-01 8.990844354018311391e-01
2.645290581162324517e-01 8.880061037639878085e-01 6.624521346214605130e-03 8.771108850457782768e-01 8.992878942014241872e-01
2.665330661322645178e-01 8.887894201424211271e-01 6.662739838517874047e-03 8.777212614445575323e-01 9.000000000000000222e-01
2.685370741482965840e-01 8.894913530010173375e-01 6.657651016097552651e-03 8.784333672431332563e-01 9.005086469989826981e-01
2.705410821643286501e-01 8.903662258392675000e-01 6.690214467790205760e-03 8.790437436419125117e-01 9.017293997965412089e-01
2.725450901803607162e-01 8.911495422177008185e-01 6.637092991270105748e-03 8.802644964394710225e-01 9.019328585961342570e-01
2.745490981963927823e-01 8.918006103763985726e-01 6.685440680486125740e-03 8.806714140386571188e-01 9.026449643947100920e-01
2.765531062124248485e-01 8.926856561546285818e-01 6.713130723430603929e-03 8.812817904374363742e-01 9.032553407934893475e-01
2.785571142284569146e-01 8.935910478128178402e-01 6.597212363175509499e-03 8.825025432349948851e-01 9.041709053916582306e-01
2.805611222444889807e-01 8.944557477110887111e-01 6.591444967879257766e-03 8.830111902339776719e-01 9.052899287894201619e-01
2.825651302605209914e-01 8.953001017293999997e-01 6.426657711437578670e-03 8.837232960325533959e-01 9.057985757884028377e-01
2.845691382765530575e-01 8.961749745676499401e-01 6.426883150003523046e-03 8.849440488301119068e-01 9.069175991861647690e-01
2.865731462925851236e-01 8.969786368260429521e-01 6.367325943286518408e-03 8.858596134282807899e-01 9.079348931841302317e-01
2.885771543086171897e-01 8.977924720244150336e-01 6.520695820815128503e-03 8.867751780264496730e-01 9.093591047812817907e-01
2.905811623246492559e-01 8.987995930824007607e-01 6.432291305239610200e-03 8.877924720244150247e-01 9.100712105798576257e-01
2.925851703406813220e-01 8.996642929806715205e-01 6.389391907947595053e-03 8.885045778229908597e-01 9.108850457782299292e-01
2.945891783567133881e-01 9.003967446592066048e-01 6.441881205354647345e-03 8.891149542217701152e-01 9.115971515768056532e-01
2.965931863727454543e-01 9.013021363173958633e-01 6.496009663615395779e-03 8.894201424211597429e-01 9.126144455747711159e-01
2.985971943887775204e-01 9.020447609359102392e-01 6.615454343079619180e-03 8.898270600203458391e-01 9.132248219735503714e-01
3.006012024048095865e-01 9.025127161749745275e-01 6.530845238835312171e-03 8.904374364191250946e-01 9.135300101729399991e-01
3.026052104208416527e-01 9.033774160732452874e-01 6.603609448659464483e-03 8.910478128179043500e-01 9.142421159715157231e-01
3.046092184368737188e-01 9.040081383519836811e-01 6.777835300478396788e-03 8.915564598168870258e-01 9.150559511698881376e-01
3.066132264529057849e-01 9.047100712105798914e-01 6.729697750205205879e-03 8.922685656154628608e-01 9.154628687690742339e-01
3.086172344689378511e-01 9.054933875890132100e-01 6.733379753152765254e-03 8.930824008138351644e-01 9.158697863682604412e-01
3.106212424849699172e-01 9.062258392675482943e-01 6.679958614179818711e-03 8.939979654120040475e-01 9.166836215666327448e-01
3.126252505010019833e-01 9.070600203458798472e-01 6.821060564229228761e-03 8.949135300101729307e-01 9.173957273652085798e-01
3.146292585170340494e-01 9.078840284842322195e-01 6.841822108842371755e-03 8.956256358087487657e-01 9.188199389623601387e-01
3.166332665330661156e-01 9.085859613428282078e-01 6.785770377529257852e-03 8.962360122075280211e-01 9.193285859613428146e-01
3.186372745490981817e-01 9.093896236012207757e-01 6.719232632263046068e-03 8.973550356052899524e-01 9.201424211597151182e-01
3.206412825651302478e-01 9.099287894201424365e-01 6.672425051144817605e-03 8.980671414038656764e-01 9.209562563580875327e-01
3.226452905811623140e-01 9.106917599186165058e-01 6.616705702887468350e-03 8.986775178026449318e-01 9.213631739572736290e-01
3.246492985971943801e-01 9.114343845371312147e-01 6.594105658581387620e-03 8.995930824008138149e-01 9.219735503560528844e-01
3.266533066132264462e-01 9.121159715157680647e-01 6.642462427026699610e-03 9.002034587995930703e-01 9.228891149542217676e-01
3.286573146292585124e-01 9.128179043743640531e-01 6.733840822490342812e-03 9.007121057985757462e-01 9.231943031536113953e-01
3.306613226452905785e-01 9.135808748728383444e-01 6.679718477392025504e-03 9.016276703967446293e-01 9.240081383519836988e-01
3.326653306613226446e-01 9.142115971515767381e-01 6.645048182328018756e-03 9.022380467955238847e-01 9.243133265513733265e-01
3.346693386773546552e-01 9.148626653102747142e-01 6.519330788497336264e-03 9.033570701932858160e-01 9.249237029501525820e-01
3.366733466933867214e-01 9.154933875890133299e-01 6.558675154722798731e-03 9.037639877924720233e-01 9.253306205493387893e-01
3.386773547094187875e-01 9.161648016276704443e-01 6.412899041440995283e-03 9.052899287894201619e-01 9.258392675483214651e-01
3.406813627254508536e-01 9.168362156663276696e-01 6.273702479820824490e-03 9.064089521871820931e-01 9.268565615462869278e-01
3.426853707414829198e-01 9.173245167853508741e-01 6.240093324357424108e-03 9.076297049847406040e-01 9.273652085452696037e-01
3.446893787575149859e-01 9.178433367243133967e-01 6.363285769180761393e-03 9.080366225839267003e-01 9.278738555442522795e-01
3.466933867735470520e-01 9.182502543234993819e-01 6.399288682581994771e-03 9.082400813835198594e-01 9.282807731434384868e-01
3.486973947895791182e-01 9.187589013224822798e-01 6.339823207448998590e-03 9.089521871820955834e-01 9.286876907426245831e-01
3.507014028056111843e-01 9.192980671414039406e-01 6.504487452799295223e-03 9.096642929806714184e-01 9.297049847405900458e-01
3.527054108216432504e-01 9.200101729399795536e-01 6.265085840939121388e-03 9.105798575788403015e-01 9.299084435401830939e-01
3.547094188376753165e-01 9.205900305188199351e-01 6.275013745790096638e-03 9.112919633774160255e-01 9.304170905391657698e-01
3.567134268537073827e-01 9.216073245167853978e-01 6.208027766577017652e-03 9.118006103763988124e-01 9.315361139369278121e-01
3.587174348697394488e-01 9.223499491352999957e-01 6.136408128506636202e-03 9.127161749745676955e-01 9.319430315361139083e-01
3.607214428857715149e-01 9.228179043743642840e-01 6.055600071096534434e-03 9.131230925737537918e-01 9.322482197355035360e-01
3.627254509018035811e-01 9.233672431332655695e-01 6.224318127458932683e-03 9.135300101729399991e-01 9.329603255340793710e-01
3.647294589178356472e-01 9.239064089521870082e-01 6.253173063841522238e-03 9.139369277721260953e-01 9.334689725330620469e-01
3.667334669338677133e-01 9.245676500508649420e-01 6.278484391622798401e-03 9.145473041709053508e-01 9.343845371312309300e-01
3.687374749498997795e-01 9.250356052899288972e-01 6.254405901747966436e-03 9.149542217700915581e-01 9.346897253306205577e-01
3.707414829659318456e-01 9.255442522889115731e-01 6.086521934000596601e-03 9.153611393692777654e-01 9.350966429298067650e-01
3.727454909819639117e-01 9.261546286876907175e-01 5.996592183970757273e-03 9.157680569684638616e-01 9.356052899287894409e-01
3.747494989979959779e-01 9.266734486266530180e-01 6.029009850983251852e-03 9.161749745676500689e-01 9.364191251271617444e-01
3.767535070140280440e-01 9.271617497456763335e-01 5.911519843484799863e-03 9.169888097660223725e-01 9.367243133265513721e-01
3.787575150300601101e-01 9.277314343845372013e-01 5.942111686273618583e-03 9.177009155645982075e-01 9.375381485249236757e-01
3.807615230460921762e-01 9.281281790437436729e-01 5.935324219345592539e-03 9.182095625635808833e-01 9.376398779247202553e-01
3.827655310621242424e-01 9.286063072227873638e-01 5.982311508674265609e-03 9.187182095625635592e-01 9.382502543234995107e-01
3.847695390781562530e-01 9.291556459816886493e-01 5.893320312223002296e-03 9.195320447609358627e-01 9.390640895218718143e-01
3.867735470941883191e-01 9.296744659206508388e-01 5.955480957578806155e-03 9.199389623601220700e-01 9.398779247202441178e-01
3.887775551102203853e-01 9.301627670396743763e-01 5.797906477407546028e-03 9.205493387589013254e-01 9.398779247202441178e-01
3.907815631262524514e-01 9.306408952187179562e-01 5.966895431200357376e-03 9.206510681586979050e-01 9.406917599186165324e-01
3.927855711422845175e-01 9.312614445574771693e-01 6.041398924592476273e-03 9.213631739572736290e-01 9.415055951169888360e-01
3.947895791583165837e-01 9.317904374364192055e-01 6.015855597632472664e-03 9.220752797558494640e-01 9.421159715157680914e-01
3.967935871743486498e-01 9.323702950152593649e-01 6.002517352173003182e-03 9.224821973550355603e-01 9.429298067141403950e-01
3.987975951903807159e-01 9.329806714140387314e-01 6.054531867335863869e-03 9.229908443540183471e-01 9.437436419125126985e-01
4.008016032064127820e-01 9.334893184130212962e-01 5.909383691655519140e-03 9.233977619532044434e-01 9.439471007121057466e-01
4.028056112224448482e-01 9.339674465920652091e-01 5.762492359438780090e-03 9.243133265513733265e-01 9.440488301119023262e-01
4.048096192384769143e-01 9.344760935910476629e-01 5.796335524120948580e-03 9.248219735503560024e-01 9.446592065106815816e-01
4.068136272545089804e-01 9.349135300101728552e-01 5.750870133585571364e-03 9.250254323499491615e-01 9.448626653102746298e-01
4.088176352705410466e-01 9.354425228891150024e-01 5.783600444319195004e-03 9.256358087487284170e-01 9.453713123092574167e-01
4.108216432865731127e-01 9.359104781281789576e-01 5.794290862054955749e-03 9.262461851475076724e-01 9.459816887080366721e-01
4.128256513026051788e-01 9.364394710071211048e-01 5.746189447389922489e-03 9.270600203458799760e-01 9.462868769074262998e-01
4.148296593186372450e-01 9.368667344862664503e-01 5.617305490365485585e-03 9.277721261444556999e-01 9.466937945066123961e-01
4.168336673346693111e-01 9.371922685656155494e-01 5.621909402151979707e-03 9.282807731434384868e-01 9.469989827060020238e-01
4.188376753507013772e-01 9.377619532044759731e-01 5.599886989190751979e-03 9.292980671414038385e-01 9.474059003051882311e-01
4.208416833667334433e-01 9.383621566632756039e-01 5.611637498696316929e-03 9.298067141403866254e-01 9.481180061037639550e-01
4.228456913827655095e-01 9.387995930824010182e-01 5.571985849203582239e-03 9.300101729399796735e-01 9.486266531027467419e-01
4.248496993987975756e-01 9.392065106815870035e-01 5.571985849203577035e-03 9.306205493387589289e-01 9.489318413021363696e-01
4.268537074148296417e-01 9.396948118006103190e-01 5.559825813268218404e-03 9.309257375381485566e-01 9.494404883011190455e-01
4.288577154308617079e-01 9.401932858596133702e-01 5.535696684856230426e-03 9.315361139369278121e-01 9.498474059003051417e-01
4.308617234468937740e-01 9.407731434384537517e-01 5.556846829576848890e-03 9.322482197355035360e-01 9.503560528992879286e-01
4.328657314629258401e-01 9.412919633774160522e-01 5.516595038858286386e-03 9.324516785350966952e-01 9.507629704984740249e-01
4.348697394789579063e-01 9.418006103763987280e-01 5.476680445448518612e-03 9.328585961342827915e-01 9.511698880976602322e-01
4.368737474949899169e-01 9.423397761953203888e-01 5.473344241658339819e-03 9.333672431332654673e-01 9.519837232960325357e-01
4.388777555110219830e-01 9.428077314343845661e-01 5.478824749728311745e-03 9.339776195320447227e-01 9.522889114954221634e-01
4.408817635270540491e-01 9.432451678535096473e-01 5.442751062424968853e-03 9.344862665310275096e-01 9.528992878942014189e-01
4.428857715430861153e-01 9.436724313326552149e-01 5.419809804695585598e-03 9.346897253306205577e-01 9.530010172939979984e-01
4.448897795591181814e-01 9.442115971515768758e-01 5.469069417346559235e-03 9.351983723296032336e-01 9.535096642929806743e-01
4.468937875751502475e-01 9.445574771108850021e-01 5.285427304535985499e-03 9.360122075279755371e-01 9.536113936927772539e-01
4.488977955911823137e-01 9.449643947100712094e-01 5.214264408428521611e-03 9.363173957273651649e-01 9.540183112919633501e-01
4.509018036072143798e-01 9.453611393692776810e-01 5.243250112882054045e-03 9.370295015259409999e-01 9.545269582909461370e-01
4.529058116232464459e-01 9.457680569684638883e-01 5.198252880794729247e-03 9.374364191251272072e-01 9.545269582909461370e-01
4.549098196392785121e-01 9.462258392675483298e-01 5.175457594773628413e-03 9.382502543234995107e-01 9.550356052899288128e-01
4.569138276553105782e-01 9.466836215666327714e-01 5.090832310444947523e-03 9.390640895218718143e-01 9.556459816887080683e-01
4.589178356713426443e-01 9.471515768056969486e-01 4.963362716476379770e-03 9.397761953204476493e-01 9.558494404883011164e-01
4.609218436873747105e-01 9.474567650050864653e-01 4.995162149647058673e-03 9.401831129196337455e-01 9.560528992878941645e-01
4.629258517034067766e-01 9.478942014242116576e-01 4.923913130376881414e-03 9.407934893184130010e-01 9.563580874872837922e-01
4.649298597194388427e-01 9.482909460834181292e-01 4.916814582401202172e-03 9.414038657171922564e-01 9.568667344862665791e-01
4.669338677354709088e-01 9.485656154628687720e-01 4.783489025383644982e-03 9.419125127161749322e-01 9.569684638860630477e-01
4.689378757515029750e-01 9.489013224821972736e-01 4.825888757388742401e-03 9.423194303153611395e-01 9.577822990844353512e-01
4.709418837675350411e-01 9.492777212614444959e-01 4.739367373624617762e-03 9.428280773143438154e-01 9.580874872838249789e-01
4.729458917835671072e-01 9.495930824008139703e-01 4.662326204383142846e-03 9.430315361139369745e-01 9.583926754832146067e-01
4.749498997995991734e-01 9.499694811800611927e-01 4.651559424342658657e-03 9.435401831129196504e-01 9.587995930824008139e-01
4.769539078156312395e-01 9.502339776195320997e-01 4.584103299125844716e-03 9.438453713123092781e-01 9.589013224821973935e-01
4.789579158316633056e-01 9.505900305188198507e-01 4.637354523401049713e-03 9.440488301119023262e-01 9.591047812817904417e-01
4.809619238476953718e-01 9.508952187182094784e-01 4.671152175589030758e-03 9.442522889114953744e-01 9.594099694811800694e-01
4.829659318637274379e-01 9.512716174974565897e-01 4.777384182243450336e-03 9.443540183112919539e-01 9.599186164801627452e-01
4.849699398797595040e-01 9.516785350966430190e-01 4.764369126689750773e-03 9.445574771108850021e-01 9.602238046795523729e-01
4.869739478957915702e-01 9.520854526958290043e-01 4.732330966271830648e-03 9.448626653102746298e-01 9.604272634791454211e-01
4.889779559118235808e-01 9.524516785350967130e-01 4.809810776222943861e-03 9.454730417090538852e-01 9.612410986775178356e-01
4.909819639278556469e-01 9.528382502543234489e-01 4.716603289433180315e-03 9.456765005086470444e-01 9.614445574771108838e-01
4.929859719438877130e-01 9.531536113936927013e-01 4.754203533036174475e-03 9.459816887080366721e-01 9.618514750762970911e-01
4.949899799599197792e-01 9.536622583926754881e-01 4.641414317356084944e-03 9.465920651068158165e-01 9.620549338758901392e-01
4.969939879759518453e-01 9.541810783316378997e-01 4.720989522655566484e-03 9.469989827060020238e-01 9.625635808748728151e-01
4.989979959919839114e-01 9.545066124109867767e-01 4.702671890358078345e-03 9.475076297049846996e-01 9.629704984740590223e-01
5.010020040080159776e-01 9.549440488301119689e-01 4.758598603737975580e-03 9.476093591047812792e-01 9.635808748728382778e-01
5.030060120240480437e-01 9.554221770091555488e-01 4.769102038326289948e-03 9.480162767039674865e-01 9.640895218718209536e-01
5.050100200400801098e-01 9.557477110885044258e-01 4.657162589703842462e-03 9.489318413021363696e-01 9.642929806714140017e-01
5.070140280561121759e-01 9.561342828077314948e-01 4.625903268571729746e-03 9.497456765005086732e-01 9.643947100712105813e-01
5.090180360721442421e-01 9.565005086469990925e-01 4.474289842801639459e-03 9.502543234994913490e-01 9.644964394710071609e-01
5.110220440881763082e-01 9.569074262461851887e-01 4.394945549623599165e-03 9.506612410986775563e-01 9.648016276703967886e-01
5.130260521042083743e-01 9.572227873855544411e-01 4.380333762986028667e-03 9.511698880976602322e-01 9.650050864699898368e-01
5.150300601202404405e-01 9.575178026449643331e-01 4.338302705059985699e-03 9.513733468972532803e-01 9.651068158697864163e-01
5.170340681362725066e-01 9.578738555442523062e-01 4.269593938009125580e-03 9.516785350966429080e-01 9.653102746693794645e-01
5.190380761523045727e-01 9.581993896236011832e-01 4.221083668718525472e-03 9.519837232960325357e-01 9.655137334689725126e-01
5.210420841683366389e-01 9.585656154628688919e-01 4.077318912528443348e-03 9.524923702950152116e-01 9.657171922685655607e-01
5.230460921843687050e-01 9.589420142421160032e-01 4.005400534601102208e-03 9.528992878942014189e-01 9.657171922685655607e-01
5.250501002004007711e-01 9.593387589013223637e-01 4.067916895742579482e-03 9.530010172939979984e-01 9.661241098677517680e-01
5.270541082164328373e-01 9.596134282807732285e-01 4.095540228715707776e-03 9.532044760935910466e-01 9.666327568667344439e-01
5.290581162324649034e-01 9.600101729399795891e-01 4.109024116952687301e-03 9.538148524923703020e-01 9.670396744659206512e-01
5.310621242484969695e-01 9.604069175991860607e-01 4.133720053656237021e-03 9.540183112919633501e-01 9.676500508646999066e-01
5.330661322645290356e-01 9.606307222787384692e-01 4.147266960455650922e-03 9.541200406917599297e-01 9.677517802644964862e-01
5.350701402805611018e-01 9.610885045778229108e-01 4.072798489303728481e-03 9.547304170905391851e-01 9.680569684638861139e-01
5.370741482965931679e-01 9.614038657171922742e-01 4.055725481005216168e-03 9.552390640895218610e-01 9.686673448626652583e-01
5.390781563126252340e-01 9.616887080366225415e-01 4.063373278690116455e-03 9.555442522889114887e-01 9.687690742624618379e-01
5.410821643286573002e-01 9.619735503560530310e-01 4.052049411028967214e-03 9.556459816887080683e-01 9.691759918616480451e-01
5.430861723446893663e-01 9.623296032553408930e-01 4.011042010239295776e-03 9.560528992878941645e-01 9.694811800610376729e-01
5.450901803607214324e-01 9.628280773143439442e-01 3.921849781987207448e-03 9.565615462868769514e-01 9.699898270600203487e-01
5.470941883767534986e-01 9.631027466937945869e-01 3.901438534219398447e-03 9.570701932858596273e-01 9.701932858596133968e-01
5.490981963927855647e-01 9.634587995930823379e-01 3.827459670007433284e-03 9.574771108850457235e-01 9.703967446592065560e-01
5.511022044088176308e-01 9.637741607324514792e-01 3.827905778998713995e-03 9.577822990844353512e-01 9.706002034587996041e-01
5.531062124248496970e-01 9.640793489318415510e-01 3.713736205460618171e-03 9.583926754832146067e-01 9.707019328585961837e-01
5.551102204408817631e-01 9.644354018311291910e-01 3.596447227387097011e-03 9.589013224821973935e-01 9.708036622583926523e-01
5.571142284569138292e-01 9.646592065106815994e-01 3.549233645712216063e-03 9.595116988809766490e-01 9.709053916581892318e-01
5.591182364729458953e-01 9.649135300101727708e-01 3.542593980375570786e-03 9.600203458799593248e-01 9.711088504577822800e-01
5.611222444889779615e-01 9.651780264496438999e-01 3.503998257079594513e-03 9.602238046795523729e-01 9.713123092573753281e-01
5.631262525050100276e-01 9.655442522889113866e-01 3.407570469879389694e-03 9.604272634791454211e-01 9.714140386571719077e-01
5.651302605210419827e-01 9.658596134282808610e-01 3.366367101517218560e-03 9.608341810783316284e-01 9.716174974567649558e-01
5.671342685370740488e-01 9.661546286876907530e-01 3.356777323147834904e-03 9.611393692777212561e-01 9.716174974567649558e-01
5.691382765531061150e-01 9.665310274669380863e-01 3.227885237162048462e-03 9.615462868769074634e-01 9.718209562563581150e-01
5.711422845691381811e-01 9.668260427263477563e-01 3.303763085647155526e-03 9.618514750762970911e-01 9.722278738555442112e-01
5.731462925851702472e-01 9.671210579857578704e-01 3.316066365310969301e-03 9.623601220752797669e-01 9.725330620549338390e-01
5.751503006012023134e-01 9.674567650050864831e-01 3.297178379887316484e-03 9.625635808748728151e-01 9.728382502543234667e-01
5.771543086172343795e-01 9.678738555442520930e-01 3.367473630058786995e-03 9.626653102746693946e-01 9.733468972533062535e-01
5.791583166332664456e-01 9.681790437436419428e-01 3.402631728111249389e-03 9.627670396744659742e-01 9.736520854526958813e-01
5.811623246492985118e-01 9.684740590030518348e-01 3.316269212887943546e-03 9.631739572736520705e-01 9.739572736520853979e-01
5.831663326653305779e-01 9.687182095625637146e-01 3.396375835833148442e-03 9.632756866734486501e-01 9.742624618514750257e-01
5.851703406813626440e-01 9.689420142421159010e-01 3.412122963719646691e-03 9.633774160732451186e-01 9.744659206510681848e-01
5.871743486973947102e-01 9.692878942014242494e-01 3.392778431195230069e-03 9.638860630722279055e-01 9.749745676500508607e-01
5.891783567134267763e-01 9.696134282807731264e-01 3.329536585084993169e-03 9.644964394710071609e-01 9.749745676500508607e-01
5.911823647294588424e-01 9.699796541200406130e-01 3.336181505609450270e-03 9.646998982706002090e-01 9.752797558494404884e-01
5.931863727454909085e-01 9.702543234994912558e-01 3.299609979756699604e-03 9.651068158697864163e-01 9.755849440488301161e-01
5.951903807615229747e-01 9.704781281790435532e-01 3.268285554743463085e-03 9.652085452695828849e-01 9.759918616480163234e-01
5.971943887775550408e-01 9.708748728382502469e-01 3.298621868283300139e-03 9.655137334689725126e-01 9.762970498474059511e-01
5.991983967935871069e-01 9.711597151576807363e-01 3.267478009603960731e-03 9.660223804679551884e-01 9.768056968463886269e-01
6.012024048096191731e-01 9.713428280773144241e-01 3.260121743556903054e-03 9.663275686673448162e-01 9.771108850457782546e-01
6.032064128256512392e-01 9.715869786368258598e-01 3.238783554719382694e-03 9.667344862665310234e-01 9.774160732451678824e-01
6.052104208416833053e-01 9.718616480162767246e-01 3.264927389894708033e-03 9.668362156663276030e-01 9.778229908443539786e-01
6.072144288577153715e-01 9.720549338758900371e-01 3.236865809603639565e-03 9.670396744659206512e-01 9.778229908443539786e-01
6.092184368737474376e-01 9.722889114954222922e-01 3.187946841417277095e-03 9.670396744659206512e-01 9.781281790437436063e-01
6.112224448897795037e-01 9.725534079348930883e-01 3.150919337962303831e-03 9.674465920651068584e-01 9.784333672431332340e-01
6.132264529058115698e-01 9.727772126144454967e-01 3.143487836529017861e-03 9.677517802644964862e-01 9.786368260427263932e-01
6.152304609218436360e-01 9.729908443540183915e-01 3.149753161136407097e-03 9.677517802644964862e-01 9.787385554425228618e-01
6.172344689378757021e-01 9.731943031536113287e-01 3.061108467603728626e-03 9.679552390640895343e-01 9.788402848423194413e-01
6.192384769539077682e-01 9.734282807731433618e-01 3.006719069212560307e-03 9.682604272634791620e-01 9.788402848423194413e-01
6.212424849699398344e-01 9.736826042726347552e-01 3.009213422773778391e-03 9.684638860630722101e-01 9.789420142421160209e-01
6.232464929859719005e-01 9.739165818921667883e-01 2.988213457297369223e-03 9.687690742624618379e-01 9.790437436419124895e-01
6.252505010020039666e-01 9.741912512716174311e-01 3.012306988208719033e-03 9.689725330620548860e-01 9.793489318413021172e-01
6.272545090180360328e-01 9.744150559511698395e-01 2.970515893425699269e-03 9.690742624618514656e-01 9.796541200406917449e-01
6.292585170340680989e-01 9.747914547304169508e-01 2.904476804424733442e-03 9.698880976602237691e-01 9.798575788402847930e-01
6.312625250501001650e-01 9.750356052899287196e-01 2.840127434301829758e-03 9.699898270600203487e-01 9.800610376398779522e-01
6.332665330661322312e-01 9.752594099694811280e-01 2.818400123859676840e-03 9.702950152594099764e-01 9.802644964394710003e-01
6.352705410821642973e-01 9.754628687690743982e-01 2.816196124781203576e-03 9.703967446592065560e-01 9.802644964394710003e-01
6.372745490981963634e-01 9.757375381485250410e-01 2.850329982329475112e-03 9.708036622583926523e-01 9.806714140386572076e-01
6.392785571142284295e-01 9.759511698880978248e-01 2.846678727551208137e-03 9.712105798575788596e-01 9.811800610376398835e-01
6.412825651302604957e-01 9.762461851475074948e-01 2.780117649355331576e-03 9.717192268565615354e-01 9.813835198372329316e-01
6.432865731462925618e-01 9.765208545269583595e-01 2.743979669540871219e-03 9.720244150559511631e-01 9.813835198372329316e-01
6.452905811623246279e-01 9.767141403865716720e-01 2.713506600944887680e-03 9.723296032553407908e-01 9.815869786368260907e-01
6.472945891783566941e-01 9.769175991861649422e-01 2.702806762790640419e-03 9.724313326551373704e-01 9.817904374364191389e-01
6.492985971943887602e-01 9.771414038657171286e-01 2.684981727334642080e-03 9.726347914547304185e-01 9.818921668362157185e-01
6.513026052104208263e-01 9.773041709053915671e-01 2.711599012130734652e-03 9.727365208545269981e-01 9.819938962360121870e-01
6.533066132264528925e-01 9.774771108850457413e-01 2.675386511951047611e-03 9.732451678535096740e-01 9.820956256358087666e-01
6.553106212424849586e-01 9.777416073245168704e-01 2.597508382211982658e-03 9.737538148524923498e-01 9.821973550356052352e-01
6.573146292585170247e-01 9.779145473041707115e-01 2.500329848496179487e-03 9.738555442522889294e-01 9.821973550356052352e-01
6.593186372745490909e-01 9.781892166836216873e-01 2.457223060613924169e-03 9.742624618514750257e-01 9.822990844354018147e-01
6.613226452905811570e-01 9.784130213631740958e-01 2.478442200644689637e-03 9.745676500508646534e-01 9.826042726347914424e-01
6.633266533066132231e-01 9.786978636826043632e-01 2.437348104857597203e-03 9.747711088504578125e-01 9.828077314343844906e-01
6.653306613226452892e-01 9.789928789420141442e-01 2.386741695802623367e-03 9.750762970498474402e-01 9.828077314343844906e-01
6.673346693386772444e-01 9.792065106815869280e-01 2.316304938629643560e-03 9.752797558494404884e-01 9.831129196337741183e-01
6.693386773547093105e-01 9.793997965412003515e-01 2.387175254697356148e-03 9.752797558494404884e-01 9.832146490335706979e-01
6.713426853707413766e-01 9.795930824008136639e-01 2.416881590963128323e-03 9.754832146490335365e-01 9.835198372329603256e-01
6.733466933867734427e-01 9.797965412004069341e-01 2.391052106362551426e-03 9.756866734486266957e-01 9.837232960325533737e-01
6.753507014028055089e-01 9.800712105798574658e-01 2.348363206902606172e-03 9.758901322482197438e-01 9.837232960325533737e-01
6.773547094188375750e-01 9.803357070193285949e-01 2.407378476095509319e-03 9.760935910478127919e-01 9.842319430315361606e-01
6.793587174348696411e-01 9.806612410986776940e-01 2.398075062500261423e-03 9.767039674465920474e-01 9.845371312309257883e-01
6.813627254509017073e-01 9.809053916581893517e-01 2.346423394284377108e-03 9.769074262461850955e-01 9.847405900305188364e-01
6.833667334669337734e-01 9.811698880976603698e-01 2.340417444969006104e-03 9.771108850457782546e-01 9.851475076297049327e-01
6.853707414829658395e-01 9.812919633774160877e-01 2.336877323152086912e-03 9.771108850457782546e-01 9.851475076297049327e-01
6.873747494989979057e-01 9.815055951169888715e-01 2.177959690187029201e-03 9.777212614445575101e-01 9.851475076297049327e-01
6.893787575150299718e-01 9.817497456765005293e-01 2.103708891844798673e-03 9.779247202441505582e-01 9.854526958290945604e-01
6.913827655310620379e-01 9.819226856561545924e-01 2.080384880291024328e-03 9.780264496439471378e-01 9.855544252288911400e-01
6.933867735470941041e-01 9.822380467955238448e-01 2.115482375578941338e-03 9.780264496439471378e-01 9.857578840284841881e-01
6.953907815631261702e-01 9.823702950152594093e-01 2.146490335707018204e-03 9.780264496439471378e-01 9.859613428280773473e-01
6.973947895791582363e-01 9.826246185147509138e-01 2.124561950308305209e-03 9.784333672431332340e-01 9.859613428280773473e-01
6.993987975951903024e-01 9.829196337741608058e-01 2.075603868333352354e-03 9.787385554425228618e-01 9.861648016276703954e-01
7.014028056112223686e-01 9.831434384537132143e-01 2.080882270648726998e-03 9.790437436419124895e-01 9.864699898270600231e-01
7.034068136272544347e-01 9.832960325534079171e-01 2.048174372601726644e-03 9.791454730417090691e-01 9.864699898270600231e-01
7.054108216432865008e-01 9.834791454730416049e-01 2.034181037631735758e-03 9.794506612410986968e-01 9.866734486266530713e-01
7.074148296593185670e-01 9.836927772126143887e-01 2.034104723886437892e-03 9.798575788402847930e-01 9.868769074262462304e-01
7.094188376753506331e-01 9.839776195320448782e-01 2.049411917420749293e-03 9.802644964394710003e-01 9.870803662258392785e-01
7.114228456913826992e-01 9.841912512716175510e-01 2.007036238726420379e-03 9.806714140386572076e-01 9.871820956256358581e-01
7.134268537074147654e-01 9.843234994913530045e-01 1.992676147976804937e-03 9.808748728382502557e-01 9.871820956256358581e-01
7.154308617234468315e-01 9.845879959308240226e-01 1.926557164039063548e-03 9.812817904374364630e-01 9.874872838250254858e-01
7.174348697394788976e-01 9.847405900305187254e-01 1.871931528425062894e-03 9.815869786368260907e-01 9.874872838250254858e-01
7.194388777555109638e-01 9.848524923702950407e-01 1.817770874530867230e-03 9.818921668362157185e-01 9.875890132248219544e-01
7.214428857715430299e-01 9.849745676500507585e-01 1.790003877960488678e-03 9.818921668362157185e-01 9.875890132248219544e-01
7.234468937875750960e-01 9.851271617497456834e-01 1.815121621948381087e-03 9.818921668362157185e-01 9.877924720244150025e-01
7.254509018036071621e-01 9.853001017293998576e-01 1.783748951568701804e-03 9.819938962360121870e-01 9.878942014242115821e-01
7.274549098196392283e-01 9.854933875890135031e-01 1.792978867700370732e-03 9.820956256358087666e-01 9.878942014242115821e-01
7.294589178356712944e-01 9.856154628687692210e-01 1.805059134019872591e-03 9.822990844354018147e-01 9.881993896236012098e-01
7.314629258517033605e-01 9.857680569684639238e-01 1.847138112983316401e-03 9.822990844354018147e-01 9.884028484231942580e-01
7.334669338677354267e-01 9.859918616480163323e-01 1.884082314354833861e-03 9.825025432349948629e-01 9.888097660223804652e-01
7.354709418837674928e-01 9.862156663275685187e-01 1.770939098551227745e-03 9.828077314343844906e-01 9.889114954221770448e-01
7.374749498997995589e-01 9.865208545269581464e-01 1.801070111605927726e-03 9.830111902339776497e-01 9.890132248219735134e-01
7.394789579158316251e-01 9.866632756866735576e-01 1.761681826864101462e-03 9.834181078331637460e-01 9.892166836215666725e-01
7.414829659318636912e-01 9.868565615462869811e-01 1.708205961224997351e-03 9.836215666327569052e-01 9.893184130213631411e-01
7.434869739478957573e-01 9.869684638860631853e-01 1.696442594382314680e-03 9.838250254323499533e-01 9.894201424211597207e-01
7.454909819639278235e-01 9.872227873855543567e-01 1.606036286621844236e-03 9.843336724313326291e-01 9.896236012207527688e-01
7.474949899799598896e-01 9.873245167853509363e-01 1.601519320785729826e-03 9.843336724313326291e-01 9.898270600203459280e-01
7.494989979959919557e-01 9.875584944048829694e-01 1.550197176010915381e-03 9.847405900305188364e-01 9.901322482197355557e-01
7.515030060120240218e-01 9.876805696846387983e-01 1.590658799908698743e-03 9.848423194303154160e-01 9.903357070193286038e-01
7.535070140280560880e-01 9.878535096642929725e-01 1.564252859330669690e-03 9.850457782299084641e-01 9.903357070193286038e-01
7.555110220440881541e-01 9.880061037639877863e-01 1.536383395147962417e-03 9.851475076297049327e-01 9.903357070193286038e-01
7.575150300601202202e-01 9.881180061037639906e-01 1.552698598440606891e-03 9.851475076297049327e-01 9.904374364191250724e-01
7.595190380761522864e-01 9.882502543234995551e-01 1.541628416742420920e-03 9.853509664292980919e-01 9.904374364191250724e-01
7.615230460921843525e-01 9.883621566632756483e-01 1.535541181209608159e-03 9.853509664292980919e-01 9.904374364191250724e-01
7.635270541082164186e-01 9.884944048830112129e-01 1.507827384785636292e-03 9.854526958290945604e-01 9.904374364191250724e-01
7.655310621242484848e-01 9.887487283825026063e-01 1.416342159426820175e-03 9.858596134282807677e-01 9.906408952187182315e-01
7.675350701402805509e-01 9.889318413021364051e-01 1.325452490327754494e-03 9.862665310274669750e-01 9.908443540183112797e-01
7.695390781563125060e-01 9.891454730417089669e-01 1.305192560346463398e-03 9.864699898270600231e-01 9.910478128179043278e-01
7.715430861723445721e-01 9.893184130213631411e-01 1.296401409731358844e-03 9.866734486266530713e-01 9.911495422177009074e-01
7.735470941883766383e-01 9.894710071210580660e-01 1.181331970735895621e-03 9.871820956256358581e-01 9.912512716174974869e-01
7.755511022044087044e-01 9.896032553407934085e-01 1.112344816507568074e-03 9.872838250254323267e-01 9.913530010172939555e-01
7.775551102204407705e-01 9.897456765005087087e-01 1.125294552107823642e-03 9.873855544252289063e-01 9.915564598168871147e-01
7.795591182364728366e-01 9.899287894201422855e-01 1.130982063860606467e-03 9.874872838250254858e-01 9.917599186164801628e-01
7.815631262525049028e-01 9.900712105798575857e-01 1.168073252851035406e-03 9.874872838250254858e-01 9.918616480162767424e-01
7.835671342685369689e-01 9.902746693794506339e-01 1.178657038287707912e-03 9.878942014242115821e-01 9.922685656154628386e-01
7.855711422845690350e-01 9.904374364191250724e-01 1.242598696610593568e-03 9.878942014242115821e-01 9.924720244150559978e-01
7.875751503006011012e-01 9.904984740590029313e-01 1.247751626161717163e-03 9.878942014242115821e-01 9.924720244150559978e-01
7.895791583166331673e-01 9.906714140386568834e-01 1.264926445195193629e-03 9.879959308240081617e-01 9.927772126144456255e-01
7.915831663326652334e-01 9.908646998982707510e-01 1.210366121484102555e-03 9.884028484231942580e-01 9.928789420142420941e-01
7.935871743486972996e-01 9.910783316378433128e-01 1.206297940308550046e-03 9.886063072227874171e-01 9.930824008138352532e-01
7.955911823647293657e-01 9.912614445574773336e-01 1.176239998883935999e-03 9.892166836215666725e-01 9.933875890132247699e-01
7.975951903807614318e-01 9.913428280773144419e-01 1.144127906021513881e-03 9.894201424211597207e-01 9.933875890132247699e-01
7.995991983967934980e-01 9.915361139369279764e-01 1.163279133991702201e-03 9.896236012207527688e-01 9.935910478128179291e-01
8.016032064128255641e-01 9.916683621566633189e-01 1.092300925829492323e-03 9.900305188199389761e-01 9.935910478128179291e-01
8.036072144288576302e-01 9.917293997965412888e-01 1.088124214544903970e-03 9.900305188199389761e-01 9.935910478128179291e-01
8.056112224448896963e-01 9.918819938962359917e-01 1.020138444494148163e-03 9.904374364191250724e-01 9.935910478128179291e-01
8.076152304609217625e-01 9.920651068158699015e-01 9.586343022901150151e-04 9.907426246185147001e-01 9.936927772126143976e-01
8.096192384769538286e-01 9.921566632756867454e-01 9.449889204969613276e-04 9.908443540183112797e-01 9.937945066124109772e-01
8.116232464929858947e-01 9.922787385554425743e-01 9.687822723951084857e-04 9.909460834181078592e-01 9.940996948118006049e-01
8.136272545090179609e-01 9.924211597151577635e-01 9.169764179714992190e-04 9.912512716174974869e-01 9.940996948118006049e-01
8.156312625250500270e-01 9.925635808748726197e-01 8.504602160132886763e-04 9.915564598168871147e-01 9.940996948118006049e-01
8.176352705410820931e-01 9.926653102746693103e-01 8.207362543857516912e-04 9.916581892166835832e-01 9.940996948118006049e-01
8.196392785571141593e-01 9.928280773143438598e-01 8.379563727451239900e-04 9.917599186164801628e-01 9.942014242115971845e-01
8.216432865731462254e-01 9.930010172939980340e-01 8.059126071348185396e-04 9.919633774160732109e-01 9.944048830111902326e-01
8.236472945891782915e-01 9.931332655137335985e-01 7.843725951658678469e-04 9.920651068158697905e-01 9.944048830111902326e-01
8.256513026052103577e-01 9.932756866734486767e-01 7.025223467189951150e-04 9.923702950152594182e-01 9.944048830111902326e-01
8.276553106212424238e-01 9.933977619532046166e-01 7.467935768965439265e-04 9.924720244150559978e-01 9.947100712105798603e-01
8.296593186372744899e-01 9.935198372329603345e-01 7.880582057727177764e-04 9.925737538148524663e-01 9.951169888097660676e-01
8.316633266533065560e-01 9.936724313326552593e-01 7.403216845843564901e-04 9.927772126144456255e-01 9.951169888097660676e-01
8.336673346693386222e-01 9.938250254323500732e-01 7.004569678576500532e-04 9.929806714140386736e-01 9.952187182095625362e-01
8.356713426853706883e-01 9.939776195320447760e-01 6.744897031231404530e-04 9.931841302136317218e-01 9.953204476093591158e-01
8.376753507014027544e-01 9.940284842319430103e-01 6.353813415921742182e-04 9.933875890132247699e-01 9.953204476093591158e-01
8.396793587174348206e-01 9.941403865717193256e-01 5.847449791739684670e-04 9.933875890132247699e-01 9.953204476093591158e-01
8.416833667334668867e-01 9.942319430315361695e-01 5.967450407350031322e-04 9.933875890132247699e-01 9.953204476093591158e-01
8.436873747494989528e-01 9.943133265513732777e-01 6.677820318322090802e-04 9.934893184130213495e-01 9.954221770091556953e-01
8.456913827655310190e-01 9.944252288911495929e-01 6.652200498177897629e-04 9.935910478128179291e-01 9.957273652085453230e-01
8.476953907815630851e-01 9.944862665310274519e-01 6.714140386571763701e-04 9.936927772126143976e-01 9.958290946083417916e-01
8.496993987975951512e-01 9.946083418107832808e-01 6.187957813121370589e-04 9.939979654120040253e-01 9.959308240081383712e-01
8.517034068136272174e-01 9.946795523906409864e-01 5.984767479179185909e-04 9.939979654120040253e-01 9.959308240081383712e-01
8.537074148296592835e-01 9.947405900305188453e-01 5.827061441147368551e-04 9.940996948118006049e-01 9.959308240081383712e-01
8.557114228456913496e-01 9.948321464903358002e-01 6.234609744066942722e-04 9.940996948118006049e-01 9.960325534079348397e-01
8.577154308617234157e-01 9.949440488301120045e-01 5.897673668620759214e-04 9.943031536113936530e-01 9.960325534079348397e-01
8.597194388777554819e-01 9.950762970498475690e-01 6.038991690602565432e-04 9.944048830111902326e-01 9.962360122075279989e-01
8.617234468937875480e-01 9.952288911495422719e-01 6.408952187181902018e-04 9.945066124109868122e-01 9.964394710071210470e-01
8.637274549098196141e-01 9.953509664292979897e-01 6.717992667792138965e-04 9.945066124109868122e-01 9.965412004069176266e-01
8.657314629258516803e-01 9.954526958290944583e-01 7.294076000098918735e-04 9.945066124109868122e-01 9.967446592065106747e-01
8.677354709418837464e-01 9.955442522889115242e-01 7.030377433640442545e-04 9.946083418107832808e-01 9.968463886063072543e-01
8.697394789579158125e-01 9.956765005086468667e-01 6.596741744404328693e-04 9.948118006103764399e-01 9.968463886063072543e-01
8.717434869739478787e-01 9.957985757884028066e-01 6.930303694913885187e-04 9.949135300101729085e-01 9.970498474059003025e-01
8.737474949899798338e-01 9.958494404883010409e-01 7.190476926580860548e-04 9.949135300101729085e-01 9.971515768056968820e-01
8.757515030060118999e-01 9.959511698880977315e-01 7.059756489480118261e-04 9.951169888097660676e-01 9.972533062054933506e-01
8.777555110220439660e-01 9.960427263479146864e-01 6.861269065683452519e-04 9.952187182095625362e-01 9.972533062054933506e-01
8.797595190380760322e-01 9.961342828077313083e-01 6.608497159272176029e-04 9.952187182095625362e-01 9.972533062054933506e-01
8.817635270541080983e-01 9.962461851475076235e-01 6.212160586275353993e-04 9.953204476093591158e-01 9.972533062054933506e-01
8.837675350701401644e-01 9.963479145473040921e-01 5.974383259420292750e-04 9.954221770091556953e-01 9.972533062054933506e-01
8.857715430861722306e-01 9.964394710071211581e-01 6.171210941242383403e-04 9.954221770091556953e-01 9.974567650050865097e-01
8.877755511022042967e-01 9.965310274669378909e-01 6.161980761305433686e-04 9.955239064089521639e-01 9.975584944048829783e-01
8.897795591182363628e-01 9.966022380467954855e-01 5.935280629019276579e-04 9.956256358087487435e-01 9.976602238046795579e-01
8.917835671342684289e-01 9.967141403865718008e-01 6.353813415921360543e-04 9.957273652085453230e-01 9.978636826042726060e-01
8.937875751503004951e-01 9.968056968463887557e-01 6.595957305166731026e-04 9.957273652085453230e-01 9.978636826042726060e-01
8.957915831663325612e-01 9.968870803662257529e-01 6.564502870763652210e-04 9.958290946083417916e-01 9.978636826042726060e-01
8.977955911823646273e-01 9.969684638860630832e-01 6.573955003623012513e-04 9.958290946083417916e-01 9.979654120040691856e-01
8.997995991983966935e-01 9.970396744659207888e-01 6.294904783074352361e-04 9.960325534079348397e-01 9.980671414038657652e-01
9.018036072144287596e-01 9.971515768056968820e-01 6.608497159272534900e-04 9.960325534079348397e-01 9.982706002034588133e-01
9.038076152304608257e-01 9.971922685656154917e-01 6.388735897500731923e-04 9.960325534079348397e-01 9.982706002034588133e-01
9.058116232464928919e-01 9.972634791454730863e-01 6.584179501641781399e-04 9.961342828077314193e-01 9.983723296032553929e-01
9.078156312625249580e-01 9.973245167853509452e-01 6.450799130208493626e-04 9.962360122075279989e-01 9.984740590030518614e-01
9.098196392785570241e-01 9.975076297049847440e-01 6.005482052144625127e-04 9.964394710071210470e-01 9.984740590030518614e-01
9.118236472945890903e-01 9.975686673448626030e-01 5.922189044894451884e-04 9.964394710071210470e-01 9.984740590030518614e-01
9.138276553106211564e-01 9.976398779247201976e-01 5.586787474159182797e-04 9.966429298067140952e-01 9.984740590030518614e-01
9.158316633266532225e-01 9.977517802644962908e-01 5.372429675080771846e-04 9.967446592065106747e-01 9.985757884028484410e-01
9.178356713426852886e-01 9.978840284842318553e-01 4.679552390640869821e-04 9.969481180061037229e-01 9.986775178026449096e-01
9.198396793587173548e-01 9.979348931841300896e-01 4.195644074730529491e-04 9.971515768056968820e-01 9.986775178026449096e-01
9.218436873747494209e-01 9.980264496439469335e-01 4.048778991278269269e-04 9.972533062054933506e-01 9.986775178026449096e-01
9.238476953907814870e-01 9.981078331637842638e-01 4.099581216604319261e-04 9.973550356052899302e-01 9.987792472024414892e-01
9.258517034068135532e-01 9.981281790437435131e-01 4.124747697398432303e-04 9.973550356052899302e-01 9.987792472024414892e-01
9.278557114228456193e-01 9.981586978636824981e-01 4.105887298191298056e-04 9.974567650050865097e-01 9.987792472024414892e-01
9.298597194388776854e-01 9.982095625635807323e-01 4.099581216604379977e-04 9.975584944048829783e-01 9.988809766022380687e-01
9.318637274549097516e-01 9.983011190233976873e-01 3.967446592065017579e-04 9.976602238046795579e-01 9.990844354018311169e-01
9.338677354709418177e-01 9.983519837232959215e-01 3.336972424589410946e-04 9.978636826042726060e-01 9.990844354018311169e-01
9.358717434869738838e-01 9.984231943031535161e-01 3.060347702236329245e-04 9.978636826042726060e-01 9.990844354018311169e-01
9.378757515030059499e-01 9.984842319430315971e-01 3.357070193285874261e-04 9.978636826042726060e-01 9.991861648016276964e-01
9.398797595190380161e-01 9.985656154628687053e-01 2.708754212755650620e-04 9.981688708036622337e-01 9.991861648016276964e-01
9.418837675350700822e-01 9.986368260427262999e-01 2.541199592430679229e-04 9.982706002034588133e-01 9.991861648016276964e-01
9.438877755511021483e-01 9.986876907426246452e-01 2.057349788011965668e-04 9.984740590030518614e-01 9.991861648016276964e-01
9.458917835671342145e-01 9.987385554425228795e-01 1.886799286977863983e-04 9.984740590030518614e-01 9.991861648016276964e-01
9.478957915831662806e-01 9.988402848423193481e-01 1.993480970728904597e-04 9.985757884028484410e-01 9.992878942014241650e-01
9.498997995991983467e-01 9.989420142421158166e-01 1.886799286977792426e-04 9.986775178026449096e-01 9.992878942014241650e-01
9.519038076152304129e-01 9.990030518819938976e-01 1.750218772541594823e-04 9.987792472024414892e-01 9.992878942014241650e-01
9.539078156312624790e-01 9.990335707019326605e-01 1.776627588664535435e-04 9.987792472024414892e-01 9.993896236012207446e-01
9.559118236472945451e-01 9.991251271617496155e-01 1.589064023582245373e-04 9.988809766022380687e-01 9.993896236012207446e-01
9.579158316633266113e-01 9.991556459816888225e-01 1.579264974187143914e-04 9.988809766022380687e-01 9.993896236012207446e-01
9.599198396793586774e-01 9.991963377416073211e-01 1.845204185881741614e-04 9.988809766022380687e-01 9.994913530010173242e-01
9.619238476953907435e-01 9.992878942014241650e-01 2.034587995930980887e-04 9.989827060020345373e-01 9.995930824008137927e-01
9.639278557114228096e-01 9.993082400813835253e-01 1.808381366697061569e-04 9.989827060020345373e-01 9.995930824008137927e-01
9.659318637274548758e-01 9.993692777212614953e-01 1.750218772541775613e-04 9.990844354018311169e-01 9.996948118006103723e-01
9.679358717434869419e-01 9.994201424211597296e-01 1.643488750905839593e-04 9.990844354018311169e-01 9.996948118006103723e-01
9.699398797595190080e-01 9.994608341810783392e-01 1.368629099397234154e-04 9.992878942014241650e-01 9.996948118006103723e-01
9.719438877755510742e-01 9.995015259409971708e-01 1.155423875035647171e-04 9.992878942014241650e-01 9.996948118006103723e-01
9.739478957915831403e-01 9.995015259409971708e-01 1.155423875035647171e-04 9.992878942014241650e-01 9.996948118006103723e-01
9.759519038076150954e-01 9.995625635808750298e-01 1.368629099397184552e-04 9.993896236012207446e-01 9.997965412004069519e-01
9.779559118236471615e-01 9.996236012207528887e-01 1.207969693493294834e-04 9.993896236012207446e-01 9.997965412004069519e-01
9.799599198396792277e-01 9.996541200406918737e-01 1.220752797558436798e-04 9.994913530010173242e-01 9.998982706002034204e-01
9.819639278557112938e-01 9.997151576805697326e-01 1.424211597151479782e-04 9.994913530010173242e-01 9.998982706002034204e-01
9.839679358717433599e-01 9.997253306205493573e-01 1.290801377461790777e-04 9.994913530010173242e-01 9.998982706002034204e-01
9.859719438877754261e-01 9.997355035605289819e-01 1.302771970993464601e-04 9.994913530010173242e-01 9.998982706002034204e-01
9.879759519038074922e-01 9.998067141403865765e-01 8.450278599102401401e-05 9.995930824008137927e-01 9.998982706002034204e-01
9.899799599198395583e-01 9.998677517802644354e-01 9.155645981687473677e-05 9.996948118006103723e-01 1.000000000000000000e+00
9.919839679358716245e-01 9.999084435401831561e-01 9.597132382559980519e-05 9.996948118006103723e-01 1.000000000000000000e+00
9.939879759519036906e-01 9.999491353001017657e-01 6.824215597659673879e-05 9.997965412004069519e-01 1.000000000000000000e+00
9.959919839679357567e-01 9.999593082400813904e-01 4.983702426824215766e-05 9.998982706002034204e-01 1.000000000000000000e+00
9.979959919839678228e-01 9.999898270600203753e-01 3.051881993897387617e-05 9.998982706002034204e-01 1.000000000000000000e+00
1.000000000000000000e+00 1.000000000000000000e+00 0.000000000000000000e+00 1.000000000000000000e+00 1.000000000000000000e+00
