# signal_efficiencies		0sq-mean	0sq-std	0sq-min	0sq-max	1sq-mean	1sq-std	1sq-min	1sq-max	2sq-mean	2sq-std	2sq-min	2sq-max	all-mean	all-std	all-min	all-max
1.000000000000000021e-02 1.208961421387434211e-02 1.191299404221780878e-02 1.636064065636344024e-03 2.712124911075792372e-02 nan nan nan nan nan nan nan nan nan nan nan nan
1.497487437185929596e-02 7.842792185248413303e-03 6.569692579786729283e-03 2.045168462524516069e-03 2.072076459287065797e-02 1.224556952661066678e-01 3.897014376601715124e-02 7.004694579300307922e-02 1.546058711116110040e-01 3.032083535755355497e-01 3.913791306138801607e-02 2.466524277574252966e-01 3.364793985772348006e-01 3.398447911388103870e-01 3.775847670951254509e-02 2.852280857832834027e-01 3.719727078403737286e-01
1.994974874371859344e-02 4.779202246618511826e-03 3.440869079290928036e-03 2.387509183433621923e-03 1.432028007498339049e-02 1.263243834516039332e-01 3.745836645976005630e-02 7.556077308958901451e-02 1.784964575467824777e-01 3.396968064885554917e-01 3.511031996954424445e-02 2.837359493569560076e-01 3.877821338086542835e-01 3.823502112197670333e-01 3.320483279257136627e-02 3.264069562398725921e-01 4.287518345740012893e-01
2.492462311557788746e-02 3.861023350323718271e-03 1.580103104813019394e-03 2.428439356553945775e-03 7.919795557096126482e-03 1.208720490850334617e-01 3.255926941743283315e-02 8.395155857325914406e-02 1.986573414038964036e-01 3.673133626708527943e-01 3.661466964163207632e-02 3.083078688815890089e-01 4.325425667647441186e-01 4.145400206088464823e-01 3.555174240702013710e-02 3.571424618954550101e-01 4.780971648500316751e-01
2.989949748743718494e-02 4.155508415407014808e-03 8.863729490744668739e-04 3.147873204680264308e-03 6.276725346746727177e-03 1.317777290891223030e-01 3.352412048035029180e-02 9.880500261677924168e-02 2.179935294959674807e-01 4.013476786363481819e-01 3.347482697566731696e-02 3.522247526018593700e-01 4.590056265661505153e-01 4.540698909065624678e-01 3.260116130989776373e-02 4.063532867923918546e-01 5.114228523789416947e-01
3.487437185929648242e-02 3.972393497408335285e-03 1.010369690007267363e-03 2.847894528261557881e-03 6.773234372549104786e-03 1.366647980866993739e-01 2.545026236438821185e-02 9.655407324428522120e-02 1.877737260659882723e-01 4.249894500552880983e-01 3.075598473908042543e-02 3.617940581831318725e-01 4.588286345810584921e-01 4.824763339524177352e-01 3.101987554020043530e-02 4.167083776854821897e-01 5.176090474169539046e-01
3.984924623115577991e-02 4.201939354547474734e-03 1.004077466168882930e-03 3.263822608605955120e-03 7.123453146652200876e-03 1.372198503894163646e-01 1.598037140341444784e-02 1.090280680079196013e-01 1.611409059048231895e-01 4.515011954718952114e-01 2.889946209281413908e-02 3.959440213796289187e-01 4.800438657790083719e-01 5.119649574174168771e-01 2.742012896241465686e-02 4.581781325253654336e-01 5.424629048717997115e-01
4.482412060301507739e-02 4.290210050862467046e-03 1.029890446204036929e-03 3.227882903591287791e-03 7.205040708221551946e-03 1.386781606843891512e-01 1.813400000515925578e-02 1.139317372141516183e-01 1.766066821965646960e-01 4.637814093834407569e-01 2.960915173664415909e-02 4.163020744165033538e-01 5.157806120403237715e-01 5.287757370090637732e-01 2.929654786784241863e-02 4.821075285907049368e-01 5.817351907024796986e-01
4.979899497487437487e-02 4.697921775488501407e-03 1.216971755322480411e-03 3.395075061801093325e-03 8.105393328456804089e-03 1.424963789243494094e-01 2.229777602293876726e-02 1.187083067194504016e-01 1.918212308014085044e-01 4.849157702548915760e-01 3.401700094779547268e-02 4.357110543849314066e-01 5.496707998359045000e-01 5.534528896471894166e-01 3.495399497964704616e-02 5.049505576190203016e-01 6.188302290563949537e-01
5.477386934673367236e-02 4.865740794829022386e-03 1.277035181070848785e-03 3.702031059707536383e-03 8.500863200205412140e-03 1.486809223641276656e-01 2.092514015155715057e-02 1.234956430888326934e-01 1.977744367062217457e-01 5.091996343476690168e-01 3.295959558746788809e-02 4.676661468100519747e-01 5.647882665493578758e-01 5.808507245006598874e-01 3.329060073480512999e-02 5.406579339918066163e-01 6.378396261374565945e-01
5.974874371859296984e-02 5.153678070769493642e-03 1.147865585287412369e-03 3.935186688014671516e-03 8.366350807088362984e-03 1.528924112530448132e-01 2.121095789634773465e-02 1.144125618204368672e-01 1.972851050964897213e-01 5.309836591579951692e-01 3.326321205499890160e-02 4.915846142004987596e-01 5.876646883960398027e-01 6.048159997514099828e-01 3.345039070560488353e-02 5.617651032622050788e-01 6.639939164876796918e-01
6.472361809045226733e-02 5.136907877660055327e-03 9.486447803047998390e-04 4.101251071231526955e-03 7.750036355002536126e-03 1.571866353748173351e-01 2.114273200142108289e-02 1.232335825663596895e-01 2.101772130086178580e-01 5.522490509045356877e-01 3.336323215264864334e-02 5.102272888250795058e-01 6.173389442794222637e-01 6.291323476545778171e-01 3.526381896857393866e-02 5.706162433835406667e-01 6.965508337206580691e-01
6.969849246231155093e-02 5.547991150566601234e-03 1.391081063358544931e-03 4.574894735145013797e-03 9.515898572607114567e-03 1.612555968628403558e-01 2.384877769789228025e-02 1.296882728320077893e-01 2.226807234672933955e-01 5.706696715660690700e-01 3.906047703322410719e-02 4.961251449281991466e-01 6.457548630146490165e-01 6.488139813101035935e-01 3.824627718638052426e-02 5.771302357471151945e-01 7.277986628104358147e-01
7.467336683417084842e-02 5.223771391618027386e-03 1.193974424812662468e-03 4.279483031159043820e-03 8.518752787930914186e-03 1.668710531079274639e-01 2.595835028332301592e-02 1.362895723906210332e-01 2.349257183021986051e-01 5.819726840224095366e-01 3.877602462334124589e-02 5.229006368140745042e-01 6.730706602388718540e-01 6.654630335759396109e-01 3.900472344235758615e-02 6.071861797224105128e-01 7.577876074246742144e-01
7.964824120603014590e-02 5.619333462327512005e-03 1.113592873233052762e-03 4.752314585450486371e-03 8.815112130098322687e-03 1.733909264463941169e-01 2.615031325877788942e-02 1.434394520184777977e-01 2.419599353686367194e-01 6.005892923313599363e-01 4.016204910088962826e-02 5.429219222085668317e-01 6.919393117746354127e-01 6.860014957900151256e-01 4.046132770148841429e-02 6.256910634386637637e-01 7.769867810383255247e-01
8.462311557788944338e-02 5.344200084167692252e-03 1.334040218520668670e-03 4.345105431978493055e-03 9.159613244468577803e-03 1.762843623557333594e-01 2.492975675256533033e-02 1.474231512346442785e-01 2.390047064497674012e-01 6.160396995243735407e-01 3.949844163266022501e-02 5.639050940397449807e-01 7.044546286944191049e-01 7.059651012819343485e-01 4.007477678361857226e-02 6.539979195591005823e-01 7.951629309825898329e-01
8.959798994974874087e-02 5.598861225126340428e-03 1.380599262903200878e-03 4.568129034119980045e-03 9.488824275122272056e-03 1.779527057638450038e-01 2.675098149692033134e-02 1.416658657259263765e-01 2.499685766619352545e-01 6.341145938124924664e-01 4.215572488403862561e-02 5.785296078984014656e-01 7.294106345921512746e-01 7.257866548004133778e-01 4.260696499664565901e-02 6.690102494882899098e-01 8.226038611815642554e-01
9.457286432160803835e-02 5.423732641365046694e-03 1.523396095687223548e-03 4.237063404362216568e-03 9.813739385766878653e-03 1.799741377517870000e-01 2.700728867540896916e-02 1.489526282792569545e-01 2.555225230679444293e-01 6.475053199020019967e-01 4.553761504531027987e-02 5.863623266180228999e-01 7.536978193124298508e-01 7.388862525152921634e-01 4.828303749005856405e-02 6.637998627556837006e-01 8.491873422938462923e-01
9.954773869346733584e-02 5.533226968532292157e-03 1.498930950256940941e-03 4.562930650574940905e-03 9.909059273850794047e-03 1.825864169803858572e-01 2.683425274971889748e-02 1.508516311710642599e-01 2.546527207492344513e-01 6.594595657406143729e-01 4.584781589222580028e-02 5.892808280146322186e-01 7.711994371542345572e-01 7.536773013048608805e-01 4.379413519728487386e-02 6.858736751329339576e-01 8.616136673307349669e-01
1.045226130653266333e-01 5.165681323144470476e-03 1.558614487121550395e-03 3.595624291605559100e-03 9.510540322085812501e-03 1.873368705124229538e-01 2.795373039937584791e-02 1.560488954315429611e-01 2.647100833434384293e-01 6.739481392024155859e-01 4.267544697700805661e-02 6.117267903631175008e-01 7.818863808693592432e-01 7.726765835350695166e-01 4.212359186117629190e-02 7.111161334540961887e-01 8.827307024688940684e-01
1.094974874371859308e-01 5.396762215570444568e-03 1.374339147731036851e-03 4.203961953877257546e-03 9.331528377785064041e-03 1.919519038967978930e-01 2.530341549238036489e-02 1.602707447979068445e-01 2.601726131536102882e-01 6.855697004487836255e-01 4.372857520608838811e-02 6.337414034878976477e-01 8.017719486544593321e-01 7.857043561420301581e-01 4.432891688737088803e-02 7.212989372784397446e-01 8.977288299912088432e-01
1.144723618090452283e-01 5.594799483381705449e-03 1.682585957291220582e-03 3.836323625333608670e-03 1.025592291578784031e-02 1.876971413939761968e-01 1.970208141975558422e-02 1.638704535652665273e-01 2.399896010735693419e-01 7.006350478815359661e-01 4.354586433106350657e-02 6.386383531005856984e-01 8.095551886549281484e-01 8.052587507530899469e-01 4.486605339690904332e-02 7.399350877470864951e-01 9.153532142246815217e-01
1.194472361809045258e-01 5.099098025463507863e-03 1.060454994473380768e-03 3.781837978718365165e-03 7.769304087983948566e-03 1.857152225956973379e-01 1.721351195777540491e-02 1.601502541620825615e-01 2.282469958926437170e-01 7.099782060915507120e-01 4.848312271294841214e-02 6.516771568929101699e-01 8.311618042999099343e-01 8.104324629735281116e-01 4.807392227433161802e-02 7.578210075009447211e-01 9.391269699010397209e-01
1.244221105527638233e-01 5.197162650528303930e-03 1.191985830369078408e-03 3.868979097066037754e-03 8.214753632079623002e-03 1.861786996757913148e-01 1.668387955783102658e-02 1.627141802550111371e-01 2.295961512348871358e-01 7.131846450510919144e-01 4.362752061831423611e-02 6.644747987157365587e-01 8.212050855155459406e-01 8.165610393994462424e-01 4.281323580209864949e-02 7.727602528422861106e-01 9.201299880640761986e-01
1.293969849246231207e-01 4.884946661588132621e-03 7.407279172959743653e-04 3.735862048420465504e-03 6.232870972488051622e-03 1.892800335074783513e-01 1.820538547594861140e-02 1.638565701081723114e-01 2.369622739156113100e-01 7.211200662511375592e-01 4.440739119780000299e-02 6.770271148818667317e-01 8.284682210364934241e-01 8.261815939722539914e-01 3.759033164227854745e-02 7.799559817602633727e-01 9.158339714703842560e-01
1.343718592964824043e-01 4.970797384238176755e-03 6.570086086461499140e-04 3.838061873010716486e-03 5.863032229011250727e-03 1.931304910406711484e-01 1.933473684080854946e-02 1.672797263240685950e-01 2.447971511679808976e-01 7.305223586812473746e-01 3.961287916558050431e-02 6.769843175381796696e-01 8.227913388297538599e-01 8.392186828868473114e-01 4.054988414018085435e-02 7.807691101966699465e-01 9.323008543481887678e-01
1.393467336683417157e-01 4.799883493504709768e-03 5.659018301878579677e-04 3.892688309001613410e-03 5.754565975712395975e-03 1.962436245784186239e-01 1.961941095919860628e-02 1.730567803725588660e-01 2.488553779500237706e-01 7.410674298233403956e-01 3.902930777509716620e-02 6.875075660430587376e-01 8.307132199441012999e-01 8.540551760628026789e-01 4.166811187851697518e-02 7.941416029682780708e-01 9.485467727704863794e-01
1.443216080402010271e-01 4.914304141191966520e-03 5.801297368648016808e-04 3.924563077042349767e-03 5.773159798395829413e-03 1.961373804375398933e-01 1.641170173619902611e-02 1.748442699645354759e-01 2.399250520074336090e-01 7.554530548055276018e-01 4.117462011092559021e-02 6.996722882584067715e-01 8.504833072962433294e-01 8.687003836419394665e-01 4.124914596866635641e-02 8.084381563786616764e-01 9.703890511528003859e-01
1.492964824120603107e-01 4.765849423254383752e-03 4.253442642865708982e-04 4.043037301374696225e-03 5.528733907619609762e-03 1.971582064776213894e-01 1.554551355257861173e-02 1.773206275411569055e-01 2.357194390341768309e-01 7.688858073933740878e-01 4.097477804002278706e-02 7.089638369107769122e-01 8.699237983843025601e-01 8.817357315897169645e-01 4.253791572895351814e-02 8.224849751050740121e-01 9.918373047607360604e-01
1.542713567839196220e-01 4.919511384377552032e-03 5.256805200047834229e-04 4.159588684510275372e-03 5.860233875745965611e-03 2.003017135743655752e-01 1.645730511028364873e-02 1.805476372828492548e-01 2.426349791179195914e-01 7.796424194487298065e-01 4.186893317332161801e-02 7.233841384478342240e-01 8.890390124468595667e-01 8.959234357941415761e-01 4.238053623317585700e-02 8.430305680138551194e-01 1.004025535904800925e+00
1.592462311557789056e-01 4.748233549820393348e-03 3.834345464305751469e-04 4.187931455696069193e-03 5.457344533256783606e-03 2.001429181601322438e-01 1.232052417732821571e-02 1.837192511295490660e-01 2.278759969485841808e-01 7.901325570673152221e-01 4.184630980291456637e-02 7.413672246201734595e-01 8.961373989374645799e-01 9.064429905264621556e-01 4.004780590194839673e-02 8.633034603430259635e-01 9.999961785824059701e-01
1.642211055276382170e-01 4.872278813994299768e-03 3.122653271585862388e-04 4.378540947342006266e-03 5.461474009640764765e-03 2.006672702906187877e-01 1.199796006750563845e-02 1.826096190159904042e-01 2.240570379371963350e-01 8.001054518488261991e-01 3.887840065826608793e-02 7.591342538138483587e-01 8.917342062353469379e-01 9.138161296209679207e-01 3.509814219420605286e-02 8.693591554078167194e-01 9.997675356588536788e-01
1.691959798994975006e-01 4.674187487828709506e-03 2.937745779186358083e-04 4.239611021016140985e-03 5.088029279629444589e-03 2.004720775506296793e-01 1.323807617359768450e-02 1.799279260945205183e-01 2.264168974618387953e-01 8.031072584388569968e-01 3.542293636275781893e-02 7.628486805091185818e-01 8.901348653358195362e-01 9.234571016844921321e-01 3.678297977840203070e-02 8.828627212846416050e-01 1.019927339006182931e+00
1.741708542713567842e-01 4.837412232061690312e-03 3.303298955964850767e-04 4.377579342100388314e-03 5.309908420948991278e-03 2.016566771184201134e-01 1.098709253638378500e-02 1.819325226970043841e-01 2.189089976573213303e-01 8.120733579320569273e-01 3.711229276629472024e-02 7.747432126472586500e-01 9.080243186471160799e-01 9.330130596635342055e-01 3.523355831261873461e-02 8.893984617156792671e-01 1.011705975041216732e+00
1.791457286432160956e-01 4.682805799311710523e-03 3.984126903317917372e-04 4.087085269914888033e-03 5.315599097665817119e-03 2.035422751374296180e-01 1.055811620762827155e-02 1.825642104683755651e-01 2.213264351703200794e-01 8.193114131173968584e-01 3.190322442050252255e-02 7.795146223908275829e-01 8.863241026098367392e-01 9.379932080671837813e-01 3.143055767454876887e-02 9.021863311636080240e-01 1.006695297597032690e+00
1.841206030150753792e-01 4.791103305107112867e-03 3.777117992097753208e-04 4.294411052678488890e-03 5.308880559266082426e-03 2.041521097447545896e-01 8.751267678635602648e-03 1.852605293627092309e-01 2.153963750969162261e-01 8.232401446598119898e-01 2.982978385943563585e-02 7.902619410036739733e-01 8.859489964980088450e-01 9.430135920262309179e-01 3.308453325530597011e-02 8.969817067576624225e-01 1.014684991987830687e+00
1.890954773869346905e-01 4.718803484166931086e-03 4.444338282807715440e-04 4.019549524118250401e-03 5.337289946987685586e-03 2.051300078590278242e-01 9.183309021883179907e-03 1.869181452242094088e-01 2.207467817591952375e-01 8.261646404328759630e-01 3.112834430058854587e-02 7.839836476268295939e-01 8.971610298584310472e-01 9.524435825231643005e-01 2.975249362375819231e-02 9.039849363129276449e-01 1.017348092008115712e+00
1.940703517587939742e-01 4.758715582491135354e-03 4.304994512813596521e-04 4.125794645357427556e-03 5.358080862802237082e-03 2.064932741754348933e-01 9.278419098182288244e-03 1.898777166488586632e-01 2.220173168444164458e-01 8.339808960635204382e-01 2.850762248008173114e-02 7.893181650737335353e-01 8.961692315276432730e-01 9.590532234567005210e-01 2.654779175427262813e-02 9.056494409890786246e-01 1.005802913364521434e+00
1.990452261306532855e-01 4.609280386824143351e-03 4.028144610974498637e-04 3.974825844668098893e-03 5.359950408931818573e-03 2.065695923479661522e-01 9.324353293647535609e-03 1.927973275802360997e-01 2.233324851944905598e-01 8.391414580507678966e-01 2.525158910522150302e-02 7.896548073113380806e-01 8.849143752102750504e-01 9.702894847473985118e-01 2.856763400447609458e-02 9.204906993381121172e-01 1.023893336298489221e+00
2.040201005025125691e-01 4.812468543005913972e-03 4.431446821844374365e-04 4.131842195623607744e-03 5.590901183824155234e-03 2.065906411426352562e-01 1.097277475525922086e-02 1.866576597555283934e-01 2.234513070607345719e-01 8.491245151731051655e-01 2.723518157800684791e-02 8.052329021452421243e-01 8.992241888134329120e-01 9.778895964260907459e-01 2.446948820707845959e-02 9.304473468265053171e-01 1.013827136319090938e+00
2.089949748743718805e-01 4.703927371792861363e-03 4.055082223088504810e-04 4.123211891835367598e-03 5.549564671624694981e-03 2.073261587357133617e-01 9.875920069090151840e-03 1.880617285328292088e-01 2.236858067706079534e-01 8.544478705910558691e-01 2.291482955421028644e-02 8.106237805384239881e-01 8.899786529857004469e-01 9.844009071388974963e-01 2.345101911391441613e-02 9.426074817292381391e-01 1.024970137535613723e+00
2.139698492462311641e-01 4.755828909315544875e-03 3.679994228982480346e-04 4.161799458716529052e-03 5.486491504830210211e-03 2.086453746187256209e-01 1.023456705061121484e-02 1.909056376940130584e-01 2.281132139158224270e-01 8.601480639446282828e-01 2.219855919857853868e-02 8.209107388377715475e-01 8.992811817179526823e-01 9.929954280206075845e-01 2.485567594376094508e-02 9.495105632762103065e-01 1.029483324013682921e+00
2.189447236180904754e-01 4.672081134065070480e-03 3.295108989521030045e-04 4.206003360052985515e-03 5.342334784076193527e-03 2.090593524072107967e-01 1.081569202215052275e-02 1.924021984294079779e-01 2.311364974226251257e-01 8.680519789791473206e-01 2.358414116824814055e-02 8.310727667845372313e-01 9.022333173611101209e-01 9.986550025144389497e-01 2.688327166028148599e-02 9.564347310378069622e-01 1.040492155580013067e+00
2.239195979899497591e-01 4.802609141793324696e-03 3.764173438444141885e-04 4.259251695343461985e-03 5.675551971761179371e-03 2.093887476570060746e-01 1.064545238020326440e-02 1.951367605102768132e-01 2.310574403459994541e-01 8.725355732566179023e-01 2.508570735026068380e-02 8.276445087889420238e-01 9.064563178636509955e-01 1.003765836885476936e+00 2.171125449533188936e-02 9.682398318983724828e-01 1.039638758816683328e+00
2.288944723618090704e-01 4.868785672858119522e-03 3.450155753477621655e-04 4.376147564388233567e-03 5.575151907922416480e-03 2.092348353168660968e-01 9.541438883708435598e-03 1.952601923260129380e-01 2.275188846624359718e-01 8.771278400146611531e-01 2.023844553534966118e-02 8.416788965900556807e-01 9.087667437125437342e-01 1.007819266985817919e+00 2.566647721174542679e-02 9.656333259333581553e-01 1.049998794682784009e+00
2.338693467336683540e-01 4.838957137211665274e-03 3.520795958169241065e-04 4.343046090955433002e-03 5.634412681893702195e-03 2.091090331893747933e-01 9.200213061351492083e-03 1.979816810820440864e-01 2.271242250921818029e-01 8.793860276741589654e-01 2.375952815809781807e-02 8.411622779439548170e-01 9.179661730014910814e-01 1.014570098448478452e+00 2.552455211073196770e-02 9.726836191873622361e-01 1.060832823590715401e+00
2.388442211055276654e-01 4.886305353068468200e-03 4.049662192273057815e-04 4.309944617522632436e-03 5.776787164725415841e-03 2.096415284355214737e-01 9.475110959059354632e-03 1.990062805411506319e-01 2.262339987276100750e-01 8.834248253526606476e-01 2.206761278475322802e-02 8.453205675627907256e-01 9.159787859316836922e-01 1.019631978008127327e+00 2.322883653609595506e-02 9.797275870465751435e-01 1.054451894491220454e+00
2.438190954773869490e-01 4.884593642124147699e-03 4.067857488344358142e-04 4.276843144089831870e-03 5.762433289255269875e-03 2.108037880975566214e-01 1.002449950091667194e-02 1.988140453376048000e-01 2.275422726225798942e-01 8.884756540159614024e-01 2.105004892111158113e-02 8.535727075832393318e-01 9.197905321037841420e-01 1.025208666933313806e+00 2.249388798323925104e-02 9.867619520113981579e-01 1.065261282499536888e+00
2.487939698492462326e-01 4.994038964068147485e-03 3.882629934127638377e-04 4.546914234970950673e-03 5.878079421522313178e-03 2.100726743431549914e-01 1.121064651383764550e-02 1.950261825062361842e-01 2.318709776680805135e-01 8.928057806395856000e-01 1.937301149995179772e-02 8.589460850090134825e-01 9.228947720264891741e-01 1.026624714518725723e+00 2.416752313727559692e-02 9.874033426835211458e-01 1.067423097412812938e+00
2.537688442211055162e-01 4.949149925877411975e-03 3.560050214281266926e-04 4.457383914641220059e-03 5.734694081150764310e-03 2.090240850463119249e-01 1.187697797218552342e-02 1.924000454376857960e-01 2.291121530756022873e-01 8.954624867268486943e-01 2.156394107764598653e-02 8.605845358739838691e-01 9.277480710388052998e-01 1.031854734104203031e+00 2.436430500992702378e-02 9.966012297979776058e-01 1.065599819992540720e+00
2.587437185929647998e-01 5.048247837311863571e-03 4.092057394975994909e-04 4.368092626075932919e-03 5.875583786320685842e-03 2.095918884847780550e-01 1.138377967248875230e-02 1.926867227885104006e-01 2.316096456818746707e-01 8.965960555860597037e-01 2.241506757663799115e-02 8.622930314726627854e-01 9.270183829867459924e-01 1.039548367002649076e+00 2.679365282825092731e-02 9.995992584441493189e-01 1.076289811641333971e+00
2.637185929648241389e-01 4.981944434341589040e-03 3.436318045220834510e-04 4.265122851043502694e-03 5.574436499751134026e-03 2.101031197267785589e-01 1.205171639300682898e-02 1.934968005461012996e-01 2.340815967558668442e-01 9.032266728384538146e-01 2.478218185456782657e-02 8.666919755438542428e-01 9.360704307147077463e-01 1.045375885006888161e+00 2.838338672006092064e-02 1.010705009484485162e+00 1.091909385802982912e+00
2.686934673366834225e-01 5.055901062765450621e-03 3.550887661433806564e-04 4.451890862633477684e-03 5.739606538643859078e-03 2.084268095596676640e-01 1.309834747409170316e-02 1.928036870469407305e-01 2.348871653380020519e-01 9.083979963289774417e-01 2.526232389326110370e-02 8.750469997467200667e-01 9.498001819013702773e-01 1.049865980144091715e+00 2.973151532982513598e-02 1.010083910169144117e+00 1.092434280149381820e+00
2.736683417085427061e-01 4.966082938096844264e-03 3.757811372448347453e-04 4.211069383345101766e-03 5.478269129131527540e-03 2.082722542144304911e-01 1.277704180194035727e-02 1.898227897729501679e-01 2.331214457438632592e-01 9.112203445637152566e-01 2.764225070954599503e-02 8.754608803948753515e-01 9.492635615531832549e-01 1.048859453557864585e+00 3.188690508121275191e-02 1.005795099630292677e+00 1.098040229024938919e+00
2.786432160804020453e-01 5.061087601012152944e-03 3.422776011009861412e-04 4.282936342641701678e-03 5.553115064959167346e-03 2.062804694901903546e-01 1.211047848626598498e-02 1.901269822862398096e-01 2.320811145070667825e-01 9.124612735206121261e-01 3.183666845480274954e-02 8.708101339009690633e-01 9.581016065700413975e-01 1.055470779253472102e+00 3.376150029578646461e-02 1.002336315209273465e+00 1.113187113123228711e+00
2.836180904522613289e-01 4.967446364215795905e-03 3.984053759358861043e-04 4.138420215287038489e-03 5.492358232354568881e-03 2.052809063324198269e-01 1.153453967564204048e-02 1.907232834083966710e-01 2.262554433879917781e-01 9.165845209086885825e-01 3.104904749851345250e-02 8.667750015372277517e-01 9.668592038420739110e-01 1.058910417237423296e+00 3.499795150144813238e-02 1.002831915855114886e+00 1.123420401388680379e+00
2.885929648241206125e-01 5.031418872190442440e-03 4.033324914077916355e-04 4.169338203300373795e-03 5.544988825648651705e-03 2.039118653517256463e-01 1.109097365431309032e-02 1.888708707644648765e-01 2.256462216335780591e-01 9.184050949510668138e-01 3.188773937529887359e-02 8.654123542706319006e-01 9.755385195156909273e-01 1.061847470612167887e+00 3.874873428686346349e-02 1.003593106474305330e+00 1.128854757061912073e+00
2.935678391959798961e-01 4.948391164752102486e-03 4.083974364275956277e-04 4.075969146116717283e-03 5.583571227210561844e-03 2.038954903725676560e-01 1.005929657880508254e-02 1.916161343875316669e-01 2.213738115121583749e-01 9.211181256129112871e-01 3.613060425619122468e-02 8.681590610979792455e-01 9.841412855014237682e-01 1.060705379169503360e+00 3.791476988505757678e-02 1.005185497532908423e+00 1.126805948590241746e+00
2.985427135678392352e-01 5.035828790763939578e-03 4.124169190250252196e-04 4.155052122931936556e-03 5.562819972292264159e-03 2.043391212936954138e-01 1.074582884059709954e-02 1.911239462795147059e-01 2.226501333556957229e-01 9.210301281437784926e-01 3.629660847354530123e-02 8.692637048923396170e-01 9.839091200986121999e-01 1.061288456992170115e+00 3.843107416753151206e-02 9.966625048704201850e-01 1.129720501939733390e+00
3.035175879396985188e-01 4.959399065673100390e-03 3.818409204513942387e-04 4.067221859162795800e-03 5.402661569513180113e-03 2.030560432355666411e-01 1.083473590378433715e-02 1.896494690119981397e-01 2.222269078553285870e-01 9.184482920102237102e-01 3.533260928425961678e-02 8.609817969885812383e-01 9.798001697573693880e-01 1.060063435831664957e+00 4.074063744814676591e-02 1.001271761858550047e+00 1.136634452365683501e+00
3.084924623115578024e-01 5.020010844088201342e-03 4.022684002106124848e-04 4.119716282871721535e-03 5.600998085340149271e-03 2.025576781063588572e-01 1.114915725516001620e-02 1.905711708381553071e-01 2.230240385568682815e-01 9.208214351888903693e-01 3.735075028798004459e-02 8.644307673514465273e-01 9.883342068521346890e-01 1.061340524512560890e+00 4.134092659545828691e-02 9.974078388602414247e-01 1.138128848480901345e+00
3.134673366834170860e-01 4.930760152530251628e-03 3.916533924526032916e-04 4.053323719259687569e-03 5.405331693176034999e-03 2.012589900953799804e-01 1.126675158651743898e-02 1.837678390295445219e-01 2.235689739950965926e-01 9.183645223405981772e-01 3.729494983639359412e-02 8.652439196681249722e-01 9.895631646093480116e-01 1.058780576278092855e+00 4.263503123958486268e-02 9.993864495054414210e-01 1.139822859500827068e+00
3.184422110552764251e-01 4.967266337800911070e-03 3.526836671673439514e-04 4.094994986185119916e-03 5.454293210113345808e-03 2.004431952452208621e-01 1.123169813264612155e-02 1.836959714536329780e-01 2.229184477795127517e-01 9.163569229349608491e-01 3.980764431325444636e-02 8.560335050615425212e-01 9.855252359440119792e-01 1.061720059153025586e+00 4.012141362146962736e-02 1.004265525619699728e+00 1.137745107322512439e+00
3.234170854271357087e-01 4.843668998826525587e-03 3.669514196428479407e-04 4.006393260804045481e-03 5.524598362151392564e-03 2.001556281199994847e-01 1.020266397521044782e-02 1.841994964886348451e-01 2.183645295107026207e-01 9.179316184265348122e-01 3.771484571656601864e-02 8.648350786793275180e-01 9.901875968659753502e-01 1.062583409603959250e+00 3.904076554017438250e-02 1.003875552670505877e+00 1.125838522632506056e+00
3.283919597989949923e-01 4.947704887066512944e-03 3.723767395009207315e-04 4.096046338964911583e-03 5.574992713206394085e-03 1.993396021874604407e-01 9.594027747698000499e-03 1.831802683355318040e-01 2.171381032594138505e-01 9.210357891642384498e-01 3.933075216211279201e-02 8.686104676345596243e-01 9.948630786326023712e-01 1.063702597566924979e+00 4.123142681520170633e-02 9.986983684992335464e-01 1.131112207983770990e+00
3.333668341708542759e-01 4.980513393680895823e-03 3.921112811947294482e-04 4.117000725711549014e-03 5.686744621885636390e-03 1.980623645649630393e-01 8.284400395597392441e-03 1.833985413001063547e-01 2.141647808302969691e-01 9.190192403779867680e-01 3.840830690946150927e-02 8.582574322034307590e-01 9.784301857850045137e-01 1.062140593589277815e+00 4.433399824803321149e-02 9.893632259025025855e-01 1.133789781890331305e+00
3.383417085427135595e-01 4.923318089665807210e-03 3.757769254000266020e-04 4.117629120833733031e-03 5.675421916450654886e-03 1.978908982533145733e-01 8.815497981135107450e-03 1.825119942428922171e-01 2.150859918569312801e-01 9.186076411600300196e-01 3.949718276568663089e-02 8.555775337105904210e-01 9.868160611426056716e-01 1.058397422346014860e+00 4.452445013205753865e-02 9.787867792805270417e-01 1.140066240245003248e+00
3.433165829145728987e-01 4.980217158649729095e-03 4.008436753002778932e-04 4.143501683547384448e-03 5.772557234578093270e-03 1.977960298951610130e-01 8.606685123368696538e-03 1.840187488395146620e-01 2.143699610555770685e-01 9.181771576798629653e-01 4.201707420263664505e-02 8.477589777984991803e-01 9.838339487227176772e-01 1.062872916346660812e+00 4.165349017793205239e-02 9.909485593987468199e-01 1.142878283927922345e+00
3.482914572864321823e-01 4.929642633952119671e-03 4.011556025812468263e-04 4.187641335754908878e-03 5.775463183242610099e-03 1.972383733460072175e-01 8.543486928487884977e-03 1.839500131932031712e-01 2.120438859610984383e-01 9.156647727273362625e-01 3.948556564698520177e-02 8.451429167138813092e-01 9.869626376224813757e-01 1.064238635922361009e+00 4.299418805371381380e-02 9.898092024846192327e-01 1.142442402560678083e+00
3.532663316582914659e-01 4.991970692439816511e-03 3.997354403594020672e-04 4.230687761106019691e-03 5.801282941459215761e-03 1.973684208630796799e-01 8.567350633903491816e-03 1.841878633525531606e-01 2.141703531497082535e-01 9.190644363561197849e-01 3.883911757046785290e-02 8.555589859291856669e-01 9.920362560929240070e-01 1.065736608443308642e+00 4.232206444674233015e-02 9.952899148705680599e-01 1.143569087690184283e+00
3.582412060301507495e-01 4.941481643856608826e-03 3.879293233244828745e-04 4.268684660247374155e-03 5.745680026284604239e-03 1.962305583818534649e-01 7.680959968211180725e-03 1.827039928586770834e-01 2.110069616108647683e-01 9.200973253843265365e-01 3.958133275017541169e-02 8.539145668060378336e-01 9.939890534515557485e-01 1.066355281199475424e+00 3.990592790196439282e-02 9.944645923800011778e-01 1.139521624547348733e+00
3.632160804020100886e-01 5.011125874611036327e-03 4.104382605879288966e-04 4.344800480241848249e-03 5.912658167599396490e-03 1.960250827527965367e-01 7.760410021353026690e-03 1.838731964238567163e-01 2.112427410825394591e-01 9.197332651653660207e-01 3.830145178544898388e-02 8.563520007153384572e-01 9.900301207988606578e-01 1.064725089230322830e+00 3.750086795494759345e-02 9.999738716659024584e-01 1.139510942259273074e+00
3.681909547738693722e-01 4.971164087397837369e-03 4.010127436090005627e-04 4.378791225849843968e-03 5.853434550988301233e-03 1.953011453953280296e-01 7.469428282201552236e-03 1.846136656943995480e-01 2.105504884919419950e-01 9.192060085038068484e-01 3.771768858717326756e-02 8.550811214906086644e-01 9.893812682162118621e-01 1.061683709540041542e+00 3.514419830919119497e-02 9.974344970859381210e-01 1.128382477322012800e+00
3.731658291457286558e-01 4.999883222356671375e-03 3.900833476254621603e-04 4.413675706012046285e-03 5.794210934377205108e-03 1.935195627404434071e-01 7.112967935402138113e-03 1.817399651791963000e-01 2.082741219799414956e-01 9.181210662305204773e-01 3.412299193036033573e-02 8.595139309438085684e-01 9.855442394728265443e-01 1.065162697447898266e+00 3.411564463795356550e-02 1.004949049645698311e+00 1.132184285578188288e+00
3.781407035175879394e-01 4.952895178988720240e-03 3.982671651993927942e-04 4.431367089037878057e-03 5.734987317766109850e-03 1.925757355120369940e-01 7.082918772513540663e-03 1.817094476138060299e-01 2.069724526641294748e-01 9.158426189591872824e-01 3.291796393857968767e-02 8.549537976021486241e-01 9.779422629381461229e-01 1.066512018128986883e+00 3.482196405608486978e-02 1.004638907868955267e+00 1.132425626550438436e+00
3.831155778894472785e-01 5.037858141503248448e-03 4.114455028539360914e-04 4.502655052239830022e-03 5.896090890748970775e-03 1.924453307179046502e-01 7.544129986824532792e-03 1.817877050102944814e-01 2.080941944895415563e-01 9.182547597081593960e-01 3.161313957586472240e-02 8.629261460787944760e-01 9.807423398311618801e-01 1.064566938418418207e+00 3.309618365091371306e-02 1.006389715358299908e+00 1.123841224779273729e+00
3.880904522613065621e-01 4.963778679373114476e-03 4.025787499938696416e-04 4.477211048198747982e-03 5.682415734454961814e-03 1.916160602929618539e-01 7.534024476950884446e-03 1.824783679632789868e-01 2.085406613452681912e-01 9.179701050792846706e-01 3.225131929760154115e-02 8.605704670195410966e-01 9.786036815835663649e-01 1.064085365369292546e+00 3.347860383210965463e-02 1.006388812313604442e+00 1.130460688388676305e+00
3.930653266331658457e-01 4.992338326117551177e-03 4.036856903695576178e-04 4.533682511352736012e-03 5.722514668291409784e-03 1.910957737970000458e-01 7.852543006852973073e-03 1.815100680717880166e-01 2.078349185574884517e-01 9.161873210164493964e-01 3.019630312431688043e-02 8.632960754517011726e-01 9.717270593015497893e-01 1.062988742698572464e+00 3.257572958987495909e-02 1.008341559357349704e+00 1.127091346446420950e+00
3.980402010050251294e-01 4.888908138997014388e-03 3.810688271439391481e-04 4.497810793866187720e-03 5.522535585130573625e-03 1.910206112785259314e-01 7.892237965413677683e-03 1.794598811289831453e-01 2.060537214218744750e-01 9.155795067072194371e-01 3.099794033620386496e-02 8.628275950767795299e-01 9.755074823845742982e-01 1.064204249192487906e+00 3.401973221823387239e-02 1.013327906454056127e+00 1.131338832963544982e+00
4.030150753768844685e-01 4.955533603620947310e-03 3.663953495158714228e-04 4.512269012670378811e-03 5.564099657726616528e-03 1.907338307484684470e-01 8.516892496237648061e-03 1.779598861332813142e-01 2.067359252501365374e-01 9.140923943689636122e-01 3.058718545687164753e-02 8.641163195435205280e-01 9.734287619545252124e-01 1.064144706976513088e+00 3.225773641161236438e-02 1.021225089149869314e+00 1.132656247296784713e+00
4.079899497487437521e-01 4.809415363225078531e-03 3.123296047687575041e-04 4.421089123061855419e-03 5.313507583547313201e-03 1.903515146413045644e-01 8.523120725658785146e-03 1.771806186052669874e-01 2.067565121195638067e-01 9.152897532780885914e-01 3.119507124684641267e-02 8.686452811503352356e-01 9.766953707028059872e-01 1.061759934336981015e+00 3.061555807826975284e-02 1.011130913502335193e+00 1.125679649060963072e+00
4.129648241206030357e-01 4.880036193911295797e-03 3.314914977309190900e-04 4.528405934928705738e-03 5.388191807382409701e-03 1.899630795212871592e-01 8.334330419078189722e-03 1.779768386097861088e-01 2.068061403667239007e-01 9.143515404289814796e-01 2.964151503916613237e-02 8.763284401570293758e-01 9.777558611316528037e-01 1.061375067282011475e+00 3.132888257476741656e-02 1.006957335582565838e+00 1.125580902637692393e+00
4.179396984924623193e-01 4.766278323066578358e-03 2.829630967154883278e-04 4.465701179632492780e-03 5.232665703687054866e-03 1.896507294436441948e-01 7.495908861932567765e-03 1.787708812172611184e-01 2.048581896072952657e-01 9.133395410722024987e-01 2.873060170840197394e-02 8.673494382286347504e-01 9.745930702749970864e-01 1.062953487776880923e+00 3.042617105024305810e-02 1.009391983692472960e+00 1.123441345661609025e+00
4.229145728643216029e-01 4.814180410501809129e-03 2.883474709680071022e-04 4.477336617171095642e-03 5.235690451644995150e-03 1.890722987774263175e-01 6.889116290621164103e-03 1.794440736869187814e-01 2.028716776306899727e-01 9.121485664996560327e-01 2.922251612686055378e-02 8.625968256644156451e-01 9.738211602800082023e-01 1.061523966421356713e+00 3.179075430114258749e-02 1.015022889540563966e+00 1.130211454354695277e+00
4.278894472361809420e-01 4.739024218047872827e-03 2.848570544966486356e-04 4.261196407011167038e-03 5.229092234435729798e-03 1.892152678321777914e-01 6.350813253587201009e-03 1.803098632053398431e-01 2.020327131728385517e-01 9.133294165257209718e-01 2.740595281063406413e-02 8.643298439354423213e-01 9.671655880444932629e-01 1.059851957426213298e+00 3.092423656644785815e-02 1.017492390506320010e+00 1.128344043937932417e+00
4.328643216080402256e-01 4.805920576425001464e-03 2.669556646600264337e-04 4.469112929243484154e-03 5.342764097877412618e-03 1.884570707447777438e-01 7.029531799883382073e-03 1.790285114813158496e-01 2.032923785513102155e-01 9.128129686830781520e-01 2.846034156092983741e-02 8.689274586652605548e-01 9.727712698475973196e-01 1.058798552259351267e+00 3.047700609248175582e-02 1.009928280537891965e+00 1.123294328644548035e+00
4.378391959798995092e-01 4.759827056623219463e-03 2.609072664187272496e-04 4.318458413436045661e-03 5.322929899975200815e-03 1.880821979227081664e-01 7.502929054834250183e-03 1.789239372947500906e-01 2.046063536448329556e-01 9.099035033320074239e-01 2.794049361020142092e-02 8.707595236305617492e-01 9.705361878540190723e-01 1.060370309844466341e+00 2.917746809881732392e-02 1.007672394295322738e+00 1.121312391907025807e+00
4.428140703517587928e-01 4.784960562395647841e-03 2.831277143078764539e-04 4.323055941151000142e-03 5.327934530181003582e-03 1.879310010486648641e-01 7.070310762081677067e-03 1.784096693431667102e-01 2.023782121041141357e-01 9.093584754261172520e-01 2.759234189647299246e-02 8.668008745235326051e-01 9.685364802589254696e-01 1.059401253414053778e+00 3.154576513590913456e-02 1.006988568679434870e+00 1.128069596897837368e+00
4.477889447236181319e-01 4.855520527801042777e-03 2.676983300576598300e-04 4.399094465440456236e-03 5.432695479681137231e-03 1.876266647210757810e-01 7.377902906389762275e-03 1.787564349711437406e-01 2.034953589246247252e-01 9.091230562659065040e-01 2.550381781264671188e-02 8.640897844562510643e-01 9.631302814459679063e-01 1.058456610712026791e+00 3.149531022912414185e-02 1.007812272378597163e+00 1.128911814142723014e+00
4.527638190954774156e-01 4.778375094498607360e-03 2.878425409906067091e-04 4.376607018523477263e-03 5.373615346104906008e-03 1.868749499491527410e-01 6.167455271192445743e-03 1.790903440464194918e-01 2.001887068843912765e-01 9.080869244528555484e-01 2.724394278201539010e-02 8.645598669243617085e-01 9.687441044724800498e-01 1.056450611040240295e+00 3.153676986457739501e-02 1.008014378620985640e+00 1.129855805672047797e+00
4.577386934673366992e-01 4.827598961803420546e-03 2.815795512051465308e-04 4.414534702050571663e-03 5.402024432391838542e-03 1.866072333857681786e-01 6.769535963752747014e-03 1.770828051118166491e-01 2.001237935911362731e-01 9.069636978640653879e-01 2.739161470302699936e-02 8.615599516857402884e-01 9.690130494134099326e-01 1.056228129820100392e+00 3.013967036548166958e-02 1.009654834988090499e+00 1.125328068331264530e+00
4.627135678391959828e-01 4.756125947401208635e-03 2.557378636143027052e-04 4.418694679667381324e-03 5.261950494855272692e-03 1.861340375600455121e-01 7.035678882847751572e-03 1.761514989841815870e-01 2.012003762201900470e-01 9.057303629805071310e-01 2.784890939249878156e-02 8.602432316688018998e-01 9.693828853548369651e-01 1.056327629937904744e+00 2.779527809167263441e-02 1.017957034983145936e+00 1.124754785161416137e+00
4.676884422110553219e-01 4.792193702334567387e-03 3.204920343033692480e-04 4.396521603973237331e-03 5.403602383735090116e-03 1.864613768709613151e-01 7.086322538773950734e-03 1.759546078512473632e-01 2.013558898483151227e-01 9.047436231327810052e-01 2.682937066249414804e-02 8.648935251785268008e-01 9.664910702730314940e-01 1.055010477388792500e+00 2.683014784338154032e-02 1.018260846135514708e+00 1.122577859755217844e+00
4.726633165829146055e-01 4.725668680875681933e-03 3.254540521280637247e-04 4.248445072099833048e-03 5.301258736982132104e-03 1.858693067418965006e-01 6.879452254277133513e-03 1.753274194818131571e-01 2.000149297042809193e-01 9.048057542539614806e-01 2.527933419503304233e-02 8.695189555383567859e-01 9.671087489917727931e-01 1.052887113399609165e+00 2.852443919516888665e-02 1.007374191622289805e+00 1.122337020310463007e+00
4.776381909547738891e-01 4.776158710704942779e-03 2.647831768369464421e-04 4.443209055893579743e-03 5.243332252356725648e-03 1.853651949549553757e-01 6.821476285932816415e-03 1.749216115719071096e-01 1.984395893404732047e-01 9.031937245967481820e-01 2.424936585877699585e-02 8.705889736108937127e-01 9.644631932732680157e-01 1.052846150480784004e+00 2.903248109140430314e-02 1.007058013232026594e+00 1.127295491690091245e+00
4.826130653266331727e-01 4.721861045235885290e-03 3.081641009363463978e-04 4.253486357434311214e-03 5.224104235011142738e-03 1.848906674946889095e-01 7.025906842325910576e-03 1.732723216256655541e-01 1.977658834580570957e-01 9.003694139166817934e-01 2.477157787929292615e-02 8.598317871258421841e-01 9.607868437305975284e-01 1.053003045655845238e+00 2.804550113184421309e-02 1.011324194072814375e+00 1.127205712656311976e+00
4.875879396984924563e-01 4.753691864658962478e-03 3.305953825935097588e-04 4.206838657822619364e-03 5.290585347418491971e-03 1.846747486012343120e-01 6.805635946654460533e-03 1.733459110153982852e-01 1.971016964331914478e-01 8.996606112924817600e-01 2.515097982118381231e-02 8.596153855955556145e-01 9.648108134293273963e-01 1.052189653020638493e+00 2.766805892004474757e-02 1.013355088876298327e+00 1.123987644102617312e+00
4.925628140703517954e-01 4.703247984365161241e-03 3.085815993803814740e-04 4.196933747569403864e-03 5.189435885213893561e-03 1.837018150947174466e-01 6.460914859959475051e-03 1.728538028667189197e-01 1.951138512330586328e-01 8.996346853731902460e-01 2.586268822954757365e-02 8.611567164383024942e-01 9.689848755522233459e-01 1.050166615892463184e+00 2.616737294420244664e-02 1.011841492912665341e+00 1.116349407471719068e+00
4.975376884422110790e-01 4.745984114568667887e-03 3.233992604227848297e-04 4.216503314859272253e-03 5.257349271606557260e-03 1.835465116274567210e-01 6.343627741006257342e-03 1.734299388292446509e-01 1.951257728835936733e-01 8.995888014203009542e-01 2.366161161127979667e-02 8.635557967366036536e-01 9.610031953667500515e-01 1.047875494966124865e+00 2.655770609860099232e-02 1.006448022186472890e+00 1.110883944004265489e+00
5.025125628140703071e-01 4.690487587611391965e-03 2.883486558932187092e-04 4.235621251173827574e-03 5.143561088296612696e-03 1.824073315659844596e-01 6.143254310387049298e-03 1.719261228737735125e-01 1.934940736993106813e-01 8.977009298115936620e-01 2.331242891087663763e-02 8.650384933442389901e-01 9.580619547692359461e-01 1.048598953650994092e+00 2.764388614971087857e-02 1.001506193094958252e+00 1.112902253930154295e+00
5.074874371859295907e-01 4.728812036443598779e-03 2.889411651855718424e-04 4.277093745024212502e-03 5.173347606415628665e-03 1.813770623687051831e-01 6.542065468724688089e-03 1.709022743526138199e-01 1.929142469072827326e-01 8.964975915365712700e-01 2.331841613980924557e-02 8.624953021933385866e-01 9.543233523716894151e-01 1.049476567644543668e+00 2.950261454735402314e-02 1.001277639804666553e+00 1.116537470084339123e+00
5.124623115577889854e-01 4.667031864340915985e-03 2.619959016608129632e-04 4.295914260999910556e-03 5.071907600993708423e-03 1.805937675141884857e-01 6.508126115377058096e-03 1.698764765887645356e-01 1.914961879818179447e-01 8.954540563096380357e-01 2.401342610956655466e-02 8.545399428046493995e-01 9.525545274870274026e-01 1.049084687768951474e+00 3.004907305307454382e-02 9.995330272581668396e-01 1.115549530628319408e+00
5.174371859296482690e-01 4.696183372047304030e-03 2.633043495755215909e-04 4.334621403008785505e-03 5.144203721803015765e-03 1.798074941006821414e-01 5.943579550970223488e-03 1.701979618617686096e-01 1.894850849767898415e-01 8.963561341069624655e-01 2.471182597973040768e-02 8.543900108571560459e-01 9.540818887091607747e-01 1.047163938039519016e+00 2.736491499416503215e-02 1.001218700957615448e+00 1.105182894472090283e+00
5.224120603015075526e-01 4.610387390772061056e-03 2.435831512371600452e-04 4.337145955344185420e-03 5.121686509872544653e-03 1.793533648919461432e-01 6.090519341805985393e-03 1.698082347940356174e-01 1.888709158915203579e-01 8.957669338619075328e-01 2.645796827101463966e-02 8.520160849063714847e-01 9.569416198229278026e-01 1.044960554470347303e+00 2.926300524379216866e-02 9.934991048279493420e-01 1.104714534612802890e+00
5.273869346733668362e-01 4.670371817798947903e-03 2.402520202181798216e-04 4.366405512740952413e-03 5.122115765768012370e-03 1.791199282438497575e-01 5.932488481900133163e-03 1.699214848856742399e-01 1.877563923776053301e-01 8.943529413169999387e-01 2.515031050850535452e-02 8.521111581973082050e-01 9.483052826931800405e-01 1.044940990811228820e+00 2.887634275092939087e-02 9.943203300416608714e-01 1.105173632868981182e+00
5.323618090452261198e-01 4.591575327253063707e-03 2.295055683161546811e-04 4.285904058768593393e-03 5.075539877399562298e-03 1.787843296333642140e-01 5.867272304031927871e-03 1.687702275613947867e-01 1.869441260143244188e-01 8.913972222064984186e-01 2.589818994267768446e-02 8.477944730971190834e-01 9.461621400610047417e-01 1.041231288853746939e+00 2.556342917176172846e-02 9.951711650412771171e-01 1.091231474973175741e+00
5.373366834170854034e-01 4.615918491931764525e-03 2.333933739613948974e-04 4.354632412670326504e-03 5.139285819467546285e-03 1.781371482682936880e-01 5.541660579836020679e-03 1.680058208182199364e-01 1.840386452305510234e-01 8.905216823317919639e-01 2.615652010839470548e-02 8.449079759005103663e-01 9.450615926658180177e-01 1.039508130796053420e+00 2.568238196645094076e-02 9.927874864257126841e-01 1.092607709658512949e+00
5.423115577889447980e-01 4.553729171966850765e-03 2.277858187563527978e-04 4.312299283503799770e-03 5.060029966090352424e-03 1.773958553272513006e-01 5.156984023945774924e-03 1.674580403240075732e-01 1.830799677584385443e-01 8.892458826095163138e-01 2.297360417595489465e-02 8.470854276824568707e-01 9.331868044774541682e-01 1.038203359492572364e+00 2.681106008983049835e-02 9.956561577547210495e-01 1.093076150553278003e+00
5.472864321608040816e-01 4.590934307057569982e-03 2.036455459035464537e-04 4.321250289625703199e-03 5.006078920260756231e-03 1.768675025408861234e-01 4.815147515377649068e-03 1.681707673211280396e-01 1.828841087798729059e-01 8.853958460672126662e-01 2.318303124035726859e-02 8.449861936677400820e-01 9.329734529314123170e-01 1.034712310033656824e+00 2.501553485992003001e-02 9.901936428654017908e-01 1.082316069796710245e+00
5.522613065326633652e-01 4.519902786841696954e-03 1.806422324917505789e-04 4.307474702304353933e-03 4.844090088704427165e-03 1.769269782215973086e-01 4.962101987696863545e-03 1.671145897525426749e-01 1.833539510394452676e-01 8.838053880964459319e-01 2.326069942376164656e-02 8.463892185783995492e-01 9.317355768307964414e-01 1.033125370798548825e+00 2.490497798242841121e-02 9.856327065344951954e-01 1.080446607285282079e+00
5.572361809045226488e-01 4.536365600111373457e-03 1.807502871686788941e-04 4.294234634314315555e-03 4.840823923273135203e-03 1.758927421556298332e-01 4.840191069443132432e-03 1.664393745829572668e-01 1.831907327158877052e-01 8.813229655517915706e-01 2.257572296224061997e-02 8.419609760379517249e-01 9.238194754026949340e-01 1.029654880510457948e+00 2.465671843451978235e-02 9.829253022823811747e-01 1.075347914409914729e+00
5.622110552763819324e-01 4.589260645474367920e-03 1.812490247544015168e-04 4.376431344869482869e-03 4.907938508499553806e-03 1.746939511949489598e-01 4.523640138033154998e-03 1.661318469719311186e-01 1.801554256631314743e-01 8.802853106967936103e-01 2.051275608329037464e-02 8.435809135419619631e-01 9.196312876749289655e-01 1.027783997586551257e+00 2.419973000698758675e-02 9.832968210496170203e-01 1.070036069339117990e+00
5.671859296482412161e-01 4.536204914356902103e-03 1.694823770955558866e-04 4.308902472552195162e-03 4.887159272313089040e-03 1.741381639301079198e-01 4.654389473832467282e-03 1.654701065638909674e-01 1.804383369536779469e-01 8.776126664215965212e-01 2.225181779661440651e-02 8.352254307567511526e-01 9.202481621591084293e-01 1.025461830003993047e+00 2.404508446041559930e-02 9.792111632108434494e-01 1.068057933304071172e+00
5.721608040201004997e-01 4.516400720062297390e-03 1.708273498419429542e-04 4.278009878488718554e-03 4.916442492878972045e-03 1.731206672171113903e-01 4.625547715735713571e-03 1.646869694454546895e-01 1.795892812625228263e-01 8.756082791834607360e-01 2.095786987293951284e-02 8.363504161927782787e-01 9.127804143397635350e-01 1.023147376928585484e+00 2.248491065444494993e-02 9.778209851240429185e-01 1.061322534483881697e+00
5.771356783919597833e-01 4.468669445217987243e-03 1.450613823573221946e-04 4.286910763406031645e-03 4.834309605466213799e-03 1.726805318929495736e-01 4.231737160598164280e-03 1.656455824840926683e-01 1.784943368024138055e-01 8.724164209738101139e-01 2.059923605183769033e-02 8.325008015725972044e-01 9.074562594205455301e-01 1.020889489222757573e+00 2.198533000411465044e-02 9.749935126148091546e-01 1.056573537946752239e+00
5.821105527638190669e-01 4.541083520895693344e-03 1.657363834421156921e-04 4.308758622140098325e-03 4.924624507285152962e-03 1.716869427721832708e-01 3.805780995490490315e-03 1.653680645901199064e-01 1.762443828305552962e-01 8.710017726630636670e-01 1.982230075647362089e-02 8.313955553511079843e-01 9.063995909620946589e-01 1.017918564880361476e+00 2.120280726563173596e-02 9.694693627124164603e-01 1.048156990981872649e+00
5.870854271356784615e-01 4.453469986292045261e-03 1.306931927223805657e-04 4.301424074270994609e-03 4.773100468874389574e-03 1.706682922723379847e-01 3.919409711471290303e-03 1.642725961346504504e-01 1.756305998745592567e-01 8.681689931428786533e-01 1.953443840037660459e-02 8.279837631783434349e-01 9.018966244772720353e-01 1.015636664655931165e+00 2.038404459855292991e-02 9.671357553461271683e-01 1.043046063928146916e+00
5.920603015075377451e-01 4.481067873308616431e-03 1.358954523932567795e-04 4.334289345394985032e-03 4.828112743339114075e-03 1.703646124902175318e-01 3.649566071076345251e-03 1.646348885235371096e-01 1.763762311761604140e-01 8.659069279781939077e-01 1.838231066168510494e-02 8.257584637344060896e-01 8.951758460216558966e-01 1.014181903778005323e+00 2.072966284894969119e-02 9.674017717725260646e-01 1.041770509270781409e+00
5.970351758793970287e-01 4.416701851275682197e-03 1.400366217812174278e-04 4.251227314085778003e-03 4.768236165250827260e-03 1.696268953985955175e-01 3.711594954109186106e-03 1.632889119363483965e-01 1.759926973377039516e-01 8.640440298851036482e-01 1.823366214258036189e-02 8.210672202732974823e-01 8.913710915259157597e-01 1.011192932731630245e+00 2.172431824027071592e-02 9.605143666134320357e-01 1.041857743996375874e+00
6.020100502512563123e-01 4.437420486600804868e-03 1.159600493366843362e-04 4.307345678538227959e-03 4.707128446462383216e-03 1.687821793200444953e-01 3.699236589381932425e-03 1.625463037098800745e-01 1.744588703108096994e-01 8.616370499754634205e-01 1.776719082691421633e-02 8.205269796913873259e-01 8.867273672301668741e-01 1.005937540559391330e+00 2.179832034378983638e-02 9.599983792333918187e-01 1.040458752138090137e+00
6.069849246231155959e-01 4.377333011660615794e-03 1.265783001137142552e-04 4.216925026932803917e-03 4.615684331427226048e-03 1.676950971202863516e-01 3.588772181148420538e-03 1.619085644506001453e-01 1.726725262627142043e-01 8.593178298107784219e-01 1.905722311114666639e-02 8.159557994894496291e-01 8.862562219078685688e-01 1.002949487790882888e+00 2.042988017936132536e-02 9.614374512798594674e-01 1.038840541278451823e+00
6.119597989949748795e-01 4.416399353488994692e-03 1.437688836171468554e-04 4.221141386258456078e-03 4.721561123444616495e-03 1.666290243918373548e-01 3.952009383206473749e-03 1.597418556629338071e-01 1.722623701586790124e-01 8.553857177280453916e-01 1.934811363815482077e-02 8.134814772616570933e-01 8.850384680457823450e-01 1.000035101758492528e+00 2.136666007392164224e-02 9.593231836903559628e-01 1.037087740602900210e+00
6.169346733668341631e-01 4.358829055904353024e-03 1.336451945765514300e-04 4.154764822840302865e-03 4.572132306232011556e-03 1.660886539928593253e-01 4.000193740934411026e-03 1.593204527544541393e-01 1.716864248570691143e-01 8.514029295923052354e-01 1.838829148432888708e-02 8.131390943618473921e-01 8.823275752536240413e-01 9.977783873784064061e-01 2.232073629333707412e-02 9.551152998037962805e-01 1.034311706422384125e+00
6.219095477386934467e-01 4.391062657194881244e-03 1.426763676184887109e-04 4.140416380818330924e-03 4.596500197238843205e-03 1.655138756723417981e-01 3.787379267206562438e-03 1.599147475961215370e-01 1.699583089026932836e-01 8.489631163738099451e-01 1.884919210111027713e-02 8.134240133166262821e-01 8.820361637026864488e-01 9.940755962442345828e-01 2.095873673039862911e-02 9.531268204139962119e-01 1.030612992761202884e+00
6.268844221105528414e-01 4.355770735896142762e-03 1.481113991151643446e-04 4.099191356240637109e-03 4.617851181113716112e-03 1.645359697750785610e-01 4.101406358225765172e-03 1.581170315042681462e-01 1.693446741641320974e-01 8.474303060204058102e-01 1.934537739493139355e-02 8.111271122206502593e-01 8.799500858488313870e-01 9.907015880451670586e-01 2.037414242103639805e-02 9.506260177822553059e-01 1.021394108429685588e+00
6.318592964824121250e-01 4.361297281845489746e-03 1.224994535654593680e-04 4.183542500241074422e-03 4.605690653388732833e-03 1.635768566432824200e-01 4.212540799686612797e-03 1.564678595870346856e-01 1.687114778254176217e-01 8.440941400694900176e-01 1.907158289624459255e-02 8.077888283783675183e-01 8.755367473583997029e-01 9.859467368246400687e-01 2.009278847400959925e-02 9.473656994960474309e-01 1.017873044351617962e+00
6.368341708542714086e-01 4.306716093551430855e-03 1.257499732658279073e-04 4.133369462002116704e-03 4.550726173154735939e-03 1.628048510115371605e-01 4.535102293367651409e-03 1.549437882637036412e-01 1.682567496960409303e-01 8.408812360458813862e-01 1.821059487179249592e-02 8.056460633017447082e-01 8.708139394557100621e-01 9.825995001867340317e-01 2.017909727069039025e-02 9.423619783219600032e-01 1.016232297172843468e+00
6.418090452261306922e-01 4.357243690633233121e-03 1.512662839346044503e-04 4.059867825779354608e-03 4.637741953691546654e-03 1.615260024464787725e-01 4.126940224655070537e-03 1.548003974979766106e-01 1.677555044592270173e-01 8.369533188724250783e-01 1.870785869584717584e-02 7.999476770544029502e-01 8.644714099240847771e-01 9.801652664995202935e-01 2.030982768966325611e-02 9.391346493429351128e-01 1.016018605273705688e+00
6.467839195979899758e-01 4.292644749931876988e-03 1.764638430821650829e-04 3.944679832015096123e-03 4.562088600536921140e-03 1.607653880775536948e-01 4.109047423138158413e-03 1.547153995035465135e-01 1.656313953095530644e-01 8.330701162953711991e-01 1.832930131607225788e-02 7.973929813303156644e-01 8.632800098843407266e-01 9.757491799405739741e-01 2.052505408030533274e-02 9.353010563273354006e-01 1.012046687435488312e+00
6.517587939698492594e-01 4.315456289602738991e-03 1.467504298643059510e-04 4.083740299246849288e-03 4.585280599315180554e-03 1.599184938163838443e-01 4.102774127895439035e-03 1.543568294166998700e-01 1.656720398701992669e-01 8.309112503167831454e-01 1.836646636255131332e-02 7.946559785246779528e-01 8.613875648527015150e-01 9.719560112404923569e-01 2.218675484148634192e-02 9.286293396482890872e-01 1.011513132819312988e+00
6.567336683417085430e-01 4.269656366880998817e-03 1.709865850183026872e-04 3.972159818806653836e-03 4.569120568516124234e-03 1.588257456440949622e-01 4.262951210526510354e-03 1.527833267535550488e-01 1.639603681066902907e-01 8.275266970436844227e-01 1.777372984466867728e-02 7.906123867544916362e-01 8.568306121025666133e-01 9.680986365729861154e-01 2.211631912978417880e-02 9.261073363647855938e-01 1.009894693391528264e+00
6.617085427135678266e-01 4.267942499345002243e-03 1.740231456809244743e-04 3.898265995627088303e-03 4.496072192650594525e-03 1.579451428039265470e-01 4.192187998737405275e-03 1.510439429473331707e-01 1.631948763660168722e-01 8.232578029441617318e-01 1.860294162547605767e-02 7.873216832681814159e-01 8.568742160551738873e-01 9.635510859098521674e-01 2.125539634997420171e-02 9.255642079642936171e-01 9.994765140647930979e-01
6.666834170854271102e-01 4.324103911656902027e-03 1.752690539808217981e-04 4.018566044753990769e-03 4.631183147285190642e-03 1.568751150514077763e-01 4.162803878263006234e-03 1.503510502304369334e-01 1.622324968394562028e-01 8.198690966371715572e-01 1.980401157324326866e-02 7.827778799796597520e-01 8.549847548524187602e-01 9.605784076862201593e-01 2.257989921365485472e-02 9.253950439125576688e-01 9.983949912690168738e-01
6.716582914572865048e-01 4.262437962207417906e-03 1.684037261364288926e-04 3.933045867096905158e-03 4.507750193975369225e-03 1.553804192140778029e-01 4.165405526254648862e-03 1.491714503982952689e-01 1.615458301782768946e-01 8.162637334387617960e-01 1.936253250449320590e-02 7.805672624720969566e-01 8.512388106561856738e-01 9.555065412246189771e-01 2.238636245392040813e-02 9.214854538285539576e-01 9.903310229256183650e-01
6.766331658291457885e-01 4.238703962990631596e-03 1.827975207521221745e-04 3.853528531260604247e-03 4.514642594868628449e-03 1.545951067276919999e-01 4.137318597581606666e-03 1.486506975936941199e-01 1.609830115052973964e-01 8.128441049668531093e-01 1.992028957394902447e-02 7.790015906946854418e-01 8.469804590917598963e-01 9.501757014902244558e-01 2.269774311976992254e-02 9.143582522099890086e-01 9.837976569440869401e-01
6.816080402010050721e-01 4.186635318250954418e-03 1.828070785916682481e-04 3.800480166632858297e-03 4.451609851089990619e-03 1.535781581192407486e-01 3.778880178127583950e-03 1.481098123436704050e-01 1.594485518356308640e-01 8.096366004487783874e-01 2.029021348580808265e-02 7.783226008337432722e-01 8.454135479311313262e-01 9.452388562067935984e-01 2.260541139687548620e-02 9.106240115747178399e-01 9.783001657172455401e-01
6.865829145728643557e-01 4.253349859476985260e-03 1.778822368218243601e-04 3.894657423077272588e-03 4.534673725779671954e-03 1.526370644174369906e-01 3.862041654219791273e-03 1.471585089310067651e-01 1.591336825943930611e-01 8.049501482843034461e-01 2.103235493503955236e-02 7.740201216653119776e-01 8.392913103489758608e-01 9.379841879915735703e-01 2.194810259058413426e-02 9.039964098449945196e-01 9.709403279552688559e-01
6.915577889447236393e-01 4.200158994299344091e-03 1.867628358238838037e-04 3.820387218526423261e-03 4.480794004586888778e-03 1.518579571007233620e-01 3.759519091732697188e-03 1.468583107957856237e-01 1.578249709069308726e-01 8.004984161621218064e-01 1.952747881890998585e-02 7.700183300905260042e-01 8.290873733100926346e-01 9.335296066230978074e-01 2.179182217169492106e-02 8.982540955674908068e-01 9.630209106479158399e-01
6.965326633165829229e-01 4.187001238400896337e-03 1.932917503811225845e-04 3.787867936548134067e-03 4.505529163082101080e-03 1.504547837404126009e-01 4.073450576413094500e-03 1.445640047077220158e-01 1.565124951641531093e-01 7.943700903683712511e-01 1.982589777219109783e-02 7.645961994935419614e-01 8.244376383332261415e-01 9.305445619082227671e-01 2.219304751085688157e-02 8.920376894668794465e-01 9.608476557993507194e-01
7.015075376884422065e-01 4.143969103219952502e-03 1.918543220596608781e-04 3.713408930387076482e-03 4.479370678064639906e-03 1.490418113794855226e-01 3.922600606248868860e-03 1.434921064099491661e-01 1.541448004608814704e-01 7.894733917939861234e-01 1.979800623657110986e-02 7.598477424399652236e-01 8.199199781843263812e-01 9.248572929825469302e-01 2.185376034148685254e-02 8.880271555042544840e-01 9.523507753498414719e-01
7.064824120603014901e-01 4.198254959920177422e-03 2.012715493328700092e-04 3.794315737837740052e-03 4.523840314833013285e-03 1.480654643793859748e-01 4.421437959425779558e-03 1.407033348807507078e-01 1.542304812657000757e-01 7.857340176724594283e-01 1.982173624706523585e-02 7.512511892209926545e-01 8.136049101074492862e-01 9.190675892433312066e-01 2.209083605797035332e-02 8.808326210153351044e-01 9.503959860175995589e-01
7.114572864321608847e-01 4.153714546103057063e-03 1.906152032371671574e-04 3.736695535839791756e-03 4.437262672095372389e-03 1.468723225833055424e-01 4.575727717243679299e-03 1.399316215078678649e-01 1.534942181337547729e-01 7.819910014582009961e-01 1.938600197906831593e-02 7.475877295089303765e-01 8.087120657001199975e-01 9.118946717931656343e-01 2.182037911528708629e-02 8.756368391362109316e-01 9.446955242808352526e-01
7.164321608040201683e-01 4.151547107431013094e-03 1.890184453855857242e-04 3.718026946464474645e-03 4.428614392157122735e-03 1.456366433466673160e-01 4.171708985214159053e-03 1.399033886288686412e-01 1.529048583522581439e-01 7.769288282667776713e-01 1.887044885478455017e-02 7.433738246768680780e-01 8.018064597420615502e-01 9.033608579240727243e-01 2.056453886473895085e-02 8.704524636905346391e-01 9.371790683896287222e-01
7.214070351758794519e-01 4.113649249244458010e-03 1.626664792302683472e-04 3.735095223007514707e-03 4.282472751987741882e-03 1.447595236552229603e-01 4.062491990876021530e-03 1.396935865934769427e-01 1.520776185371030542e-01 7.713657780989502388e-01 1.993113859084345157e-02 7.349758887781039363e-01 8.005048217031909275e-01 8.969324697753903175e-01 2.020313364436818887e-02 8.646240450499015351e-01 9.286218486158908103e-01
7.263819095477387355e-01 4.138400688032345918e-03 1.861527676626295114e-04 3.733787650160731372e-03 4.369806679311786894e-03 1.434044986298595448e-01 3.920849289395199333e-03 1.380439084753719847e-01 1.500016816480786164e-01 7.640323306529458458e-01 1.821933796806906800e-02 7.324197994103049947e-01 7.922338132662036791e-01 8.921780426086050042e-01 2.068035069872409953e-02 8.577010659217055855e-01 9.247240896893237361e-01
7.313567839195980191e-01 4.057649603785843349e-03 1.727996839412488338e-04 3.700859684680026136e-03 4.290008417251862070e-03 1.425427052236714065e-01 3.779668490676384423e-03 1.380763618825768813e-01 1.492133010955836447e-01 7.569386108767122145e-01 1.749849765885857361e-02 7.267734178514809740e-01 7.856598367250091641e-01 8.864155653208720675e-01 2.042445366301499574e-02 8.540244238996828052e-01 9.215550412156888749e-01
7.363316582914573027e-01 4.087545075409601894e-03 1.415413204553141321e-04 3.775215634235958625e-03 4.258860346637014828e-03 1.411877923167980109e-01 3.810677377518494491e-03 1.364885699925493800e-01 1.477152720548150222e-01 7.516216163798336014e-01 1.761738584807719110e-02 7.209368098354916876e-01 7.782209993704394257e-01 8.791829175997420975e-01 2.180014160405421841e-02 8.448682231304058821e-01 9.145026517598484617e-01
7.413065326633165864e-01 3.990336605146463898e-03 1.283351420874105056e-04 3.751161655333326919e-03 4.121810803519483646e-03 1.403465657993173132e-01 3.737876952791412827e-03 1.357758586084576169e-01 1.471048755256834373e-01 7.466659112750816396e-01 1.797020505210436200e-02 7.171414530202573356e-01 7.756240262489327852e-01 8.723990759596910172e-01 2.197396471014478880e-02 8.397277668296690978e-01 9.104664770167190113e-01
7.462814070351758700e-01 4.025312894934426552e-03 1.480476251009846202e-04 3.727107676430695647e-03 4.217457379768275831e-03 1.388397085215091753e-01 3.951984306942465767e-03 1.334933313019474044e-01 1.464329410218305483e-01 7.410770510494025798e-01 1.829077083889462524e-02 7.123060596841931380e-01 7.709695219494986373e-01 8.661340439003660796e-01 2.203818830341900195e-02 8.325882158550822476e-01 8.991357004875580872e-01
7.512562814070351536e-01 3.951873604379736206e-03 1.293227033184486121e-04 3.703053697528063942e-03 4.111001694011299362e-03 1.375395085603446643e-01 4.065076765130187439e-03 1.323633737004655531e-01 1.460217665488001415e-01 7.351496536740019794e-01 1.865214768683134960e-02 7.060909663177659112e-01 7.669123043217382918e-01 8.597630254924754079e-01 2.287594572762009087e-02 8.251732774547984040e-01 8.942424851201521419e-01
7.562311557788945482e-01 3.961610022821459957e-03 1.359300299954703084e-04 3.678999718625431802e-03 4.120495504965422835e-03 1.365255373529574157e-01 4.396391145553336238e-03 1.312435048889346867e-01 1.456845198646343764e-01 7.289137056890651056e-01 1.956451084298141407e-02 6.976722912480183281e-01 7.602213058006621615e-01 8.521303410095590891e-01 2.257195177063420211e-02 8.183075399286009466e-01 8.878932937924105540e-01
7.612060301507538318e-01 3.914107113000689538e-03 1.261921474694211289e-04 3.654945739722800097e-03 4.058779953530404147e-03 1.354980822001421725e-01 4.207384746269589304e-03 1.296992675809504614e-01 1.445828454682496766e-01 7.236163111967514050e-01 1.980024857669983318e-02 6.915911325406842725e-01 7.542770141862559230e-01 8.455314637320670013e-01 2.209121326395426660e-02 8.111073213096985368e-01 8.822507950311542224e-01
7.661809045226131154e-01 3.945417812607096737e-03 1.063336978161478152e-04 3.746546585973464100e-03 4.057096997682892517e-03 1.343319490228297441e-01 4.009347530619313156e-03 1.289878515051223196e-01 1.427285089993892697e-01 7.174454005794820288e-01 1.987875056787316921e-02 6.849353516123370955e-01 7.476325282456309784e-01 8.382796128794460788e-01 2.111063570704313497e-02 8.035488737137305160e-01 8.754936664869528151e-01
7.711557788944723990e-01 3.893124412735576162e-03 1.278985365566040662e-04 3.681489814322562969e-03 4.026519031006125723e-03 1.334511821537221199e-01 4.462830813618311708e-03 1.277437891410919124e-01 1.426328486268428897e-01 7.106567682735216440e-01 1.863877697397860883e-02 6.790787592488997104e-01 7.401871158327242295e-01 8.322505538664677349e-01 2.111091062397911153e-02 7.968141489606176409e-01 8.700018183034661234e-01
7.761306532663316826e-01 3.895392966098262712e-03 1.042924286753337118e-04 3.673977514719368835e-03 4.026292375715828133e-03 1.322185005682091630e-01 4.150670650059275039e-03 1.265753996619568000e-01 1.405252316822602210e-01 7.043325390343198045e-01 1.854078793017564092e-02 6.722535566571449239e-01 7.364703054559920137e-01 8.251123338816830355e-01 2.055470360262933241e-02 7.901156321752649259e-01 8.637183357034168285e-01
7.811055276381909662e-01 3.932709267968749131e-03 1.293970705362800584e-04 3.719034843856032762e-03 4.064765060768769055e-03 1.309628252665548109e-01 4.139515409258605165e-03 1.253191654417773193e-01 1.389045752240151699e-01 6.989363666050036894e-01 1.799537136377428459e-02 6.666962435097002482e-01 7.309710698836169307e-01 8.191919532775161494e-01 2.045003688714743667e-02 7.851242500221472520e-01 8.600231363463010092e-01
7.860804020100502498e-01 3.879186302734027696e-03 9.736866889857962598e-05 3.681328759462850451e-03 3.998991992236968288e-03 1.298637087182831773e-01 4.159029001349518438e-03 1.245886287980391832e-01 1.385000657807429203e-01 6.919068973242848974e-01 1.813906458478723935e-02 6.599777620570228542e-01 7.246475980273683337e-01 8.106537700540915603e-01 2.107110129988085806e-02 7.770581003915877361e-01 8.534918428920217348e-01
7.910552763819095334e-01 3.877214485061161731e-03 1.086213714606936413e-04 3.691838495005041101e-03 4.012694618842991418e-03 1.285424844475434314e-01 4.227520654190428627e-03 1.233715622476115742e-01 1.374245017288350523e-01 6.872689910323397378e-01 1.796091853969505187e-02 6.571125903057543072e-01 7.229926120371972242e-01 8.040366079212398764e-01 2.190804116132831145e-02 7.716840195377555611e-01 8.498383899884700554e-01
7.960301507537689281e-01 3.848882660778716550e-03 9.520497084280463195e-05 3.658182310988701211e-03 3.959085128040149004e-03 1.273860756316836651e-01 4.319109211784351136e-03 1.221061514931207903e-01 1.366670578469840192e-01 6.800701181052919431e-01 1.911234019780314389e-02 6.485790525402920226e-01 7.184303612515081650e-01 7.954968907215227425e-01 2.208429761784082637e-02 7.635729453351551843e-01 8.425960350459058557e-01
8.010050251256282117e-01 3.872710955427623863e-03 9.182276861088486117e-05 3.675795849894243888e-03 3.998859856940269186e-03 1.258751098475185681e-01 3.930169331579015830e-03 1.208124424756628762e-01 1.346450639231421276e-01 6.741671880466064692e-01 1.843249070964085579e-02 6.439140553706850234e-01 7.115473998467038985e-01 7.876992971063260240e-01 2.113359541169174474e-02 7.576302951860889312e-01 8.321247407890958181e-01
8.059798994974874953e-01 3.845185207696398370e-03 9.422785198394345531e-05 3.613699045556551751e-03 3.969853818381933151e-03 1.245296577663289606e-01 4.307625699506445645e-03 1.192413635228368185e-01 1.344650638465793024e-01 6.674124235933462934e-01 1.923672174854821823e-02 6.369473396790662489e-01 7.074094914545445700e-01 7.788125868224314852e-01 2.043038715561311391e-02 7.505355277465061148e-01 8.225928853677969554e-01
8.109547738693467789e-01 3.857577481754285824e-03 8.985617702337724108e-05 3.660995817798122845e-03 3.964023708621777255e-03 1.230846274838530707e-01 4.293982390154346337e-03 1.175446006297063556e-01 1.328443883890496058e-01 6.596269509820201771e-01 1.837042591057146471e-02 6.322681265131707695e-01 6.972394224876220514e-01 7.715055170191885692e-01 1.947313942937096976e-02 7.425431460969825759e-01 8.082777526822841896e-01
8.159296482412060625e-01 3.827393150603526726e-03 9.762480619464129056e-05 3.625052671102410324e-03 3.976036695472844745e-03 1.219483991658878164e-01 4.184181347577260734e-03 1.169095167611945985e-01 1.320927196612125265e-01 6.509416258375732012e-01 1.700378574543392335e-02 6.268177897882344363e-01 6.877305728036939847e-01 7.635286296027530284e-01 2.105607191079847396e-02 7.331224868245717063e-01 8.005515176154889279e-01
8.209045226130653461e-01 3.853254197402070785e-03 9.932747992898151789e-05 3.607137892597894746e-03 3.980734577970664045e-03 1.206889969570489607e-01 4.074008889753437217e-03 1.161611029589018629e-01 1.301180252817714655e-01 6.445840340415054381e-01 1.672511790088758096e-02 6.190939515466868936e-01 6.748416541878315966e-01 7.552811509414752988e-01 2.141071274241524228e-02 7.235218529334009885e-01 7.941644822626666711e-01
8.258793969849246297e-01 3.816513471641029727e-03 9.703791650944049716e-05 3.606893534776183310e-03 3.949511206323603335e-03 1.193326513293552493e-01 4.046254752213504155e-03 1.145921670969589912e-01 1.288413737439762785e-01 6.375330917223240856e-01 1.758487339781369951e-02 6.110164886236688631e-01 6.663415723617790443e-01 7.473544222926262748e-01 2.154729089056570124e-02 7.159577788960670430e-01 7.878461032366529393e-01
8.308542713567839133e-01 3.833990217164740845e-03 1.028671890184874426e-04 3.635826895007221102e-03 3.996432787354293158e-03 1.180471061990090165e-01 4.160764677659501386e-03 1.136670162860606292e-01 1.284078669046416210e-01 6.298823751803797055e-01 1.793433727125018015e-02 6.018343773567010890e-01 6.605199330869720997e-01 7.393362724242413808e-01 2.038478101316592433e-02 7.096541009807649791e-01 7.786052645445493692e-01
8.358291457286431969e-01 3.800345350038809682e-03 1.052146836515305137e-04 3.620929658098282627e-03 3.972555046732394006e-03 1.165348575176703844e-01 4.354471180044392972e-03 1.120343373222409816e-01 1.268552727749390763e-01 6.224564200411454307e-01 1.835605131298345336e-02 5.929764083558621834e-01 6.537317406734942660e-01 7.305930958842424827e-01 2.087337813653298776e-02 7.017218667883443617e-01 7.740091483462241406e-01
8.408040201005025915e-01 3.816388798623679326e-03 9.627286541786022006e-05 3.627717328985663719e-03 3.990522013927690417e-03 1.154841603414070439e-01 4.727388880865064820e-03 1.105723554045913160e-01 1.265442938611733015e-01 6.153776178570676825e-01 1.746285338269322820e-02 5.897466351624542913e-01 6.473232134616013767e-01 7.238372317839913972e-01 1.977151721075684834e-02 6.964807428954370438e-01 7.640999927528945301e-01
8.457788944723618751e-01 3.778750688425266437e-03 9.963367251797205636e-05 3.596365388574280196e-03 3.985942626471684555e-03 1.143745763641407648e-01 4.575987470128642723e-03 1.092772920950599996e-01 1.248463257704693768e-01 6.079735082628980880e-01 1.719433419570527699e-02 5.836726043265635377e-01 6.408320512175567085e-01 7.153323606204542440e-01 2.007440134764119227e-02 6.854702005787061125e-01 7.557293494801624600e-01
8.507537688442211588e-01 3.794342206588784301e-03 9.686448266417303321e-05 3.616187834646408285e-03 3.919877889992630371e-03 1.126978050101898887e-01 4.354350337126130718e-03 1.077216605047924963e-01 1.230887474062719589e-01 6.018721985417554432e-01 1.686643551244436726e-02 5.790056958074391025e-01 6.340327713812335952e-01 7.074488845546547111e-01 1.997578841245715650e-02 6.773649276897532046e-01 7.462050254814879269e-01
8.557286432160804424e-01 3.746124498469527355e-03 8.486332657698774642e-05 3.559605765230347378e-03 3.853283065105772651e-03 1.112816966742829206e-01 4.359377547692773296e-03 1.066953111507745466e-01 1.224132383975891497e-01 5.944939557545123598e-01 1.702032891301287487e-02 5.687133740511055580e-01 6.258692160183964015e-01 6.993192409327443348e-01 1.933143622444939702e-02 6.686412807919189794e-01 7.378365185028562534e-01
8.607035175879397260e-01 3.774056536494397544e-03 8.080374548798402586e-05 3.604076143761614486e-03 3.887908802100951012e-03 1.098375732479670575e-01 4.310605584847432108e-03 1.045439248656558073e-01 1.208827184544927491e-01 5.877776056618649880e-01 1.694745549320598663e-02 5.609980242258625349e-01 6.178739539975792727e-01 6.893783514445765981e-01 1.993024573118945542e-02 6.588138863928709732e-01 7.307673386532695936e-01
8.656783919597990096e-01 3.735315865412350191e-03 7.473208787855312358e-05 3.577028107165176798e-03 3.849581045807576839e-03 1.084560099927176918e-01 4.405452149348426660e-03 1.033449401618807550e-01 1.195014464274323646e-01 5.797455569516891671e-01 1.705117654494599927e-02 5.506329120996311666e-01 6.090685801951819522e-01 6.797128159762042543e-01 2.024386805591585001e-02 6.481783695078114915e-01 7.230509430695062356e-01
8.706532663316582932e-01 3.754320001104946656e-03 8.190920419911724179e-05 3.584849571423145975e-03 3.859892820539891859e-03 1.070609317645477426e-01 4.249244400141331639e-03 1.024073149846810860e-01 1.177436137932519195e-01 5.712954400411374145e-01 1.705348467983752725e-02 5.433288966125939812e-01 6.027082527093268194e-01 6.716506922250619072e-01 1.979644878531792995e-02 6.422713468594559716e-01 7.139718597296947911e-01
8.756281407035175768e-01 3.730754580663966750e-03 8.217515456034171686e-05 3.592163076390582441e-03 3.845935905057981229e-03 1.057839023634211395e-01 3.512701997013904613e-03 1.015293106768248022e-01 1.139654491570811223e-01 5.630806536614315627e-01 1.640861685360734540e-02 5.359441253584023013e-01 5.952151562491541092e-01 6.622547846635195024e-01 1.970956400762620062e-02 6.325501839195551979e-01 7.026264165069595613e-01
8.806030150753769714e-01 3.745600358237350345e-03 8.799319062443020426e-05 3.565071968341418287e-03 3.855731878917553583e-03 1.041846290733898089e-01 3.187061436523913518e-03 1.000280950613994940e-01 1.114657221766709588e-01 5.552907372157485089e-01 1.632575878236313532e-02 5.284786577423322695e-01 5.866914799262517022e-01 6.523969129459087357e-01 1.886108519539228881e-02 6.255572057707141642e-01 6.915773002376573997e-01
8.855778894472362550e-01 3.722982323701899167e-03 1.000812812352471328e-04 3.517074996760337271e-03 3.832036482389717183e-03 1.028139407766757440e-01 3.069332152727046424e-03 9.890071585211943073e-02 1.092493889567395932e-01 5.470747456941862374e-01 1.590518132103031432e-02 5.213002415047648386e-01 5.752530376033171411e-01 6.434436750847696285e-01 1.870254739230450131e-02 6.128945586193067507e-01 6.811455811723563514e-01
8.905527638190955386e-01 3.739188827951052396e-03 8.302732335498317338e-05 3.588755341682670769e-03 3.849852791093560413e-03 1.012106661827778947e-01 2.762813080821722393e-03 9.815524810843997972e-02 1.063616276272731920e-01 5.383899611403729635e-01 1.536147176255304656e-02 5.110087665859799344e-01 5.649335285846436294e-01 6.347572428079246709e-01 1.772324371067313109e-02 6.052396396234344111e-01 6.706302939266451935e-01
8.955276381909548222e-01 3.756807874878849950e-03 1.001318330121555862e-04 3.550633618378540302e-03 3.865771662748446885e-03 1.000478502650796742e-01 2.670148750701460422e-03 9.714017558329922364e-02 1.050929106228013499e-01 5.304561584391054296e-01 1.537703706611968056e-02 5.033281227533162872e-01 5.564672479700860652e-01 6.242691952042631609e-01 1.673838933451411715e-02 5.958887553965711570e-01 6.556278912070130360e-01
9.005025125628141058e-01 3.717811795017811251e-03 8.657504084738274451e-05 3.558253709534528290e-03 3.819340198175635685e-03 9.907063783101002774e-02 2.350718365815497157e-03 9.660476290842306968e-02 1.034766904335175375e-01 5.223538697537960518e-01 1.455113136634023085e-02 4.963951247738775940e-01 5.458326449931399926e-01 6.158382771254655719e-01 1.537215253077377913e-02 5.925884924238774554e-01 6.448522649868591028e-01
9.054773869346733894e-01 3.745101767210452966e-03 8.491314882161839098e-05 3.581607301960281538e-03 3.840643681825115820e-03 9.768103525056451297e-02 2.359716010915785620e-03 9.536841758312913919e-02 1.024642810275727123e-01 5.141101550139450804e-01 1.359020477981802248e-02 4.907865403976990892e-01 5.366619395386044156e-01 6.067705824489624256e-01 1.634298287452331730e-02 5.842711781747331745e-01 6.371118846405964264e-01
9.104522613065326730e-01 3.697941187759957483e-03 8.116833965885286196e-05 3.554145530262480066e-03 3.837204092250420719e-03 9.617770122921000253e-02 2.224546957530399577e-03 9.344027778597921441e-02 1.009613739635405877e-01 5.061731263253903546e-01 1.415221774408649026e-02 4.845629628478848039e-01 5.304065157162123345e-01 5.966308332249800062e-01 1.635716762602738503e-02 5.742516644044298735e-01 6.230503987317943526e-01
9.154271356783919567e-01 3.708791934910052497e-03 8.679837736086298068e-05 3.591430906447610170e-03 3.843665081616042499e-03 9.487614337724674385e-02 2.280089359785058851e-03 9.198368271289218689e-02 1.001728963403958894e-01 4.981193662038614356e-01 1.415369927811374606e-02 4.752648514628497467e-01 5.201934054118110273e-01 5.877623599027661516e-01 1.549675426789797958e-02 5.667864660412017530e-01 6.137463782954536429e-01
9.204020100502512403e-01 3.669817980449041530e-03 8.835242657439777735e-05 3.562177698036122966e-03 3.841827382951943509e-03 9.349094310872804736e-02 2.430755384186468818e-03 8.970542498071550075e-02 9.916958102718075041e-02 4.892920579368470468e-01 1.404139788179062202e-02 4.671705308074005636e-01 5.126257087569060511e-01 5.784834420622437801e-01 1.507003872164561740e-02 5.576183670916882162e-01 6.044020798341915857e-01
9.253768844221106349e-01 3.688484806810180851e-03 1.023976146514177780e-04 3.557118791222615376e-03 3.875867467330435488e-03 9.169103195446001719e-02 2.280327026292315075e-03 8.874951383276033501e-02 9.647975968310266992e-02 4.811437527488418020e-01 1.393950970457659942e-02 4.581155116797143712e-01 5.024513168583268907e-01 5.687951412801833806e-01 1.477376884904414191e-02 5.493633905236298132e-01 5.933575105863410082e-01
9.303517587939699185e-01 3.664147269274565296e-03 1.025483196267140744e-04 3.527103675997204577e-03 3.855832994456102978e-03 9.016923104519652954e-02 1.819932523252549379e-03 8.785130090008373693e-02 9.416341812296802338e-02 4.724630619333067827e-01 1.329268710851291835e-02 4.518610887549293631e-01 4.932458801390103842e-01 5.585368218072824797e-01 1.433265956835487812e-02 5.399174974232997526e-01 5.818645070500176875e-01
9.353266331658292021e-01 3.669855419264790065e-03 1.051286096043916110e-04 3.494013591832601830e-03 3.861824741309065161e-03 8.868914649380929549e-02 1.675723732681667997e-03 8.678490213218038873e-02 9.239598428227206728e-02 4.630226562700540116e-01 1.283797655940960986e-02 4.435953619443856466e-01 4.840014973577924096e-01 5.497414315252336925e-01 1.401460701394738328e-02 5.304653553449015790e-01 5.725833829355143623e-01
9.403015075376884857e-01 3.638462784255455575e-03 1.048639524943516634e-04 3.445771719539832481e-03 3.824956012532795130e-03 8.736803137860353619e-02 1.842718763939999935e-03 8.537827714867707307e-02 9.170284607887908834e-02 4.554441144101891714e-01 1.208619306394701637e-02 4.381987172005147313e-01 4.757000665232981595e-01 5.390371457991903759e-01 1.383395055285603290e-02 5.185734979940807010e-01 5.616861522967778741e-01
9.452763819095477693e-01 3.661587985952186649e-03 9.840582508979969615e-05 3.516859607986989530e-03 3.850952089418622614e-03 8.595652669722561590e-02 1.325160224743047663e-03 8.459938483555391742e-02 8.852404656007212269e-02 4.465408695496163038e-01 1.230358071246011320e-02 4.285161385058433581e-01 4.685690529365598156e-01 5.286217920376288237e-01 1.309905029401647360e-02 5.121964123889827247e-01 5.515933942143235180e-01
9.502512562814070529e-01 3.631176745243076733e-03 9.670522520438556589e-05 3.455502750364676263e-03 3.791670837538980033e-03 8.468824337300465133e-02 1.248571063275929387e-03 8.324687640517654252e-02 8.743757616908216790e-02 4.368709445842151595e-01 1.181849515614656100e-02 4.221590279623235187e-01 4.589992595494202798e-01 5.180604576348457613e-01 1.118280697187102636e-02 5.023896737251999367e-01 5.389152451243548470e-01
9.552261306532663365e-01 3.645747317040033079e-03 1.027762794947971860e-04 3.452797260278313730e-03 3.820537663140403852e-03 8.328128480863683514e-02 1.056955030391997776e-03 8.169185431231380801e-02 8.515147875457812487e-02 4.278676647652273068e-01 1.030747545631327186e-02 4.137345840140470576e-01 4.480069862687277027e-01 5.087084835402524430e-01 1.029262360145273558e-02 4.950394473764250236e-01 5.276366345253084011e-01
9.602010050251256201e-01 3.622947811462989311e-03 9.525665411894028488e-05 3.451941488951080616e-03 3.784143509295340504e-03 8.183178870023959106e-02 8.678040727669618501e-04 8.049043916764724027e-02 8.336442113408767951e-02 4.190594731527105266e-01 9.417021892625715776e-03 4.066267013761806770e-01 4.364871437350342775e-01 4.986758069665812587e-01 9.588799708732460153e-03 4.851401174611924549e-01 5.156267172054550540e-01
9.651758793969849037e-01 3.614747935733644835e-03 8.105579088699574829e-05 3.453339892031655287e-03 3.771911502040597216e-03 8.056552226438129516e-02 1.082768325713007141e-03 7.897325059352539034e-02 8.218085110164830009e-02 4.098856878991643526e-01 8.731238911708667436e-03 3.977548689851863051e-01 4.255021587704630459e-01 4.882875741080880405e-01 8.579529413483310760e-03 4.750260475934829363e-01 5.048401671177126238e-01
9.701507537688442984e-01 3.568109157513378506e-03 8.475536656921822806e-05 3.440750906426865222e-03 3.748354867268982506e-03 7.918321627460338241e-02 1.090514465857571162e-03 7.736668642331868961e-02 8.076391549868060238e-02 4.005728280053070245e-01 8.118696797400877865e-03 3.879642151783847526e-01 4.159530403015211930e-01 4.772580803425489071e-01 7.662608360509188914e-03 4.654012652241267256e-01 4.910026496978097676e-01
9.751256281407035820e-01 3.607041504638711961e-03 8.434193433749060742e-05 3.476641354884591265e-03 3.782750287132405180e-03 7.788898287230189288e-02 1.142804848385193780e-03 7.586625400170785016e-02 7.982860176488799919e-02 3.901462538591672358e-01 6.906428543560902064e-03 3.798382598895359563e-01 4.031726153784189748e-01 4.659933924963112206e-01 6.564282943704310286e-03 4.555485138157105984e-01 4.777404852893896714e-01
9.801005025125628656e-01 3.543873008557061645e-03 8.780462222382229981e-05 3.467284303329020486e-03 3.762697792846862125e-03 7.606553537910124008e-02 1.150378331522210152e-03 7.404478180952028810e-02 7.792984648280765203e-02 3.798202147555022612e-01 5.812810233929060870e-03 3.705991291807362864e-01 3.914957038840869985e-01 4.550322626825337724e-01 5.757899734727757284e-03 4.438169766855628029e-01 4.635245493456554566e-01
9.850753768844221492e-01 3.541760291931522926e-03 6.423979391606591085e-05 3.458494722167231288e-03 3.665017482147936607e-03 7.431317127924688681e-02 8.183367415288366181e-04 7.310525903414737126e-02 7.594727821275362722e-02 3.690695208610474953e-01 5.076699434665246993e-03 3.607552644432310829e-01 3.787986810892537970e-01 4.428711466966953059e-01 4.591208565188929780e-03 4.345765886310735682e-01 4.496463702790998163e-01
9.900502512562814328e-01 3.483285609181818732e-03 4.426079853562970982e-05 3.414278618235567532e-03 3.578091426270764604e-03 7.259415761134790923e-02 6.801452979685692528e-04 7.153054459655733277e-02 7.370735253154207800e-02 3.568117804357981981e-01 3.568249423537030000e-03 3.516416110452942334e-01 3.634579689385543655e-01 4.291987399354867949e-01 3.223411609576476780e-03 4.237359149054510388e-01 4.345159145430970149e-01
9.950251256281407164e-01 3.497614499527667946e-03 4.715315193890361835e-05 3.456220934410192749e-03 3.617095892471060021e-03 6.998704327962229632e-02 6.210260594363556852e-04 6.887509174319729477e-02 7.103071911651889780e-02 3.418172885499463631e-01 2.451355886753926478e-03 3.384370445419220830e-01 3.472123863377551412e-01 4.125655277288415301e-01 2.457034856149723900e-03 4.092687960280180226e-01 4.166253070436964356e-01
1.000000000000000000e+00 3.509021507282100629e-03 4.431945160716366635e-05 3.437843453203687574e-03 3.606823384495425836e-03 6.799022402016810518e-02 1.774833781177959254e-04 6.777069622754319789e-02 6.828357561016565325e-02 3.195894070071265136e-01 5.405170633084005298e-04 3.188197746120233766e-01 3.203645370198405784e-01 3.895475802294875445e-01 5.610792707949740360e-04 3.890414586792286245e-01 3.909208112693196013e-01
