# FPR	TPR_MEAN	TPR_STD	TPR_MIN	TPR_MAX
0.000000000000000000e+00 7.285851780558227908e-02 3.577350298578781812e-02 1.058710298363811295e-02 1.222329162656400348e-01
2.004008016032063962e-03 1.773820981713186140e-01 1.889740959837079431e-02 1.506256015399422554e-01 2.122232916265640035e-01
4.008016032064127925e-03 2.329162656400384779e-01 1.463926270463062826e-02 2.045235803657362850e-01 2.555341674687199305e-01
6.012024048096191453e-03 2.625120307988449975e-01 1.575658067257641390e-02 2.391722810394610321e-01 2.872954764196342659e-01
8.016032064128255849e-03 2.870067372473532608e-01 1.373864552843538991e-02 2.651588065447545994e-01 3.089509143407122016e-01
1.002004008016032024e-02 3.086621751684311410e-01 1.651852777896049146e-02 2.733397497593840209e-01 3.334937439846005769e-01
1.202404809619238291e-02 3.307988450433109184e-01 1.676760191877691222e-02 3.094321462945139323e-01 3.565928777670837602e-01
1.402805611222444730e-02 3.602502406159769355e-01 2.054268678892859357e-02 3.349374398460057689e-01 3.979788257940327090e-01
1.603206412825651170e-02 3.807507218479307398e-01 1.771404297823732377e-02 3.614051973051010669e-01 4.124157844080846846e-01
1.803607214428857436e-02 3.988450433108758353e-01 2.106213230972497907e-02 3.739172281039461199e-01 4.408084696823869053e-01
2.004008016032064049e-02 4.158806544754571344e-01 2.101149311337609238e-02 3.782483156881616959e-01 4.518768046198267663e-01
2.204408817635270315e-02 4.307988450433108407e-01 2.422064853077625021e-02 3.931665062560154023e-01 4.701636188642925873e-01
2.404809619238476581e-02 4.441770933589990200e-01 2.408564726899364503e-02 3.999037536092396317e-01 4.894128970163618697e-01
2.605210420841683194e-02 4.657362848893166207e-01 2.255207179150356400e-02 4.128970163618864153e-01 5.004812319538017862e-01
2.805611222444889460e-02 4.749759384023099495e-01 1.864921289459147563e-02 4.350336862367661372e-01 5.072184793070260156e-01
3.006012024048096073e-02 4.877767083734360076e-01 1.505140927994195847e-02 4.615014436958613797e-01 5.149181905678537063e-01
3.206412825651302340e-02 5.017324350336862526e-01 1.777850866819919579e-02 4.730510105871029713e-01 5.279114533205004900e-01
3.406813627254508953e-02 5.114051973051010336e-01 1.577538240507691050e-02 4.894128970163618697e-01 5.370548604427334283e-01
3.607214428857714872e-02 5.188642925890277757e-01 1.500456228674116634e-02 5.019249278152069227e-01 5.471607314725698279e-01
3.807615230460921485e-02 5.303657362848893664e-01 1.467631228892483410e-02 5.043310875842156316e-01 5.582290664100095778e-01
4.008016032064128098e-02 5.386429258902790673e-01 1.594621460256415157e-02 5.057747834456207681e-01 5.587102983638113640e-01
4.208416833667334017e-02 5.509143407122232272e-01 1.458664778114836767e-02 5.144369586140519202e-01 5.688161693936477636e-01
4.408817635270540630e-02 5.606352261790181757e-01 1.210755113128885244e-02 5.307988450433108740e-01 5.745909528392685317e-01
4.609218436873747243e-02 5.665062560153993898e-01 1.296435668179613324e-02 5.341674687199230442e-01 5.827718960538980086e-01
4.809619238476953162e-02 5.726179018286814415e-01 1.288668728635883158e-02 5.433108758421558715e-01 5.899903753609239132e-01
5.010020040080159776e-02 5.858036573628488952e-01 1.313692721810094492e-02 5.582290664100095778e-01 6.025024061597690217e-01
5.210420841683366389e-02 5.929740134744946323e-01 1.423145362023061147e-02 5.635226179018286707e-01 6.159769008662174805e-01
5.410821643286573002e-02 5.980269489894128876e-01 1.407313461895616513e-02 5.673724735322425161e-01 6.222329162656400348e-01
5.611222444889778921e-02 6.041385948026949393e-01 1.308773978869792222e-02 5.750721847930702069e-01 6.270452358036573415e-01
5.811623246492985534e-02 6.111164581328200063e-01 1.290823424332181515e-02 5.794032723772858384e-01 6.308950914340711869e-01
6.012024048096192147e-02 6.178055822906640682e-01 1.204003495325161460e-02 5.875842155919153154e-01 6.347449470644850322e-01
6.212424849699398066e-02 6.259865255052935451e-01 1.148885228590611207e-02 5.996150144369586377e-01 6.410009624639075865e-01
6.412825651302604679e-02 6.313282001924928055e-01 1.223966906589153171e-02 6.025024061597690217e-01 6.448508180943214319e-01
6.613226452905811292e-02 6.348411934552454783e-01 1.216822377615328805e-02 6.068334937439846533e-01 6.520692974013474474e-01
6.813627254509017905e-02 6.412415784408086461e-01 1.230345512405577220e-02 6.135707410972088827e-01 6.549566891241578315e-01
7.014028056112224518e-02 6.467276227141481870e-01 1.132164012777007837e-02 6.246390760346487436e-01 6.631376323387873084e-01
7.214428857715429744e-02 6.523580365736284525e-01 1.135381105144073026e-02 6.308950914340711869e-01 6.669874879692011538e-01
7.414829659318636357e-02 6.581809432146294991e-01 1.132491245549423035e-02 6.376323387872955273e-01 6.766121270452357672e-01
7.615230460921842970e-02 6.629932627526468059e-01 1.203089509104909686e-02 6.405197305101059113e-01 6.790182868142444761e-01
7.815631262525049583e-02 6.670356111645813213e-01 1.181216155736813413e-02 6.453320500481232180e-01 6.871992300288739530e-01
8.016032064128256196e-02 6.709335899903752232e-01 1.157920483399481858e-02 6.496631376323387386e-01 6.910490856592877984e-01
8.216432865731462809e-02 6.736284889316650482e-01 1.218153880826417651e-02 6.525505293551492336e-01 6.920115495668912597e-01
8.416833667334668034e-02 6.768527430221367158e-01 1.108349382495083142e-02 6.602502406159769244e-01 6.929740134744947211e-01
8.617234468937874647e-02 6.811357074109720688e-01 1.194037238950474387e-02 6.621751684311838471e-01 6.977863330125120278e-01
8.817635270541081260e-02 6.858999037536092080e-01 1.142061878981130360e-02 6.679499518768046151e-01 6.987487969201154892e-01
9.018036072144287874e-02 6.902309913378249506e-01 1.042630980764714353e-02 6.732435033686237080e-01 7.025986525505293345e-01
9.218436873747494487e-02 6.927815206929739400e-01 1.004426891293127254e-02 6.770933589990375534e-01 7.074109720885466412e-01
9.418837675350701100e-02 6.968238691049084554e-01 1.150134301927980413e-02 6.790182868142444761e-01 7.112608277189604866e-01
9.619238476953906325e-02 7.003368623676611282e-01 1.122220121861173051e-02 6.828681424446583215e-01 7.165543792107795795e-01
9.819639278557112938e-02 7.037054860442734094e-01 1.136166119987322420e-02 6.852743022136670303e-01 7.199230028873917497e-01
1.002004008016031955e-01 7.057266602502406672e-01 1.124323049418916171e-02 6.867179980750721668e-01 7.228103946102021338e-01
1.022044088176352616e-01 7.091915303176130614e-01 1.086998488012380464e-02 6.891241578440808757e-01 7.232916265640038089e-01
1.042084168336673278e-01 7.118383060635227189e-01 1.089073737040665603e-02 6.905678537054860122e-01 7.256977863330125178e-01
1.062124248496993939e-01 7.157362848893166207e-01 1.180156979933335952e-02 6.934552454282963962e-01 7.333974975938402086e-01
1.082164328657314600e-01 7.180943214629451621e-01 1.147675153583706774e-02 6.977863330125120278e-01 7.348411934552454561e-01
1.102204408817635123e-01 7.210298363811357136e-01 1.152758977374740597e-02 7.016361886429258732e-01 7.386910490856593015e-01
1.122244488977955784e-01 7.236284889316649815e-01 1.216298888267990271e-02 7.021174205967276594e-01 7.430221366698749330e-01
1.142284569138276445e-01 7.256015399422522938e-01 1.354272564047775095e-02 7.025986525505293345e-01 7.487969201154957011e-01
1.162324649298597107e-01 7.281039461020212267e-01 1.390585493435986773e-02 7.054860442733397186e-01 7.507218479307026238e-01
1.182364729458917768e-01 7.312319538017324483e-01 1.341463743267993884e-02 7.088546679499518888e-01 7.531280076997112216e-01
1.202404809619238429e-01 7.335418671799807111e-01 1.290751659092473184e-02 7.131857555341675203e-01 7.555341674687199305e-01
1.222444889779558952e-01 7.373917228103947785e-01 1.226726231427179882e-02 7.199230028873917497e-01 7.608277189605390234e-01
1.242484969939879613e-01 7.399422521655438789e-01 1.148159336626024089e-02 7.232916265640038089e-01 7.622714148219441599e-01
1.262525050100200275e-01 7.423002887391721982e-01 1.085335431801979708e-02 7.276227141482194405e-01 7.637151106833494074e-01
1.282565130260520936e-01 7.447545717035610746e-01 1.040440845719352130e-02 7.305101058710298245e-01 7.651588065447545439e-01
1.302605210420841597e-01 7.467276227141482758e-01 1.088063212720105644e-02 7.305101058710298245e-01 7.690086621751683893e-01
1.322645290581162258e-01 7.495668912415783813e-01 1.065513185994076788e-02 7.343599615014436699e-01 7.728585178055823457e-01
1.342685370741482920e-01 7.517805582290665312e-01 1.026683307790973373e-02 7.358036573628489174e-01 7.738209817131858070e-01
1.362725450901803581e-01 7.534167468719923377e-01 1.030825355146185000e-02 7.386910490856593015e-01 7.757459095283927297e-01
1.382765531062124242e-01 7.550529355149181443e-01 9.796350837343219611e-03 7.420596727622713606e-01 7.767083734359961911e-01
1.402805611222444904e-01 7.565928777670837269e-01 9.281166767283278995e-03 7.444658325312800695e-01 7.776708373435996524e-01
1.422845691382765287e-01 7.594802694898941109e-01 9.028198751408093164e-03 7.463907603464869922e-01 7.791145332050047889e-01
1.442885771543085949e-01 7.619345524542829873e-01 1.069169180646106776e-02 7.468719923002887784e-01 7.863330125120308045e-01
1.462925851703406610e-01 7.643888354186716416e-01 1.052831697422482518e-02 7.487969201154957011e-01 7.887391722810395134e-01
1.482965931863727271e-01 7.668431183830606290e-01 9.818193341243097380e-03 7.526467757459095465e-01 7.901828681424446499e-01
1.503006012024047933e-01 7.689605389797882218e-01 1.007247334416971896e-02 7.531280076997112216e-01 7.925890279114533588e-01
1.523046092184368594e-01 7.709335899903754230e-01 1.017666208884412948e-02 7.555341674687199305e-01 7.945139557266602814e-01
1.543086172344689255e-01 7.733878729547641884e-01 1.034021790061995585e-02 7.564966313763233918e-01 7.954764196342637428e-01
1.563126252505009917e-01 7.749278152069296599e-01 9.993068598718467949e-03 7.579403272377286394e-01 7.959576515880654179e-01
1.583166332665330578e-01 7.763715110683349074e-01 9.605491058581600364e-03 7.608277189605390234e-01 7.964388835418672041e-01
1.603206412825651239e-01 7.783926852743021652e-01 9.174381454715673651e-03 7.637151106833494074e-01 7.978825794032723406e-01
1.623246492985971901e-01 7.804619826756495904e-01 8.645583511181855613e-03 7.685274302213667141e-01 8.002887391722810495e-01
1.643286573146292562e-01 7.819538017324350054e-01 8.639286410227410562e-03 7.704523580365736368e-01 8.017324350336861860e-01
1.663326653306613223e-01 7.841674687199230442e-01 8.850613165423274267e-03 7.709335899903753120e-01 8.046198267564966811e-01
1.683366733466933607e-01 7.860442733397496884e-01 9.199463442039297265e-03 7.733397497593840209e-01 8.084696823869105264e-01
1.703406813627254268e-01 7.872954764196341548e-01 9.156062363060850015e-03 7.747834456207892684e-01 8.094321462945139878e-01
1.723446893787574929e-01 7.893647738209816911e-01 8.826507717562000199e-03 7.762271414821944049e-01 8.103946102021174491e-01
1.743486973947895591e-01 7.905197305101058225e-01 8.760668782768940913e-03 7.767083734359961911e-01 8.113570741097209105e-01
1.763527054108216252e-01 7.918671799807507350e-01 9.021655322406936170e-03 7.771896053897978662e-01 8.142444658325312945e-01
1.783567134268536913e-01 7.935033686236765416e-01 9.441103758685533837e-03 7.810394610202117116e-01 8.180943214629451399e-01
1.803607214428857575e-01 7.948508180943214541e-01 9.314169564407072041e-03 7.815206929740134978e-01 8.185755534167469261e-01
1.823647294589178236e-01 7.960538979788258640e-01 8.599926045693434204e-03 7.853705486044273432e-01 8.185755534167469261e-01
1.843687374749498897e-01 7.982675649663137918e-01 9.296125945476168412e-03 7.877767083734359410e-01 8.229066410009624466e-01
1.863727454909819559e-01 7.996150144369587043e-01 9.181824968420682076e-03 7.911453320500481112e-01 8.248315688161693693e-01
1.883767535070140220e-01 8.008662175168430597e-01 9.043576379229539483e-03 7.921077959576515726e-01 8.257940327237728306e-01
1.903807615230460881e-01 8.026948989412895363e-01 9.727553721610979198e-03 7.921077959576515726e-01 8.286814244465832147e-01
1.923847695390781265e-01 8.045717035611164025e-01 1.011835243715340261e-02 7.935514918190568201e-01 8.315688161693935987e-01
1.943887775551101926e-01 8.060153994225215390e-01 9.747649906187934310e-03 7.954764196342637428e-01 8.315688161693935987e-01
1.963927855711422588e-01 8.073147256977863950e-01 9.711351445800856311e-03 7.974013474494706655e-01 8.330125120307988462e-01
1.983967935871743249e-01 8.086140519730511400e-01 9.725291790485734653e-03 7.978825794032723406e-01 8.349374398460057689e-01
2.004008016032063910e-01 8.102983638113571141e-01 9.231127763642108311e-03 8.007699711260827247e-01 8.349374398460057689e-01
2.024048096192384572e-01 8.120307988450432557e-01 1.025645182271970116e-02 8.012512030798845108e-01 8.387872954764196143e-01
2.044088176352705233e-01 8.136188642925891168e-01 1.043075116577818311e-02 8.031761308950914335e-01 8.407122232916265370e-01
2.064128256513025894e-01 8.145332050048124106e-01 1.019076129002555522e-02 8.041385948026948949e-01 8.407122232916265370e-01
2.084168336673346555e-01 8.167468719923002274e-01 1.054941230405757185e-02 8.055822906641001424e-01 8.440808469682387072e-01
2.104208416833667217e-01 8.177574590952840783e-01 1.036839902779440083e-02 8.079884504331087403e-01 8.445620789220403823e-01
2.124248496993987878e-01 8.189605389797882662e-01 1.071927298735387592e-02 8.089509143407122016e-01 8.474494706448507664e-01
2.144288577154308539e-01 8.203079884504331787e-01 1.105619286296391675e-02 8.099133782483156629e-01 8.488931665062560139e-01
2.164328657314629201e-01 8.214629451395571991e-01 1.102220793836553372e-02 8.099133782483156629e-01 8.498556304138594752e-01
2.184368737474949584e-01 8.227622714148219440e-01 1.043297113582968179e-02 8.103946102021174491e-01 8.503368623676612614e-01
2.204408817635270246e-01 8.241578440808471351e-01 1.036873405606339449e-02 8.128007699711260470e-01 8.508180943214629366e-01
2.224448897795590907e-01 8.259384023099134442e-01 1.049935197434653453e-02 8.147256977863329697e-01 8.532242540904716455e-01
2.244488977955911568e-01 8.272858517805582457e-01 1.034917260398090025e-02 8.161693936477382172e-01 8.546679499518767820e-01
2.264529058116232230e-01 8.283445620789221531e-01 1.011285793579816059e-02 8.171318575553416785e-01 8.551491819056785681e-01
2.284569138276552891e-01 8.292107795957651684e-01 1.004023324069720953e-02 8.195380173243503874e-01 8.556304138594802433e-01
2.304609218436873552e-01 8.312319538017323151e-01 9.710993737927008790e-03 8.205004812319538487e-01 8.561116458132820295e-01
2.324649298597194214e-01 8.328200192492781762e-01 9.794459467340565703e-03 8.224254090471607714e-01 8.570741097208854908e-01
2.344689378757514875e-01 8.339749759384023076e-01 1.023339495169204270e-02 8.233878729547642328e-01 8.594802694898940887e-01
2.364729458917835536e-01 8.351780558229066065e-01 1.034872505283886135e-02 8.238691049085659079e-01 8.594802694898940887e-01
2.384769539078156197e-01 8.360923965351299003e-01 1.071365435306120134e-02 8.243503368623676941e-01 8.614051973051010114e-01
2.404809619238476859e-01 8.373435996150142557e-01 1.036381922267512294e-02 8.253128007699711555e-01 8.618864292589027976e-01
2.424849699398797520e-01 8.382579403272376606e-01 1.009543895309803103e-02 8.257940327237728306e-01 8.618864292589027976e-01
2.444889779559117904e-01 8.396053897978825731e-01 9.789374599750077718e-03 8.296438883541866760e-01 8.633301251203079341e-01
2.464929859719438565e-01 8.405678537054861454e-01 9.876516495460094941e-03 8.306063522617901373e-01 8.642925890279115064e-01
2.484969939879759226e-01 8.413859480269489932e-01 9.911976502745336107e-03 8.320500481231953849e-01 8.662175168431184291e-01
2.505010020040079888e-01 8.427815206929739622e-01 1.021538806751236955e-02 8.330125120307988462e-01 8.686236766121270270e-01
2.525050100200400549e-01 8.440327237728585397e-01 1.049361558761643942e-02 8.334937439846006324e-01 8.700673724735322745e-01
2.545090180360721210e-01 8.452358036573628386e-01 1.029476518669533193e-02 8.349374398460057689e-01 8.700673724735322745e-01
2.565130260521041872e-01 8.461020211742059649e-01 9.843046435632602301e-03 8.368623676612126916e-01 8.700673724735322745e-01
2.585170340681362533e-01 8.466794995187679751e-01 9.780262533559366464e-03 8.373435996150144778e-01 8.705486044273339497e-01
2.605210420841683194e-01 8.475457170356112124e-01 9.866546078579830487e-03 8.378248315688161529e-01 8.715110683349374110e-01
2.625250501002003856e-01 8.481713185755532791e-01 9.735287932696774435e-03 8.383060635226179391e-01 8.715110683349374110e-01
2.645290581162324517e-01 8.489894128970162379e-01 9.911041895558027684e-03 8.397497593840230756e-01 8.734359961501443337e-01
2.665330661322645178e-01 8.496150144369585266e-01 9.754299864259210334e-03 8.402309913378248618e-01 8.739172281039461199e-01
2.685370741482965840e-01 8.506737247353225451e-01 9.540173155260218626e-03 8.411934552454283232e-01 8.743984600577477950e-01
2.705410821643286501e-01 8.519730510105871790e-01 9.304592137522186765e-03 8.421559191530317845e-01 8.743984600577477950e-01
2.725450901803607162e-01 8.528873917228103618e-01 9.440122533463084914e-03 8.426371511068334597e-01 8.758421559191530426e-01
2.745490981963927823e-01 8.539461020211742692e-01 9.169331567747308551e-03 8.440808469682387072e-01 8.768046198267565039e-01
2.765531062124248485e-01 8.547641963426370060e-01 8.883390666254454074e-03 8.455245428296438437e-01 8.768046198267565039e-01
2.785571142284569146e-01 8.552935514918189597e-01 8.889254334099610036e-03 8.464870067372473050e-01 8.768046198267565039e-01
2.805611222444889807e-01 8.564003849855630346e-01 8.876610048253207041e-03 8.464870067372473050e-01 8.777670837343599652e-01
2.825651302605209914e-01 8.574590952839269420e-01 8.717606832896426447e-03 8.469682386910490912e-01 8.782483156881616404e-01
2.845691382765530575e-01 8.584215591915302923e-01 8.749426893061412400e-03 8.479307025986525526e-01 8.792107795957652128e-01
2.865731462925851236e-01 8.594802694898941997e-01 8.640760611150519882e-03 8.498556304138594752e-01 8.801732435033686741e-01
2.885771543086171897e-01 8.601539942252165449e-01 8.519844456720193290e-03 8.503368623676612614e-01 8.806544754571703493e-01
2.905811623246492559e-01 8.614051973051010114e-01 8.268231605356892236e-03 8.508180943214629366e-01 8.806544754571703493e-01
2.925851703406813220e-01 8.626082771896055323e-01 8.144770849319471484e-03 8.527430221366698593e-01 8.820981713185755968e-01
2.945891783567133881e-01 8.635707410972088827e-01 7.813908918033274018e-03 8.537054860442733206e-01 8.825794032723772720e-01
2.965931863727454543e-01 8.644369586140520090e-01 8.273971440553811937e-03 8.546679499518767820e-01 8.845043310875841946e-01
2.985971943887775204e-01 8.653994225216553593e-01 8.357518086086262663e-03 8.551491819056785681e-01 8.845043310875841946e-01
3.006012024048095865e-01 8.667468719923000497e-01 8.227377703566652115e-03 8.551491819056785681e-01 8.849855630413859808e-01
3.026052104208416527e-01 8.676130895091432871e-01 7.707076602374193265e-03 8.565928777670837047e-01 8.849855630413859808e-01
3.046092184368737188e-01 8.684311838306062459e-01 7.449619862566837607e-03 8.570741097208854908e-01 8.849855630413859808e-01
3.066132264529057849e-01 8.690086621751683671e-01 7.883396103840317401e-03 8.570741097208854908e-01 8.869104908565929035e-01
3.086172344689378511e-01 8.695380173243503208e-01 7.882367869904923635e-03 8.580365736284889522e-01 8.873917228103945787e-01
3.106212424849699172e-01 8.702598652550529446e-01 7.742302797569904603e-03 8.580365736284889522e-01 8.873917228103945787e-01
3.126252505010019833e-01 8.709817131857555683e-01 7.796700258123452458e-03 8.589990375360924135e-01 8.883541867179980400e-01
3.146292585170340494e-01 8.717998075072184161e-01 7.685260742127859347e-03 8.594802694898940887e-01 8.883541867179980400e-01
3.166332665330661156e-01 8.723772858517806483e-01 7.753063473781081349e-03 8.594802694898940887e-01 8.888354186717998262e-01
3.186372745490981817e-01 8.735803657362847252e-01 7.231460896843999557e-03 8.633301251203079341e-01 8.893166506256015014e-01
3.206412825651302478e-01 8.742059672762270139e-01 7.260704220420529688e-03 8.633301251203079341e-01 8.897978825794032876e-01
3.226452905811623140e-01 8.749759384023096942e-01 7.262617701602863338e-03 8.638113570741097202e-01 8.902791145332049627e-01
3.246492985971943801e-01 8.759865255052934341e-01 7.215430860955133682e-03 8.642925890279115064e-01 8.902791145332049627e-01
3.266533066132264462e-01 8.766121270452359449e-01 7.096172701122904942e-03 8.647738209817131816e-01 8.902791145332049627e-01
3.286573146292585124e-01 8.775264677574592387e-01 7.483891846096877784e-03 8.652550529355149678e-01 8.922040423484118854e-01
3.306613226452905785e-01 8.780076997112609138e-01 7.606662258241402366e-03 8.657362848893166429e-01 8.931665062560153467e-01
3.326653306613226446e-01 8.786814244465833701e-01 7.658848499357586749e-03 8.666987487969201043e-01 8.931665062560153467e-01
3.346693386773546552e-01 8.794995187680461068e-01 7.998300917927515102e-03 8.666987487969201043e-01 8.946102021174205943e-01
3.366733466933867214e-01 8.807988450433109628e-01 7.569428332387865069e-03 8.681424446583253518e-01 8.950914340712223805e-01
3.386773547094187875e-01 8.811357074109720244e-01 7.627184891687763951e-03 8.686236766121270270e-01 8.955726660250240556e-01
3.406813627254508536e-01 8.822906641000962669e-01 7.630827581487891441e-03 8.700673724735322745e-01 8.974975938402309783e-01
3.426853707414829198e-01 8.834456207892202873e-01 7.614421754116841579e-03 8.710298363811357358e-01 8.979788257940327645e-01
3.446893787575149859e-01 8.843599615014434701e-01 7.511073514777310244e-03 8.724735322425408723e-01 8.989412897016362258e-01
3.466933867735470520e-01 8.847930702598653108e-01 7.235142781387019287e-03 8.739172281039461199e-01 8.989412897016362258e-01
3.486973947895791182e-01 8.857074109720883826e-01 7.145119692921529306e-03 8.748796920115495812e-01 8.989412897016362258e-01
3.507014028056111843e-01 8.865255052935514524e-01 7.101392394878438749e-03 8.753609239653512564e-01 8.999037536092396872e-01
3.527054108216432504e-01 8.871029836381136846e-01 7.402842934756266938e-03 8.753609239653512564e-01 9.023099133782482850e-01
3.547094188376753165e-01 8.878248315688163084e-01 7.683000393432753983e-03 8.753609239653512564e-01 9.037536092396535325e-01
3.567134268537073827e-01 8.885948026948989886e-01 7.843490356087640114e-03 8.772858517805581791e-01 9.056785370548604552e-01
3.587174348697394488e-01 8.890760346487006638e-01 8.153296431747098991e-03 8.782483156881616404e-01 9.080846968238690531e-01
3.607214428857715149e-01 8.897497593840231200e-01 7.978732913983540426e-03 8.796920115495668879e-01 9.080846968238690531e-01
3.627254509018035811e-01 8.904716073147256328e-01 8.050249727170923075e-03 8.801732435033686741e-01 9.085659287776708393e-01
3.647294589178356472e-01 8.912897016361887026e-01 8.156704169598544274e-03 8.806544754571703493e-01 9.090471607314725144e-01
3.667334669338677133e-01 8.921559191530317179e-01 7.701064606761823597e-03 8.825794032723772720e-01 9.095283926852743006e-01
3.687374749498997795e-01 8.927333974975937281e-01 7.763958377633860437e-03 8.835418671799807333e-01 9.100096246390760868e-01
3.707414829659318456e-01 8.930702598652550117e-01 7.717136202271841078e-03 8.835418671799807333e-01 9.104908565928777620e-01
3.727454909819639117e-01 8.938883541867179705e-01 7.524011966152851887e-03 8.845043310875841946e-01 9.109720885466795481e-01
3.747494989979959779e-01 8.949951876804620454e-01 7.510302665986296443e-03 8.859480269489894422e-01 9.119345524542830095e-01
3.767535070140280440e-01 8.961020211742060093e-01 7.334486503877102673e-03 8.869104908565929035e-01 9.124157844080846846e-01
3.787575150300601101e-01 8.969682386910490246e-01 7.394235065936381225e-03 8.873917228103945787e-01 9.138594802694899322e-01
3.807615230460921762e-01 8.975938402309914244e-01 7.288082778688197670e-03 8.883541867179980400e-01 9.148219441770933935e-01
3.827655310621242424e-01 8.985563041385947747e-01 7.439042871584040061e-03 8.897978825794032876e-01 9.153031761308950687e-01
3.847695390781562530e-01 8.992781520692973984e-01 7.433592965557756296e-03 8.897978825794032876e-01 9.157844080846968549e-01
3.867735470941883191e-01 9.001443695861404137e-01 7.305380028429282573e-03 8.917228103946102102e-01 9.167468719923003162e-01
3.887775551102203853e-01 9.007699711260827025e-01 7.382794575847952470e-03 8.926852743022136716e-01 9.181905678537054527e-01
3.907815631262524514e-01 9.016843118383061073e-01 7.157425473808904683e-03 8.941289701636189191e-01 9.186717998075072389e-01
3.927855711422845175e-01 9.022617901828681175e-01 7.229539169226507911e-03 8.950914340712223805e-01 9.201154956689123754e-01
3.947895791583165837e-01 9.028392685274303497e-01 7.103511799889802684e-03 8.950914340712223805e-01 9.201154956689123754e-01
3.967935871743486498e-01 9.038017324350337001e-01 6.844498993700025985e-03 8.974975938402309783e-01 9.205967276227141616e-01
3.987975951903807159e-01 9.047641963426371614e-01 7.008330155585341600e-03 8.974975938402309783e-01 9.215591915303176229e-01
4.008016032064127820e-01 9.051973051010586691e-01 6.778370302852364422e-03 8.984600577478344396e-01 9.215591915303176229e-01
4.028056112224448482e-01 9.061597690086623524e-01 6.692412345021172236e-03 8.994225216554379010e-01 9.225216554379210843e-01
4.048096192384769143e-01 9.065928777670837491e-01 6.550590445726502814e-03 8.994225216554379010e-01 9.225216554379210843e-01
4.068136272545089804e-01 9.071703561116457593e-01 6.342228200299115937e-03 9.003849855630413623e-01 9.225216554379210843e-01
4.088176352705410466e-01 9.076997112608277130e-01 6.112971899210946185e-03 9.013474494706448237e-01 9.225216554379210843e-01
4.108216432865731127e-01 9.081809432146294991e-01 5.982779698910515101e-03 9.023099133782482850e-01 9.225216554379210843e-01
4.128256513026051788e-01 9.084215591915303367e-01 6.162963861077408630e-03 9.027911453320500712e-01 9.234841193455245456e-01
4.148296593186372450e-01 9.092396535129931845e-01 6.174789194358217860e-03 9.027911453320500712e-01 9.234841193455245456e-01
4.168336673346693111e-01 9.099133782483157518e-01 6.052053868051009491e-03 9.032723772858517464e-01 9.239653512993262208e-01
4.188376753507013772e-01 9.105389797882580405e-01 5.844343648233011647e-03 9.047160731472569939e-01 9.239653512993262208e-01
4.208416833667334433e-01 9.113089509143407208e-01 5.380552017396785652e-03 9.051973051010586691e-01 9.239653512993262208e-01
4.228456913827655095e-01 9.118864292589028420e-01 5.589131582125081432e-03 9.051973051010586691e-01 9.249278152069297931e-01
4.248496993987975756e-01 9.121751684311837360e-01 5.646021981535413910e-03 9.056785370548604552e-01 9.254090471607314683e-01
4.268537074148296417e-01 9.127045235803656897e-01 5.604648069890550213e-03 9.061597690086621304e-01 9.254090471607314683e-01
4.288577154308617079e-01 9.131376323387874194e-01 5.699094938559698745e-03 9.066410009624639166e-01 9.258902791145332545e-01
4.308617234468937740e-01 9.140038498556304347e-01 5.174306581014536874e-03 9.076034648700673779e-01 9.258902791145332545e-01
4.328657314629258401e-01 9.146294513955727234e-01 5.311894023694553428e-03 9.085659287776708393e-01 9.273339749759383910e-01
4.348697394789579063e-01 9.147738209817131150e-01 5.343408574995328272e-03 9.085659287776708393e-01 9.273339749759383910e-01
4.368737474949899169e-01 9.156400384985563523e-01 5.298143078206304230e-03 9.090471607314725144e-01 9.278152069297401772e-01
4.388777555110219830e-01 9.163618864292588650e-01 5.195522454770264142e-03 9.090471607314725144e-01 9.282964388835418523e-01
4.408817635270540491e-01 9.168912415784408187e-01 5.065752112589316097e-03 9.090471607314725144e-01 9.282964388835418523e-01
4.428857715430861153e-01 9.172762271414821589e-01 5.321694373596997166e-03 9.090471607314725144e-01 9.292589027911453137e-01
4.448897795591181814e-01 9.182868142444657877e-01 5.208877431274215770e-03 9.104908565928777620e-01 9.302213666987487750e-01
4.468937875751502475e-01 9.188161693936477414e-01 4.968821877879266678e-03 9.109720885466795481e-01 9.302213666987487750e-01
4.488977955911823137e-01 9.193455245428296951e-01 5.125515671104655113e-03 9.114533205004812233e-01 9.311838306063522364e-01
4.509018036072143798e-01 9.200673724735320969e-01 5.189501502631519748e-03 9.119345524542830095e-01 9.311838306063522364e-01
4.529058116232464459e-01 9.206929740134743856e-01 5.275145180382957884e-03 9.124157844080846846e-01 9.321462945139556977e-01
4.549098196392785121e-01 9.210779595765157257e-01 5.311022006283495737e-03 9.128970163618864708e-01 9.331087584215591590e-01
4.569138276553105782e-01 9.214629451395571769e-01 5.379475885459919678e-03 9.133782483156881460e-01 9.335899903753609452e-01
4.589178356713426443e-01 9.219923002887391306e-01 5.312983844190575372e-03 9.138594802694899322e-01 9.335899903753609452e-01
4.609218436873747105e-01 9.227622714148218108e-01 5.201981641076435479e-03 9.138594802694899322e-01 9.340712223291626204e-01
4.629258517034067766e-01 9.234841193455244346e-01 4.912338847035549808e-03 9.153031761308950687e-01 9.340712223291626204e-01
4.649298597194388427e-01 9.241578440808468908e-01 5.043531282607847249e-03 9.153031761308950687e-01 9.350336862367660817e-01
4.669338677354709088e-01 9.245909528392685095e-01 5.319953408678037253e-03 9.153031761308950687e-01 9.359961501443695431e-01
4.689378757515029750e-01 9.251203079884504632e-01 5.342324961069460851e-03 9.162656400384985300e-01 9.364773820981713293e-01
4.709418837675350411e-01 9.253128007699713553e-01 5.422354579789512297e-03 9.162656400384985300e-01 9.369586140519730044e-01
4.729458917835671072e-01 9.256496631376325279e-01 5.466803467574670936e-03 9.162656400384985300e-01 9.374398460057747906e-01
4.749498997995991734e-01 9.260346487006738680e-01 5.929316688620733800e-03 9.162656400384985300e-01 9.393647738209817133e-01
4.769539078156312395e-01 9.266602502406160458e-01 5.751476869423948791e-03 9.177093358999037775e-01 9.398460057747834995e-01
4.789579158316633056e-01 9.271414821944177209e-01 5.937708109792962791e-03 9.177093358999037775e-01 9.408084696823869608e-01
4.809619238476953718e-01 9.273820981713185585e-01 5.938683086911523273e-03 9.177093358999037775e-01 9.408084696823869608e-01
4.829659318637274379e-01 9.277670837343598986e-01 5.946477149044880964e-03 9.181905678537054527e-01 9.412897016361886360e-01
4.849699398797595040e-01 9.280076997112608472e-01 5.867083986189871453e-03 9.181905678537054527e-01 9.412897016361886360e-01
4.869739478957915702e-01 9.282483156881615738e-01 5.800591991620347374e-03 9.181905678537054527e-01 9.412897016361886360e-01
4.889779559118235808e-01 9.284889316650627444e-01 6.026745795747177371e-03 9.181905678537054527e-01 9.417709335899904222e-01
4.909819639278556469e-01 9.288739172281040846e-01 6.255274998757245214e-03 9.181905678537054527e-01 9.417709335899904222e-01
4.929859719438877130e-01 9.294513955726658727e-01 6.204720485576996521e-03 9.191530317613089140e-01 9.427333974975938835e-01
4.949899799599197792e-01 9.298363811357072128e-01 5.881276657344449224e-03 9.205967276227141616e-01 9.427333974975938835e-01
4.969939879759518453e-01 9.304138594802694451e-01 5.957177334145816183e-03 9.215591915303176229e-01 9.432146294513955587e-01
4.989979959919839114e-01 9.307988450433107852e-01 6.009814539268217362e-03 9.220404234841192981e-01 9.432146294513955587e-01
5.010020040080159776e-01 9.315206929740135200e-01 5.905835703939315597e-03 9.225216554379210843e-01 9.432146294513955587e-01
5.030060120240480437e-01 9.320981713185755302e-01 6.023863150632855976e-03 9.225216554379210843e-01 9.436958614051973449e-01
5.050100200400801098e-01 9.324350336862368138e-01 5.995926131731484608e-03 9.225216554379210843e-01 9.436958614051973449e-01
5.070140280561121759e-01 9.328681424446584325e-01 5.538350513511198017e-03 9.249278152069297931e-01 9.436958614051973449e-01
5.090180360721442421e-01 9.334937439846004992e-01 4.958324108716567064e-03 9.282964388835418523e-01 9.436958614051973449e-01
5.110220440881763082e-01 9.341674687199228444e-01 4.777545195761629358e-03 9.287776708373436385e-01 9.441770933589990200e-01
5.130260521042083743e-01 9.348893166506258012e-01 4.705503663491678902e-03 9.292589027911453137e-01 9.441770933589990200e-01
5.150300601202404405e-01 9.358036573628488730e-01 4.725884002768399733e-03 9.302213666987487750e-01 9.451395572666024814e-01
5.170340681362725066e-01 9.358999037536092080e-01 4.801720763528950775e-03 9.302213666987487750e-01 9.451395572666024814e-01
5.190380761523045727e-01 9.364292589027911617e-01 5.017059494991091446e-03 9.307025986525505612e-01 9.461020211742059427e-01
5.210420841683366389e-01 9.369104908565928369e-01 4.809672034007503490e-03 9.321462945139556977e-01 9.465832531280077289e-01
5.230460921843687050e-01 9.375360923965351256e-01 4.816167854936223049e-03 9.321462945139556977e-01 9.475457170356111902e-01
5.250501002004007711e-01 9.379210779595764658e-01 4.802685255004684149e-03 9.321462945139556977e-01 9.480269489894128654e-01
5.270541082164328373e-01 9.382579403272377494e-01 4.812560147979138073e-03 9.326275264677574839e-01 9.485081809432146516e-01
5.290581162324649034e-01 9.388354186717998706e-01 4.814484594781231162e-03 9.331087584215591590e-01 9.494706448508181129e-01
5.310621242484969695e-01 9.392204042348412107e-01 4.874715794859475065e-03 9.331087584215591590e-01 9.499518768046197881e-01
5.330661322645290356e-01 9.394610202117421593e-01 4.684540336337993972e-03 9.340712223291626204e-01 9.499518768046197881e-01
5.350701402805611018e-01 9.399903753609238910e-01 4.514612370691281802e-03 9.345524542829644066e-01 9.499518768046197881e-01
5.370741482965931679e-01 9.402309913378246176e-01 4.513329773895420789e-03 9.345524542829644066e-01 9.499518768046197881e-01
5.390781563126252340e-01 9.406641000962462362e-01 4.504341370306544357e-03 9.345524542829644066e-01 9.504331087584215743e-01
5.410821643286573002e-01 9.410009624639075199e-01 4.374713446530707935e-03 9.350336862367660817e-01 9.509143407122232494e-01
5.430861723446893663e-01 9.414340712223292496e-01 4.457829026802980800e-03 9.350336862367660817e-01 9.518768046198267108e-01
5.450901803607214324e-01 9.417709335899904222e-01 4.498939708381245565e-03 9.350336862367660817e-01 9.523580365736284969e-01
5.470941883767534986e-01 9.420115495668912597e-01 4.453671088132777310e-03 9.350336862367660817e-01 9.523580365736284969e-01
5.490981963927855647e-01 9.426371511068335485e-01 4.324666398202315319e-03 9.359961501443695431e-01 9.523580365736284969e-01
5.511022044088176308e-01 9.428777670837342750e-01 4.336698322774145894e-03 9.359961501443695431e-01 9.523580365736284969e-01
5.531062124248496970e-01 9.432146294513955587e-01 4.288098057737345890e-03 9.359961501443695431e-01 9.523580365736284969e-01
5.551102204408817631e-01 9.435033686236765638e-01 4.157576721165573939e-03 9.364773820981713293e-01 9.523580365736284969e-01
5.571142284569138292e-01 9.438402309913376254e-01 4.089339140070624365e-03 9.364773820981713293e-01 9.523580365736284969e-01
5.591182364729458953e-01 9.443214629451395226e-01 3.607956140082116316e-03 9.393647738209817133e-01 9.523580365736284969e-01
5.611222444889779615e-01 9.448989412897015328e-01 3.839314249622359596e-03 9.393647738209817133e-01 9.528392685274301721e-01
5.631262525050100276e-01 9.452358036573628164e-01 3.978830915995055888e-03 9.393647738209817133e-01 9.528392685274301721e-01
5.651302605210419827e-01 9.456689124157844351e-01 3.935818427447991714e-03 9.398460057747834995e-01 9.533205004812319583e-01
5.671342685370740488e-01 9.461501443695861102e-01 4.186717998075075234e-03 9.403272377285851746e-01 9.542829643888354196e-01
5.691382765531061150e-01 9.464870067372472828e-01 4.042348411934538858e-03 9.408084696823869608e-01 9.542829643888354196e-01
5.711422845691381811e-01 9.471126082771895716e-01 3.730401342884225296e-03 9.417709335899904222e-01 9.547641963426372058e-01
5.731462925851702472e-01 9.476900866217515818e-01 3.562741870814147699e-03 9.427333974975938835e-01 9.552454282964388810e-01
5.751503006012023134e-01 9.483638113570741490e-01 3.503752001783904790e-03 9.441770933589990200e-01 9.562078922040423423e-01
5.771543086172343795e-01 9.487487969201154892e-01 3.647535045550947923e-03 9.446583253128008062e-01 9.566891241578441285e-01
5.791583166332664456e-01 9.490856592877768838e-01 3.738772781435019139e-03 9.446583253128008062e-01 9.571703561116458037e-01
5.811623246492985118e-01 9.495187680461982804e-01 3.655145977239303203e-03 9.446583253128008062e-01 9.571703561116458037e-01
5.831663326653305779e-01 9.499037536092396206e-01 3.623328293374600533e-03 9.451395572666024814e-01 9.571703561116458037e-01
5.851703406813626440e-01 9.502406159769009042e-01 3.576689928019643853e-03 9.456207892204042675e-01 9.576515880654475898e-01
5.871743486973947102e-01 9.507699711260826358e-01 3.671582206008174552e-03 9.456207892204042675e-01 9.576515880654475898e-01
5.891783567134267763e-01 9.512512030798843110e-01 3.974463212696058810e-03 9.461020211742059427e-01 9.586140519730510512e-01
5.911823647294588424e-01 9.517324350336862082e-01 4.003491229219073924e-03 9.461020211742059427e-01 9.590952839268527264e-01
5.931863727454909085e-01 9.522617901828681619e-01 3.836598927429214247e-03 9.470644850818094040e-01 9.590952839268527264e-01
5.951903807615229747e-01 9.525986525505294455e-01 3.641180450053323105e-03 9.480269489894128654e-01 9.590952839268527264e-01
5.971943887775550408e-01 9.527911453320501156e-01 3.667795767524795192e-03 9.480269489894128654e-01 9.595765158806545125e-01
5.991983967935871069e-01 9.533205004812319583e-01 3.503421505909774195e-03 9.485081809432146516e-01 9.600577478344561877e-01
6.012024048096191731e-01 9.535611164581327959e-01 3.384056495043161281e-03 9.494706448508181129e-01 9.600577478344561877e-01
6.032064128256512392e-01 9.538498556304138010e-01 3.558839633202007160e-03 9.499518768046197881e-01 9.610202117420596490e-01
6.052104208416833053e-01 9.543792107795956436e-01 3.521881513673167079e-03 9.499518768046197881e-01 9.610202117420596490e-01
6.072144288577153715e-01 9.547160731472569273e-01 3.791973439478723076e-03 9.499518768046197881e-01 9.619826756496631104e-01
6.092184368737474376e-01 9.552454282964388810e-01 3.997412831048170051e-03 9.504331087584215743e-01 9.629451395572665717e-01
6.112224448897795037e-01 9.556785370548604996e-01 3.935818427448028144e-03 9.509143407122232494e-01 9.634263715110683579e-01
6.132264529058115698e-01 9.560153994225215612e-01 3.998571333559402564e-03 9.509143407122232494e-01 9.639076034648700331e-01
6.152304609218436360e-01 9.562560153994222878e-01 3.816324137229427753e-03 9.509143407122232494e-01 9.639076034648700331e-01
6.172344689378757021e-01 9.569778633301251336e-01 4.010137951106761481e-03 9.518768046198267108e-01 9.639076034648700331e-01
6.192384769539077682e-01 9.572184793070259712e-01 3.912211566256528286e-03 9.518768046198267108e-01 9.639076034648700331e-01
6.212424849699398344e-01 9.574109720885468633e-01 4.039196259430865785e-03 9.518768046198267108e-01 9.639076034648700331e-01
6.232464929859719005e-01 9.578440808469684820e-01 3.832975505628463762e-03 9.523580365736284969e-01 9.639076034648700331e-01
6.252505010020039666e-01 9.581809432146295435e-01 3.994225216554373077e-03 9.523580365736284969e-01 9.643888354186718193e-01
6.272545090180360328e-01 9.584696823869105486e-01 3.832069114844736165e-03 9.528392685274301721e-01 9.648700673724734944e-01
6.292585170340680989e-01 9.587584215591917758e-01 3.702985294169505812e-03 9.542829643888354196e-01 9.648700673724734944e-01
6.312625250501001650e-01 9.591915303176131724e-01 3.644676848654748811e-03 9.552454282964388810e-01 9.653512993262752806e-01
6.332665330661322312e-01 9.597690086621751826e-01 3.550696197439192486e-03 9.557266602502406672e-01 9.658325312800769558e-01
6.352705410821642973e-01 9.600577478344561877e-01 3.752375108684845913e-03 9.557266602502406672e-01 9.658325312800769558e-01
6.372745490981963634e-01 9.604427333974975278e-01 3.763467718193859793e-03 9.562078922040423423e-01 9.663137632338787419e-01
6.392785571142284295e-01 9.609720885466794815e-01 3.571830512803349060e-03 9.571703561116458037e-01 9.667949951876804171e-01
6.412825651302604957e-01 9.612127045235802081e-01 3.544167976808842123e-03 9.571703561116458037e-01 9.672762271414822033e-01
6.432865731462925618e-01 9.615976900866216592e-01 3.744961782164326573e-03 9.576515880654475898e-01 9.672762271414822033e-01
6.452905811623246279e-01 9.621270452358036129e-01 3.727917306422389929e-03 9.576515880654475898e-01 9.672762271414822033e-01
6.472945891783566941e-01 9.628007699711259582e-01 3.523525025598738415e-03 9.581328200192492650e-01 9.677574590952838784e-01
6.492985971943887602e-01 9.630413859480269068e-01 3.502099210521693231e-03 9.586140519730510512e-01 9.682386910490856646e-01
6.513026052104208263e-01 9.634263715110680248e-01 3.721388821786536776e-03 9.586140519730510512e-01 9.687199230028873398e-01
6.533066132264528925e-01 9.639557266602502006e-01 3.629714143047732978e-03 9.586140519730510512e-01 9.692011549566891260e-01
6.553106212424849586e-01 9.641482194417708707e-01 3.544494673401394572e-03 9.586140519730510512e-01 9.692011549566891260e-01
6.573146292585170247e-01 9.643407122232916517e-01 3.584774315007432672e-03 9.586140519730510512e-01 9.692011549566891260e-01
6.593186372745490909e-01 9.649663137632339405e-01 3.521881513673137589e-03 9.590952839268527264e-01 9.696823869104908011e-01
6.613226452905811570e-01 9.652550529355149456e-01 3.394647177776370650e-03 9.595765158806545125e-01 9.696823869104908011e-01
6.633266533066132231e-01 9.654475457170356156e-01 3.508705704246024328e-03 9.595765158806545125e-01 9.701636188642925873e-01
6.653306613226452892e-01 9.658806544754572343e-01 3.584774315007445249e-03 9.605389797882579739e-01 9.706448508180943735e-01
6.673346693386772444e-01 9.660731472569779044e-01 3.531403235602962720e-03 9.605389797882579739e-01 9.706448508180943735e-01
6.693386773547093105e-01 9.662656400384985744e-01 3.571830512803374214e-03 9.610202117420596490e-01 9.711260827718960487e-01
6.713426853707413766e-01 9.666025024061596360e-01 3.589616207694223265e-03 9.610202117420596490e-01 9.720885466794995100e-01
6.733466933867734427e-01 9.669874879692011982e-01 3.484863713230348416e-03 9.615014436958614352e-01 9.720885466794995100e-01
6.753507014028055089e-01 9.673243503368622598e-01 3.267065269007457355e-03 9.624639076034648966e-01 9.725697786333012962e-01
6.773547094188375750e-01 9.677093358999035999e-01 3.591228721233054744e-03 9.629451395572665717e-01 9.735322425409047575e-01
6.793587174348696411e-01 9.680461982675649946e-01 3.716407040675253660e-03 9.629451395572665717e-01 9.735322425409047575e-01
6.813627254509017073e-01 9.684311838306063347e-01 3.875037947872468896e-03 9.629451395572665717e-01 9.744947064485082189e-01
6.833667334669337734e-01 9.688642925890278423e-01 3.921671363210658436e-03 9.634263715110683579e-01 9.744947064485082189e-01
6.853707414829658395e-01 9.692011549566892370e-01 3.974171861802238380e-03 9.634263715110683579e-01 9.749759384023098940e-01
6.873747494989979057e-01 9.694417709335899636e-01 4.067762359769807635e-03 9.634263715110683579e-01 9.749759384023098940e-01
6.893787575150299718e-01 9.698748796920113602e-01 4.107139228749164678e-03 9.639076034648700331e-01 9.754571703561116802e-01
6.913827655310620379e-01 9.700192492781519737e-01 4.083672093085049214e-03 9.639076034648700331e-01 9.754571703561116802e-01
6.933867735470941041e-01 9.703561116458132574e-01 3.957821981703985720e-03 9.648700673724734944e-01 9.754571703561116802e-01
6.953907815631261702e-01 9.708854667949952111e-01 3.851359186663517488e-03 9.648700673724734944e-01 9.764196342637151416e-01
6.973947895791582363e-01 9.711742059672762162e-01 3.900354555909952593e-03 9.648700673724734944e-01 9.769008662175168167e-01
6.993987975951903024e-01 9.713666987487968862e-01 3.887270072522518768e-03 9.653512993262752806e-01 9.773820981713186029e-01
7.014028056112223686e-01 9.716073147256978348e-01 3.770844662975895729e-03 9.653512993262752806e-01 9.773820981713186029e-01
7.034068136272544347e-01 9.718479307025986724e-01 3.766235765760011112e-03 9.658325312800769558e-01 9.773820981713186029e-01
7.054108216432865008e-01 9.721847930702599561e-01 3.824507504582393223e-03 9.658325312800769558e-01 9.778633301251202781e-01
7.074148296593185670e-01 9.724254090471606826e-01 3.856166627057856875e-03 9.663137632338787419e-01 9.778633301251202781e-01
7.094188376753506331e-01 9.730028873917229149e-01 3.526153051342116075e-03 9.682386910490856646e-01 9.788257940327237394e-01
7.114228456913826992e-01 9.733397497593841985e-01 3.328511350489046783e-03 9.687199230028873398e-01 9.788257940327237394e-01
7.134268537074147654e-01 9.733878729547642550e-01 3.334420058001928613e-03 9.687199230028873398e-01 9.788257940327237394e-01
7.154308617234468315e-01 9.736766121270452601e-01 3.409962220992673269e-03 9.687199230028873398e-01 9.793070259865255256e-01
7.174348697394788976e-01 9.741097208854668787e-01 3.283680867994621250e-03 9.692011549566891260e-01 9.793070259865255256e-01
7.194388777555109638e-01 9.744465832531279403e-01 3.173577881385481435e-03 9.696823869104908011e-01 9.793070259865255256e-01
7.214428857715430299e-01 9.749278152069298375e-01 2.826188038503573471e-03 9.696823869104908011e-01 9.793070259865255256e-01
7.234468937875750960e-01 9.754090471607315127e-01 2.734566437954849809e-03 9.696823869104908011e-01 9.793070259865255256e-01
7.254509018036071621e-01 9.756496631376323503e-01 2.681114201575381887e-03 9.701636188642925873e-01 9.793070259865255256e-01
7.274549098196392283e-01 9.758902791145331879e-01 2.559593098550941043e-03 9.706448508180943735e-01 9.793070259865255256e-01
7.294589178356712944e-01 9.760346487006736904e-01 2.470740645427031614e-03 9.711260827718960487e-01 9.793070259865255256e-01
7.314629258517033605e-01 9.762271414821943605e-01 2.646338226153508062e-03 9.711260827718960487e-01 9.797882579403272008e-01
7.334669338677354267e-01 9.765158806544753656e-01 2.901792768369830262e-03 9.711260827718960487e-01 9.807507218479306621e-01
7.354709418837674928e-01 9.767083734359960356e-01 2.872918490201967039e-03 9.716073147256978348e-01 9.807507218479306621e-01
7.374749498997995589e-01 9.770452358036573193e-01 2.855534879527761236e-03 9.716073147256978348e-01 9.807507218479306621e-01
7.394789579158316251e-01 9.772377285851779893e-01 2.798188981733684428e-03 9.716073147256978348e-01 9.807507218479306621e-01
7.414829659318636912e-01 9.776227141482193295e-01 2.824548718157677933e-03 9.720885466794995100e-01 9.812319538017324483e-01
7.434869739478957573e-01 9.776227141482193295e-01 2.824548718157677933e-03 9.720885466794995100e-01 9.812319538017324483e-01
7.454909819639278235e-01 9.779114533205003346e-01 2.751451849648264749e-03 9.725697786333012962e-01 9.812319538017324483e-01
7.474949899799598896e-01 9.781520692974012832e-01 2.799430139027697228e-03 9.725697786333012962e-01 9.817131857555341234e-01
7.494989979959919557e-01 9.783445620789219532e-01 2.653329884906672088e-03 9.730510105871029713e-01 9.817131857555341234e-01
7.515030060120240218e-01 9.787295476419632934e-01 2.598652550529344241e-03 9.730510105871029713e-01 9.817131857555341234e-01
7.535070140280560880e-01 9.789701636188643530e-01 2.174082194047432127e-03 9.744947064485082189e-01 9.817131857555341234e-01
7.555110220440881541e-01 9.791626564003849120e-01 2.298354944419536781e-03 9.744947064485082189e-01 9.821944177093359096e-01
7.575150300601202202e-01 9.792589027911453581e-01 2.371746204110010674e-03 9.744947064485082189e-01 9.821944177093359096e-01
7.595190380761522864e-01 9.794995187680463067e-01 2.349673843259614953e-03 9.749759384023098940e-01 9.826756496631375848e-01
7.615230460921843525e-01 9.798363811357073683e-01 2.391195043080815864e-03 9.749759384023098940e-01 9.831568816169393710e-01
7.635270541082164186e-01 9.799326275264677033e-01 2.387317950878241508e-03 9.749759384023098940e-01 9.831568816169393710e-01
7.655310621242484848e-01 9.801251203079883734e-01 2.348194975698908882e-03 9.749759384023098940e-01 9.831568816169393710e-01
7.675350701402805509e-01 9.803657362848893220e-01 2.480096001294536303e-03 9.749759384023098940e-01 9.831568816169393710e-01
7.695390781563125060e-01 9.807507218479306621e-01 2.573578817540109372e-03 9.754571703561116802e-01 9.841193455245428323e-01
7.715430861723445721e-01 9.808950914340712757e-01 2.537785731171362906e-03 9.759384023099133554e-01 9.841193455245428323e-01
7.735470941883766383e-01 9.810875842155919457e-01 2.565015971364065922e-03 9.764196342637151416e-01 9.846005774783445075e-01
7.755511022044087044e-01 9.812800769971126158e-01 2.568624859496152022e-03 9.769008662175168167e-01 9.850818094321462937e-01
7.775551102204407705e-01 9.816650625601539559e-01 2.630979197851157202e-03 9.778633301251202781e-01 9.865255052935515412e-01
7.795591182364728366e-01 9.820500481231952961e-01 2.671162480534739099e-03 9.778633301251202781e-01 9.865255052935515412e-01
7.815631262525049028e-01 9.822906641000962447e-01 2.489416199495204148e-03 9.783445620789220643e-01 9.865255052935515412e-01
7.835671342685369689e-01 9.823869104908565797e-01 2.483828277298166624e-03 9.783445620789220643e-01 9.865255052935515412e-01
7.855711422845690350e-01 9.825312800769971933e-01 2.444828834625702337e-03 9.783445620789220643e-01 9.865255052935515412e-01
7.875751503006011012e-01 9.828200192492781984e-01 2.257690876947047662e-03 9.793070259865255256e-01 9.865255052935515412e-01
7.895791583166331673e-01 9.830606352261789249e-01 2.384891567538760873e-03 9.793070259865255256e-01 9.865255052935515412e-01
7.915831663326652334e-01 9.832531280076995950e-01 2.275570821470049732e-03 9.793070259865255256e-01 9.865255052935515412e-01
7.935871743486972996e-01 9.833974975938402086e-01 2.290279891105067439e-03 9.793070259865255256e-01 9.865255052935515412e-01
7.955911823647293657e-01 9.836381135707410461e-01 2.367348195620573581e-03 9.793070259865255256e-01 9.865255052935515412e-01
7.975951903807614318e-01 9.838787295476419947e-01 2.557782919329806923e-03 9.793070259865255256e-01 9.865255052935515412e-01
7.995991983967934980e-01 9.842155919153030563e-01 2.580767599189988729e-03 9.797882579403272008e-01 9.870067372473532163e-01
8.016032064128255641e-01 9.842155919153030563e-01 2.580767599189988729e-03 9.797882579403272008e-01 9.870067372473532163e-01
8.036072144288576302e-01 9.843118383060633914e-01 2.539154178685845697e-03 9.797882579403272008e-01 9.870067372473532163e-01
8.056112224448896963e-01 9.848411934552455671e-01 2.620395262764587188e-03 9.797882579403272008e-01 9.879692011549566777e-01
8.076152304609217625e-01 9.850336862367662372e-01 2.486158104540803129e-03 9.802694898941289869e-01 9.879692011549566777e-01
8.096192384769538286e-01 9.853705486044272988e-01 2.557330174318842800e-03 9.802694898941289869e-01 9.879692011549566777e-01
8.116232464929858947e-01 9.855149181905676903e-01 2.458054434864720503e-03 9.807507218479306621e-01 9.884504331087584639e-01
8.136272545090179609e-01 9.857555341674686389e-01 2.539154178685861744e-03 9.807507218479306621e-01 9.884504331087584639e-01
8.156312625250500270e-01 9.858036573628489174e-01 2.493598923586482548e-03 9.807507218479306621e-01 9.884504331087584639e-01
8.176352705410820931e-01 9.861886429258902576e-01 2.491740801924873829e-03 9.807507218479306621e-01 9.889316650625601390e-01
8.196392785571141593e-01 9.864773820981712626e-01 2.261790182868152980e-03 9.812319538017324483e-01 9.889316650625601390e-01
8.216432865731462254e-01 9.867179980750722113e-01 2.309913378248330471e-03 9.812319538017324483e-01 9.894128970163619252e-01
8.236472945891782915e-01 9.869586140519730488e-01 2.167681545631432692e-03 9.817131857555341234e-01 9.894128970163619252e-01
8.256513026052103577e-01 9.871029836381135514e-01 2.182056602262684962e-03 9.821944177093359096e-01 9.903753609239653866e-01
8.276553106212424238e-01 9.875842155919152265e-01 2.139182942338112379e-03 9.826756496631375848e-01 9.903753609239653866e-01
8.296593186372744899e-01 9.880654475457170127e-01 1.873717260243676222e-03 9.846005774783445075e-01 9.913378248315688479e-01
8.316633266533065560e-01 9.883541867179982399e-01 1.934528512246558784e-03 9.850818094321462937e-01 9.923002887391723092e-01
8.336673346693386222e-01 9.884985563041386314e-01 2.001022414465039850e-03 9.850818094321462937e-01 9.923002887391723092e-01
8.356713426853706883e-01 9.887872954764198585e-01 1.851961636659667319e-03 9.860442733397497550e-01 9.923002887391723092e-01
8.376753507014027544e-01 9.890279114533206961e-01 1.922520149705313729e-03 9.860442733397497550e-01 9.923002887391723092e-01
8.396793587174348206e-01 9.890279114533206961e-01 1.922520149705313729e-03 9.860442733397497550e-01 9.923002887391723092e-01
8.416833667334668867e-01 9.891722810394611987e-01 1.975397088717398275e-03 9.860442733397497550e-01 9.927815206929739844e-01
8.436873747494989528e-01 9.894128970163619252e-01 1.813420951050687471e-03 9.865255052935515412e-01 9.927815206929739844e-01
8.456913827655310190e-01 9.895572666025025388e-01 1.839414326623335953e-03 9.870067372473532163e-01 9.932627526467757706e-01
8.476953907815630851e-01 9.896535129932628738e-01 1.829314514797716461e-03 9.870067372473532163e-01 9.932627526467757706e-01
8.496993987975951512e-01 9.897497593840232089e-01 1.722380189429569171e-03 9.870067372473532163e-01 9.932627526467757706e-01
8.517034068136272174e-01 9.897978825794033764e-01 1.758966976178734246e-03 9.870067372473532163e-01 9.932627526467757706e-01
8.537074148296592835e-01 9.899422521655438789e-01 1.659378214587755749e-03 9.870067372473532163e-01 9.932627526467757706e-01
8.557114228456913496e-01 9.899422521655438789e-01 1.659378214587755749e-03 9.870067372473532163e-01 9.932627526467757706e-01
8.577154308617234157e-01 9.903753609239653866e-01 1.566777728209772964e-03 9.879692011549566777e-01 9.937439846005774458e-01
8.597194388777554819e-01 9.904716073147257216e-01 1.563818749689305449e-03 9.879692011549566777e-01 9.937439846005774458e-01
8.617234468937875480e-01 9.905197305101060001e-01 1.491819056785358881e-03 9.884504331087584639e-01 9.937439846005774458e-01
8.637274549098196141e-01 9.908084696823870052e-01 1.334497076406350891e-03 9.889316650625601390e-01 9.937439846005774458e-01
8.657314629258516803e-01 9.909528392685273968e-01 1.357722423451955367e-03 9.889316650625601390e-01 9.937439846005774458e-01
8.677354709418837464e-01 9.910972088546680103e-01 1.203079884504318874e-03 9.894128970163619252e-01 9.937439846005774458e-01
8.697394789579158125e-01 9.913378248315689589e-01 1.394742708969142105e-03 9.894128970163619252e-01 9.942252165543792319e-01
8.717434869739478787e-01 9.914340712223292940e-01 1.323169113076759235e-03 9.898941289701636004e-01 9.942252165543792319e-01
8.737474949899798338e-01 9.914821944177093505e-01 1.327537461418067761e-03 9.898941289701636004e-01 9.942252165543792319e-01
8.757515030060118999e-01 9.917709335899903556e-01 1.206923599998510881e-03 9.898941289701636004e-01 9.942252165543792319e-01
8.777555110220439660e-01 9.918190567853706341e-01 1.217431245493128802e-03 9.898941289701636004e-01 9.942252165543792319e-01
8.797595190380760322e-01 9.921077959576516392e-01 1.258584873014630080e-03 9.898941289701636004e-01 9.942252165543792319e-01
8.817635270541080983e-01 9.921559191530316957e-01 1.255821785437909004e-03 9.898941289701636004e-01 9.942252165543792319e-01
8.837675350701401644e-01 9.923002887391723092e-01 1.273220072697103366e-03 9.898941289701636004e-01 9.942252165543792319e-01
8.857715430861722306e-01 9.923002887391723092e-01 1.273220072697103366e-03 9.898941289701636004e-01 9.942252165543792319e-01
8.877755511022042967e-01 9.923965351299326443e-01 1.194386298940394546e-03 9.903753609239653866e-01 9.942252165543792319e-01
8.897795591182363628e-01 9.924446583253129228e-01 1.199223849314432497e-03 9.903753609239653866e-01 9.942252165543792319e-01
8.917835671342684289e-01 9.925890279114533143e-01 1.312625764868688124e-03 9.903753609239653866e-01 9.947064485081809071e-01
8.937875751503004951e-01 9.926852743022136494e-01 1.374673422241140790e-03 9.903753609239653866e-01 9.947064485081809071e-01
8.957915831663325612e-01 9.928296438883542629e-01 1.498015631980105511e-03 9.903753609239653866e-01 9.951876804619826933e-01
8.977955911823646273e-01 9.928777670837343194e-01 1.578558177753276812e-03 9.903753609239653866e-01 9.956689124157843684e-01
8.997995991983966935e-01 9.930702598652549895e-01 1.430805461724593075e-03 9.908565928777670617e-01 9.956689124157843684e-01
9.018036072144287596e-01 9.932146294513956031e-01 1.418614338111987309e-03 9.908565928777670617e-01 9.956689124157843684e-01
9.038076152304608257e-01 9.935033686236766082e-01 1.277759196087747224e-03 9.913378248315688479e-01 9.956689124157843684e-01
9.058116232464928919e-01 9.935514918190566647e-01 1.276852662311986700e-03 9.913378248315688479e-01 9.956689124157843684e-01
9.078156312625249580e-01 9.938402309913378918e-01 1.305549563642962197e-03 9.913378248315688479e-01 9.956689124157843684e-01
9.098196392785570241e-01 9.938402309913378918e-01 1.305549563642962197e-03 9.913378248315688479e-01 9.956689124157843684e-01
9.118236472945890903e-01 9.939364773820982268e-01 1.398059580975338691e-03 9.913378248315688479e-01 9.956689124157843684e-01
9.138276553106211564e-01 9.941770933589990644e-01 1.418614338111991863e-03 9.913378248315688479e-01 9.961501443695861546e-01
9.158316633266532225e-01 9.943214629451395670e-01 1.440484075755125602e-03 9.913378248315688479e-01 9.961501443695861546e-01
9.178356713426852886e-01 9.944658325312800695e-01 1.447700573290781716e-03 9.913378248315688479e-01 9.961501443695861546e-01
9.198396793587173548e-01 9.946102021174205721e-01 1.374673422241161824e-03 9.913378248315688479e-01 9.961501443695861546e-01
9.218436873747494209e-01 9.947545717035610746e-01 1.263176587912101783e-03 9.918190567853705231e-01 9.961501443695861546e-01
9.238476953907814870e-01 9.948026948989412421e-01 1.305549563642986483e-03 9.918190567853705231e-01 9.961501443695861546e-01
9.258517034068135532e-01 9.948989412897015772e-01 1.347449470644854598e-03 9.918190567853705231e-01 9.966313763233878298e-01
9.278557114228456193e-01 9.950914340712223582e-01 1.503416684486369318e-03 9.918190567853705231e-01 9.971126082771896160e-01
9.298597194388776854e-01 9.952358036573627498e-01 1.402194637568188835e-03 9.923002887391723092e-01 9.971126082771896160e-01
9.318637274549097516e-01 9.952839268527429173e-01 1.440484075755123650e-03 9.923002887391723092e-01 9.971126082771896160e-01
9.338677354709418177e-01 9.956207892204040899e-01 1.106833493743979505e-03 9.937439846005774458e-01 9.971126082771896160e-01
9.358717434869738838e-01 9.957170356111644249e-01 1.127562513364764899e-03 9.937439846005774458e-01 9.975938402309912911e-01
9.378757515030059499e-01 9.959095283926850950e-01 1.059803443000247166e-03 9.937439846005774458e-01 9.975938402309912911e-01
9.398797595190380161e-01 9.961020211742059871e-01 1.064164792468528988e-03 9.937439846005774458e-01 9.975938402309912911e-01
9.418837675350700822e-01 9.962945139557266572e-01 1.255821785437911172e-03 9.937439846005774458e-01 9.980750721847930773e-01
9.438877755511021483e-01 9.963907603464869922e-01 1.143875295861846450e-03 9.942252165543792319e-01 9.980750721847930773e-01
9.458917835671342145e-01 9.965832531280076623e-01 1.167917333927959373e-03 9.942252165543792319e-01 9.980750721847930773e-01
9.478957915831662806e-01 9.966794995187679973e-01 1.244708099747582992e-03 9.942252165543792319e-01 9.985563041385947525e-01
9.498997995991983467e-01 9.967757459095283323e-01 1.218381992413090659e-03 9.942252165543792319e-01 9.985563041385947525e-01
9.519038076152304129e-01 9.970163618864292809e-01 1.269577089342923499e-03 9.947064485081809071e-01 9.990375360923965387e-01
9.539078156312624790e-01 9.971607314725698945e-01 1.263176587912108288e-03 9.947064485081809071e-01 9.990375360923965387e-01
9.559118236472945451e-01 9.972569778633300075e-01 1.292177245630190922e-03 9.947064485081809071e-01 9.990375360923965387e-01
9.579158316633266113e-01 9.975457170356112346e-01 1.299326275264684047e-03 9.947064485081809071e-01 9.990375360923965387e-01
9.599198396793586774e-01 9.975938402309912911e-01 1.291280833974862161e-03 9.947064485081809071e-01 9.990375360923965387e-01
9.619238476953907435e-01 9.977382098171319047e-01 1.119316973013752443e-03 9.951876804619826933e-01 9.990375360923965387e-01
9.639278557114228096e-01 9.980750721847929663e-01 8.335181942102362152e-04 9.961501443695861546e-01 9.990375360923965387e-01
9.659318637274548758e-01 9.982675649663137474e-01 6.527747818214929163e-04 9.971126082771896160e-01 9.990375360923965387e-01
9.679358717434869419e-01 9.983638113570740824e-01 5.774783445620934597e-04 9.975938402309912911e-01 9.990375360923965387e-01
9.699398797595190080e-01 9.985563041385947525e-01 4.812319538017417850e-04 9.975938402309912911e-01 9.990375360923965387e-01
9.719438877755510742e-01 9.987006737247352550e-01 5.714312842655382575e-04 9.975938402309912911e-01 9.995187680461982138e-01
9.739478957915831403e-01 9.988931665062560361e-01 6.106148960755259465e-04 9.975938402309912911e-01 9.995187680461982138e-01
9.759519038076150954e-01 9.988931665062560361e-01 6.106148960755259465e-04 9.975938402309912911e-01 9.995187680461982138e-01
9.779559118236471615e-01 9.991819056785370412e-01 3.758541711215828969e-04 9.985563041385947525e-01 9.995187680461982138e-01
9.799599198396792277e-01 9.993262752646774327e-01 3.849855630413817620e-04 9.985563041385947525e-01 1.000000000000000000e+00
9.819639278557112938e-01 9.993262752646774327e-01 3.849855630413817620e-04 9.985563041385947525e-01 1.000000000000000000e+00
9.839679358717433599e-01 9.994225216554377678e-01 4.195282910048806868e-04 9.985563041385947525e-01 1.000000000000000000e+00
9.859719438877754261e-01 9.994706448508180463e-01 4.539933172308350542e-04 9.985563041385947525e-01 1.000000000000000000e+00
9.879759519038074922e-01 9.995187680461981028e-01 3.727606685473919550e-04 9.990375360923965387e-01 1.000000000000000000e+00
9.899799599198395583e-01 9.995668912415783813e-01 3.997412831048164522e-04 9.990375360923965387e-01 1.000000000000000000e+00
9.919839679358716245e-01 9.996631376323387164e-01 3.758541711215957447e-04 9.990375360923965387e-01 1.000000000000000000e+00
9.939879759519036906e-01 9.997593840230990514e-01 3.879816048266887573e-04 9.990375360923965387e-01 1.000000000000000000e+00
9.959919839679357567e-01 9.998075072184793299e-01 3.192131655780069206e-04 9.990375360923965387e-01 1.000000000000000000e+00
9.979959919839678228e-01 9.999037536092396650e-01 1.924927815207144624e-04 9.995187680461982138e-01 1.000000000000000000e+00
1.000000000000000000e+00 1.000000000000000000e+00 0.000000000000000000e+00 1.000000000000000000e+00 1.000000000000000000e+00
