# FPR	TPR_MEAN	TPR_STD	TPR_MIN	TPR_MAX
0.000000000000000000e+00 1.601598268542412176e-02 8.393964843779666216e-03 2.913510363772579565e-03 3.204861400149837392e-02
2.004008016032063962e-03 1.538339644409938978e-01 1.486089105566701027e-02 1.287771580787480108e-01 1.847165570631815468e-01
4.008016032064127925e-03 2.267793224007325359e-01 1.195303565434210208e-02 2.046949138433363791e-01 2.439024390243902385e-01
6.012024048096191453e-03 2.788913880370413878e-01 1.430521567271109476e-02 2.629651211187880033e-01 3.060850745026221786e-01
8.016032064128255849e-03 3.118787979688670831e-01 1.593075618626774159e-02 2.903521185382502146e-01 3.393823358028801862e-01
1.002004008016032024e-02 3.402147673353866364e-01 1.509173344774715660e-02 3.173229001914592562e-01 3.669358195288437430e-01
1.202404809619238291e-02 3.645883626071755867e-01 1.555465978530742692e-02 3.347207192208440651e-01 3.924914675767918193e-01
1.402805611222444730e-02 3.875301756430533651e-01 1.435466329394661199e-02 3.586947473570298861e-01 4.147173894947140393e-01
1.603206412825651170e-02 4.089619011601827170e-01 1.442323525110171707e-02 3.845001248647298975e-01 4.367768251061350249e-01
1.803607214428857436e-02 4.287355365021227049e-01 1.430316018496039128e-02 4.061433447098976024e-01 4.610838258553234259e-01
2.004008016032064049e-02 4.480146507949721024e-01 1.408979818503664980e-02 4.275368350953134278e-01 4.825605593939898408e-01
2.204408817635270315e-02 4.628652293348871072e-01 1.394233110246680292e-02 4.399400649296595356e-01 4.945475734620827235e-01
2.404809619238476581e-02 4.791975360026637931e-01 1.304307320974623652e-02 4.610838258553234259e-01 5.127778240239739826e-01
2.605210420841683194e-02 4.958794639140930438e-01 1.311897305754095022e-02 4.729043536169150186e-01 5.258469990843253061e-01
2.805611222444889460e-02 5.115791226171647610e-01 1.260479470173643361e-02 4.918837925580620829e-01 5.365021227004078685e-01
3.006012024048096073e-02 5.241155414967118009e-01 1.257516159941204047e-02 5.010405394156330905e-01 5.474069757762424215e-01
3.206412825651302340e-02 5.367435278448347002e-01 1.182858260269663980e-02 5.140264713227337134e-01 5.576458836260717034e-01
3.406813627254508953e-02 5.477482727045700495e-01 1.200939079316983536e-02 5.235994339465579461e-01 5.684674935486556668e-01
3.607214428857714872e-02 5.589361525014566734e-01 1.049545640683950849e-02 5.370848247731624392e-01 5.763755931074668881e-01
3.807615230460921485e-02 5.695912761175393468e-01 1.013840436749146104e-02 5.495712977607591920e-01 5.842004495130275199e-01
4.008016032064128098e-02 5.790976442187629747e-01 1.135004750124411592e-02 5.560642637143095035e-01 5.943561142096062122e-01
4.208416833667334017e-02 5.897860650961458395e-01 1.004551733611040026e-02 5.671356030966453465e-01 6.046782652126863056e-01
4.408817635270540630e-02 5.986514609173394508e-01 1.023810922583112681e-02 5.755431615749604379e-01 6.162490635145259077e-01
4.609218436873747243e-02 6.069258303504536656e-01 1.063005614927037441e-02 5.837842337467743503e-01 6.230750020810787992e-01
4.809619238476953162e-02 6.146507949721135011e-01 1.028339703960770048e-02 5.926080079913427223e-01 6.291517522683759411e-01
5.010020040080159776e-02 6.224756513776741329e-01 1.043185182063665652e-02 6.005161075501540546e-01 6.395571464247065130e-01
5.210420841683366389e-02 6.299508865395820889e-01 9.553630692525617168e-03 6.113377174727379071e-01 6.472155165237659658e-01
5.410821643286573002e-02 6.380587696661950137e-01 1.012799299968772035e-02 6.186631149587946688e-01 6.567052359943394979e-01
5.611222444889778921e-02 6.447848164488469980e-01 9.397764902303349516e-03 6.266544576708565906e-01 6.612836094231249184e-01
5.811623246492985534e-02 6.515774577540998092e-01 9.127808187441084631e-03 6.324814783984017419e-01 6.679430616831765199e-01
6.012024048096192147e-02 6.579039374011487196e-01 9.723726763233896467e-03 6.389744443519520534e-01 6.731873803379672117e-01
6.212424849699398066e-02 6.639140930658453676e-01 9.743091026643670508e-03 6.448014650794972047e-01 6.780154832265046227e-01
6.412825651302604679e-02 6.700657620910680512e-01 1.003887924322133599e-02 6.503787563472904765e-01 6.836760176475484840e-01
6.613226452905811292e-02 6.750603512861066413e-01 1.019898497157883249e-02 6.558728044618330477e-01 6.890035794555897652e-01
6.813627254509017905e-02 6.799384000665945615e-01 9.458081797291057954e-03 6.636144177141429790e-01 6.937484391908765868e-01
7.014028056112224518e-02 6.852326646133355403e-01 9.456440528611460145e-03 6.707733288936984506e-01 6.989927578456671675e-01
7.214428857715429744e-02 6.901773079164238434e-01 9.566188577535959803e-03 6.751852160159826921e-01 7.032381586614501190e-01
7.414829659318636357e-02 6.952135186880878948e-01 9.860867423887850758e-03 6.793473736785149431e-01 7.088986930824939803e-01
7.615230460921842970e-02 6.996087571797218185e-01 9.681089252351502902e-03 6.848414217930575143e-01 7.127278781320236511e-01
7.815631262525049583e-02 7.040372929326562668e-01 9.038090623570508089e-03 6.888370931490884752e-01 7.165570631815533220e-01
8.016032064128256196e-02 7.077998834595854438e-01 8.875750225112633354e-03 6.931657371181220162e-01 7.204694913843336934e-01
8.216432865731462809e-02 7.117705818696411502e-01 8.626356675437100302e-03 6.966619495546491070e-01 7.243819195871139538e-01
8.416833667334668034e-02 7.157662532256722221e-01 8.634947546725956630e-03 7.014900524431865181e-01 7.305419129276616852e-01
8.617234468937874647e-02 7.193207358694745368e-01 8.776986917029595131e-03 7.051527511862148989e-01 7.339548822109381865e-01
8.817635270541081260e-02 7.232081911262798757e-01 9.207644803269415465e-03 7.076500457837342495e-01 7.384500124864730175e-01
9.018036072144287874e-02 7.271788895363354710e-01 9.203937636192842039e-03 7.121451760592690805e-01 7.423624406892532779e-01
9.218436873747494487e-02 7.309414800632647591e-01 9.053610457830088207e-03 7.165570631815533220e-01 7.448597352867726284e-01
9.418837675350701100e-02 7.341713144093898746e-01 9.293247137033023089e-03 7.195538166985765427e-01 7.482727045700491297e-01
9.619238476953906325e-02 7.375676350620160582e-01 9.071838688487533081e-03 7.233830017481062136e-01 7.516024307000749305e-01
9.819639278557112938e-02 7.408057937234662216e-01 8.956595805485589173e-03 7.267127278781320143e-01 7.551818862898526108e-01
1.002004008016031955e-01 7.442104386914176750e-01 8.945351233874675526e-03 7.307916423874136758e-01 7.580953966536252420e-01
1.022044088176352616e-01 7.473736785149420747e-01 8.990784659350116101e-03 7.339548822109381865e-01 7.615916090901523328e-01
1.042084168336673278e-01 7.501623241488386551e-01 9.164919957927881652e-03 7.357862315824523769e-01 7.650045783734288340e-01
1.062124248496993939e-01 7.530175643053358403e-01 8.761673066438964777e-03 7.401148755514859179e-01 7.682510613502039343e-01
1.082164328657314600e-01 7.558062099392325317e-01 8.851002220998285819e-03 7.427786564555065585e-01 7.714975443269791455e-01
1.102204408817635123e-01 7.585782069424791274e-01 9.019640540677824336e-03 7.452759510530259091e-01 7.743278115375010762e-01
1.122244488977955784e-01 7.614167984683259949e-01 9.073614439949390098e-03 7.482727045700491297e-01 7.786564555065346172e-01
1.142284569138276445e-01 7.642470656788480365e-01 9.299974108955175525e-03 7.506035128610671903e-01 7.819029384833097174e-01
1.162324649298597107e-01 7.670939815200199519e-01 9.290581089396210066e-03 7.535170232248397104e-01 7.850661783068342281e-01
1.182364729458917768e-01 7.697827353700158470e-01 9.302637464642115467e-03 7.555148589028551909e-01 7.878132023641055692e-01
1.202404809619238429e-01 7.722966785981852933e-01 9.337581566952714990e-03 7.585116124198784116e-01 7.913926579538832495e-01
1.222444889779558952e-01 7.750437026554566344e-01 9.294290975278802353e-03 7.605094480978940030e-01 7.944726546241571707e-01
1.242484969939879613e-01 7.778739698659784541e-01 9.013138723733854496e-03 7.635894447681678132e-01 7.963872471489219507e-01
1.262525050100200275e-01 7.800799134271205748e-01 8.924461927976875750e-03 7.654207941396820036e-01 7.982185965204361411e-01
1.282565130260520936e-01 7.822858569882626956e-01 8.880932653174699459e-03 7.671689003579456045e-01 8.001331890452010320e-01
1.302605210420841597e-01 7.844585032881045139e-01 8.694989432241168395e-03 7.695829518022142546e-01 8.017148089569633429e-01
1.322645290581162258e-01 7.872721218679763489e-01 8.346034265447659084e-03 7.729126779322400553e-01 8.044618330142345730e-01
1.342685370741482920e-01 7.892866061766419250e-01 8.127196636343560904e-03 7.752434862232581159e-01 8.060434529259968839e-01
1.362725450901803581e-01 7.914426038458335366e-01 8.066618053034012303e-03 7.773245650545242968e-01 8.073753433780072042e-01
1.382765531062124242e-01 7.934154665778738735e-01 7.750831642305697905e-03 7.808207774910513876e-01 8.089569632897694040e-01
1.402805611222444904e-01 7.953050861566636209e-01 7.768508671980810763e-03 7.822359110963122975e-01 8.104553400482810144e-01
1.422845691382765287e-01 7.973278947806543560e-01 7.707079829949084644e-03 7.841505036210771884e-01 8.119537168067926247e-01
1.442885771543085949e-01 7.992424873054192469e-01 7.624641160716792015e-03 7.864813119120952489e-01 8.140347956380588057e-01
1.462925851703406610e-01 8.011987014068093771e-01 7.818105484564765589e-03 7.887288770498626089e-01 8.162823607758261657e-01
1.482965931863727271e-01 8.030550237242988221e-01 7.951133092856136828e-03 7.909764421876300799e-01 8.189461416798468063e-01
1.503006012024047933e-01 8.052026970781653858e-01 7.884093475070127338e-03 7.928077915591442704e-01 8.204445184383584166e-01
1.523046092184368594e-01 8.073503704320319496e-01 8.286608179805815197e-03 7.946391409306584608e-01 8.230250561891284677e-01
1.543086172344689255e-01 8.091900441188712989e-01 8.258358527803353472e-03 7.963040039956713612e-01 8.249396487138932477e-01
1.563126252505009917e-01 8.112461500041620033e-01 8.163624251158227429e-03 7.988845417464413012e-01 8.265212686256555585e-01
1.583166332665330578e-01 8.130358777990510655e-01 8.137928318691334609e-03 8.008823774244568927e-01 8.284358611504203385e-01
1.603206412825651239e-01 8.148422542245900013e-01 8.121823344637488923e-03 8.024639973362190926e-01 8.297677516024306588e-01
1.623246492985971901e-01 8.166652792807791439e-01 8.146370790960266034e-03 8.050445350869891437e-01 8.325147756597019999e-01
1.643286573146292562e-01 8.184799800216431276e-01 8.202826107459352048e-03 8.067093981520020440e-01 8.345958544909680699e-01
1.663326653306613223e-01 8.200699242487307083e-01 8.321005751814315038e-03 8.086239906767668240e-01 8.364272038624822603e-01
1.683366733466933607e-01 8.214351119620412200e-01 8.479241734603317621e-03 8.102056105885291348e-01 8.380088237742445711e-01
1.703406813627254268e-01 8.230417048197786745e-01 8.478534808137800846e-03 8.112045284275368751e-01 8.392574710730041909e-01
1.723446893787574929e-01 8.244734870556896800e-01 8.520472491951223970e-03 8.122866894197952048e-01 8.407558478315159123e-01
1.743486973947895591e-01 8.261337792541713076e-01 8.629430560703031314e-03 8.139515524848081052e-01 8.440023308082910125e-01
1.763527054108216252e-01 8.278614833929909267e-01 8.750075059554484128e-03 8.156996587030717061e-01 8.452509781070507433e-01
1.783567134268536913e-01 8.291767252143509292e-01 8.526833934656532013e-03 8.169483060018313259e-01 8.457504370265546134e-01
1.803607214428857575e-01 8.306584533422126659e-01 8.183953569041379009e-03 8.190293848330975068e-01 8.469990843253142332e-01
1.823647294589178236e-01 8.320153167401981298e-01 8.393287886496299255e-03 8.199450595188545465e-01 8.489969200033297136e-01
1.843687374749498897e-01 8.334387746607841985e-01 8.340901647732478288e-03 8.210272205111129873e-01 8.499125946890868644e-01
1.863727454909819559e-01 8.351785565637227515e-01 8.455554158164955633e-03 8.226088404228751871e-01 8.510779988345958946e-01
1.883767535070140220e-01 8.367185548988593791e-01 8.540216081393393541e-03 8.242737034878880875e-01 8.533255639723632546e-01
1.903807615230460881e-01 8.382585532339964507e-01 8.543846267860278135e-03 8.258553233996503984e-01 8.551569133438774450e-01
1.923847695390781265e-01 8.395654707400316275e-01 8.424112513941863986e-03 8.268542412386581386e-01 8.556563722633813152e-01
1.943887775551101926e-01 8.408807125613918521e-01 8.415816923429332574e-03 8.280196453841671689e-01 8.568217764088903454e-01
1.963927855711422588e-01 8.426288187796553419e-01 8.430049377634954780e-03 8.306001831349371090e-01 8.582369100141513663e-01
1.983967935871743249e-01 8.442770332140181466e-01 8.496516554253857184e-03 8.320153167401981298e-01 8.603179888454174362e-01
2.004008016032063910e-01 8.454840589361524161e-01 8.583721392068281372e-03 8.334304503454590396e-01 8.620660950636810371e-01
2.024048096192384572e-01 8.467077332889371144e-01 8.417298878494605327e-03 8.350120702572213505e-01 8.631482560559393669e-01
2.044088176352705233e-01 8.481728127861483113e-01 8.569230685966598357e-03 8.359277449429783902e-01 8.648131191209522672e-01
2.064128256513025894e-01 8.494797302921834881e-01 8.296198248200662567e-03 8.375926080079912905e-01 8.661450095729625875e-01
2.084168336673346555e-01 8.507949721135437127e-01 8.185066914910723093e-03 8.395072005327561815e-01 8.671439274119703278e-01
2.104208416833667217e-01 8.519520519437276951e-01 8.059833201206010808e-03 8.411720635977690819e-01 8.683925747107300586e-01
2.124248496993987878e-01 8.530508615666361205e-01 8.187085790877748903e-03 8.420044951302755321e-01 8.698909514692416689e-01
2.144288577154308539e-01 8.542079413968201029e-01 8.096371331616039960e-03 8.426704403562806922e-01 8.706401398484974186e-01
2.164328657314629201e-01 8.556730208940315219e-01 7.961614701893457088e-03 8.435028718887871424e-01 8.715558145342545693e-01
2.184368737474949584e-01 8.569133438774662048e-01 7.972369364335287617e-03 8.446682760342961727e-01 8.728877049862648896e-01
2.204408817635270246e-01 8.579289103471239297e-01 7.960069673772137214e-03 8.460001664863064930e-01 8.743028385915257994e-01
2.224448897795590907e-01 8.591692333305586127e-01 7.845003649433078194e-03 8.475817863980688038e-01 8.751352701240322496e-01
2.244488977955911568e-01 8.601265295929410026e-01 7.673560481713320551e-03 8.484142179305752540e-01 8.758844585032881103e-01
2.264529058116232230e-01 8.612419878464996348e-01 7.517594183229987445e-03 8.497461083825855743e-01 8.768001331890451500e-01
2.284569138276552891e-01 8.621243652709564831e-01 7.393102771335440318e-03 8.508282693748439041e-01 8.772163489552984306e-01
2.304609218436873552e-01 8.632980937317904502e-01 7.423291912216342658e-03 8.522434029801049249e-01 8.783817531008074608e-01
2.324649298597194214e-01 8.646299841838007705e-01 7.623527775539148260e-03 8.534088071256139552e-01 8.797136435528177811e-01
2.344689378757514875e-01 8.657787396986597050e-01 7.645710295276812556e-03 8.543244818113709949e-01 8.806293182385749319e-01
2.364729458917835536e-01 8.666194955464913141e-01 7.618822495693729040e-03 8.549904270373761550e-01 8.813785066178306815e-01
2.384769539078156197e-01 8.675851161241988629e-01 7.593313410979064121e-03 8.562390743361358858e-01 8.822941813035878322e-01
2.404809619238476859e-01 8.685590610172312376e-01 7.574029154351461651e-03 8.571547490218929255e-01 8.831266128360942824e-01
2.424849699398797520e-01 8.694497627570131337e-01 7.541209469950608049e-03 8.579871805543993757e-01 8.842087738283526122e-01
2.444889779559117904e-01 8.706068425871971161e-01 7.469485650701943383e-03 8.588196120869058259e-01 8.850412053608590623e-01
2.464929859719438565e-01 8.716224090568551741e-01 7.511448136076540223e-03 8.597352867726629766e-01 8.861233663531175031e-01
2.484969939879759226e-01 8.726046782652125966e-01 7.333358016944869877e-03 8.610671772246732969e-01 8.870390410388745428e-01
2.505010020040079888e-01 8.735309126535766300e-01 7.202173497562833031e-03 8.618996087571797471e-01 8.873720136518771229e-01
2.525050100200400549e-01 8.744693248980270894e-01 7.172256363203039810e-03 8.628152834429367868e-01 8.879547157246316935e-01
2.545090180360721210e-01 8.753766752684593033e-01 7.314932589973506365e-03 8.635644718221926475e-01 8.893698493298926033e-01
2.565130260521041872e-01 8.763755931074669325e-01 7.393515163938154527e-03 8.641471738949471071e-01 8.907017397819029236e-01
2.585170340681362533e-01 8.772829434778989244e-01 7.323770280061350259e-03 8.650628485807042578e-01 8.916174144676600744e-01
2.605210420841683194e-01 8.781902938483309162e-01 7.204554250296182384e-03 8.666444684924664577e-01 8.922833596936652345e-01
2.625250501002003856e-01 8.791142928494130038e-01 7.118900735412871279e-03 8.674769000249729078e-01 8.927828186131691046e-01
2.645290581162324517e-01 8.800466161658203612e-01 6.802549806980565453e-03 8.696412220094896783e-01 8.931990343794222742e-01
2.665330661322645178e-01 8.807375343378007759e-01 6.909788465544288057e-03 8.700574377757429589e-01 8.936984932989261443e-01
2.685370741482965840e-01 8.816865062848581180e-01 6.750403844899931574e-03 8.708898693082494091e-01 8.942811953716807150e-01
2.705410821643286501e-01 8.825605593939898075e-01 6.764017167208433504e-03 8.719720303005077389e-01 8.954465995171897452e-01
2.725450901803607162e-01 8.833680179805212251e-01 6.696853475810967890e-03 8.729709481395154791e-01 8.956130858236910353e-01
2.745490981963927823e-01 8.842503954049778514e-01 6.758426461694094084e-03 8.736368933655206392e-01 8.964455173561974854e-01
2.765531062124248485e-01 8.850828269374844126e-01 6.720898778513150970e-03 8.740531091317739198e-01 8.971114625822026456e-01
2.785571142284569146e-01 8.859652043619412609e-01 6.651065433929722291e-03 8.750520269707816601e-01 8.980271372679596853e-01
2.805611222444889807e-01 8.870223924082244471e-01 6.620714770538082758e-03 8.758012153500374097e-01 8.990260551069674255e-01
2.825651302605209914e-01 8.878132023641056580e-01 6.427756870364250905e-03 8.770498626487971405e-01 8.995255140264712956e-01
2.845691382765530575e-01 8.885623907433615187e-01 6.420206107955680336e-03 8.777990510280528902e-01 9.003579455589777458e-01
2.865731462925851236e-01 8.896528760509447853e-01 6.319707039226224628e-03 8.790476983268126210e-01 9.017730791642387667e-01
2.885771543086171897e-01 8.905102805294264900e-01 6.370799253694590415e-03 8.801298593190710617e-01 9.028552401564970964e-01
2.905811623246492559e-01 8.914925497377842456e-01 6.367992408165239725e-03 8.808790476983268114e-01 9.037709148422542471e-01
2.925851703406813220e-01 8.923416299009405694e-01 6.500224328055715164e-03 8.814617497710813820e-01 9.046033463747606973e-01
2.945891783567133881e-01 8.930824939648713823e-01 6.541683205234467835e-03 8.817947223840839621e-01 9.051860484475151569e-01
2.965931863727454543e-01 8.939565470740034048e-01 6.517726269867641850e-03 8.825439107633397118e-01 9.059352368267710176e-01
2.985971943887775204e-01 8.944726546241572596e-01 6.520766214639468414e-03 8.827936402230917023e-01 9.064346957462748877e-01
3.006012024048095865e-01 8.951802214267876590e-01 6.537826317774705041e-03 8.835428286023474520e-01 9.071006409722800479e-01
3.026052104208416527e-01 8.960043286439690613e-01 6.559227706374074623e-03 8.842087738283526122e-01 9.077665861982852080e-01
3.046092184368737188e-01 8.968034629151752091e-01 6.544738491783766085e-03 8.852909348206110529e-01 9.084325314242903682e-01
3.066132264529057849e-01 8.974777324565055281e-01 6.512275266575470560e-03 8.859568800466162131e-01 9.087655040372929482e-01
3.086172344689378511e-01 8.982435694664113734e-01 6.535430511557919347e-03 8.867060684258719627e-01 9.095146924165486979e-01
3.106212424849699172e-01 8.991425955215183174e-01 6.503224505126477262e-03 8.876217431116291134e-01 9.101806376425538581e-01
3.126252505010019833e-01 8.998501623241486058e-01 6.666570947555832544e-03 8.880379588778822830e-01 9.103471239490551481e-01
3.146292585170340494e-01 9.006825938566553891e-01 6.656584956686396014e-03 8.888703904103887332e-01 9.108465828685590182e-01
3.166332665330661156e-01 9.013818363439606296e-01 6.490302693663336717e-03 8.899525514026471740e-01 9.114292849413135889e-01
3.186372745490981817e-01 9.020311329393155830e-01 6.470670804395487266e-03 8.907849829351536242e-01 9.119287438608174590e-01
3.206412825651302478e-01 9.028219428951966830e-01 6.418711083086027329e-03 8.912844418546574943e-01 9.128444185465744987e-01
3.226452905811623140e-01 9.035628069591276068e-01 6.471077732495895095e-03 8.921168733871639445e-01 9.135936069258303593e-01
3.246492985971943801e-01 9.042786980770831651e-01 6.527818529770994770e-03 8.926163323066678146e-01 9.142595521518355195e-01
3.266533066132264462e-01 9.050944809789394085e-01 6.627686872173979560e-03 8.934487638391742648e-01 9.156746857570964293e-01
3.286573146292585124e-01 9.058603179888453649e-01 6.519320823261568615e-03 8.945309248314325945e-01 9.162573878298509999e-01
3.306613226452905785e-01 9.065845334221259710e-01 6.475097449726366361e-03 8.951136269041871651e-01 9.166736035961041695e-01
3.326653306613226446e-01 9.072088570715060030e-01 6.515982444951459382e-03 8.961125447431949054e-01 9.175892782818613203e-01
3.346693386773546552e-01 9.080995588112876771e-01 6.549178557738423272e-03 8.970282194289519451e-01 9.186714392741196500e-01
3.366733466933867214e-01 9.086656122533922630e-01 6.353017982360049075e-03 8.986098393407142559e-01 9.190044118871222301e-01
3.386773547094187875e-01 9.093482061100474079e-01 6.271475302368221920e-03 8.998584866394738757e-01 9.198368434196286803e-01
3.406813627254508536e-01 9.099725297594272178e-01 6.099315079862864704e-03 9.011071339382336065e-01 9.204195454923832509e-01
3.426853707414829198e-01 9.104386914176307855e-01 6.143936858262648466e-03 9.016898360109880661e-01 9.208357612586365315e-01
3.446893787575149859e-01 9.110213934903853561e-01 6.210569661376957526e-03 9.021892949304919362e-01 9.213352201781404016e-01
3.466933867735470520e-01 9.114292849413134778e-01 6.263957400985122395e-03 9.026055106967452168e-01 9.220011654041455618e-01
3.486973947895791182e-01 9.120452842753683509e-01 6.331866252736754498e-03 9.031882127694996765e-01 9.225838674769000214e-01
3.507014028056111843e-01 9.127861483392990527e-01 6.368841119830889221e-03 9.042703737617581172e-01 9.236660284691584621e-01
3.527054108216432504e-01 9.134354449346542282e-01 6.281461272855351496e-03 9.048530758345125768e-01 9.239990010821610422e-01
3.547094188376753165e-01 9.141430117372845165e-01 6.167885135796433681e-03 9.057687505202697276e-01 9.242487305419129218e-01
3.567134268537073827e-01 9.149088487471905839e-01 6.052962223844401621e-03 9.066844252060267673e-01 9.247481894614167919e-01
3.587174348697394488e-01 9.157163073337217796e-01 6.119051262135251357e-03 9.070173978190293473e-01 9.256638641471739426e-01
3.607214428857715149e-01 9.162157662532257607e-01 6.090447064991058243e-03 9.075168567385332175e-01 9.259135936069258221e-01
3.627254509018035811e-01 9.167734953800049658e-01 6.127261563702782535e-03 9.079330725047864981e-01 9.262465662199284022e-01
3.647294589178356472e-01 9.174893864979607461e-01 6.121038361408583268e-03 9.087655040372929482e-01 9.269957545991842629e-01
3.667334669338677133e-01 9.180138183634396487e-01 6.166564919414653165e-03 9.092649629567968184e-01 9.276616998251894231e-01
3.687374749498997795e-01 9.185548988595687581e-01 6.034089417013144795e-03 9.097644218763006885e-01 9.279946724381920031e-01
3.707414829659318456e-01 9.191459252476483766e-01 5.923620452839979157e-03 9.101806376425538581e-01 9.282444018979438827e-01
3.727454909819639117e-01 9.197868975276783932e-01 5.805361035701946809e-03 9.109298260218097187e-01 9.285773745109464627e-01
3.747494989979959779e-01 9.204112211770582030e-01 5.817195698334744897e-03 9.118455007075667584e-01 9.296595355032049035e-01
3.767535070140280440e-01 9.209356530425371057e-01 5.801492402532098039e-03 9.123449596270706285e-01 9.301589944227087736e-01
3.787575150300601101e-01 9.215017064846418027e-01 5.754745547252041772e-03 9.130941480063264892e-01 9.305752101889619432e-01
3.807615230460921762e-01 9.220178140347956575e-01 5.860554470304884037e-03 9.135936069258303593e-01 9.312411554149671034e-01
3.827655310621242424e-01 9.226587863148256741e-01 5.896700788170120694e-03 9.144260384583368095e-01 9.319903437942229640e-01
3.847695390781562530e-01 9.231998668109546724e-01 5.863793305963007491e-03 9.149254973778406796e-01 9.324898027137268341e-01
3.867735470941883191e-01 9.237326229917588449e-01 5.696386819873717859e-03 9.159244152168484199e-01 9.328227753267294142e-01
3.887775551102203853e-01 9.241738117039874911e-01 5.723043974567056970e-03 9.160909015233497099e-01 9.330725047864812938e-01
3.907815631262524514e-01 9.247232165154416483e-01 5.859519793457908417e-03 9.164238741363522900e-01 9.339881794722384445e-01
3.927855711422845175e-01 9.254224590027471109e-01 5.834680009741706648e-03 9.170065762091067496e-01 9.349038541579954842e-01
3.947895791583165837e-01 9.259718638142013791e-01 5.766419721592175827e-03 9.179222508948639003e-01 9.354865562307500548e-01
3.967935871743486498e-01 9.265795388329310933e-01 5.777698525842973713e-03 9.183384666611170699e-01 9.362357446100058045e-01
3.987975951903807159e-01 9.272038624823109032e-01 5.627661979327470629e-03 9.188379255806209400e-01 9.364854740697577951e-01
4.008016032064127820e-01 9.277366186631150757e-01 5.516509383313534728e-03 9.195871139598768007e-01 9.369849329892616652e-01
4.028056112224448482e-01 9.282277532672937870e-01 5.589429075597689492e-03 9.201698160326313713e-01 9.374843919087655353e-01
4.048096192384769143e-01 9.287438608174479748e-01 5.556129724786551018e-03 9.207525181053858310e-01 9.379006076750187049e-01
4.068136272545089804e-01 9.292849413135770842e-01 5.470316706340140264e-03 9.215849496378922812e-01 9.384000665945225750e-01
4.088176352705410466e-01 9.297760759177556844e-01 5.484605776476986910e-03 9.219179222508948612e-01 9.389827686672771456e-01
4.108216432865731127e-01 9.302339132606342043e-01 5.517388600395527372e-03 9.223341380171481418e-01 9.392324981270290252e-01
4.128256513026051788e-01 9.307916423874136314e-01 5.513965144504058037e-03 9.230833263964038915e-01 9.398152001997835958e-01
4.148296593186372450e-01 9.311495879463912440e-01 5.504059702568336356e-03 9.235827853159077616e-01 9.402314159660367654e-01
4.168336673346693111e-01 9.316323982352450184e-01 5.400556347484675515e-03 9.241654873886623323e-01 9.405643885790393455e-01
4.188376753507013772e-01 9.322567218846250503e-01 5.450462662532795655e-03 9.250811620744193720e-01 9.413968201115457957e-01
4.208416833667334433e-01 9.327561808041288094e-01 5.404500421974315315e-03 9.254141346874219520e-01 9.418130358777990763e-01
4.228456913827655095e-01 9.332473154083078537e-01 5.371531747677722388e-03 9.257471073004245321e-01 9.422292516440522459e-01
4.248496993987975756e-01 9.337134770665113104e-01 5.388481763741133357e-03 9.262465662199284022e-01 9.428119537168068165e-01
4.268537074148296417e-01 9.341962873553649738e-01 5.391335859909941568e-03 9.266627819861816828e-01 9.430616831765586960e-01
4.288577154308617079e-01 9.345958544909681587e-01 5.509671828584678140e-03 9.269125114459335624e-01 9.436443852493132667e-01
4.308617234468937740e-01 9.351202863564470613e-01 5.334087196609521575e-03 9.278281861316907131e-01 9.438941147090651462e-01
4.328657314629258401e-01 9.356530425372513449e-01 5.304228642389066661e-03 9.279946724381920031e-01 9.443935736285690163e-01
4.348697394789579063e-01 9.363273120785816639e-01 5.343594507593485594e-03 9.285773745109464627e-01 9.452260051610754665e-01
4.368737474949899169e-01 9.367851494214601837e-01 5.287244431743481216e-03 9.291600765837010334e-01 9.456422209273287471e-01
4.388777555110219830e-01 9.371930408723881945e-01 5.332664510882020696e-03 9.298260218097061935e-01 9.463081661533339073e-01
4.408817635270540491e-01 9.377257970531924780e-01 5.228763470317472455e-03 9.303254807292100637e-01 9.464746524598351973e-01
4.428857715430861153e-01 9.382502289186713806e-01 5.290074553961890760e-03 9.305752101889619432e-01 9.471405976858403575e-01
4.448897795591181814e-01 9.386581203695996134e-01 5.207516289605519828e-03 9.311579122617165138e-01 9.474735702988429376e-01
4.468937875751502475e-01 9.391076333971530854e-01 5.045695687216551241e-03 9.317406143344709735e-01 9.475568134520935271e-01
4.488977955911823137e-01 9.396070923166567335e-01 5.069125291374643877e-03 9.322400732539748436e-01 9.480562723715973972e-01
4.509018036072143798e-01 9.401065512361610477e-01 5.078821617270109882e-03 9.327395321734787137e-01 9.483892449845999773e-01
4.529058116232464459e-01 9.404062265878632143e-01 5.005046075080089689e-03 9.330725047864812938e-01 9.485557312911012673e-01
4.549098196392785121e-01 9.408057937234660661e-01 4.969895112774630128e-03 9.338216931657371545e-01 9.492216765171064274e-01
4.569138276553105782e-01 9.413302255889451908e-01 4.920339355582353628e-03 9.343211520852410246e-01 9.496378922833597080e-01
4.589178356713426443e-01 9.417547656705235193e-01 4.798886562575395594e-03 9.349038541579954842e-01 9.498043785898609981e-01
4.609218436873747105e-01 9.421626571214517520e-01 4.824197492180425442e-03 9.351535836177474748e-01 9.501373512028635782e-01
4.629258517034067766e-01 9.425289269957545235e-01 4.787053122027006870e-03 9.354033130774993543e-01 9.505535669691167477e-01
4.649298597194388427e-01 9.428452509781071189e-01 4.719262791447317515e-03 9.359860151502539249e-01 9.510530258886206179e-01
4.669338677354709088e-01 9.432115208524098904e-01 4.695946889386626300e-03 9.361525014567552150e-01 9.513027553483726084e-01
4.689378757515029750e-01 9.435694664113876140e-01 4.733959887570843468e-03 9.367352035295096746e-01 9.519687005743777686e-01
4.709418837675350411e-01 9.439440606010155443e-01 4.680634524552446107e-03 9.370681761425122547e-01 9.523016731873803487e-01
4.729458917835671072e-01 9.442104386914176306e-01 4.599483656702498501e-03 9.373179056022642452e-01 9.524681594938816387e-01
4.749498997995991734e-01 9.446016815116957677e-01 4.629434584732339784e-03 9.377341213685174148e-01 9.528843752601348083e-01
4.769539078156312395e-01 9.449429784400233956e-01 4.584907138029531426e-03 9.379838508282694054e-01 9.529676184133855088e-01
4.789579158316633056e-01 9.453175726296512149e-01 4.669851866402091600e-03 9.383168234412719855e-01 9.531341047198867988e-01
4.809619238476953718e-01 9.456755181886290496e-01 4.731434212718889018e-03 9.385665529010238650e-01 9.533838341796386784e-01
4.829659318637274379e-01 9.460917339548821081e-01 4.737727592773734349e-03 9.388995255140264451e-01 9.538832930991425485e-01
4.849699398797595040e-01 9.464413551985348949e-01 4.722785462313754297e-03 9.392324981270290252e-01 9.542162657121451286e-01
4.869739478957915702e-01 9.469158411720635105e-01 4.675427864037018377e-03 9.397319570465328953e-01 9.547989677848996992e-01
4.889779559118235808e-01 9.472821110463666150e-01 4.783121452418994182e-03 9.402314159660367654e-01 9.555481561641554489e-01
4.909819639278556469e-01 9.476900024972945147e-01 4.697186244747589279e-03 9.407308748855406355e-01 9.557978856239074394e-01
4.929859719438877130e-01 9.481062182635477953e-01 4.613984089189111619e-03 9.415633064180470857e-01 9.560476150836593190e-01
4.949899799599197792e-01 9.486389744443519678e-01 4.561390598051775873e-03 9.421460084908016563e-01 9.563805876966618991e-01
4.969939879759518453e-01 9.490801631565805030e-01 4.609002831816969535e-03 9.426454674103055265e-01 9.567968034629151797e-01
4.989979959919839114e-01 9.494714059768583070e-01 4.644788930402318078e-03 9.429784400233081065e-01 9.572962623824190498e-01
5.010020040080159776e-01 9.499708648963623991e-01 4.599965732341271957e-03 9.432281694830599861e-01 9.576292349954216299e-01
5.030060120240480437e-01 9.504120536085907123e-01 4.724523812461621855e-03 9.436443852493132667e-01 9.584616665279280801e-01
5.050100200400801098e-01 9.507866477982185316e-01 4.613473438521921779e-03 9.443935736285690163e-01 9.588778822941812496e-01
5.070140280561121759e-01 9.512111878797968600e-01 4.544565397826823110e-03 9.451427620078248770e-01 9.590443686006825397e-01
5.090180360721442421e-01 9.516274036460501407e-01 4.516115602570117300e-03 9.455589777740780466e-01 9.592940980604345302e-01
5.110220440881763082e-01 9.520602680429535170e-01 4.431234074483127172e-03 9.462249230000832068e-01 9.596270706734371103e-01
5.130260521042083743e-01 9.524431865479066062e-01 4.324167334704189999e-03 9.464746524598351973e-01 9.597935569799384004e-01
5.150300601202404405e-01 9.527012403229833115e-01 4.336129380662107936e-03 9.467243819195870769e-01 9.599600432864396904e-01
5.170340681362725066e-01 9.530591858819612572e-01 4.276697506383204776e-03 9.469741113793390674e-01 9.602097727461916810e-01
5.190380761523045727e-01 9.534587530175642200e-01 4.232069139870683373e-03 9.473903271455922370e-01 9.604595022059435605e-01
5.210420841683366389e-01 9.539582119370683122e-01 4.187957993493138416e-03 9.481395155248480977e-01 9.608757179721968411e-01
5.230460921843687050e-01 9.542662116040956377e-01 4.195355823670136874e-03 9.482227586780986872e-01 9.611254474319487207e-01
5.250501002004007711e-01 9.546158328477482025e-01 4.133556940362020926e-03 9.484724881378506778e-01 9.612919337384500107e-01
5.270541082164328373e-01 9.549821027220509739e-01 4.126678048285036503e-03 9.490551902106051374e-01 9.617081495047032913e-01
5.290581162324649034e-01 9.554066428036293024e-01 4.136782718016877164e-03 9.493881628236077175e-01 9.622908515774577509e-01
5.310621242484969695e-01 9.556646965787063408e-01 4.106545984947460037e-03 9.495546491301090075e-01 9.626238241904603310e-01
5.330661322645290356e-01 9.560226421376840644e-01 4.056948824686543338e-03 9.500541080496128776e-01 9.627903104969616210e-01
5.350701402805611018e-01 9.564305335886122972e-01 4.046370819514697077e-03 9.505535669691167477e-01 9.632065262632149016e-01
5.370741482965931679e-01 9.567968034629151797e-01 4.025733907078643189e-03 9.508865395821193278e-01 9.637059851827187718e-01
5.390781563126252340e-01 9.570964788146175684e-01 4.003502412310621338e-03 9.510530258886206179e-01 9.637892283359693613e-01
5.410821643286573002e-01 9.574627486889204508e-01 3.938553712948336671e-03 9.514692416548738985e-01 9.640389577957213518e-01
5.430861723446893663e-01 9.579289103471240185e-01 3.854652388572033135e-03 9.522184300341296481e-01 9.645384167152252219e-01
5.450901803607214324e-01 9.583867476900025384e-01 3.779725017000466845e-03 9.528011321068842188e-01 9.652043619412303821e-01
5.470941883767534986e-01 9.586364771497544179e-01 3.742879146007092438e-03 9.531341047198867988e-01 9.652876050944809716e-01
5.490981963927855647e-01 9.590610172313329684e-01 3.736458671423031550e-03 9.534670773328893789e-01 9.655373345542329622e-01
5.511022044088176308e-01 9.593024223757596891e-01 3.703983590470759629e-03 9.536335636393906690e-01 9.657870640139848417e-01
5.531062124248496970e-01 9.597685840339631458e-01 3.638030564710333179e-03 9.544659951718971191e-01 9.661200366269874218e-01
5.551102204408817631e-01 9.600849080163158522e-01 3.520555590742403210e-03 9.549654540914009893e-01 9.662032797802381223e-01
5.571142284569138292e-01 9.603512861067177164e-01 3.504141275128245820e-03 9.555481561641554489e-01 9.663697660867394124e-01
5.591182364729458953e-01 9.605926912511446591e-01 3.497639170900523637e-03 9.557978856239074394e-01 9.666194955464912919e-01
5.611222444889779615e-01 9.609173395488221914e-01 3.413832060568784688e-03 9.561308582369100195e-01 9.667859818529925819e-01
5.631262525050100276e-01 9.613002580537750585e-01 3.299717015016565436e-03 9.564638308499125996e-01 9.668692250062432825e-01
5.651302605210419827e-01 9.616582036127526711e-01 3.227688190994087124e-03 9.569632897694164697e-01 9.671189544659951620e-01
5.671342685370740488e-01 9.619745275951052665e-01 3.223735532460840752e-03 9.571297760759177597e-01 9.672021976192458625e-01
5.691382765531061150e-01 9.623740947307084515e-01 3.184635436493226876e-03 9.576292349954216299e-01 9.674519270789977421e-01
5.711422845691381811e-01 9.627486889203364928e-01 3.157155030388310822e-03 9.581286939149255000e-01 9.677848996920003222e-01
5.731462925851702472e-01 9.630317156413885638e-01 3.209441905664926677e-03 9.583784233746773795e-01 9.683676017647548928e-01
5.751503006012023134e-01 9.634229584616665898e-01 3.292727094544143848e-03 9.585449096811786696e-01 9.687838175310080624e-01
5.771543086172343795e-01 9.637892283359693613e-01 3.248616715406308589e-03 9.587113959876799596e-01 9.690335469907600530e-01
5.791583166332664456e-01 9.641388495796219260e-01 3.243877915001901115e-03 9.588778822941812496e-01 9.690335469907600530e-01
5.811623246492985118e-01 9.644468492466495846e-01 3.295724590048437503e-03 9.590443686006825397e-01 9.696162490635145126e-01
5.831663326653305779e-01 9.647215516523764967e-01 3.359931258659463234e-03 9.593773412136851197e-01 9.700324648297677932e-01
5.851703406813626440e-01 9.650711728960293945e-01 3.346167681748242646e-03 9.597103138266876998e-01 9.705319237492716633e-01
5.871743486973947102e-01 9.654624157163074205e-01 3.243803148752628235e-03 9.604595022059435605e-01 9.707816532090235428e-01
5.891783567134267763e-01 9.657537667526847613e-01 3.191634118233911861e-03 9.610422042786981311e-01 9.709481395155248329e-01
5.911823647294588424e-01 9.660950636810122782e-01 3.177457783933147848e-03 9.612919337384500107e-01 9.712811121285274130e-01
5.931863727454909085e-01 9.663364688254389989e-01 3.110488218835959131e-03 9.614584200449513007e-01 9.715308415882794035e-01
5.951903807615229747e-01 9.666527928077917053e-01 3.046335482743130034e-03 9.618746358112045813e-01 9.717805710480312831e-01
5.971943887775550408e-01 9.669774411054692376e-01 3.059239678083841302e-03 9.621243652709564609e-01 9.719470573545325731e-01
5.991983967935871069e-01 9.672937650878216109e-01 3.078972834301355564e-03 9.624573378839590410e-01 9.726962457337884338e-01
6.012024048096191731e-01 9.675268459169235058e-01 3.037736448915282200e-03 9.630400399567136116e-01 9.729459751935403133e-01
6.032064128256512392e-01 9.678265212686255614e-01 3.083650452341881679e-03 9.631232831099642011e-01 9.733621909597935939e-01
6.052104208416833053e-01 9.680928993590276477e-01 3.004385981350138346e-03 9.634562557229667812e-01 9.736119204195454735e-01
6.072144288577153715e-01 9.683509531341047971e-01 3.030050778323480163e-03 9.634562557229667812e-01 9.737784067260467635e-01
6.092184368737474376e-01 9.685840339632065810e-01 3.038363690455470664e-03 9.636227420294680712e-01 9.739448930325480536e-01
6.112224448897795037e-01 9.688254391076334127e-01 2.979883981549912974e-03 9.639557146424706513e-01 9.742778656455506336e-01
6.132264529058115698e-01 9.690335469907601640e-01 2.980988341965265520e-03 9.641222009489719413e-01 9.743611087988013342e-01
6.152304609218436360e-01 9.693332223424622196e-01 2.895904757200874410e-03 9.644551735619745214e-01 9.744443519520519237e-01
6.172344689378757021e-01 9.696162490635146236e-01 2.779623384177802147e-03 9.650378756347290921e-01 9.745275951053026242e-01
6.192384769539077682e-01 9.699658703071672994e-01 2.760310829144731366e-03 9.653708482477316721e-01 9.746940814118039142e-01
6.212424849699398344e-01 9.701989511362688612e-01 2.708410368704980246e-03 9.657870640139848417e-01 9.747773245650545038e-01
6.232464929859719005e-01 9.705069508032965198e-01 2.777890253502697439e-03 9.658703071672355422e-01 9.751102971780570838e-01
6.252505010020039666e-01 9.707150586864230490e-01 2.749495015352988649e-03 9.659535503204861318e-01 9.752767834845583739e-01
6.272545090180360328e-01 9.709731124615000875e-01 2.672105219345688020e-03 9.665362523932407024e-01 9.756097560975609539e-01
6.292585170340680989e-01 9.713726795971030503e-01 2.625381368353983148e-03 9.668692250062432825e-01 9.758594855573129445e-01
6.312625250501001650e-01 9.716307333721800887e-01 2.616219874348849322e-03 9.671189544659951620e-01 9.761092150170648241e-01
6.332665330661322312e-01 9.719304087238823664e-01 2.592807087661384152e-03 9.672854407724964521e-01 9.762757013235661141e-01
6.352705410821642973e-01 9.722134354449346594e-01 2.584240756861333824e-03 9.677016565387497327e-01 9.763589444768168146e-01
6.372745490981963634e-01 9.724714892200114758e-01 2.651278095984052705e-03 9.681178723050029022e-01 9.771913760093232648e-01
6.392785571142284295e-01 9.727961375176891190e-01 2.631800451626702727e-03 9.685340880712561829e-01 9.774411054690751444e-01
6.412825651302604957e-01 9.730375426621161727e-01 2.579852917831155362e-03 9.687838175310080624e-01 9.775243486223258449e-01
6.432865731462925618e-01 9.733288936984931805e-01 2.580591455471321818e-03 9.692832764505119325e-01 9.777740780820777244e-01
6.452905811623246279e-01 9.735952717888952668e-01 2.542884181198987702e-03 9.693665196037626330e-01 9.780238075418297150e-01
6.472945891783566941e-01 9.738283526179971616e-01 2.546533096478651587e-03 9.695330059102639231e-01 9.781070506950803045e-01
6.492985971943887602e-01 9.741030550237244068e-01 2.552580408501781920e-03 9.696162490635145126e-01 9.781902938483310050e-01
6.513026052104208263e-01 9.742778656455506336e-01 2.554900400103682530e-03 9.699492216765170927e-01 9.782735370015815946e-01
6.533066132264528925e-01 9.745442437359527199e-01 2.477739133567790578e-03 9.706984100557729533e-01 9.784400233080828846e-01
6.553106212424849586e-01 9.747606759344042970e-01 2.429730611995385963e-03 9.708648963622742434e-01 9.784400233080828846e-01
6.573146292585170247e-01 9.749854324481811441e-01 2.324333087431526036e-03 9.711978689752768235e-01 9.784400233080828846e-01
6.593186372745490909e-01 9.752684591692333260e-01 2.381525367003319883e-03 9.714475984350287030e-01 9.788562390743361652e-01
6.613226452905811570e-01 9.755598102056104448e-01 2.384941763797074430e-03 9.718638142012819836e-01 9.792724548405893348e-01
6.633266533066132231e-01 9.757845667193872918e-01 2.315431912808666500e-03 9.721967868142845637e-01 9.792724548405893348e-01
6.653306613226452892e-01 9.761341879630400786e-01 2.285793933584317865e-03 9.726130025805377333e-01 9.795221843003413253e-01
6.673346693386772444e-01 9.763506201614917668e-01 2.295595035066036980e-03 9.727794888870390233e-01 9.797719137600932049e-01
6.693386773547093105e-01 9.765420794139683114e-01 2.326582843871952133e-03 9.728627320402897238e-01 9.800216432198451955e-01
6.713426853707413766e-01 9.767918088737200799e-01 2.328071552156943131e-03 9.731124615000416034e-01 9.801881295263464855e-01
6.733466933867734427e-01 9.770415383334720705e-01 2.276909481032701656e-03 9.733621909597935939e-01 9.802713726795970750e-01
6.753507014028055089e-01 9.772579705319236476e-01 2.347338843303803119e-03 9.734454341130441835e-01 9.807708315991009451e-01
6.773547094188375750e-01 9.776075917755765454e-01 2.267822176966360036e-03 9.738616498792974641e-01 9.809373179056022352e-01
6.793587174348696411e-01 9.778739698659784096e-01 2.306241007037434978e-03 9.739448930325480536e-01 9.813535336718555158e-01
6.813627254509017073e-01 9.781986181636561639e-01 2.312137585269093305e-03 9.741946224923000441e-01 9.818529925913593859e-01
6.833667334669337734e-01 9.784649962540580281e-01 2.272111155675020019e-03 9.744443519520519237e-01 9.819362357446099754e-01
6.853707414829658395e-01 9.786564555065346838e-01 2.221266765122361687e-03 9.746108382585532137e-01 9.820194788978606759e-01
6.873747494989979057e-01 9.789811038042121050e-01 2.118452388655089284e-03 9.751102971780570838e-01 9.822692083576125555e-01
6.893787575150299718e-01 9.791725630566885386e-01 2.131349866979296778e-03 9.752767834845583739e-01 9.823524515108632560e-01
6.913827655310620379e-01 9.794056438857902114e-01 2.107614063308618606e-03 9.753600266378090744e-01 9.825189378173645460e-01
6.933867735470941041e-01 9.796553733455422019e-01 2.142181317767990253e-03 9.753600266378090744e-01 9.826854241238658361e-01
6.953907815631261702e-01 9.799051028052941925e-01 2.173650726411934138e-03 9.755265129443103644e-01 9.829351535836177156e-01
6.973947895791582363e-01 9.802047781569968032e-01 2.083674399022663638e-03 9.760259718638142346e-01 9.830183967368684161e-01
6.993987975951903024e-01 9.804378589860984761e-01 2.064363067949264753e-03 9.762757013235661141e-01 9.833513693498709962e-01
7.014028056112223686e-01 9.807042370765003403e-01 2.101555796267137472e-03 9.764421876300674041e-01 9.836010988096228758e-01
7.034068136272544347e-01 9.809289935902774094e-01 2.038505682325082637e-03 9.768584033963206847e-01 9.836010988096228758e-01
7.054108216432865008e-01 9.811204528427538429e-01 1.989772568827583021e-03 9.771913760093232648e-01 9.837675851161241658e-01
7.074148296593185670e-01 9.813202364105553244e-01 1.955133413021785133e-03 9.776075917755764344e-01 9.841005577291267459e-01
7.094188376753506331e-01 9.815616415549820450e-01 1.970683859855569976e-03 9.778573212353284250e-01 9.845167734953800265e-01
7.114228456913826992e-01 9.817780737534336222e-01 1.932406925322530198e-03 9.781902938483310050e-01 9.846000166486306160e-01
7.134268537074147654e-01 9.819945059518854213e-01 1.913162379951204766e-03 9.783567801548322951e-01 9.846832598018813165e-01
7.154308617234468315e-01 9.822026138350119506e-01 1.869842091847053649e-03 9.786897527678348752e-01 9.847665029551319060e-01
7.174348697394788976e-01 9.824273703487887976e-01 1.840200943475021585e-03 9.790227253808374552e-01 9.848497461083826066e-01
7.194388777555109638e-01 9.826105052859401834e-01 1.842082770922503230e-03 9.791059685340880447e-01 9.849329892616331961e-01
7.214428857715430299e-01 9.827270457004910753e-01 1.814719833229961601e-03 9.791892116873387453e-01 9.850162324148838966e-01
7.234468937875750960e-01 9.828519104303671261e-01 1.820343338406089266e-03 9.792724548405893348e-01 9.851827187213851866e-01
7.254509018036071621e-01 9.831016398901188946e-01 1.796201309815842126e-03 9.795221843003413253e-01 9.855156913343877667e-01
7.274549098196392283e-01 9.833180720885709158e-01 1.789321212376227248e-03 9.796886706068426154e-01 9.858486639473903468e-01
7.294589178356712944e-01 9.834429368184466336e-01 1.822416785555169188e-03 9.797719137600932049e-01 9.858486639473903468e-01
7.314629258517033605e-01 9.836343960709230672e-01 1.842740956517384442e-03 9.798551569133439054e-01 9.859319071006409363e-01
7.334669338677354267e-01 9.838175310080746749e-01 1.867765642464905241e-03 9.801048863730957850e-01 9.863481228668942169e-01
7.354709418837674928e-01 9.840589361525013956e-01 1.829929904019030745e-03 9.804378589860983650e-01 9.864313660201448064e-01
7.374749498997995589e-01 9.842753683509529727e-01 1.818610484723690024e-03 9.806043452925996551e-01 9.867643386331473865e-01
7.394789579158316251e-01 9.845167734953801375e-01 1.792339337362761856e-03 9.809373179056022352e-01 9.868475817863980870e-01
7.414829659318636912e-01 9.846915841172064754e-01 1.746301685219153787e-03 9.811870473653542257e-01 9.869308249396486765e-01
7.434869739478957573e-01 9.848747190543576391e-01 1.666963629487120237e-03 9.816865062848580958e-01 9.869308249396486765e-01
7.454909819639278235e-01 9.850495296761841990e-01 1.673663579370623239e-03 9.816865062848580958e-01 9.871805543994006671e-01
7.474949899799598896e-01 9.853159077665862853e-01 1.593927064999788729e-03 9.821027220511112654e-01 9.873470407059019571e-01
7.494989979959919557e-01 9.855240156497128146e-01 1.564196219407489258e-03 9.822692083576125555e-01 9.875135270124032472e-01
7.515030060120240218e-01 9.856821776408889457e-01 1.605967334035700170e-03 9.824356946641138455e-01 9.878464996254058272e-01
7.535070140280560880e-01 9.858902855240154750e-01 1.566763524907897193e-03 9.826854241238658361e-01 9.880962290851577068e-01
7.555110220440881541e-01 9.860734204611670828e-01 1.567117305944882959e-03 9.827686672771164256e-01 9.880962290851577068e-01
7.575150300601202202e-01 9.861982851910431336e-01 1.607606120645752642e-03 9.827686672771164256e-01 9.881794722384084073e-01
7.595190380761522864e-01 9.863314742362442322e-01 1.594187887059240463e-03 9.829351535836177156e-01 9.882627153916589968e-01
7.615230460921843525e-01 9.864813119120953155e-01 1.575562229494170382e-03 9.830183967368684161e-01 9.883459585449096974e-01
7.635270541082164186e-01 9.866477982185966056e-01 1.485931090430999075e-03 9.835178556563722863e-01 9.884292016981602869e-01
7.655310621242484848e-01 9.868808790476985005e-01 1.427419843794027138e-03 9.838508282693748663e-01 9.885956880046615769e-01
7.675350701402805509e-01 9.871056355614749034e-01 1.403060816912092036e-03 9.841005577291267459e-01 9.889286606176641570e-01
7.695390781563125060e-01 9.872471489220011609e-01 1.372780302984953626e-03 9.843502871888787364e-01 9.890951469241654470e-01
7.715430861723445721e-01 9.874719054357778969e-01 1.294558166668554949e-03 9.849329892616331961e-01 9.892616332306667370e-01
7.735470941883766383e-01 9.876467160576041238e-01 1.250975935680953815e-03 9.850994755681344861e-01 9.894281195371680271e-01
7.755511022044087044e-01 9.877882294181304923e-01 1.243113239330694486e-03 9.851827187213851866e-01 9.896778489969200177e-01
7.775551102204407705e-01 9.879130941480063210e-01 1.259587468201296906e-03 9.852659618746357761e-01 9.897610921501706072e-01
7.795591182364728366e-01 9.881128777158079135e-01 1.251308244342849794e-03 9.853492050278864767e-01 9.899275784566718972e-01
7.815631262525049028e-01 9.883043369682843471e-01 1.201271097116594997e-03 9.856821776408890567e-01 9.900940647631731872e-01
7.835671342685369689e-01 9.884791475901104629e-01 1.232560993515658147e-03 9.858486639473903468e-01 9.901773079164238878e-01
7.855711422845690350e-01 9.886373095812869272e-01 1.248231013600975417e-03 9.860151502538916368e-01 9.904270373761757673e-01
7.875751503006011012e-01 9.887788229418129626e-01 1.320814682114282608e-03 9.860151502538916368e-01 9.906767668359277579e-01
7.895791583166331673e-01 9.890119037709146355e-01 1.258046149159262493e-03 9.864313660201448064e-01 9.908432531424290479e-01
7.915831663326652334e-01 9.891617414467660518e-01 1.283025184512187351e-03 9.865978523266460964e-01 9.910097394489303380e-01
7.935871743486972996e-01 9.893698493298925811e-01 1.271769051540247398e-03 9.868475817863980870e-01 9.911762257554316280e-01
7.955911823647293657e-01 9.895613085823692368e-01 1.228619310912838899e-03 9.873470407059019571e-01 9.914259552151835075e-01
7.975951903807614318e-01 9.897028219428951612e-01 1.238645812853009752e-03 9.876800133189045372e-01 9.916756846749354981e-01
7.995991983967934980e-01 9.898776325647216101e-01 1.206422776291848258e-03 9.877632564721551267e-01 9.916756846749354981e-01
8.016032064128255641e-01 9.900690918171980437e-01 1.136535815533076116e-03 9.880962290851577068e-01 9.916756846749354981e-01
8.036072144288576302e-01 9.901856322317488246e-01 1.131280271719101779e-03 9.881794722384084073e-01 9.918421709814367881e-01
8.056112224448896963e-01 9.903687671689003214e-01 1.091120566467320644e-03 9.885124448514109874e-01 9.919254141346873777e-01
8.076152304609217625e-01 9.904936318987763721e-01 1.064601500291222818e-03 9.886789311579122774e-01 9.920086572879380782e-01
8.096192384769538286e-01 9.906184966286522009e-01 1.011361490536755213e-03 9.889286606176641570e-01 9.920919004411886677e-01
8.116232464929858947e-01 9.907683343045035063e-01 1.047971460502325914e-03 9.890119037709148575e-01 9.923416299009406583e-01
8.136272545090179609e-01 9.909264962956795264e-01 1.054924292845485761e-03 9.890119037709148575e-01 9.923416299009406583e-01
8.156312625250500270e-01 9.910596853408808471e-01 9.843832847145214063e-04 9.892616332306667370e-01 9.924248730541912478e-01
8.176352705410820931e-01 9.912178473320569783e-01 9.113129507412734203e-04 9.896778489969200177e-01 9.925913593606925378e-01
8.196392785571141593e-01 9.913760093232332204e-01 9.345503837966227670e-04 9.896778489969200177e-01 9.928410888204445284e-01
8.216432865731462254e-01 9.914925497377840014e-01 8.948542179556475025e-04 9.898443353034213077e-01 9.929243319736951179e-01
8.236472945891782915e-01 9.917089819362356895e-01 8.408794671888493444e-04 9.902605510696744773e-01 9.930908182801964079e-01
8.256513026052103577e-01 9.919004411887122341e-01 7.755921432709564833e-04 9.905935236826770574e-01 9.931740614334471084e-01
8.276553106212424238e-01 9.920919004411887787e-01 7.879570176441607005e-04 9.909264962956796374e-01 9.934237908931989880e-01
8.296593186372744899e-01 9.922667110630148946e-01 8.328060424502886812e-04 9.910929826021809275e-01 9.937567635062015681e-01
8.316633266533065560e-01 9.924082244235410410e-01 8.247376060268627818e-04 9.910929826021809275e-01 9.938400066594522686e-01
8.336673346693386222e-01 9.925830350453674900e-01 7.642519400332264696e-04 9.915091983684342081e-01 9.939232498127028581e-01
8.356713426853706883e-01 9.927578456671938278e-01 7.332961140612802037e-04 9.915924415216847976e-01 9.940064929659535586e-01
8.376753507014027544e-01 9.928410888204444174e-01 7.398813300021440595e-04 9.917589278281860876e-01 9.941729792724548487e-01
8.396793587174348206e-01 9.929826021809706749e-01 6.915196678911254662e-04 9.920086572879380782e-01 9.941729792724548487e-01
8.416833667334668867e-01 9.930824939648712490e-01 6.622410090135204437e-04 9.921751435944393682e-01 9.942562224257054382e-01
8.436873747494989528e-01 9.931574128027967907e-01 6.615605256407498412e-04 9.922583867476899577e-01 9.943394655789561387e-01
8.456913827655310190e-01 9.932906018479981114e-01 6.976551016317995889e-04 9.922583867476899577e-01 9.944227087322067282e-01
8.476953907815630851e-01 9.933988179472240665e-01 6.895126409682492694e-04 9.925913593606925378e-01 9.947556813452093083e-01
8.496993987975951512e-01 9.935403313077498799e-01 6.640696137577314744e-04 9.926746025139432383e-01 9.948389244984600088e-01
8.517034068136272174e-01 9.936069258303504848e-01 6.271475302368098538e-04 9.928410888204445284e-01 9.948389244984600088e-01
8.537074148296592835e-01 9.936818446682760264e-01 6.256541221714373652e-04 9.928410888204445284e-01 9.948389244984600088e-01
8.557114228456913496e-01 9.937484391908764092e-01 5.961627992939100458e-04 9.929243319736951179e-01 9.948389244984600088e-01
8.577154308617234157e-01 9.938733039207525710e-01 5.684964980925229965e-04 9.931740614334471084e-01 9.949221676517105983e-01
8.597194388777554819e-01 9.940314659119288132e-01 5.145612073762047180e-04 9.934237908931989880e-01 9.950054108049612989e-01
8.617234468937875480e-01 9.941813035877797855e-01 5.489631930008326234e-04 9.935070340464496885e-01 9.951718971114625889e-01
8.637274549098196141e-01 9.943228169483060430e-01 5.379337191843278554e-04 9.936735203529509786e-01 9.953383834179638789e-01
8.657314629258516803e-01 9.944560059935069196e-01 5.958721441163092759e-04 9.936735203529509786e-01 9.955881128777157585e-01
8.677354709418837464e-01 9.945558977774078269e-01 5.864951287374852188e-04 9.937567635062015681e-01 9.955881128777157585e-01
8.697394789579158125e-01 9.946974111379338623e-01 5.547392685106591849e-04 9.939232498127028581e-01 9.956713560309664590e-01
8.717434869739478787e-01 9.948222758678098021e-01 5.519215667776895904e-04 9.940897361192041481e-01 9.956713560309664590e-01
8.737474949899798338e-01 9.949221676517104873e-01 6.317711133275658031e-04 9.941729792724548487e-01 9.960875717972196286e-01
8.757515030060118999e-01 9.949970864896361400e-01 6.278653116834611789e-04 9.942562224257054382e-01 9.961708149504703291e-01
8.777555110220439660e-01 9.950969782735368252e-01 6.099513893855729001e-04 9.944227087322067282e-01 9.962540581037209186e-01
8.797595190380760322e-01 9.952051943727626693e-01 5.888533816308078690e-04 9.945059518854574288e-01 9.962540581037209186e-01
8.817635270541080983e-01 9.953467077332888158e-01 5.712324469923474009e-04 9.945891950387080183e-01 9.962540581037209186e-01
8.837675350701401644e-01 9.954632481478398187e-01 5.782254220198881391e-04 9.946724381919587188e-01 9.962540581037209186e-01
8.857715430861722306e-01 9.955131940397901058e-01 5.464328121960016589e-04 9.947556813452093083e-01 9.963373012569716192e-01
8.877755511022042967e-01 9.956047615083658542e-01 5.594038996557512472e-04 9.948389244984600088e-01 9.964205444102222087e-01
8.897795591182363628e-01 9.957129776075918093e-01 5.574805843753603395e-04 9.949221676517105983e-01 9.965870307167234987e-01
8.917835671342684289e-01 9.958211937068176534e-01 5.544268977057061109e-04 9.950054108049612989e-01 9.966702738699741992e-01
8.937875751503004951e-01 9.959294098060433864e-01 6.178526434367102773e-04 9.950054108049612989e-01 9.967535170232247888e-01
8.957915831663325612e-01 9.960209772746189127e-01 5.895590180512926904e-04 9.951718971114625889e-01 9.967535170232247888e-01
8.977955911823646273e-01 9.961125447431949942e-01 5.791833442703234452e-04 9.951718971114625889e-01 9.969200033297260788e-01
8.997995991983966935e-01 9.961708149504703291e-01 5.670319276093042146e-04 9.951718971114625889e-01 9.970032464829767793e-01
9.018036072144287596e-01 9.962956796803463799e-01 5.697749091366825997e-04 9.954216265712144684e-01 9.970864896362273688e-01
9.038076152304608257e-01 9.963955714642471762e-01 5.459253286296328941e-04 9.954216265712144684e-01 9.970864896362273688e-01
9.058116232464928919e-01 9.964455173561974632e-01 5.827615291163666059e-04 9.954216265712144684e-01 9.971697327894780694e-01
9.078156312625249580e-01 9.965454091400982595e-01 5.877343913461642632e-04 9.955048697244651690e-01 9.974194622492299489e-01
9.098196392785570241e-01 9.967035711312742796e-01 5.473830757603790091e-04 9.957545991842170485e-01 9.974194622492299489e-01
9.118236472945890903e-01 9.968201115458252826e-01 5.301484501154002816e-04 9.959210854907183386e-01 9.975859485557312389e-01
9.138276553106211564e-01 9.968950303837507132e-01 5.421040591081304578e-04 9.960043286439690391e-01 9.976691917089819395e-01
9.158316633266532225e-01 9.969782735370016358e-01 5.522353547197986602e-04 9.960875717972196286e-01 9.977524348622325290e-01
9.178356713426852886e-01 9.971281112128526081e-01 4.593483613192827554e-04 9.964205444102222087e-01 9.977524348622325290e-01
9.198396793587173548e-01 9.972280029967535153e-01 4.078914509281520925e-04 9.965870307167234987e-01 9.977524348622325290e-01
9.218436873747494209e-01 9.972779488887040245e-01 4.112750962136328811e-04 9.965870307167234987e-01 9.978356780154832295e-01
9.238476953907814870e-01 9.973778406726048207e-01 4.132919865914141261e-04 9.967535170232247888e-01 9.978356780154832295e-01
9.258517034068135532e-01 9.974361108798801556e-01 3.953830712407558267e-04 9.967535170232247888e-01 9.978356780154832295e-01
9.278557114228456193e-01 9.974694081411803470e-01 4.047363949435862939e-04 9.967535170232247888e-01 9.979189211687338190e-01
9.298597194388776854e-01 9.975443269791058887e-01 4.281159034587213178e-04 9.967535170232247888e-01 9.979189211687338190e-01
9.318637274549097516e-01 9.976775160243068763e-01 4.169642815738911846e-04 9.968367601764754893e-01 9.980854074752351091e-01
9.338677354709418177e-01 9.977274619162572744e-01 3.267757666925815612e-04 9.971697327894780694e-01 9.980854074752351091e-01
9.358717434869738838e-01 9.978023807541831491e-01 3.119119952583913283e-04 9.971697327894780694e-01 9.981686506284858096e-01
9.378757515030059499e-01 9.978772995921085798e-01 3.164334938607763002e-04 9.971697327894780694e-01 9.982518937817363991e-01
9.398797595190380161e-01 9.979771913760094870e-01 2.836381426355069862e-04 9.974194622492299489e-01 9.983351369349870996e-01
9.418837675350700822e-01 9.981103804212103636e-01 2.908749722743018615e-04 9.975027054024806494e-01 9.985016232414883897e-01
9.438877755511021483e-01 9.981686506284859206e-01 2.954838816165749672e-04 9.975859485557312389e-01 9.985016232414883897e-01
9.458917835671342145e-01 9.982602180970614469e-01 2.453908761006266229e-04 9.977524348622325290e-01 9.985016232414883897e-01
9.478957915831662806e-01 9.983517855656371953e-01 2.491738874069093974e-04 9.978356780154832295e-01 9.986681095479896797e-01
9.498997995991983467e-01 9.984766502955132461e-01 2.442587322254348718e-04 9.980021643219845195e-01 9.988345958544909697e-01
9.519038076152304129e-01 9.985848663947389792e-01 2.978197589278214685e-04 9.980854074752351091e-01 9.991675684674935498e-01
9.539078156312624790e-01 9.986681095479894577e-01 3.001374573765167226e-04 9.982518937817363991e-01 9.993340547739948398e-01
9.559118236472945451e-01 9.987263797552650146e-01 2.633695499801318087e-04 9.983351369349870996e-01 9.993340547739948398e-01
9.579158316633266113e-01 9.988012985931906673e-01 2.474996877935459498e-04 9.984183800882376891e-01 9.993340547739948398e-01
9.599198396793586774e-01 9.989011903770915746e-01 2.377900084422868664e-04 9.985848663947389792e-01 9.994172979272454294e-01
9.619238476953907435e-01 9.989677848996919574e-01 2.715309486439810476e-04 9.985848663947389792e-01 9.995005410804961299e-01
9.639278557114228096e-01 9.990593523682675947e-01 2.235198798318170611e-04 9.988345958544909697e-01 9.995005410804961299e-01
9.659318637274548758e-01 9.991092982602181038e-01 1.900060303090671016e-04 9.989178390077415592e-01 9.995005410804961299e-01
9.679358717434869419e-01 9.991925414134688044e-01 1.825664879668710116e-04 9.990010821609922598e-01 9.995837842337467194e-01
9.699398797595190080e-01 9.992591359360692982e-01 1.878051140044811028e-04 9.990843253142428493e-01 9.996670273869974199e-01
9.719438877755510742e-01 9.993507034046448245e-01 1.570628674278927743e-04 9.991675684674935498e-01 9.996670273869974199e-01
9.739478957915831403e-01 9.993673520352949202e-01 1.498376758511511624e-04 9.991675684674935498e-01 9.996670273869974199e-01
9.759519038076150954e-01 9.994339465578955251e-01 1.382939126432748624e-04 9.991675684674935498e-01 9.996670273869974199e-01
9.779559118236471615e-01 9.995255140264713845e-01 1.056237204732178711e-04 9.993340547739948398e-01 9.997502705402480094e-01
9.799599198396792277e-01 9.995754599184216715e-01 1.144404152573803434e-04 9.994172979272454294e-01 9.998335136934987100e-01
9.819639278557112938e-01 9.996170814950471328e-01 1.129165068363581080e-04 9.994172979272454294e-01 9.998335136934987100e-01
9.839679358717433599e-01 9.996503787563473242e-01 1.104345222793888927e-04 9.994172979272454294e-01 9.998335136934987100e-01
9.859719438877754261e-01 9.996836760176475156e-01 1.104345222793821977e-04 9.994172979272454294e-01 9.998335136934987100e-01
9.879759519038074922e-01 9.997419462249229616e-01 1.313554802136028424e-04 9.994172979272454294e-01 9.999167568467492995e-01
9.899799599198395583e-01 9.998168650628486143e-01 7.256969855226655765e-05 9.997502705402480094e-01 1.000000000000000000e+00
9.919839679358716245e-01 9.998584866394738535e-01 8.365833364789482566e-05 9.997502705402480094e-01 1.000000000000000000e+00
9.939879759519036906e-01 9.999001082160992038e-01 6.229347185172030203e-05 9.998335136934987100e-01 1.000000000000000000e+00
9.959919839679357567e-01 9.999417297927246651e-01 3.814680508581444517e-05 9.999167568467492995e-01 1.000000000000000000e+00
9.979959919839678228e-01 9.999833513693499043e-01 3.329726130028021067e-05 9.999167568467492995e-01 1.000000000000000000e+00
1.000000000000000000e+00 1.000000000000000000e+00 0.000000000000000000e+00 1.000000000000000000e+00 1.000000000000000000e+00
