# signal_efficiencies		0sq-mean	0sq-std	0sq-min	0sq-max	1sq-mean	1sq-std	1sq-min	1sq-max	2sq-mean	2sq-std	2sq-min	2sq-max	all-mean	all-std	all-min	all-max
1.000000000000000021e-02 2.689022396398494941e-01 1.857440245305459758e-02 2.399323922778279772e-01 2.990167330164377746e-01 nan nan nan nan nan nan nan nan nan nan nan nan
1.497487437185929596e-02 3.202137466158972989e-01 2.024104872362253102e-02 2.833786990143506990e-01 3.507320097889924382e-01 nan nan nan nan nan nan nan nan nan nan nan nan
1.994974874371859344e-02 3.439789483213754884e-01 1.295443789723037427e-02 3.239736687214491706e-01 3.710091853714924670e-01 nan nan nan nan nan nan nan nan nan nan nan nan
2.492462311557788746e-02 3.799287394727279832e-01 1.912113937612728090e-02 3.494286652626782397e-01 4.074811785883437065e-01 6.041696408051572265e-01 1.185472500482345065e-01 4.476245577517179441e-01 8.516264480864517150e-01 nan nan nan nan 2.087583677171542362e+00 1.132865101435843735e-01 1.890151352930726114e+00 2.249981309402473872e+00
2.989949748743718494e-02 4.042502457503546198e-01 2.029572658543157479e-02 3.745895414584242689e-01 4.314417759597760638e-01 6.503158761247863628e-01 1.170043973587463759e-01 4.768854995046295508e-01 8.603804238412642302e-01 nan nan nan nan 2.270878699023600067e+00 1.049924590679190695e-01 2.073511747922968329e+00 2.417697544195087200e+00
3.487437185929648242e-02 4.344846926480899763e-01 2.444804908792818851e-02 3.974857170881565538e-01 4.680057571302366770e-01 6.873693188087923733e-01 1.052843745922609625e-01 5.112504475942625248e-01 8.691343995960767455e-01 nan nan nan nan 2.439584119328876533e+00 9.892025164170507867e-02 2.256723246186778109e+00 2.572173390202877830e+00
3.984924623115577991e-02 4.564628269227821167e-01 2.566456972469864650e-02 4.184514661935350710e-01 4.995024118051590301e-01 7.047393118501515952e-01 1.082035692485878858e-01 5.189585768307488634e-01 8.728243399014484760e-01 nan nan nan nan 2.551237556890451064e+00 1.074440821242136912e-01 2.367427860964169462e+00 2.690769185347749115e+00
4.482412060301507739e-02 4.757320988399332262e-01 2.623958716987340178e-02 4.320539376698424583e-01 5.263967352925347232e-01 7.105072886480560124e-01 8.364538932937187754e-02 5.651767919212685731e-01 8.235769520829196999e-01 nan nan nan nan 2.687941460869315069e+00 8.643936543360071501e-02 2.534491413260099524e+00 2.814910659698042217e+00
4.979899497487437487e-02 4.971762670967002640e-01 2.580656313096172869e-02 4.540097136128542488e-01 5.439304728317710946e-01 7.193282634148452370e-01 6.069804569753842194e-02 5.893351812806705281e-01 8.000143702327521256e-01 1.764115293900200054e+00 1.199628197998250240e-01 1.566303525260603013e+00 1.948013126302746700e+00 2.807466877415915274e+00 6.026378949914216326e-02 2.678853700015884964e+00 2.906019333525320381e+00
5.477386934673367236e-02 5.171754939188529798e-01 2.707188322122566076e-02 4.708290209627655210e-01 5.709543606127258641e-01 7.299026738427072392e-01 5.797147915269480756e-02 5.841725793644607645e-01 8.101213908581665901e-01 1.851652133588030491e+00 1.190090727732162346e-01 1.645575394882597298e+00 2.024662212987960785e+00 2.904218857041593882e+00 6.781626399683809980e-02 2.759076079348390387e+00 3.031542245054816842e+00
5.974874371859296984e-02 5.374430128973666232e-01 2.777046637700951795e-02 4.917950067231291467e-01 5.979899128752851345e-01 7.356467541427191836e-01 5.283095675320586410e-02 6.027372145854938967e-01 8.141629334670553719e-01 1.929276741641102078e+00 1.144361324780968081e-01 1.720554415694532269e+00 2.088157328389786294e+00 3.000413927739541187e+00 7.364420964570339567e-02 2.862823696286483699e+00 3.152183658231064278e+00
6.472361809045226733e-02 5.553820992786218103e-01 2.849020117140209016e-02 5.140101981598302894e-01 6.187270223496885713e-01 7.542229561758863055e-01 4.907041794215567798e-02 6.337721260002210366e-01 8.283084528937585400e-01 1.999576469223253827e+00 1.103502643717810955e-01 1.792856377321689676e+00 2.151652443791611358e+00 3.083415154446207396e+00 8.692434667476402199e-02 2.953291693103481386e+00 3.268944450265300894e+00
6.969849246231155093e-02 5.729669436992953502e-01 2.758492928747589140e-02 5.330390900206005700e-01 6.355845563483789595e-01 7.604728020026330082e-01 5.679802295408476615e-02 6.568589531091607592e-01 8.588357866559974685e-01 2.067242822650370293e+00 1.054681486479545627e-01 1.861301286014411138e+00 2.212553417524977029e+00 3.182023623361913245e+00 1.035882238465792166e-01 3.031183549905914099e+00 3.381497874825450722e+00
7.467336683417084842e-02 5.891081599989931306e-01 2.468558478899383207e-02 5.528736757267497248e-01 6.457922250642031958e-01 7.685240688167022105e-01 6.286160515081642974e-02 6.797893905589974528e-01 8.876675930457867958e-01 2.130272221937224764e+00 1.051333515258185691e-01 1.938856340686496038e+00 2.272514155302842731e+00 3.284834389661963172e+00 1.000156345538941866e-01 3.102043877956575990e+00 3.458175188182550208e+00
7.964824120603014590e-02 6.041529231792835963e-01 2.390810879838962261e-02 5.693600231491880992e-01 6.612111907904236752e-01 7.914460073270237483e-01 6.329446984047751301e-02 6.958385118784290446e-01 8.952090746791983022e-01 2.182612836196740513e+00 1.065379099692652098e-01 2.024124920224679602e+00 2.332474893080708434e+00 3.389025738209633598e+00 1.185663840394196450e-01 3.175962774747815409e+00 3.596619795867052272e+00
8.462311557788944338e-02 6.185045697395963327e-01 2.384953893865512237e-02 5.836084403614569815e-01 6.771048048461626445e-01 8.094287418913900245e-01 7.466081849644959356e-02 7.016070731150415574e-01 9.410287653973128386e-01 2.218733078324547137e+00 1.119778709452000365e-01 2.030170480449864368e+00 2.360921474370491158e+00 3.439229200137757569e+00 1.119932983687382949e-01 3.226888357411315411e+00 3.604251459033261273e+00
8.959798994974874087e-02 6.353751681711814481e-01 2.425513276519298059e-02 5.955532628445748822e-01 6.951614219451975885e-01 8.231991289272254653e-01 7.488915497360672247e-02 7.038796277227254983e-01 9.381009527064878561e-01 2.263856506202072350e+00 1.089730708006654558e-01 2.075385892538772925e+00 2.409826357011427778e+00 3.527725468502891371e+00 1.112830382476551194e-01 3.318078877929788728e+00 3.680541427634743901e+00
9.457286432160803835e-02 6.484357661170196963e-01 2.410179994966877778e-02 6.024699836288966992e-01 7.034246396967389625e-01 8.336843831800176963e-01 7.159449192997845157e-02 7.238551600414678822e-01 9.286433105681562994e-01 2.322963055760429718e+00 9.640864422899063368e-02 2.152087178184564742e+00 2.449648182912637751e+00 3.599018223942545003e+00 1.154087811846154221e-01 3.406814370797161207e+00 3.777632912370278095e+00
9.954773869346733584e-02 6.627018164439335557e-01 2.265262355074187592e-02 6.171558783163989537e-01 7.153082111274426946e-01 8.433182769776321752e-01 7.208721735396024510e-02 7.285678463983413788e-01 9.370160274444334636e-01 2.372361995753625052e+00 8.001941858995796630e-02 2.227903315086930291e+00 2.474539700187923241e+00 3.637395536757851211e+00 9.931761977697614596e-02 3.507746150473834312e+00 3.835706569154235357e+00
1.045226130653266333e-01 6.783842224531071441e-01 2.402937829201667180e-02 6.310754430126149783e-01 7.336477539043607665e-01 8.585956641661059985e-01 7.211691375749933186e-02 7.485329183438914624e-01 9.453148099092654189e-01 2.421178279581479131e+00 6.284482162573321040e-02 2.299348129065563739e+00 2.501026406975139782e+00 3.686621828709400805e+00 1.157049381512636338e-01 3.507371069566685762e+00 3.882338712495107202e+00
1.094974874371859308e-01 6.949480595393174864e-01 2.486709000244850462e-02 6.537057687802944050e-01 7.534461522474872330e-01 8.617582663839223889e-01 6.375288593562396244e-02 7.627926744032751394e-01 9.435918137252534699e-01 2.465610495214233033e+00 6.341199827150341417e-02 2.339997608468697976e+00 2.572430316544665363e+00 3.759562593340016523e+00 1.170518076259028373e-01 3.608151883119462777e+00 3.981176216744148011e+00
1.144723618090452283e-01 7.093189027245683231e-01 2.248782356224330800e-02 6.724640117522546756e-01 7.597150974173678684e-01 8.615455038386018449e-01 5.442637349436154487e-02 7.780323507537734162e-01 9.297378689212568714e-01 2.495559652751222934e+00 7.351969464480152816e-02 2.346553585363032823e+00 2.599196993081526852e+00 3.828547679747765109e+00 1.060388471461906484e-01 3.706648381549970228e+00 4.022019898327894971e+00
1.194472361809045258e-01 7.213047751500074600e-01 2.175827406272597825e-02 6.864425188151305202e-01 7.681098090919444843e-01 8.639499997365325257e-01 5.723411447929110940e-02 7.857745753434745017e-01 9.514182161877561272e-01 2.538284275463233985e+00 6.485759144596484060e-02 2.415132910402207678e+00 2.667730052460326462e+00 3.893295463804107293e+00 8.945992951083098221e-02 3.786330649298131235e+00 4.065183524762328915e+00
1.244221105527638233e-01 7.320001031582685780e-01 2.320379278953028229e-02 6.980589259225647991e-01 7.821586223754025680e-01 8.698781754523258192e-01 4.996419933637670507e-02 8.080274210583999750e-01 9.479172818574773673e-01 2.571609809286615533e+00 7.010376209659249791e-02 2.422975991935778062e+00 2.706853957331209592e+00 3.961818630283310050e+00 8.398979452406056534e-02 3.848327836765649490e+00 4.110829317395864102e+00
1.293969849246231207e-01 7.461023034778643259e-01 2.191045863595523016e-02 7.153833973026368920e-01 7.939704392841826497e-01 8.800246519149080848e-01 4.996951854283644689e-02 8.225819004977532600e-01 9.582562265093439446e-01 2.608012263754961868e+00 7.059634928973783363e-02 2.489282228751951820e+00 2.759695303464459570e+00 4.018571305220982381e+00 8.177637550371953667e-02 3.889306983222295955e+00 4.127353401327545690e+00
1.343718592964824043e-01 7.562338598161597591e-01 2.464578228587863476e-02 7.170256381726376471e-01 8.100938966903349359e-01 8.874407086847158066e-01 4.058923344530407373e-02 8.439914713804417268e-01 9.566209664966210946e-01 2.641388369436854511e+00 8.199880647105133036e-02 2.498164043161401171e+00 2.820358044623188842e+00 4.048514498949673523e+00 8.416592180550885871e-02 3.896787994533511323e+00 4.146172218022912581e+00
1.393467336683417157e-01 7.696781305238085125e-01 2.480865252540288141e-02 7.300700066944039168e-01 8.258724496457916509e-01 9.005025495217534592e-01 3.842821338919938379e-02 8.441889091287710922e-01 9.670051216447537179e-01 2.672858528363330599e+00 8.195775161803860176e-02 2.535131358969672011e+00 2.849566277361054389e+00 4.088090663615970399e+00 9.522240149067627557e-02 3.891449285359607213e+00 4.219424399331974662e+00
1.443216080402010271e-01 7.819033875171400583e-01 2.382862079732513128e-02 7.451702681021185048e-01 8.359779144648332716e-01 9.055730580997087831e-01 3.768305500130278429e-02 8.411154096276093339e-01 9.774687312188777844e-01 2.701453406581341365e+00 9.066655853218757999e-02 2.578035025761534538e+00 2.893817920843214431e+00 4.136294136830306556e+00 9.994328736722707385e-02 3.941068099802829128e+00 4.287178617301532491e+00
1.492964824120603107e-01 7.927747146379429122e-01 2.536401026281110901e-02 7.540494839926192849e-01 8.502627269065088367e-01 9.123888845739417386e-01 3.838734150822232377e-02 8.415004893356941018e-01 9.879889515403337263e-01 2.740219786367976695e+00 9.980924463431888050e-02 2.595504468143125631e+00 2.936511008601019768e+00 4.160203418264510233e+00 1.019436599020636380e-01 3.957815399838323422e+00 4.308628129881146407e+00
1.542713567839196220e-01 8.008631033665295496e-01 2.508966622892337683e-02 7.638219896305009637e-01 8.624737668157372861e-01 9.187373868007038258e-01 3.479899476813147485e-02 8.555914787440662694e-01 9.724791510315742293e-01 2.784358211876253986e+00 1.013936859996660139e-01 2.643510155372494008e+00 2.983386333116680778e+00 4.185577252246718061e+00 9.598381926656719687e-02 3.983562652525372894e+00 4.302935501427520570e+00
1.592462311557789056e-01 8.097587141241586739e-01 2.383761275784328920e-02 7.751504474684250967e-01 8.697015797192738651e-01 9.219307430178490526e-01 4.154621801366256695e-02 8.584664459919953972e-01 9.920305006165097694e-01 2.821151965380000348e+00 9.504064752122921844e-02 2.655246537319934763e+00 2.987755200845878090e+00 4.201754834905793601e+00 9.908935652699693564e-02 4.042299975937904577e+00 4.357560318691017009e+00
1.642211055276382170e-01 8.201568483163115264e-01 2.199926131540510046e-02 7.920892092422568975e-01 8.783302816505558219e-01 9.258106445810663221e-01 4.488744131800782161e-02 8.618244699868543579e-01 1.003079733540092278e+00 2.860911691857016770e+00 1.039315648308376944e-01 2.684210957164609557e+00 3.046378539165521815e+00 4.225311746434618598e+00 8.418444924207681146e-02 4.113995778110159485e+00 4.362206582499645435e+00
1.691959798994975006e-01 8.304764670487017053e-01 2.206815072399133729e-02 8.026149975002956349e-01 8.898493038316162007e-01 9.223783166703494185e-01 4.544860581093985996e-02 8.705211373375555395e-01 1.000839874976870103e+00 2.900966937640117926e+00 1.169954945563410897e-01 2.700383016722267548e+00 3.104069933260515946e+00 4.246129111138648327e+00 7.080168725765784155e-02 4.140911696196925007e+00 4.373939746010473861e+00
1.741708542713567842e-01 8.410231259189998587e-01 2.172995631674717182e-02 8.125625015252231353e-01 9.003628000868705294e-01 9.261103308609091034e-01 5.027319253422692785e-02 8.681791976312159820e-01 1.015047451255009836e+00 2.940676887586163080e+00 1.157577313721562529e-01 2.738791183547799601e+00 3.160943306618983595e+00 4.265870570841316933e+00 6.981305880154968502e-02 4.148207670943712344e+00 4.380220007163061702e+00
1.791457286432160956e-01 8.510258822145952973e-01 2.088246431804962472e-02 8.285498977482237404e-01 9.095741865837790874e-01 9.233054632136488138e-01 5.064223406060205934e-02 8.661495757953100449e-01 1.007442402399431947e+00 2.940064998046469036e+00 1.172109443448229038e-01 2.719797929269416326e+00 3.142194865484388089e+00 4.273750959890119105e+00 7.442136006371140311e-02 4.157965946625177267e+00 4.399206374687422816e+00
1.841206030150753792e-01 8.625520742128574003e-01 2.086085165640204353e-02 8.359603182125995291e-01 9.192450371734145476e-01 9.262187880664738415e-01 4.688603732261671653e-02 8.732738295827524588e-01 9.956585570253426720e-01 2.971159622480327833e+00 1.082318689510267523e-01 2.766880563826527251e+00 3.143253338945442010e+00 4.287139417518405438e+00 7.937624847751043045e-02 4.179105144495180113e+00 4.433596110900626996e+00
1.890954773869346905e-01 8.718687746292010932e-01 1.951925670950325001e-02 8.500160241531201644e-01 9.249884321338397442e-01 9.294624791144900922e-01 4.423485534960887311e-02 8.835428819123199995e-01 9.976610250193058693e-01 3.001077512780596201e+00 1.094051280984016938e-01 2.782695834761519382e+00 3.175239897966575686e+00 4.316364082648091127e+00 8.717482342379115345e-02 4.198424035273559340e+00 4.475420146233530794e+00
1.940703517587939742e-01 8.815596712014501790e-01 2.028546014474857245e-02 8.593766083949071488e-01 9.367720919383306644e-01 9.321664496084893781e-01 4.155629721824150719e-02 8.845580743136323143e-01 9.929885386474144315e-01 3.039002461234304953e+00 1.119347484851595242e-01 2.836029724567720400e+00 3.206414984238333155e+00 4.323581056668453826e+00 9.722345964951999153e-02 4.207145077672815425e+00 4.500532749489993378e+00
1.990452261306532855e-01 8.910420909674330314e-01 2.025884403561614353e-02 8.704614040753584359e-01 9.465718751455380886e-01 9.337682678422345450e-01 3.695268046089116715e-02 8.937183260460859202e-01 9.940335052283525430e-01 3.071732113197801262e+00 1.097769181633251184e-01 2.869730306578313517e+00 3.227763021525916542e+00 4.319025740215890252e+00 9.704098942655918492e-02 4.195123470708101543e+00 4.474507068505057639e+00
2.040201005025125691e-01 8.990880900065066905e-01 2.184392932034020032e-02 8.683956864210338189e-01 9.560775394023417473e-01 9.279630942072468747e-01 3.197958423445618203e-02 8.880392722578368536e-01 9.856729478476947692e-01 3.084256961685183818e+00 1.077004859927767899e-01 2.903051055975422567e+00 3.280439407560329812e+00 4.341404060086516026e+00 9.816482877854004752e-02 4.217020072684878329e+00 4.490423128094875871e+00
2.089949748743718805e-01 9.080796249644352836e-01 2.194197687876523264e-02 8.787560258243661826e-01 9.652956303329939258e-01 9.252297772691582267e-01 3.540494663247285151e-02 8.798323071074216628e-01 9.878694330394263146e-01 3.097664213137597322e+00 9.909308767679449181e-02 2.954425422414655777e+00 3.289773321722822441e+00 4.361022391097330697e+00 1.028245614762651888e-01 4.209629786220515868e+00 4.499983326524565008e+00
2.139698492462311641e-01 9.171635541243692291e-01 2.140028557674323109e-02 8.849488657696353844e-01 9.713606923119204595e-01 9.240386409714919091e-01 3.204695896064702759e-02 8.763053945313851179e-01 9.905889031267288702e-01 3.111015616632185399e+00 9.623218537339901790e-02 2.998426810585093971e+00 3.306678303095526683e+00 4.374348256722401906e+00 1.033123210313685592e-01 4.198955147517155595e+00 4.519179599317062035e+00
2.189447236180904754e-01 9.245898909446012004e-01 2.122550486090423252e-02 8.916175431292477915e-01 9.763815699515601132e-01 9.225203760548777998e-01 3.819132721955193627e-02 8.779302691171877449e-01 1.001831040076789359e+00 3.132339257254971532e+00 1.050865816430186089e-01 2.986055192238477929e+00 3.345908787947256879e+00 4.383039922600248772e+00 1.047701825152110716e-01 4.221333107663742368e+00 4.522450958966429013e+00
2.239195979899497591e-01 9.333792984904331069e-01 2.125059106119251903e-02 8.998426278155456925e-01 9.858383814493227870e-01 9.220444386369969214e-01 4.145239291523099279e-02 8.750532000039324965e-01 1.008214545153357511e+00 3.142140588692288183e+00 1.163387034047937418e-01 2.976429868410602975e+00 3.359178642236617218e+00 4.376733966226810324e+00 9.161377164293016406e-02 4.250814120453783040e+00 4.511740405642258089e+00
2.288944723618090704e-01 9.410071950379380601e-01 2.150909161655265717e-02 9.081621327553803802e-01 9.938450868572841213e-01 9.204401403564220763e-01 4.513016463368071246e-02 8.568408138749125103e-01 1.008739018427884382e+00 3.176228607741649945e+00 1.121567216734822708e-01 3.013689981052931621e+00 3.370204556563015874e+00 4.379025229859714763e+00 1.004795319763657768e-01 4.244694048594634950e+00 4.511695063469725042e+00
2.338693467336683540e-01 9.484933964728782252e-01 2.187421178625568313e-02 9.159738180585264011e-01 1.001965674324284183e+00 9.225049694798370670e-01 4.756219466652991668e-02 8.540036819854095462e-01 1.015035412334876819e+00 3.198524062067023443e+00 1.129675603536963308e-01 3.045556378224515193e+00 3.411451139551052503e+00 4.383848426498368589e+00 1.090275853185447424e-01 4.212074809829271516e+00 4.525056072973750787e+00
2.388442211055276654e-01 9.564665903833841076e-01 2.251929474513412674e-02 9.218772526962725200e-01 1.013560853917382154e+00 9.221218055179759565e-01 4.689284673029435468e-02 8.541631274596916956e-01 1.005549592806935566e+00 3.228024691528310619e+00 1.162420703509084996e-01 3.093308885044057099e+00 3.460128682591473659e+00 4.389044920817264384e+00 1.105224873262103946e-01 4.215038162225921425e+00 4.574526207897032570e+00
2.438190954773869490e-01 9.637509335344802697e-01 2.289904681220179469e-02 9.262671140832912098e-01 1.021733789119529057e+00 9.212972646529469234e-01 4.439282148502526198e-02 8.550913473478926052e-01 1.000845814374250686e+00 3.253863377120908673e+00 1.122470756491358163e-01 3.124329159695423463e+00 3.478247071508438371e+00 4.382154764180073769e+00 1.152152281912930121e-01 4.224023323503369731e+00 4.598873617934609470e+00
2.487939698492462326e-01 9.712102496588341793e-01 2.263451859496304688e-02 9.320574173970841425e-01 1.026986041315961273e+00 9.210631297575403442e-01 4.333781675429746599e-02 8.589466855678538071e-01 9.872627604095185472e-01 3.281356107688169210e+00 9.853476577346098608e-02 3.171181885039865200e+00 3.475766498352725886e+00 4.365519381904039875e+00 1.077508940775276369e-01 4.209635702052761275e+00 4.531762297799564188e+00
2.537688442211055162e-01 9.792524525833734561e-01 2.165054234714541490e-02 9.452263178707879243e-01 1.033711025279776985e+00 9.245284695967462829e-01 4.757920061980511900e-02 8.482382496917260095e-01 9.962404795235745292e-01 3.303021941714708642e+00 9.351698073314418380e-02 3.189997022072665889e+00 3.493964700379633026e+00 4.366811721415547076e+00 1.044249602141875538e-01 4.225684513571033030e+00 4.506669161417326208e+00
2.587437185929647998e-01 9.864098113778499988e-01 2.164675612348412881e-02 9.543374590949056380e-01 1.041170414450362625e+00 9.227465470796261116e-01 4.649858590134601372e-02 8.478567560065599640e-01 9.932478890072385935e-01 3.320568014953021674e+00 8.818471453855185327e-02 3.226549392607797273e+00 3.502481590811224788e+00 4.364194867364718178e+00 1.069484924981462803e-01 4.220958452245364256e+00 4.489893263587498851e+00
2.637185929648241389e-01 9.943756659333438108e-01 2.229167237758764367e-02 9.653305499713061844e-01 1.051063748393975761e+00 9.209826414349608914e-01 4.167957296637941206e-02 8.574322693426141839e-01 9.901653414279231180e-01 3.346510814717912119e+00 8.831795256837497721e-02 3.230152080409407045e+00 3.506143884027162372e+00 4.358325163069079800e+00 1.059849279812659500e-01 4.208088463081138819e+00 4.501303580538158045e+00
2.686934673366834225e-01 1.001435567872359211e+00 2.102029233402340214e-02 9.756670947051029330e-01 1.055462306336014455e+00 9.227086289012115250e-01 4.188828766891789651e-02 8.598002488949800792e-01 9.967695593258699693e-01 3.368557524970086980e+00 9.260128113745293155e-02 3.215483742462528660e+00 3.532508719662613039e+00 4.347917101466434175e+00 1.086815716537149756e-01 4.194611909916732273e+00 4.506559261917487902e+00
2.736683417085427061e-01 1.008600103350353550e+00 2.006608522352762089e-02 9.837052068307219344e-01 1.060031711109821195e+00 9.212772857846683872e-01 4.269322794614433675e-02 8.613447790223526246e-01 9.950157783985512649e-01 3.390691638791589746e+00 8.527993450784400464e-02 3.240897972409615413e+00 3.521403226433568623e+00 4.333039239831682821e+00 1.119155582321633563e-01 4.180083239330672384e+00 4.483238490369132023e+00
2.786432160804020453e-01 1.016035034719100061e+00 2.045923365303232294e-02 9.903491034624598566e-01 1.068335298643479536e+00 9.228970756711130097e-01 4.734127436906777897e-02 8.527284006835007535e-01 9.959774449848051159e-01 3.400886496678317883e+00 7.990341149080151806e-02 3.233063399086227196e+00 3.529996083595379197e+00 4.327471837031191093e+00 1.151962074382133910e-01 4.178657809778483667e+00 4.448487120155404817e+00
2.836180904522613289e-01 1.022254548468655155e+00 1.891348895791480911e-02 1.000160203057517405e+00 1.068550290392020097e+00 9.215754445830042219e-01 4.607197756199903071e-02 8.508055207834673839e-01 9.876652125386379266e-01 3.402940969978189401e+00 8.957475404638931549e-02 3.204325232583448368e+00 3.508085604123054591e+00 4.319637799454756788e+00 1.159586289052598473e-01 4.178711268119391420e+00 4.461614697406524499e+00
2.885929648241206125e-01 1.030150274898931961e+00 2.028575695282513330e-02 1.008893985534994320e+00 1.079505309745909969e+00 9.213051554289524159e-01 4.500878748931599199e-02 8.496704186982689810e-01 9.824247733680446792e-01 3.419597847546398839e+00 9.860332998269659421e-02 3.201606279240815311e+00 3.532015518137959553e+00 4.300873071924981694e+00 1.122859199263548519e-01 4.153008269170941347e+00 4.441026341538639066e+00
2.935678391959798961e-01 1.036486676396518813e+00 2.004375623306681869e-02 1.012934356884084064e+00 1.085413506968125441e+00 9.148762502650609196e-01 4.689513509783157369e-02 8.348354488014821939e-01 9.880714504699322775e-01 3.446190192373880024e+00 9.965275015779348489e-02 3.231416633656347681e+00 3.575509016223343828e+00 4.298137517396611429e+00 1.070811015605103306e-01 4.155193976043866755e+00 4.441786986789307612e+00
2.985427135678392352e-01 1.043198582402057539e+00 2.006743158866525559e-02 1.022749583720225619e+00 1.093005087839536316e+00 9.121529705775580643e-01 4.581837236849524431e-02 8.438158719538498831e-01 9.883112535618203687e-01 3.440991262238404236e+00 9.880532673745927308e-02 3.224805123962936282e+00 3.586729957040700967e+00 4.292759785678951445e+00 1.095814124094462855e-01 4.144495704295378502e+00 4.422575488434598689e+00
3.035175879396985188e-01 1.050750370673172229e+00 1.952234707432035782e-02 1.030217199301403097e+00 1.100024903415221189e+00 9.051330317662233949e-01 4.108866039418300475e-02 8.446922288556270031e-01 9.795876091540557384e-01 3.470082698444636460e+00 9.695204424201120386e-02 3.266155376505980978e+00 3.628370837781493385e+00 4.275273164949598304e+00 1.133255756896045519e-01 4.106074037934781984e+00 4.422166230603437498e+00
3.084924623115578024e-01 1.056755222181392728e+00 1.927577693962969491e-02 1.037605180347208611e+00 1.105706578254049610e+00 9.006440612047125205e-01 4.328283757943809928e-02 8.430599494560515605e-01 9.697954585192417598e-01 3.475892373498653320e+00 9.602529850344102003e-02 3.294247249640695152e+00 3.638484831782651696e+00 4.267534531355913430e+00 1.080943669519571632e-01 4.106295421269482659e+00 4.415820957291917814e+00
3.134673366834170860e-01 1.064113398677909217e+00 1.985835524286943404e-02 1.044094256714382718e+00 1.115621708552684277e+00 8.957802950066590109e-01 4.286165780573834155e-02 8.401389676045853960e-01 9.558964403169213364e-01 3.476501598055492970e+00 1.028382792366793197e-01 3.278133131300973169e+00 3.632606238918774988e+00 4.254003675908736959e+00 1.111356491330372370e-01 4.084382866587562333e+00 4.403321887872054141e+00
3.184422110552764251e-01 1.070663907543490945e+00 2.022194394429245590e-02 1.049300257091289046e+00 1.123100128210230642e+00 8.930884150111781938e-01 4.430956555469023339e-02 8.344900350106680964e-01 9.497328288529274243e-01 3.482574813907742595e+00 1.063034770225244618e-01 3.273081324209603071e+00 3.643310307862237085e+00 4.245384575905218227e+00 9.770394246655782211e-02 4.082143861438972010e+00 4.380178174646330191e+00
3.234170854271357087e-01 1.075844800736004192e+00 1.966516409453572534e-02 1.056900267628678503e+00 1.127136449378676630e+00 8.934760635912250004e-01 4.272869659689711858e-02 8.215363640010634461e-01 9.430652433442844318e-01 3.486991679042637848e+00 9.780613591695663800e-02 3.290814751357532764e+00 3.639340800779985230e+00 4.234261734154291190e+00 8.835749854262818503e-02 4.103185144458358025e+00 4.344550512705727563e+00
3.283919597989949923e-01 1.082067318545671508e+00 1.790873776812527268e-02 1.066039131786192584e+00 1.127203242144738216e+00 8.925941973386615214e-01 4.170382764286520438e-02 8.259270181133735456e-01 9.523352606889354810e-01 3.486427914306974962e+00 9.997866127615394338e-02 3.320598051207543477e+00 3.625331021723595448e+00 4.222508605337043086e+00 8.867638263775269591e-02 4.087129257171036478e+00 4.341985874773770071e+00
3.333668341708542759e-01 1.087581127946793069e+00 1.824333926722028834e-02 1.070111885610511848e+00 1.133012952308929622e+00 8.903380535032097143e-01 4.519508881525393512e-02 8.140610426187160353e-01 9.543778798632140958e-01 3.489456088169681003e+00 1.012866003948619392e-01 3.327941834973070279e+00 3.651848738087393187e+00 4.200226117714068508e+00 8.168058734662106413e-02 4.092063172994517828e+00 4.309541939136430244e+00
3.383417085427135595e-01 1.092531525690835448e+00 1.856301692637329914e-02 1.075269472070769838e+00 1.140914613173321213e+00 8.866258834838275371e-01 4.668310027852297373e-02 8.126250388602753727e-01 9.463011984744624794e-01 3.500016031187092924e+00 9.885760557091283207e-02 3.356245254148382262e+00 3.664558499268984804e+00 4.188457220304110606e+00 8.305051565444192263e-02 4.089567708157053616e+00 4.288778679756309664e+00
3.433165829145728987e-01 1.098381615378485554e+00 1.833500805461442396e-02 1.080466215674596775e+00 1.147369151538419896e+00 8.836516461013783630e-01 4.622800469020139913e-02 8.125653654476161503e-01 9.392738726068529109e-01 3.504910458004913298e+00 9.824394509733631875e-02 3.391735346997119205e+00 3.676872952113399595e+00 4.181455462646204602e+00 8.653500906224598221e-02 4.085074806100854161e+00 4.285694675216568328e+00
3.482914572864321823e-01 1.104899800740742233e+00 1.872805716214663921e-02 1.086677696810675720e+00 1.154197923017199479e+00 8.808839780037291955e-01 4.798974312420365568e-02 8.074101326209994767e-01 9.368917111475060233e-01 3.506754931001643705e+00 8.712286217835203683e-02 3.401919707719994079e+00 3.664654325540239288e+00 4.173240469124722019e+00 8.389781064875945216e-02 4.078780879374608759e+00 4.293001028534451535e+00
3.532663316582914659e-01 1.109695093032683655e+00 1.866564466643758427e-02 1.091491925609398006e+00 1.158374546523327497e+00 8.782272902225567446e-01 4.749687405210884644e-02 8.109303636319930009e-01 9.357868681657611765e-01 3.505707241519791406e+00 8.041578830347390072e-02 3.404553175848576085e+00 3.676336365126575245e+00 4.155173900038372281e+00 8.515668991259152387e-02 4.037956740463959804e+00 4.278218766610589974e+00
3.582412060301507495e-01 1.114972646604794226e+00 1.788627026077609442e-02 1.096351299476262531e+00 1.160688943452090838e+00 8.706816406708632883e-01 4.771647118846077812e-02 7.985864876903464582e-01 9.347032426339241251e-01 3.501747944291613290e+00 7.679883391200136022e-02 3.414191468720822353e+00 3.656161609925208111e+00 4.153509406760069744e+00 8.801338978561716597e-02 4.027524592995679775e+00 4.290875436859506564e+00
3.632160804020100886e-01 1.119974517890414578e+00 1.844094332964930569e-02 1.102201762373174576e+00 1.168367624473360733e+00 8.674191983827326258e-01 4.792736350660831840e-02 7.843334516662516798e-01 9.314197284622858231e-01 3.499191372546794465e+00 8.516903575273829241e-02 3.370135101396017685e+00 3.646563315245881398e+00 4.152511525543450155e+00 8.342267595712778150e-02 4.037911804164289187e+00 4.295027383121055031e+00
3.681909547738693722e-01 1.125965309936772352e+00 1.813575340566157823e-02 1.106337141850597394e+00 1.174832651393163951e+00 8.619418166924347480e-01 4.789444031912760968e-02 7.857162610115889789e-01 9.256060333401858742e-01 3.503617752487414805e+00 8.636951574990052449e-02 3.369625178732288173e+00 3.638807259001942906e+00 4.140736498003886545e+00 9.109737633752554298e-02 4.006710497837533858e+00 4.289534463090544314e+00
3.731658291457286558e-01 1.132255104012204416e+00 1.774325342770054215e-02 1.112525420263855702e+00 1.179491149231884028e+00 8.597361742760654124e-01 4.607244992017698465e-02 7.842746966593877600e-01 9.236175983750455343e-01 3.502243850746671772e+00 7.754745027228940324e-02 3.388142604652145895e+00 3.627861127092886662e+00 4.134130185243795275e+00 9.434656955458690930e-02 4.014043395219182742e+00 4.297266257082962504e+00
3.781407035175879394e-01 1.137175504710673746e+00 1.762011485133309005e-02 1.119728446240318309e+00 1.182522455826519936e+00 8.541235695633616620e-01 4.570932333310014778e-02 7.765576243313916383e-01 9.202494511890428885e-01 3.493717269066306308e+00 7.645498566462417822e-02 3.380747451063952358e+00 3.616031958185427442e+00 4.118422038885453773e+00 9.096184743138077677e-02 4.007515461251414557e+00 4.274461161634954820e+00
3.831155778894472785e-01 1.142103024061356553e+00 1.739902997658768213e-02 1.122320342357996159e+00 1.185327483755831857e+00 8.512268907445104116e-01 4.468995703315180312e-02 7.757877899006294653e-01 9.224522698282244804e-01 3.504579269993135515e+00 8.068785597937556953e-02 3.398657770076697116e+00 3.632002171931259848e+00 4.112960563992213991e+00 8.985668264262373917e-02 4.002811165642742530e+00 4.262113710631957986e+00
3.880904522613065621e-01 1.146856195621591912e+00 1.689400556566594477e-02 1.126196420401610832e+00 1.189163188710743890e+00 8.507523257525546612e-01 4.462116093565127867e-02 7.719477010963671226e-01 9.245222630285788723e-01 3.511967646657036646e+00 8.305237286626414306e-02 3.401297966766879455e+00 3.637853496556511246e+00 4.097031683514170020e+00 8.819314956860464794e-02 3.985791338225746383e+00 4.241812822817358608e+00
3.930653266331658457e-01 1.151123674369881611e+00 1.678639262971568652e-02 1.131768891142100442e+00 1.192717063005946487e+00 8.481905322126808144e-01 4.358151059469376337e-02 7.699120305648609053e-01 9.148648549034391619e-01 3.506587040458698734e+00 9.123770392407068441e-02 3.395679469581684540e+00 3.653932742062961037e+00 4.094895465481238617e+00 8.161934588176376904e-02 3.996047230148782159e+00 4.231356517737908440e+00
3.980402010050251294e-01 1.156289370415163997e+00 1.667377517910514917e-02 1.136522577872290274e+00 1.197333051169803042e+00 8.461166361873280195e-01 4.285425374473933458e-02 7.740331095038369691e-01 9.040906777557976559e-01 3.510541643927975741e+00 9.479430093264490376e-02 3.406794776938890212e+00 3.660205803994212026e+00 4.074122808253395789e+00 8.023813299014879996e-02 3.983758803427998707e+00 4.201429882977121721e+00
4.030150753768844685e-01 1.162004227510032628e+00 1.666265164750693403e-02 1.138933189776378585e+00 1.203318076385069713e+00 8.438410261555034930e-01 4.407888702404885034e-02 7.764462264307531170e-01 8.997536779512947946e-01 3.497375588702909877e+00 8.913413239249455555e-02 3.386517228329564588e+00 3.657015733554918491e+00 4.059935244442145930e+00 8.481083086318114139e-02 3.968234641611531277e+00 4.201903304503973757e+00
4.079899497487437521e-01 1.167063092951049041e+00 1.730883670489114304e-02 1.144577682536303209e+00 1.209593221430974364e+00 8.385210271353112921e-01 3.995428928437045474e-02 7.762868361013306462e-01 8.946514710947282012e-01 3.491091848849206425e+00 8.915870506857408173e-02 3.376253436590236578e+00 3.629355286614464049e+00 4.043102146074605052e+00 8.212010808382196048e-02 3.961572082211304746e+00 4.189038533845524270e+00
4.129648241206030357e-01 1.171608103882123997e+00 1.676202959881835722e-02 1.148532514642773616e+00 1.211163922633050616e+00 8.381598157950392869e-01 4.088662966245462660e-02 7.758673936912973135e-01 8.895404458563809236e-01 3.495699300575114243e+00 9.279482634520677675e-02 3.388066814110728409e+00 3.635449676358175175e+00 4.026062630338921977e+00 8.579978976082258679e-02 3.929701184179061446e+00 4.170615389970771858e+00
4.179396984924623193e-01 1.176477159408261475e+00 1.621004159009752088e-02 1.152906858547386948e+00 1.214690552898109566e+00 8.323380697392022132e-01 3.835918842207165086e-02 7.776275494948480249e-01 8.806938339833725315e-01 3.493582354841355375e+00 8.747926250838897189e-02 3.385837954816526718e+00 3.643539821220561414e+00 4.011498839095400726e+00 7.851055011672958273e-02 3.927759417390355612e+00 4.132307263748736581e+00
4.229145728643216029e-01 1.181044067329318992e+00 1.600467022459491073e-02 1.154762938294300989e+00 1.216816615351117070e+00 8.275679511184075299e-01 3.702472774558784180e-02 7.750686898570184891e-01 8.745853963158876088e-01 3.502644529208427393e+00 9.002155815141703321e-02 3.384098006898871969e+00 3.660419516711348020e+00 3.996546475148337940e+00 6.482334274763440485e-02 3.924045356103642579e+00 4.104369273752070058e+00
4.278894472361809420e-01 1.186086501997267062e+00 1.680515033776231598e-02 1.160792540969512343e+00 1.224132942346279007e+00 8.231286346550895638e-01 3.486779565066466108e-02 7.690275874993478533e-01 8.658986151654503027e-01 3.499526436410058672e+00 8.651962296205291392e-02 3.369820696955636130e+00 3.651845141252753724e+00 3.988484772623213104e+00 6.449624546927763824e-02 3.906301725581940776e+00 4.087995245077994610e+00
4.328643216080402256e-01 1.191948290711588365e+00 1.685610135615550273e-02 1.169518802978132266e+00 1.230025971469651092e+00 8.221496954849181193e-01 3.361757762153842061e-02 7.686178731371607897e-01 8.689816378199332059e-01 3.500165770594070302e+00 8.641521932643711490e-02 3.369508934271359113e+00 3.660578187744258027e+00 3.976320684597731692e+00 6.355862708742986145e-02 3.896610126441192090e+00 4.079756237017901022e+00
4.378391959798995092e-01 1.196450094551810839e+00 1.717882555383276957e-02 1.173852124750329518e+00 1.234800997727482974e+00 8.194100105081931762e-01 3.467859101451423176e-02 7.691427146305557239e-01 8.692102226907860718e-01 3.498739376148908065e+00 9.643591410443566603e-02 3.350941316032133965e+00 3.653322312184029030e+00 3.962649675207812638e+00 5.719767195303988166e-02 3.893566405099064376e+00 4.054825348446574829e+00
4.428140703517587928e-01 1.201346921508178900e+00 1.813849679255057426e-02 1.177760228515303709e+00 1.241889751341349379e+00 8.179309323004593235e-01 3.263875030961391893e-02 7.725360392626008377e-01 8.743578660605767494e-01 3.493990332655029896e+00 9.203463224837618584e-02 3.351903429238940468e+00 3.639119574937590418e+00 3.955549963485753384e+00 5.325833439716704670e-02 3.883042355248441879e+00 4.054353517458187284e+00
4.477889447236181319e-01 1.205864206404149375e+00 1.862605922196646294e-02 1.181314929150814930e+00 1.245144394010052169e+00 8.174640746897356980e-01 3.187557563048285664e-02 7.666913455755681728e-01 8.708486777032631299e-01 3.479770757192646613e+00 9.084341294266520817e-02 3.353238238117878023e+00 3.626140178894210031e+00 3.941897739811960122e+00 5.514371630893792620e-02 3.872986202023911861e+00 4.040215136046445998e+00
4.527638190954774156e-01 1.210126832807829400e+00 1.753645542116039069e-02 1.185304448268340805e+00 1.248111480472908985e+00 8.134849056621374919e-01 3.192004038123406190e-02 7.608399501334089932e-01 8.661342375336950061e-01 3.471241806754335357e+00 8.721103126097408398e-02 3.366588188999654729e+00 3.607053267689045661e+00 3.930037061636761031e+00 5.056273637415960309e-02 3.856751448007497807e+00 4.021653741006518068e+00
4.577386934673366992e-01 1.214073226320359300e+00 1.711001458674772310e-02 1.191237552590058923e+00 1.253059354737134923e+00 8.103365669325131027e-01 3.439405888621140800e-02 7.574600517354235230e-01 8.703214038152894405e-01 3.462333919471564769e+00 8.636495728668518168e-02 3.353709408733734687e+00 3.606848865800430737e+00 3.923167522838770793e+00 5.076764589766773195e-02 3.851972396969079337e+00 4.010629259289937742e+00
4.627135678391959828e-01 1.218330866640971122e+00 1.688014654561249481e-02 1.196981286079577211e+00 1.255033947477493861e+00 8.092636264638988219e-01 3.338571861816355679e-02 7.557208790040563784e-01 8.682938236387121034e-01 3.460193881456208320e+00 8.384766204028466785e-02 3.353686029910654121e+00 3.587012415807628418e+00 3.908572435093857766e+00 4.342483413983524304e-02 3.848189592141845861e+00 3.977393104595003503e+00
4.676884422110553219e-01 1.223263282607998992e+00 1.720941308877782516e-02 1.202846166197714117e+00 1.262921834731781656e+00 8.052452513146652890e-01 3.300260735650718119e-02 7.539022126468031271e-01 8.614614106436918606e-01 3.455504402705445788e+00 8.688295171260761174e-02 3.339908415149441812e+00 3.598012248984619799e+00 3.895421704179249822e+00 4.437665745831387287e-02 3.838678628326614550e+00 3.968076492045596204e+00
4.726633165829146055e-01 1.228475695922104594e+00 1.636647394170060235e-02 1.209230425630718031e+00 1.267706769549894474e+00 8.016392569050061478e-01 3.427281472218288855e-02 7.489023003845014514e-01 8.606181029175081765e-01 3.442500531803551755e+00 9.287617686152944974e-02 3.324487059795055099e+00 3.584501878269501063e+00 3.885449264508349820e+00 4.578658895326471329e-02 3.817758617901890972e+00 3.957710156579091088e+00
4.776381909547738891e-01 1.232747684575598912e+00 1.499845080157993955e-02 1.214451513975840502e+00 1.268206428748758663e+00 7.998507705278219415e-01 3.340051647500207749e-02 7.519091150864042339e-01 8.585835141955107108e-01 3.435491368102959520e+00 9.213823081451524843e-02 3.327925237428376537e+00 3.594573250276960064e+00 3.875396640593177011e+00 4.242319835052996146e-02 3.822452108042111441e+00 3.942077022439539391e+00
4.826130653266331727e-01 1.237282967192319338e+00 1.585322842723472028e-02 1.216712435947706616e+00 1.275328169511306120e+00 7.947283040338850579e-01 3.246826418067043363e-02 7.473092167093933202e-01 8.534314367086558439e-01 3.422221924301548590e+00 1.023574050514297895e-01 3.281652946761814960e+00 3.607054915983056720e+00 3.862743812631377782e+00 4.309583394442056958e-02 3.804772245178178025e+00 3.942719655302264314e+00
4.875879396984924563e-01 1.242226472117083258e+00 1.575366120672250236e-02 1.218974341796187577e+00 1.280395149391311937e+00 7.916683168833649198e-01 3.277030920521135232e-02 7.496675039316593736e-01 8.538571389759629371e-01 3.417652512472248993e+00 1.069870341709996953e-01 3.258852880182441236e+00 3.611491994943200723e+00 3.851731742454938434e+00 4.687111992297717661e-02 3.796894912140617695e+00 3.936364103093117350e+00
4.925628140703517954e-01 1.245321181047729375e+00 1.490882061964022079e-02 1.222534175187011352e+00 1.281034891612345072e+00 7.868235497332025652e-01 3.218721740404822951e-02 7.430008744087891470e-01 8.447693540984422267e-01 3.406538915777195253e+00 9.734459671711206963e-02 3.273573823826460671e+00 3.580699034904979428e+00 3.837248330394056328e+00 3.948547653257278994e-02 3.788149415798502506e+00 3.910821136558073174e+00
4.975376884422110790e-01 1.248464575540965127e+00 1.448811681247029297e-02 1.226813533190761474e+00 1.284026228627088262e+00 7.838357244385237843e-01 3.271099004444866926e-02 7.425697288297065102e-01 8.453603744313735735e-01 3.392970665210184311e+00 9.518919350075134844e-02 3.265841075312561959e+00 3.554676537236141076e+00 3.823492612303211136e+00 3.653396627799711943e-02 3.784001460971555098e+00 3.908920850686376181e+00
5.025125628140703071e-01 1.251779606957821311e+00 1.447633317522866413e-02 1.232039743231365447e+00 1.287962952975880704e+00 7.807596394669099604e-01 3.420155904120697477e-02 7.427160626639177643e-01 8.429833035254835627e-01 3.383973173205259144e+00 8.642306076881367538e-02 3.257893070816921366e+00 3.509508267454534813e+00 3.812797777268612354e+00 3.718671520757781818e-02 3.760725092952042825e+00 3.890336816232510486e+00
5.074874371859295907e-01 1.256220975630217840e+00 1.426202978948686029e-02 1.235762090189018503e+00 1.289698936095214465e+00 7.758331479192104307e-01 3.132581599503434650e-02 7.428395989097084096e-01 8.328710685579746587e-01 3.375730436067936324e+00 9.224988503710841725e-02 3.248149278214654156e+00 3.514099617559435451e+00 3.803997780534884132e+00 4.093447993461240414e-02 3.736591259439150825e+00 3.882061742847531249e+00
5.124623115577889854e-01 1.260451174922730289e+00 1.472485129049854076e-02 1.241286257568887885e+00 1.296008400552242756e+00 7.708133540645828452e-01 3.041547944597108519e-02 7.387986300846866028e-01 8.299995704533374985e-01 3.363177369378715476e+00 9.254440522321820406e-02 3.241343111041580460e+00 3.502714421097283370e+00 3.791182301446662795e+00 4.010395980629234691e-02 3.728304710386852072e+00 3.869952480154922547e+00
5.174371859296482690e-01 1.263015368043342024e+00 1.467590317251714523e-02 1.241235001982500030e+00 1.298900693924953442e+00 7.684167673662324338e-01 2.921142552889685953e-02 7.337683432056946176e-01 8.243042746871940274e-01 3.352526144850091150e+00 8.864898083116683203e-02 3.249254663351007988e+00 3.500267977089065230e+00 3.781436308012099623e+00 4.128021016351892530e-02 3.730990035722369313e+00 3.869478269760599609e+00
5.224120603015075526e-01 1.267199936003724492e+00 1.375386098342840438e-02 1.248349402797525931e+00 1.300929558036179934e+00 7.640037370931798133e-01 2.822032809572524656e-02 7.270668305772833850e-01 8.193130299738082822e-01 3.341054489774403891e+00 9.590320598247893680e-02 3.231442385792861138e+00 3.495365377608480983e+00 3.771481407250540485e+00 3.993554889509181444e-02 3.728987273053877782e+00 3.852697063041594649e+00
5.273869346733668362e-01 1.271895715910923430e+00 1.327482206728006209e-02 1.254744172400144464e+00 1.304653285194753654e+00 7.609674377689941149e-01 2.550922665272035289e-02 7.276747845168570761e-01 8.106988284239818876e-01 3.322769387639433969e+00 9.070594211020273356e-02 3.224539322146895870e+00 3.470332333568366234e+00 3.760878224558756422e+00 3.678670798853204277e-02 3.720310257043392799e+00 3.841490844043791153e+00
5.323618090452261198e-01 1.276560662661493151e+00 1.300688212340175495e-02 1.258904874560162979e+00 1.306904559132516574e+00 7.579253789612319103e-01 2.538723762866377034e-02 7.260425096657873167e-01 8.069717165177442419e-01 3.308721161365469676e+00 9.058724393836306565e-02 3.187941654492418397e+00 3.451428737601307972e+00 3.752135936451041598e+00 3.829260256507643206e-02 3.702744861007607913e+00 3.832553886857184011e+00
5.373366834170854034e-01 1.279865765133597622e+00 1.339865161253911592e-02 1.261435902449106194e+00 1.311521843437229773e+00 7.544704602071898858e-01 2.157190510791457544e-02 7.265669932216227700e-01 7.927607682858187621e-01 3.292386868861444160e+00 9.236790846987190384e-02 3.178360737723396667e+00 3.445815482565199428e+00 3.743000180205160454e+00 3.766276218180469176e-02 3.689073442701992445e+00 3.824101346706754612e+00
5.423115577889447980e-01 1.283458992350403616e+00 1.340463491884942744e-02 1.266264294021845815e+00 1.313670469649949935e+00 7.506690103285448279e-01 2.349653048977835487e-02 7.248486465766683651e-01 7.956883495476648749e-01 3.272346146972178182e+00 9.277544192144467072e-02 3.161087101381918618e+00 3.408977099399497668e+00 3.730263331183896192e+00 3.646487555378160467e-02 3.676140641349359139e+00 3.811469584194436599e+00
5.472864321608040816e-01 1.286463892713503254e+00 1.306732247533838424e-02 1.270791150885196119e+00 1.316332681370501412e+00 7.461049867207493191e-01 2.148819681128847844e-02 7.201337947580234156e-01 7.898518661806458452e-01 3.254275011732230105e+00 9.233179972099324340e-02 3.144755368113895777e+00 3.387283086580836322e+00 3.719912747514111828e+00 3.854664566408756016e-02 3.667696672683932402e+00 3.804856995967165201e+00
5.522613065326633652e-01 1.290561330313066746e+00 1.344866771541259297e-02 1.273874641812960506e+00 1.322422548869429670e+00 7.434674783820279798e-01 2.051926376850519637e-02 7.190641497901547607e-01 7.849751468095738094e-01 3.244386646337123814e+00 9.829893624459092039e-02 3.124854886630724415e+00 3.384775789999968421e+00 3.715253477781246261e+00 3.890577004041168019e-02 3.662996241374151918e+00 3.801332972381473940e+00
5.572361809045226488e-01 1.293747505762761651e+00 1.341615792816564477e-02 1.279351503035354609e+00 1.326063255191681556e+00 7.385288332647697018e-01 1.929131861944931650e-02 7.132963193507526611e-01 7.769681201373533908e-01 3.225597178427037193e+00 9.546613602370547513e-02 3.107865402599582438e+00 3.372983385822360347e+00 3.705760380325708869e+00 3.901005622790527927e-02 3.644980139137690145e+00 3.786228359690527512e+00
5.622110552763819324e-01 1.297674130297378881e+00 1.351592624410486235e-02 1.282633401083122626e+00 1.330219159262546524e+00 7.335404877698663562e-01 1.730254142550067056e-02 7.093838521028315025e-01 7.687550409230092807e-01 3.215150816661080935e+00 9.240993549160028686e-02 3.102292275835480506e+00 3.335546582287844064e+00 3.695777801588595590e+00 3.417935206823341510e-02 3.633134647734531431e+00 3.767971707112779178e+00
5.671859296482412161e-01 1.300815809381406396e+00 1.335271585286566115e-02 1.287536913606734057e+00 1.333773174265198813e+00 7.297320897049955901e-01 1.575686422482935195e-02 7.064061254538345214e-01 7.610605666997301011e-01 3.202018636142184072e+00 9.268273464975644582e-02 3.079550025212588249e+00 3.327666757217942362e+00 3.683386308448208357e+00 3.402648067301975582e-02 3.625876375783442462e+00 3.755883174641803546e+00
5.721608040201004997e-01 1.303930406025969990e+00 1.219331369862794966e-02 1.292621937963256418e+00 1.334255709525311140e+00 7.255585849800083587e-01 1.819034629797451966e-02 6.987316416923167184e-01 7.633757472060974658e-01 3.191283066789879275e+00 9.443908683535168214e-02 3.064837083366381609e+00 3.311298933736037675e+00 3.672287185514325536e+00 3.490954895119308121e-02 3.619313786837015101e+00 3.755537477016032799e+00
5.771356783919597833e-01 1.308592636462235337e+00 1.224058834359887868e-02 1.297961719571915085e+00 1.340683784667289880e+00 7.241846928890909307e-01 1.696257097460263097e-02 6.988402675174285594e-01 7.583402703882281548e-01 3.171828588487784373e+00 9.544016591034969188e-02 3.038465408930743905e+00 3.306734791982273158e+00 3.660832829056410276e+00 3.681445088410429528e-02 3.615746905258229837e+00 3.751792948303319442e+00
5.821105527638190669e-01 1.311667616825992200e+00 1.257216031225758500e-02 1.300513960088305110e+00 1.345136440423552626e+00 7.202468846197284114e-01 1.603936382313836395e-02 6.948353206639794610e-01 7.526157319727364570e-01 3.157920703417018693e+00 9.755632655353770055e-02 3.019351008026304850e+00 3.297294682516323405e+00 3.650560477543835614e+00 3.311798818309788506e-02 3.600387048839105208e+00 3.730090248021494581e+00
5.870854271356784615e-01 1.314737286351995271e+00 1.237196590152577630e-02 1.304233254911646878e+00 1.347815174123835558e+00 7.168888404641290402e-01 1.491390964516142899e-02 6.909983053640028627e-01 7.469105932330460940e-01 3.142706538623253554e+00 9.030616619345048501e-02 3.009841762452296621e+00 3.268804526039003733e+00 3.639404998182290907e+00 3.574949317619207506e-02 3.577228863022265948e+00 3.723094402646886625e+00
5.920603015075377451e-01 1.317665705245323560e+00 1.207521272086567975e-02 1.307045112746998639e+00 1.350087989822782664e+00 7.135380738015003610e-01 1.454284269838706199e-02 6.942965378181567004e-01 7.427402669467582097e-01 3.128899977731952831e+00 8.977667405174981352e-02 3.001152518701418526e+00 3.249985905185564850e+00 3.630200707920486103e+00 3.467860534919080945e-02 3.579212098994187574e+00 3.716417604345771064e+00
5.970351758793970287e-01 1.320852163169965676e+00 1.255313958132087647e-02 1.310371028808708482e+00 1.355243371332977231e+00 7.110905393293667220e-01 1.415672135291980160e-02 6.943107258326368658e-01 7.381182637606692465e-01 3.107502274013179910e+00 8.636767604104537976e-02 2.978675525931857582e+00 3.226489549549927727e+00 3.619274147161033905e+00 3.575841286885440840e-02 3.575913547809868032e+00 3.703726576504798640e+00
6.020100502512563123e-01 1.324363054997289124e+00 1.242152513467298554e-02 1.315127280721061664e+00 1.358112225528599337e+00 7.069374342539771483e-01 1.350484462784255248e-02 6.896327234469870060e-01 7.349653901266197664e-01 3.092619913442236967e+00 8.660781977850916247e-02 2.965955562164987125e+00 3.221776495270712193e+00 3.611571994764739113e+00 3.292516613634097200e-02 3.572301123625824193e+00 3.688618550285447384e+00
6.069849246231155959e-01 1.327100314772469147e+00 1.240820778303250438e-02 1.316800261490869373e+00 1.360467379376492980e+00 7.030849978269479994e-01 1.333868060747190991e-02 6.816309164641098928e-01 7.306581274618908495e-01 3.072746654236129249e+00 8.169475643450457847e-02 2.956450664220658275e+00 3.195600373078794743e+00 3.603257973817661330e+00 3.227449654168626503e-02 3.558088737451305938e+00 3.673709050114808861e+00
6.119597989949748795e-01 1.329826279763313579e+00 1.202121331521020277e-02 1.318694067521090973e+00 1.361604398853488496e+00 6.997658781301188125e-01 1.260755448938229509e-02 6.793105175829409204e-01 7.245892190359761731e-01 3.058380318193165248e+00 8.033202942489818532e-02 2.952073099346170348e+00 3.179312051813079520e+00 3.592975893871162008e+00 3.391679084921757348e-02 3.542770959093092920e+00 3.661730706632249976e+00
6.169346733668341631e-01 1.333708124807562179e+00 1.258592951781856671e-02 1.320968859946117346e+00 1.366030311361053462e+00 6.983636805814656956e-01 1.297863690035893150e-02 6.774281986806111044e-01 7.233675963729296887e-01 3.033214442003933087e+00 7.957532470359203469e-02 2.913971333322501245e+00 3.157986857046713336e+00 3.582332907512446152e+00 3.722432713104641827e-02 3.526501015400601791e+00 3.658817210058547875e+00
6.219095477386934467e-01 1.335797219891246224e+00 1.226878517101618812e-02 1.322372976623151564e+00 1.367148756778486574e+00 6.939993040849530281e-01 1.467879611758712149e-02 6.687504528572006945e-01 7.230372664925267534e-01 3.014270968396236761e+00 8.290702644003890287e-02 2.887620829906865971e+00 3.144066436601211212e+00 3.574903350807683289e+00 3.669803605899347315e-02 3.526089157056833567e+00 3.660428208249522086e+00
6.268844221105528414e-01 1.339089029124192365e+00 1.191570294405477730e-02 1.324801806141335359e+00 1.369794831569220106e+00 6.917216642286095896e-01 1.495914892421645534e-02 6.682798129984797164e-01 7.223984284848407045e-01 2.993309187107709768e+00 8.179216100230732311e-02 2.873656121226484395e+00 3.116135975866844987e+00 3.565985348635122509e+00 3.587233239755248382e-02 3.519968948644713436e+00 3.648852782089487601e+00
6.318592964824121250e-01 1.342778602157218781e+00 1.199156864793157057e-02 1.329689787832138315e+00 1.373626896839960532e+00 6.893928307224759244e-01 1.340339319813365487e-02 6.685748127499931970e-01 7.169636532371743698e-01 2.981605657582179880e+00 7.761631407746723277e-02 2.873610060822767487e+00 3.100298958592842435e+00 3.554890131879957949e+00 3.457294196230911720e-02 3.507918164028470898e+00 3.633177726666900309e+00
6.368341708542714086e-01 1.345669026269877389e+00 1.168154235971474372e-02 1.332724083787530489e+00 1.375897840991437304e+00 6.870466699824986367e-01 1.349311910676038659e-02 6.681665815392564545e-01 7.165489923036765241e-01 2.962661591089284396e+00 8.110816953827372500e-02 2.859728762415116865e+00 3.085421271122870568e+00 3.546221143565143841e+00 3.577213660965604392e-02 3.496836955173601602e+00 3.623971689330927504e+00
6.418090452261306922e-01 1.348358720378074027e+00 1.182777639183713557e-02 1.335211454476769255e+00 1.378387826032406505e+00 6.834300682567340246e-01 1.370186643131319874e-02 6.628124670850178424e-01 7.149585097850116311e-01 2.946578783318100747e+00 8.805729729557093544e-02 2.847681770617100927e+00 3.078587126346277181e+00 3.541117967130861022e+00 3.751421868463193643e-02 3.481629002259684302e+00 3.620722634323567668e+00
6.467839195979899758e-01 1.352005415693588564e+00 1.115517408043519357e-02 1.339719553003993369e+00 1.380902189621921794e+00 6.785636017028817690e-01 1.411952491945061942e-02 6.557707665565964961e-01 7.112790156224344518e-01 2.931843826600640135e+00 8.757610994025988305e-02 2.823734636231105544e+00 3.063854075784748332e+00 3.532875986802896939e+00 3.727019956437700732e-02 3.478253033773572422e+00 3.613600541399467403e+00
6.517587939698492594e-01 1.354904241213046090e+00 1.152120824887275206e-02 1.342349575423573249e+00 1.385078543436713883e+00 6.746429329477507952e-01 1.261378794292109494e-02 6.544371927938881228e-01 7.040322868812209922e-01 2.912927077763113992e+00 8.585525423738324391e-02 2.807453726717589859e+00 3.041932911279150886e+00 3.526184912729796395e+00 3.973615045115216904e-02 3.473030603802333971e+00 3.611733818123540996e+00
6.567336683417085430e-01 1.357358977414050427e+00 1.176649287642585369e-02 1.342676671682974332e+00 1.388128454922106680e+00 6.711408862461902824e-01 1.221341099866163002e-02 6.526508926884579953e-01 7.009001294980161667e-01 2.905821955764809061e+00 8.310971234928728191e-02 2.799446980473948354e+00 3.032291199604380871e+00 3.516473073596295684e+00 3.852190103194809423e-02 3.461674512258471115e+00 3.594739520510290554e+00
6.617085427135678266e-01 1.360568257818246085e+00 1.136628618185884197e-02 1.346020010169530989e+00 1.389620518663142512e+00 6.673565983157124792e-01 1.022971942993393737e-02 6.519779621897530131e-01 6.920040716851029172e-01 2.886041484095437148e+00 9.004915369904407940e-02 2.762576019652145387e+00 3.018504421021356965e+00 3.507688665896033342e+00 3.621847052424803648e-02 3.458615585614830401e+00 3.582293949844322700e+00
6.666834170854271102e-01 1.362588108723273850e+00 1.197015479823162858e-02 1.349626730370879324e+00 1.393977589469906686e+00 6.641071512908414132e-01 1.064931759387952731e-02 6.511978644903601010e-01 6.912143678897345600e-01 2.867088900125311923e+00 8.808063226994322648e-02 2.763207857795068723e+00 3.000450880481128291e+00 3.499257679676186061e+00 3.550699142689607568e-02 3.453837317435682674e+00 3.577238678194848198e+00
6.716582914572865048e-01 1.364677442576821331e+00 1.223469919020369126e-02 1.350525708458613305e+00 1.395721339774458780e+00 6.599081329112193028e-01 1.303996630664292292e-02 6.405449773298370619e-01 6.908854234960097873e-01 2.850131833431962303e+00 9.106022298200051879e-02 2.737796461575074947e+00 2.996287777131364294e+00 3.490508368647579740e+00 3.725497889212688735e-02 3.445807701168548398e+00 3.571855917489791477e+00
6.766331658291457885e-01 1.367198316202834274e+00 1.215174789337924825e-02 1.352034381636413984e+00 1.396888428243952429e+00 6.569249303459494538e-01 1.373333132929410901e-02 6.356354682250742183e-01 6.875790988400429793e-01 2.833776918781196308e+00 9.491174255290096839e-02 2.707092236962720389e+00 2.985411162031225807e+00 3.485141779279785190e+00 3.415610252395918228e-02 3.444856029627697325e+00 3.558496614917361800e+00
6.816080402010050721e-01 1.369179091552179095e+00 1.274605694150736726e-02 1.354533482316486293e+00 1.401079973262244538e+00 6.528474116139351136e-01 1.371338484768606925e-02 6.362246423298667519e-01 6.864187696355659174e-01 2.817396579461327821e+00 8.892059457272616374e-02 2.701736636937600800e+00 2.954832161231284449e+00 3.480381270788355241e+00 3.414640116291201011e-02 3.438755892888107901e+00 3.553565582859583571e+00
6.865829145728643557e-01 1.372394407977846953e+00 1.318426128768262345e-02 1.356282997281270664e+00 1.405729680538891024e+00 6.488097143995532612e-01 1.291745985172652531e-02 6.329853963854679133e-01 6.802057730285751003e-01 2.801228982178928906e+00 8.613667489298085234e-02 2.692932101768729325e+00 2.933513452015933165e+00 3.472135790362942398e+00 3.103065458359999598e-02 3.431188420438736841e+00 3.534599577319275543e+00
6.915577889447236393e-01 1.374849025079491138e+00 1.309515904101930632e-02 1.356883497782381820e+00 1.407499509378634217e+00 6.465803396618442500e-01 1.155577981876669720e-02 6.327502871995371869e-01 6.736930664600537799e-01 2.779013345820373626e+00 8.442936151079392937e-02 2.671333375905581509e+00 2.916166295551822163e+00 3.462544057270110720e+00 3.143023423804704869e-02 3.422523028074922369e+00 3.530267319463695763e+00
6.965326633165829229e-01 1.377033721628346363e+00 1.305919372734556418e-02 1.359055290159358220e+00 1.410186019942058611e+00 6.427018770073198439e-01 1.242158496459530755e-02 6.259297472814475682e-01 6.677077292916052675e-01 2.763948541980869145e+00 8.570206468960631097e-02 2.646919408285521413e+00 2.898932640948883144e+00 3.452675546582851585e+00 3.016192092859346432e-02 3.414006497475485347e+00 3.521763299519752533e+00
7.015075376884422065e-01 1.380008735363577710e+00 1.267525487485982212e-02 1.362492192126131041e+00 1.412850331295750994e+00 6.396286000503315083e-01 1.157331342866177969e-02 6.226881645056819847e-01 6.590565612201441104e-01 2.737667581871286782e+00 8.422939633681404692e-02 2.622286772886372574e+00 2.866722814910366957e+00 3.444526437087583215e+00 3.217109230713262324e-02 3.406391785972386899e+00 3.512537759647238911e+00
7.064824120603014901e-01 1.382714470890022529e+00 1.202544535419559045e-02 1.363998630579885907e+00 1.412939545035556632e+00 6.356442404581199579e-01 1.021029778114992785e-02 6.210137180424595282e-01 6.528236782218643786e-01 2.711872877581278818e+00 8.588192234649591472e-02 2.588824038693658736e+00 2.853848311407959137e+00 3.436778120547036686e+00 3.134647052918759780e-02 3.392176652103130241e+00 3.501992704180049820e+00
7.114572864321608847e-01 1.385108515136854290e+00 1.115829674033581159e-02 1.367808213839202924e+00 1.412966290911375156e+00 6.321535915749152412e-01 9.154057900327748284e-03 6.190662537543780708e-01 6.475963051828899086e-01 2.687207685659475764e+00 8.422661210984513924e-02 2.568455911768556810e+00 2.826155581937220163e+00 3.430767894412222407e+00 2.726397437035716492e-02 3.394282345280032143e+00 3.488039213826035212e+00
7.164321608040201683e-01 1.387459785242287413e+00 1.116748834923075862e-02 1.369277054222336032e+00 1.415190646398586383e+00 6.281938874113272009e-01 9.733534005354380417e-03 6.145829039048779086e-01 6.456077649741761570e-01 2.668685310606476957e+00 8.183720965801234704e-02 2.550677096021086498e+00 2.812565862366224856e+00 3.425186744114123716e+00 2.736627491841999923e-02 3.394513715731702685e+00 3.481943625244491525e+00
7.214070351758794519e-01 1.389764655286795714e+00 1.059628084233690641e-02 1.371601840918310389e+00 1.416174855003434097e+00 6.250823440132077247e-01 9.496024285265504405e-03 6.093344069191922729e-01 6.411454281221891094e-01 2.651661390512903616e+00 7.572023754025242193e-02 2.536252191005978318e+00 2.780998508475556630e+00 3.419279213258303862e+00 2.725224451592139427e-02 3.388324185131300847e+00 3.469221484521106014e+00
7.263819095477387355e-01 1.391458647430765083e+00 1.022373738653056981e-02 1.373491693688937865e+00 1.416137778990249618e+00 6.223112866923669051e-01 1.013462514793240718e-02 6.032596183975417192e-01 6.428785561356462619e-01 2.628610680624914764e+00 7.428313623477207639e-02 2.507616005034831286e+00 2.753887224288348534e+00 3.411441085336949008e+00 3.038650280368062478e-02 3.381303030343175475e+00 3.472654914314064811e+00
7.313567839195980191e-01 1.393888115659382310e+00 1.015765347485977216e-02 1.375958560192069635e+00 1.418207527520817246e+00 6.183637117949510875e-01 8.908851183723046074e-03 6.014854936374306460e-01 6.377703997930985746e-01 2.597643829540039029e+00 6.437942062263123100e-02 2.493988732168086475e+00 2.709785834100995050e+00 3.402938499359737357e+00 2.992259617216939255e-02 3.367756959939939065e+00 3.460059129261017663e+00
7.363316582914573027e-01 1.395657346538035082e+00 1.066955347183169006e-02 1.376201119788880378e+00 1.420722769397711138e+00 6.147232105251452250e-01 7.263829645590737412e-03 6.008145976252210474e-01 6.290904755705163387e-01 2.582236010347796817e+00 6.154117136371502900e-02 2.478778658316108441e+00 2.684365034789140569e+00 3.396975291048696111e+00 2.970292045229426872e-02 3.362440550303858799e+00 3.452544731970149883e+00
7.413065326633165864e-01 1.398150488922687229e+00 1.045264608439123478e-02 1.378821642726386409e+00 1.422348904838039330e+00 6.118560217113175881e-01 6.598809501708094959e-03 5.993287805770203258e-01 6.257999497511019804e-01 2.560676728192642138e+00 5.980758190120050166e-02 2.459568719237200884e+00 2.667088862235717617e+00 3.388996616325306910e+00 3.009189575735993910e-02 3.354213167255454486e+00 3.446249327146122532e+00
7.462814070351758700e-01 1.401002272739845456e+00 1.054350001723620284e-02 1.382238895830274927e+00 1.426628471254451913e+00 6.085912667386376151e-01 6.395922418277954005e-03 5.985576450455807329e-01 6.220555053971100756e-01 2.534352037068377861e+00 6.074426517665917208e-02 2.432597890673522834e+00 2.640441737437581260e+00 3.382969122630085756e+00 2.987367124398081566e-02 3.343169046985994708e+00 3.445061549252092625e+00
7.512562814070351536e-01 1.402988021791510054e+00 1.097043714321955903e-02 1.384581766885586873e+00 1.430082242657124691e+00 6.041324268728763824e-01 7.529703440946916571e-03 5.921571274756940451e-01 6.185674499131390558e-01 2.512278784628332318e+00 6.023001220209965589e-02 2.416207349362018864e+00 2.616229530191166663e+00 3.374187946842867269e+00 2.978557293915373369e-02 3.330337925606123406e+00 3.432051647775729908e+00
7.562311557788945482e-01 1.404996219615773700e+00 1.133651527640773884e-02 1.387120315470802057e+00 1.433939005756402985e+00 6.003320118072450473e-01 6.873376355793221759e-03 5.886462098030852408e-01 6.123182584162829567e-01 2.491965249053606168e+00 5.582218403199257217e-02 2.398639847116165846e+00 2.590134786854281668e+00 3.367691673952992293e+00 3.096674049789275088e-02 3.322755076601160873e+00 3.431916394389005642e+00
7.612060301507538318e-01 1.406719088447591970e+00 1.169075592233234651e-02 1.388019276698841287e+00 1.436759443528072389e+00 5.959115743638567775e-01 6.487917586026222504e-03 5.867898346890759731e-01 6.070246270885992779e-01 2.471854300504278790e+00 5.634555335880288979e-02 2.376715780777658438e+00 2.567086725140434122e+00 3.360571465797693946e+00 2.819047770207072298e-02 3.322013352040648737e+00 3.420103827010468667e+00
7.661809045226131154e-01 1.408782026504199036e+00 1.136913443760396644e-02 1.391491437559327249e+00 1.438196916753650356e+00 5.932074649108232123e-01 7.484359729217650997e-03 5.778762410714086695e-01 6.058020588523428396e-01 2.454318477966527468e+00 5.696931300972450651e-02 2.357251982897508480e+00 2.564211332973133306e+00 3.352285117411388793e+00 2.884272034334282517e-02 3.316907249197460938e+00 3.411755764587639295e+00
7.711557788944723990e-01 1.410585032794042570e+00 1.187631305047979341e-02 1.393383861365460774e+00 1.441213022827658508e+00 5.901413104383608221e-01 8.416631547770886748e-03 5.719912312021001588e-01 6.047360320814608725e-01 2.429146250353259706e+00 5.173559829926174802e-02 2.352990813357754174e+00 2.516473087401642328e+00 3.343347094125764585e+00 2.879015155322516353e-02 3.306787418615718899e+00 3.399492061130373166e+00
7.761306532663316826e-01 1.412489602581129322e+00 1.202639350706887107e-02 1.395876997651829710e+00 1.443434865943423295e+00 5.863711854447688498e-01 9.651890583231738721e-03 5.681231266463158125e-01 6.029630836488171219e-01 2.404678027620376746e+00 5.314032481893212617e-02 2.338228055214957024e+00 2.504630284219481862e+00 3.337315564274931923e+00 2.932051091119227543e-02 3.300348169605086035e+00 3.392760422735164205e+00
7.811055276381909662e-01 1.414177194062545828e+00 1.212906175261175938e-02 1.399377768262667132e+00 1.445708254260646308e+00 5.835120490376283220e-01 1.010414308280045692e-02 5.663051808129464515e-01 6.018930502127920468e-01 2.385519467341919775e+00 5.750616735798701196e-02 2.321748173866392317e+00 2.484834066452136003e+00 3.330498175038020925e+00 2.826834269919222334e-02 3.296781600950597912e+00 3.386083783440202666e+00
7.860804020100502498e-01 1.415281776104870826e+00 1.248062826181756818e-02 1.401633854040651661e+00 1.448606135730578393e+00 5.807414009822314815e-01 1.089294705362796496e-02 5.605038289299052456e-01 5.999091917458181378e-01 2.359191700751507526e+00 5.045524869837973020e-02 2.298122494253994841e+00 2.446396930392519042e+00 3.324607611628997539e+00 2.743688708634055978e-02 3.294012441512995881e+00 3.382135585040338732e+00
7.910552763819095334e-01 1.416934006639656518e+00 1.258724759809280898e-02 1.403837869310834652e+00 1.450027202867423481e+00 5.775624993224773851e-01 1.019830601532771379e-02 5.583390290648160281e-01 5.946505285468360880e-01 2.335633852127048549e+00 5.013191521014342955e-02 2.277445908045991008e+00 2.433241703030967873e+00 3.317577893758032470e+00 2.710059443597916465e-02 3.282769404611556308e+00 3.373887198635427520e+00
7.960301507537689281e-01 1.417793151804870977e+00 1.209354398403820162e-02 1.405320339981071198e+00 1.449153855003244784e+00 5.743827089515655127e-01 8.956339337797587438e-03 5.578356963651150968e-01 5.873975989602885361e-01 2.309874586067292235e+00 4.430063413582537718e-02 2.257474552520338129e+00 2.399694384265867342e+00 3.309658824513172171e+00 2.753306501211805202e-02 3.272849357460945630e+00 3.368540460692800664e+00
8.010050251256282117e-01 1.419325676066632624e+00 1.216773271409848749e-02 1.405616645648747776e+00 1.451145220313949880e+00 5.699652397929531045e-01 8.494722231510170099e-03 5.557936914510149817e-01 5.856699180577329411e-01 2.286825223078079894e+00 3.785277797179286557e-02 2.231823473484270792e+00 2.361495609098663628e+00 3.303836448916881885e+00 2.765238561208207407e-02 3.262301049387676510e+00 3.361121194946878887e+00
8.059798994974874953e-01 1.420798102845107991e+00 1.248853877972656672e-02 1.405838063247816461e+00 1.452310773327962101e+00 5.666498072110728312e-01 8.447859650105719528e-03 5.526869865804205917e-01 5.819016446223190808e-01 2.261291012581005511e+00 3.739434931567478526e-02 2.213068731027841185e+00 2.339283785745939870e+00 3.294601641740776188e+00 2.614220746745293464e-02 3.256413607293443313e+00 3.349163243082004193e+00
8.109547738693467789e-01 1.421908084911422065e+00 1.303739286556411872e-02 1.404959030402089137e+00 1.454001018498992215e+00 5.637142010902510547e-01 9.425605753504913073e-03 5.450248384209088748e-01 5.822106464475717003e-01 2.236372492744516549e+00 3.747185564482823084e-02 2.191458663527762862e+00 2.322289687425132865e+00 3.285129143915128225e+00 2.858722482937420262e-02 3.247058775455299973e+00 3.345605012619206065e+00
8.159296482412060625e-01 1.422554814951735302e+00 1.273970775674567943e-02 1.406588597124956763e+00 1.454223516912041658e+00 5.603358115048855392e-01 9.771893796646552791e-03 5.406107716548883557e-01 5.788753575829785891e-01 2.212979992223093273e+00 3.803912487857569191e-02 2.164207632962032335e+00 2.297306637968607124e+00 3.279477741007896352e+00 2.807756332075203240e-02 3.240437531845568486e+00 3.339032644080705214e+00
8.209045226130653461e-01 1.424021891800298700e+00 1.227730434199294542e-02 1.409642326972426529e+00 1.455825569194757252e+00 5.566738960461752317e-01 1.003148874740071757e-02 5.366738010401737036e-01 5.761504128667537250e-01 2.188695693144079968e+00 3.127068565978419201e-02 2.147415492336814058e+00 2.254160554953644091e+00 3.272421188427448779e+00 2.852606899195275075e-02 3.238425331288928621e+00 3.336204318961993653e+00
8.258793969849246297e-01 1.424758208693650108e+00 1.186996636000257378e-02 1.411695003497493106e+00 1.456450010012587448e+00 5.528536884771408921e-01 1.065036883551052048e-02 5.302014531676295661e-01 5.727057077211561431e-01 2.160447236223653533e+00 3.397710876312681066e-02 2.121648948712591576e+00 2.232670641512248366e+00 3.263969842943106325e+00 2.521467956755775452e-02 3.235674678074432986e+00 3.322644553489674468e+00
8.308542713567839133e-01 1.426157874009609916e+00 1.177269686791222042e-02 1.412814548207323995e+00 1.457412965134341265e+00 5.499603999528563936e-01 1.064676080453198434e-02 5.302667786766709357e-01 5.702132946355246146e-01 2.139428418464996984e+00 3.405463810238793659e-02 2.097816260445399816e+00 2.208493167323009487e+00 3.256796652073784770e+00 2.374396755041474280e-02 3.228092340010781047e+00 3.308567400609293774e+00
8.358291457286431969e-01 1.426621483038280847e+00 1.110751390886110558e-02 1.412971129618665334e+00 1.455424293091566179e+00 5.466326695490808518e-01 1.135869169961045352e-02 5.281891276929924217e-01 5.688636229850452253e-01 2.117930562070228007e+00 3.255970659866049693e-02 2.075029442685591974e+00 2.181855341980498686e+00 3.249656975873784770e+00 2.108822567403088877e-02 3.222805802767430450e+00 3.293163625112970117e+00
8.408040201005025915e-01 1.427671405584287401e+00 1.003435810483390908e-02 1.414377996144809968e+00 1.452979434103390588e+00 5.424857231807637126e-01 1.042461490028907117e-02 5.256836137255582742e-01 5.628989697035358120e-01 2.092065434474117858e+00 3.535194400325403913e-02 2.045027380430333164e+00 2.165004674515618177e+00 3.241868666404867039e+00 1.931315954423406048e-02 3.218506444853587389e+00 3.280302856244104781e+00
8.457788944723618751e-01 1.428378504532219928e+00 1.029391205404135527e-02 1.414542083721713528e+00 1.454491919412957079e+00 5.386893004854093059e-01 1.013457765929515718e-02 5.242078882779978022e-01 5.613549196097417093e-01 2.062160136151423906e+00 3.486191847800925586e-02 2.009001682623605678e+00 2.127096036522212241e+00 3.234298078894497053e+00 1.977305716617201378e-02 3.212769712742153949e+00 3.276524433952136661e+00
8.507537688442211588e-01 1.429584443299482643e+00 1.049986401551650933e-02 1.417347764595330739e+00 1.456439982626452689e+00 5.364757846881763603e-01 9.991689319731147587e-03 5.234010835487514779e-01 5.592100878846451018e-01 2.036260723992831867e+00 3.702846824275569937e-02 1.982026356794863498e+00 2.107370879820603893e+00 3.226840759276169646e+00 2.015002393826375790e-02 3.198021721266930850e+00 3.273299504291856454e+00
8.557286432160804424e-01 1.430501102518680456e+00 1.126335955465770228e-02 1.418288579470792676e+00 1.459531998239768980e+00 5.330926496007716286e-01 1.033148039251889118e-02 5.205340178785212712e-01 5.552022952538867573e-01 2.009923307007334792e+00 3.758909588292991266e-02 1.962204684963763768e+00 2.082651363625783514e+00 3.218885488995203215e+00 2.144090168492356757e-02 3.191785983269758376e+00 3.270811222198496626e+00
8.607035175879397260e-01 1.430925031386735435e+00 1.105409529599002752e-02 1.417350650185676297e+00 1.460079960370403329e+00 5.299095896451794241e-01 9.798338144820572387e-03 5.168181519079680930e-01 5.520084003686368535e-01 1.985947667392215177e+00 3.644948184380594064e-02 1.940805313709793811e+00 2.053637508911538401e+00 3.210813038116621332e+00 2.180900983369338936e-02 3.184976141717970055e+00 3.266641747161189713e+00
8.656783919597990096e-01 1.431099058322412798e+00 1.089885952391765958e-02 1.420732869987426206e+00 1.460527170100289096e+00 5.267803222146825171e-01 1.049553080364782655e-02 5.146129267890622305e-01 5.520032011739351985e-01 1.957194878507792168e+00 3.799351992648193621e-02 1.905962819151048038e+00 2.025641836797939632e+00 3.202439883717363323e+00 2.269261271924064016e-02 3.175413691149444606e+00 3.260004077771610831e+00
8.706532663316582932e-01 1.431533544890551291e+00 1.141727035052277767e-02 1.419918462076431798e+00 1.462483225535313069e+00 5.240398835566076885e-01 1.101191876812789190e-02 5.099814799284443367e-01 5.507449470156550175e-01 1.935098788756062671e+00 4.016179190032364427e-02 1.875791954462813882e+00 2.005109352114059718e+00 3.194432688065701686e+00 2.436475973583438967e-02 3.165365469447553259e+00 3.254639774152812137e+00
8.756281407035175768e-01 1.431939698775997361e+00 1.153395601265371113e-02 1.419797645348666926e+00 1.462053809605947885e+00 5.199179402521535431e-01 1.101850329288198670e-02 5.065706981506612472e-01 5.453828734845583837e-01 1.912578024739903793e+00 4.160751847230278327e-02 1.853043671909139878e+00 1.978192632555370922e+00 3.184999438791073167e+00 2.516921630067891352e-02 3.156131468442908705e+00 3.248841410663270146e+00
8.806030150753769714e-01 1.433035517422923677e+00 1.164073359483906202e-02 1.420906827015360196e+00 1.464027909413743167e+00 5.171582712932435433e-01 1.103246507455705148e-02 5.010615880434512448e-01 5.418902431157257560e-01 1.883401426620429531e+00 3.801788872075338027e-02 1.826496346740455134e+00 1.941322765373925563e+00 3.175902723248231752e+00 2.441490603322235553e-02 3.150409490317119587e+00 3.237941135675245885e+00
8.855778894472362550e-01 1.433642802122385485e+00 1.196120541393961602e-02 1.419412965458655806e+00 1.464563362045300687e+00 5.135958980254374806e-01 1.044730613266628763e-02 5.001157634897362980e-01 5.383878292090440443e-01 1.856681855604897624e+00 3.308855270108450319e-02 1.807546209440038965e+00 1.904741563984759578e+00 3.167845557744205287e+00 2.480717093360615411e-02 3.138294130610913335e+00 3.231030296566459903e+00
8.905527638190955386e-01 1.434268727938416976e+00 1.134821575250040925e-02 1.419117686285940039e+00 1.463137695973764529e+00 5.096826852708374878e-01 9.901539068273089439e-03 4.937482565233453080e-01 5.324320852473520826e-01 1.829587299603540274e+00 3.580622839974517690e-02 1.773554763541365320e+00 1.876083660868782310e+00 3.158201638462165395e+00 2.605922003440882054e-02 3.126101211648659284e+00 3.222998952992933042e+00
8.955276381909548222e-01 1.434891977963237197e+00 1.049966356486436297e-02 1.420911110672093969e+00 1.461261142953390602e+00 5.071653253503125569e-01 9.992777129335697964e-03 4.913616222708283021e-01 5.305635834740725087e-01 1.802480475138649396e+00 3.571066569873697361e-02 1.740272029026258105e+00 1.849866707452114456e+00 3.148020311975289864e+00 2.612906597898576044e-02 3.115389126247933405e+00 3.213527635761713075e+00
9.005025125628141058e-01 1.434635361019269473e+00 9.664001565588864126e-03 1.421175631746761425e+00 1.458016551763716695e+00 5.031787667262872521e-01 1.031001363789865212e-02 4.851344746824972076e-01 5.263691759504028900e-01 1.779478875798632398e+00 3.410795448043759531e-02 1.726738953731051796e+00 1.824225105820004078e+00 3.137898662162457164e+00 2.426957250477306677e-02 3.111220767987236346e+00 3.203311910863981815e+00
9.054773869346733894e-01 1.435004097584998473e+00 1.032348521982168373e-02 1.421048479829278621e+00 1.459517428771365255e+00 5.001261409413473302e-01 1.000936856546886383e-02 4.846169115960395901e-01 5.230199518926524904e-01 1.755911067421362715e+00 3.057065100393426688e-02 1.702032234218969542e+00 1.796719031860113835e+00 3.127930973354619226e+00 2.205212423761784835e-02 3.102663196107255050e+00 3.185861585891907044e+00
9.104522613065326730e-01 1.435025365939246011e+00 1.032769229755210912e-02 1.421223905608301807e+00 1.460411813025721761e+00 4.971989895158444028e-01 9.864187782650432265e-03 4.823829753454502156e-01 5.195900568543544429e-01 1.731156492552521353e+00 3.117090566636791099e-02 1.672837353262482951e+00 1.774807247512287134e+00 3.117871403101689864e+00 2.131981734214343296e-02 3.091784921927599239e+00 3.172846895635825781e+00
9.154271356783919567e-01 1.434480063230045843e+00 9.751309563415043458e-03 1.421116885331965118e+00 1.457847755242392962e+00 4.922541251621832537e-01 1.018066432924790224e-02 4.768022087194408454e-01 5.163254339395008108e-01 1.704177216916698656e+00 2.815639190067741049e-02 1.652998616584857139e+00 1.742408536092888260e+00 3.108849142237058771e+00 2.117066432679774735e-02 3.084761808551089945e+00 3.165159279366495770e+00
9.204020100502512403e-01 1.433964660468314056e+00 9.256308911675979051e-03 1.420544116038079618e+00 1.455564684643352313e+00 4.889034348015142695e-01 9.967019787645551784e-03 4.734534379287341221e-01 5.117733836038483863e-01 1.676735314868981419e+00 2.753383369344174214e-02 1.620131473388790821e+00 1.712960114421644198e+00 3.097445039048667859e+00 2.256855518153563431e-02 3.076752565667020267e+00 3.159624928813753453e+00
9.253768844221106349e-01 1.433305745711647816e+00 9.340416157041663350e-03 1.419233471409086178e+00 1.453691627882257809e+00 4.854097448535530934e-01 8.509749672961875941e-03 4.715883232498483957e-01 5.016332291993225168e-01 1.654231917989687162e+00 2.859040137037121773e-02 1.589572465627882014e+00 1.694029911658995635e+00 3.085998617833725532e+00 2.138180042132243469e-02 3.068663898917536326e+00 3.145632745169534505e+00
9.303517587939699185e-01 1.431846371230274251e+00 8.718950956539579800e-03 1.418986402652085754e+00 1.449901496567677750e+00 4.822112367487983997e-01 7.983064869578740397e-03 4.687790694494844423e-01 4.980514404679408091e-01 1.628463754199386049e+00 3.046373979454617548e-02 1.563750623764264658e+00 1.680219114140195202e+00 3.075600441132624319e+00 2.116808566104097511e-02 3.053763037029444405e+00 3.132374055663144308e+00
9.353266331658292021e-01 1.431462732993700637e+00 8.040513177715253104e-03 1.418545922251837732e+00 1.448546914928772633e+00 4.791443042968637767e-01 7.846313695634437799e-03 4.661757997190157377e-01 4.935162141896210497e-01 1.605820368543660503e+00 3.039203956166678516e-02 1.545113008524154674e+00 1.655755601810062982e+00 3.065508971485775280e+00 2.001660980222165834e-02 3.043214987091559909e+00 3.118389051027985914e+00
9.403015075376884857e-01 1.431253508724559476e+00 8.264724256736249650e-03 1.417805201099314072e+00 1.448925128286178809e+00 4.754934872435497839e-01 7.560294444881611106e-03 4.640101908429768995e-01 4.864003039808157958e-01 1.577178239937776727e+00 2.752813473600596722e-02 1.525091817224968560e+00 1.629108875400927525e+00 3.055461476922944453e+00 1.780726331618181363e-02 3.030434067294224487e+00 3.101783312393006753e+00
9.452763819095477693e-01 1.430821267059859014e+00 7.650052325298184290e-03 1.417345994073616611e+00 1.446524890840119815e+00 4.723436835511157783e-01 6.581858387278881166e-03 4.625913595310636728e-01 4.821551682727699406e-01 1.551187952274441617e+00 2.774800775847570053e-02 1.503814974307846830e+00 1.607193130906898748e+00 3.044222550149140893e+00 1.667685289206916749e-02 3.021700454431668348e+00 3.085110743562816005e+00
9.502512562814070529e-01 1.430141882980182633e+00 6.830222415584401470e-03 1.415760684584552953e+00 1.441765607482600409e+00 4.688745420122001906e-01 6.612670929707708568e-03 4.574049887444953111e-01 4.792036374133858967e-01 1.521350111953392314e+00 3.060342474471633781e-02 1.463116982950266820e+00 1.582879236286766744e+00 3.031358573047202576e+00 1.666396106630258639e-02 3.009823311431428561e+00 3.071330473847804665e+00
9.552261306532663365e-01 1.429080943139764859e+00 6.541989873942937773e-03 1.417688061298187474e+00 1.441370753564584550e+00 4.655970353059549760e-01 6.268075327809538751e-03 4.570320352194248703e-01 4.768644364566027583e-01 1.489975741669576248e+00 2.447063429008380572e-02 1.434138581291441339e+00 1.521569024620198940e+00 3.017289630630502373e+00 1.563470741412335829e-02 2.995295890226348234e+00 3.052251111711783871e+00
9.602010050251256201e-01 1.427222787672559168e+00 5.810783521217923776e-03 1.418297171246448718e+00 1.437962554269782478e+00 4.610077162789806837e-01 4.722796103776907665e-03 4.550495800038903971e-01 4.692338276269163999e-01 1.460170488407881662e+00 2.233013603692533128e-02 1.406601676514549482e+00 1.486427887240978851e+00 3.001358499557109205e+00 1.437511498500714489e-02 2.981723623033122550e+00 3.028175587976452920e+00
9.651758793969849037e-01 1.426717991816794928e+00 5.408944402123379465e-03 1.418451371011832940e+00 1.437614141478730456e+00 4.575063916104330497e-01 3.800289367924479175e-03 4.522682543046320780e-01 4.637624705744412545e-01 1.426586897571620716e+00 2.067583101439903620e-02 1.390817809015006512e+00 1.457545805830005925e+00 2.987398037448030674e+00 1.371247589942894453e-02 2.968123257211950250e+00 3.014449462848529215e+00
9.701507537688442984e-01 1.424862632923118877e+00 5.198226813567794098e-03 1.416518719039961072e+00 1.434389525549027544e+00 4.529698384429948210e-01 3.509143335021233136e-03 4.471372181784979416e-01 4.586625903160019835e-01 1.393336741381830723e+00 1.947307485751682832e-02 1.361539838990678764e+00 1.424096975601856885e+00 2.973322824909693018e+00 1.167163763786133179e-02 2.952302065979193202e+00 2.993866365775733396e+00
9.751256281407035820e-01 1.423068933393551116e+00 4.773328158545130442e-03 1.416121916045345541e+00 1.433522326280295633e+00 4.490117452595988046e-01 4.742651258219808888e-03 4.422372354007173545e-01 4.574739192064453119e-01 1.358599448628285522e+00 2.170185844218739182e-02 1.325781555279140100e+00 1.384759542495574314e+00 2.959677710312833998e+00 1.148084969845862037e-02 2.938449338879813855e+00 2.977499372434790459e+00
9.801005025125628656e-01 1.420826121888436822e+00 4.489814942651719661e-03 1.415323954264720241e+00 1.431843459085746062e+00 4.439773103276014043e-01 5.401478449363012434e-03 4.370358323218693775e-01 4.538605026932229780e-01 1.319481329233242128e+00 1.970729309628476561e-02 1.288189476626327545e+00 1.345290075712380906e+00 2.943665531794795953e+00 9.584425339903277982e-03 2.928867589636594104e+00 2.959518596902355636e+00
9.850753768844221492e-01 1.417616743141343560e+00 4.189817175807472073e-03 1.411279144294696586e+00 1.426869842680762002e+00 4.384265522970436924e-01 4.926503420661946728e-03 4.318780590837932865e-01 4.468843905217415591e-01 1.275410571066099230e+00 1.534699822247789606e-02 1.243756829706756273e+00 1.298011921329268015e+00 2.926784211707490702e+00 9.417229799523771025e-03 2.913168132004794408e+00 2.945546401774289613e+00
9.900502512562814328e-01 1.415128638809469042e+00 3.880131977277199041e-03 1.409341612427793100e+00 1.421716388033563039e+00 4.330453477361363990e-01 4.045913958337069363e-03 4.268494645266546206e-01 4.394422638870185138e-01 1.224190984164280849e+00 1.295176500444988367e-02 1.192989110538913433e+00 1.236977122347304503e+00 2.907304787780406130e+00 7.990610716218354143e-03 2.894447305363675671e+00 2.925002901944682154e+00
9.950251256281407164e-01 1.411102054489453028e+00 1.914123957965364149e-03 1.407482684010217922e+00 1.414185082344689981e+00 4.261752900360392116e-01 2.897949358510201485e-03 4.210183955512376008e-01 4.300045647237795698e-01 1.163715465680934535e+00 1.280372573296177305e-02 1.133670262808680551e+00 1.185447061836127913e+00 2.883582024913884823e+00 6.319232573594385678e-03 2.873289442617674716e+00 2.893937588692398144e+00
1.000000000000000000e+00 1.405309627269135886e+00 9.160909473601662185e-05 1.405264172278741341e+00 1.405516706054051657e+00 4.141665637296698677e-01 1.505192038651485906e-03 4.117800672019556463e-01 4.163816736815941777e-01 1.078421871477184713e+00 6.202301690186833374e-03 1.070673892598681620e+00 1.095233681555854321e+00 2.851885867466273261e+00 1.821491365151393558e-04 2.851795487926071626e+00 2.852297608270633944e+00
