# FPR	TPR_MEAN	TPR_STD	TPR_MIN	TPR_MAX
0.000000000000000000e+00 4.117037804246504590e-02 2.391651424234323559e-02 6.732263076126359172e-03 9.166235111341274056e-02
2.004008016032063962e-03 1.377524598653547261e-01 1.990655771764392526e-02 1.103055411703780381e-01 1.651993785603314280e-01
4.008016032064127925e-03 1.813050233039875392e-01 1.733491508858649166e-02 1.579492490937338123e-01 2.097358881408596665e-01
6.012024048096191453e-03 2.130502330398756639e-01 2.465848973620361415e-02 1.688244432936302497e-01 2.558259968928016659e-01
8.016032064128255849e-03 2.332470222682547778e-01 2.345563181711618830e-02 1.838425686172967255e-01 2.718798549974106860e-01
1.002004008016032024e-02 2.552045572242361837e-01 2.296759335648804190e-02 2.237182806835836257e-01 2.925945106162610165e-01
1.202404809619238291e-02 2.747799067840496767e-01 2.136624096526835298e-02 2.408078715691351623e-01 3.091662351113412810e-01
1.402805611222444730e-02 2.907301916105644590e-01 1.957534955981356239e-02 2.641118591403417981e-01 3.247022268254790012e-01
1.603206412825651170e-02 3.011910926980839176e-01 1.734690084153339695e-02 2.837907819782495844e-01 3.366131538063179551e-01
1.803607214428857436e-02 3.175556706369756510e-01 1.824448511975565457e-02 2.951838425686172940e-01 3.480062143966856647e-01
2.004008016032064049e-02 3.317969963749353157e-01 2.054180864351167271e-02 3.019161056447436375e-01 3.656136716727084179e-01
2.204408817635270315e-02 3.422578974624547188e-01 2.111783960753725251e-02 3.117555670636975584e-01 3.723459347488348170e-01
2.404809619238476581e-02 3.511651993785603887e-01 2.013221828252668988e-02 3.164163645779388689e-01 3.811496633868461936e-01
2.605210420841683194e-02 3.613153806317970229e-01 1.782100074230568224e-02 3.293630243397203672e-01 3.894355256343863259e-01
2.805611222444889460e-02 3.703262558259968751e-01 1.824691038319777373e-02 3.376488865872604994e-01 3.982392542723977025e-01
3.006012024048096073e-02 3.840497151734852399e-01 1.945165724605639468e-02 3.464526152252718760e-01 4.132573795960642338e-01
3.206412825651302340e-02 3.892801657172449414e-01 1.987291609276238200e-02 3.547384774728120083e-01 4.199896426721905773e-01
3.406813627254508953e-02 3.972553081305023603e-01 2.155276300379017212e-02 3.588814085965820744e-01 4.262040393578456765e-01
3.607214428857714872e-02 4.044536509580528016e-01 2.314115387885065309e-02 3.692387364060072397e-01 4.427757638529259410e-01
3.807615230460921485e-02 4.121698601760745428e-01 2.401297926581109562e-02 3.738995339202485502e-01 4.510616261004660732e-01
4.008016032064128098e-02 4.198860693940963396e-01 2.158676836213989023e-02 3.837389953392024711e-01 4.593474883480062054e-01
4.208416833667334017e-02 4.290523045054376317e-01 1.832873944957395460e-02 4.023821853961677686e-01 4.629725530813050272e-01
4.408817635270540630e-02 4.351113412739513464e-01 1.853180374008819506e-02 4.127395132055929339e-01 4.702226825479026151e-01
4.609218436873747243e-02 4.433972035214915342e-01 1.867308725383645326e-02 4.179181771103055443e-01 4.743656136716726812e-01
4.809619238476953162e-02 4.477990678404971669e-01 1.908961164964759552e-02 4.230968410150180992e-01 4.805800103573278359e-01
5.010020040080159776e-02 4.554634904194717615e-01 1.688951188509008397e-02 4.293112377006732538e-01 4.816157431382703247e-01
5.210420841683366389e-02 4.630761263593993204e-01 1.658434268442122994e-02 4.381149663386846305e-01 4.893837389953392125e-01
5.410821643286573002e-02 4.693423096841015107e-01 1.581833888700934568e-02 4.469186949766960071e-01 4.950802692905230673e-01
5.611222444889778921e-02 4.744691869497669745e-01 1.499274628405198977e-02 4.495080269290522845e-01 5.023303987571207108e-01
5.811623246492985534e-02 4.793371310201968716e-01 1.615245113064071175e-02 4.515794924909373176e-01 5.054375970999481771e-01
6.012024048096192147e-02 4.858622475401346286e-01 1.615012648743625531e-02 4.572760227861211724e-01 5.090626618332469988e-01
6.212424849699398066e-02 4.895390989124804859e-01 1.531878195021546540e-02 4.598653547384774498e-01 5.100983946141894876e-01
6.412825651302604679e-02 4.934230968410150409e-01 1.533584175567443038e-02 4.624546866908337828e-01 5.121698601760745762e-01
6.613226452905811292e-02 4.983946141895391202e-01 1.654613508496661015e-02 4.691869497669601263e-01 5.173485240807871310e-01
6.813627254509017905e-02 5.030036250647331730e-01 1.408758406033424997e-02 4.774728120145002586e-01 5.225271879854996859e-01
7.014028056112224518e-02 5.075090626618331546e-01 1.473873585785366244e-02 4.800621439668565360e-01 5.271879854997411075e-01
7.214428857715429744e-02 5.110305541170377941e-01 1.322091697273576269e-02 4.909373381667530012e-01 5.277058518902123518e-01
7.414829659318636357e-02 5.150699119627135669e-01 1.326425572586105613e-02 4.945624029000517674e-01 5.302951838425685738e-01
7.615230460921842970e-02 5.197824961160021351e-01 1.481505233098940819e-02 4.966338684619368005e-01 5.422061108234075277e-01
7.815631262525049583e-02 5.232522009321595169e-01 1.468806395549086471e-02 4.997410668047643778e-01 5.437597099948213719e-01
8.016032064128256196e-02 5.288969445882962805e-01 1.407806233324047050e-02 5.095805282237182432e-01 5.468669083376488382e-01
8.216432865731462809e-02 5.324184360435008090e-01 1.424546806665044456e-02 5.106162610046608430e-01 5.520455722423615041e-01
8.416833667334668034e-02 5.365613671672707641e-01 1.373947454757672333e-02 5.163127912998446423e-01 5.535991714137752373e-01
8.617234468937874647e-02 5.410150181253237101e-01 1.471697561007198271e-02 5.189021232522009752e-01 5.608493008803728808e-01
8.817635270541081260e-02 5.442257897462454697e-01 1.492039487946047495e-02 5.209735888140859528e-01 5.624029000517866139e-01
9.018036072144287874e-02 5.474365613671673403e-01 1.422474436049808201e-02 5.256343863283272633e-01 5.655100983946141913e-01
9.218436873747494487e-02 5.503366131538063311e-01 1.313595431833947808e-02 5.308130502330399292e-01 5.665458311755566800e-01
9.418837675350701100e-02 5.542723977213878106e-01 1.182063359603972331e-02 5.375453133091662172e-01 5.686172967374417686e-01
9.619238476953906325e-02 5.588814085965820855e-01 1.181552771113300419e-02 5.411703780424650390e-01 5.732780942516830791e-01
9.819639278557112938e-02 5.628689798032108227e-01 1.136819941781496389e-02 5.489383738995339268e-01 5.779388917659243896e-01
1.002004008016031955e-01 5.664422578974624978e-01 1.095088453831379385e-02 5.530813050233039929e-01 5.805282237182807226e-01
1.022044088176352616e-01 5.700155359917140618e-01 1.149861651926833983e-02 5.546349041947177261e-01 5.882962195753496104e-01
1.042084168336673278e-01 5.737959606421542125e-01 1.136713777955355477e-02 5.556706369756603259e-01 5.903676851372345880e-01
1.062124248496993939e-01 5.763335059554635098e-01 1.188263588985811504e-02 5.572242361470740590e-01 5.924391506991196765e-01
1.082164328657314600e-01 5.780942516830658295e-01 1.182970528333342208e-02 5.608493008803728808e-01 5.950284826514758985e-01
1.102204408817635123e-01 5.812532366649404425e-01 1.129661166602671275e-02 5.649922320041429469e-01 5.965820818228897426e-01
1.122244488977955784e-01 5.831693423096842022e-01 1.208627376743780062e-02 5.665458311755566800e-01 6.002071465561884533e-01
1.142284569138276445e-01 5.862765406525116685e-01 1.148788279478343659e-02 5.691351631279130130e-01 6.033143448990160307e-01
1.162324649298597107e-01 5.897980321077161969e-01 1.077224333938503129e-02 5.722423614707405903e-01 6.059036768513723636e-01
1.182364729458917768e-01 5.932677369238735787e-01 1.058070868078478735e-02 5.774210253754531452e-01 6.100466079751424298e-01
1.202404809619238429e-01 5.974106680476437559e-01 9.616710547025222530e-03 5.831175556706369445e-01 6.147074054893837403e-01
1.222444889779558952e-01 5.995339202485758801e-01 1.017195584491416803e-02 5.862247540134645218e-01 6.198860693940962951e-01
1.242484969939879613e-01 6.029518384256861152e-01 9.135756130269439418e-03 5.924391506991196765e-01 6.214396685655101393e-01
1.262525050100200275e-01 6.058001035732781814e-01 9.704434796886735048e-03 5.939927498705334097e-01 6.266183324702226942e-01
1.282565130260520936e-01 6.085447954427758432e-01 1.004567363666114370e-02 5.965820818228897426e-01 6.297255308130502716e-01
1.302605210420841597e-01 6.112377006732263585e-01 9.834145038167497674e-03 6.017607457276022975e-01 6.307612635939927603e-01
1.322645290581162258e-01 6.152770585189021313e-01 1.038951497866272972e-02 6.048679440704298749e-01 6.354220611082340708e-01
1.342685370741482920e-01 6.181771103055411221e-01 1.004460571483212043e-02 6.074572760227860968e-01 6.364577938891765596e-01
1.362725450901803581e-01 6.211289487312272595e-01 9.430857429028063899e-03 6.116002071465561629e-01 6.390471258415328926e-01
1.382765531062124242e-01 6.244950802692905700e-01 9.913997173198480645e-03 6.147074054893837403e-01 6.431900569653029587e-01
1.402805611222444904e-01 6.265665458311755476e-01 9.829780732052619679e-03 6.157431382703262290e-01 6.437079233557742031e-01
1.422845691382765287e-01 6.286897980321077828e-01 9.560211918561836719e-03 6.193682030036250508e-01 6.452615225271879362e-01
1.442885771543085949e-01 6.307094769549456137e-01 9.343004357090829368e-03 6.209218021750388949e-01 6.462972553081305360e-01
1.462925851703406610e-01 6.336613153806318621e-01 9.755151343216725973e-03 6.229932677369238725e-01 6.504401864319006021e-01
1.482965931863727271e-01 6.359399274987053152e-01 9.050076339190160982e-03 6.250647332988089611e-01 6.519937856033143353e-01
1.503006012024047933e-01 6.386328327291558304e-01 9.001942035273231141e-03 6.271361988606939386e-01 6.545831175556706683e-01
1.523046092184368594e-01 6.409632314862764302e-01 7.979344767042696046e-03 6.307612635939927603e-01 6.556188503366131570e-01
1.543086172344689255e-01 6.427757638529258966e-01 7.900815140152665783e-03 6.338684619368203377e-01 6.566545831175556458e-01
1.563126252505009917e-01 6.450025893319523140e-01 7.017997231578053385e-03 6.359399274987053152e-01 6.576903158984981346e-01
1.583166332665330578e-01 6.473329880890730248e-01 7.127015668084434562e-03 6.369756602796478040e-01 6.592439150699119788e-01
1.603206412825651239e-01 6.499223200414292467e-01 7.719510344573410343e-03 6.400828586224753813e-01 6.654583117555670224e-01
1.623246492985971901e-01 6.520973588814086286e-01 7.256784694190936136e-03 6.452615225271879362e-01 6.675297773174521110e-01
1.643286573146292562e-01 6.545313309166235216e-01 7.314393004260326230e-03 6.473329880890730248e-01 6.690833764888658441e-01
1.663326653306613223e-01 6.573795960642154768e-01 7.891984754655103490e-03 6.488865872604867580e-01 6.732263076126359103e-01
1.683366733466933607e-01 6.595028482651477120e-01 7.847854653846825235e-03 6.519937856033143353e-01 6.752977731745209988e-01
1.703406813627254268e-01 6.612118073537027740e-01 7.715340265753989346e-03 6.540652511651994239e-01 6.758156395649922432e-01
1.723446893787574929e-01 6.638529259451061426e-01 6.968911680498285702e-03 6.566545831175556458e-01 6.768513723459347320e-01
1.743486973947895591e-01 6.658208182288969379e-01 6.913273861728016362e-03 6.571724495080268902e-01 6.789228379078198206e-01
1.763527054108216252e-01 6.681512169860175376e-01 6.537435044250457759e-03 6.602796478508544675e-01 6.799585706887623093e-01
1.783567134268536913e-01 6.707405489383738706e-01 6.170221028941066596e-03 6.633868461936820449e-01 6.830657690315898867e-01
1.803607214428857575e-01 6.729673744174002881e-01 6.725288184661043674e-03 6.633868461936820449e-01 6.851372345934748642e-01
1.823647294589178236e-01 6.754531330916624388e-01 6.342753472502544489e-03 6.675297773174521110e-01 6.861729673744173530e-01
1.843687374749498897e-01 6.773174520973589408e-01 6.690104222924569098e-03 6.680476437079233554e-01 6.882444329363024416e-01
1.863727454909819559e-01 6.785603314344899051e-01 6.558936791591482053e-03 6.685655100983945998e-01 6.903158984981874191e-01
1.883767535070140220e-01 6.805282237182807004e-01 6.738036802341201489e-03 6.696012428793370885e-01 6.944588296219574852e-01
1.903807615230460881e-01 6.824443293630243490e-01 7.777656688909061720e-03 6.701191092698084439e-01 6.996374935266701511e-01
1.923847695390781265e-01 6.835836354220611311e-01 7.607526019038363639e-03 6.711548420507509327e-01 6.996374935266701511e-01
1.943887775551101926e-01 6.859140341791817308e-01 7.597825350140435634e-03 6.716727084412221771e-01 7.017089590885551287e-01
1.963927855711422588e-01 6.881408596582081483e-01 7.599766474508200947e-03 6.727084412221646659e-01 7.037804246504402172e-01
1.983967935871743249e-01 6.900569653029519079e-01 7.082663070973268388e-03 6.758156395649922432e-01 7.042982910409114616e-01
2.004008016032063910e-01 6.914552045572242012e-01 7.230868845450874778e-03 6.763335059554634876e-01 7.058518902123251948e-01
2.024048096192384572e-01 6.930605903676851920e-01 6.776138745524146016e-03 6.773692387364059764e-01 7.058518902123251948e-01
2.044088176352705233e-01 6.957017089590885606e-01 6.219573193579456226e-03 6.841015018125323754e-01 7.094769549456240165e-01
2.064128256513025894e-01 6.984981874676333691e-01 6.794912259702416864e-03 6.877265665458311972e-01 7.146556188503365714e-01
2.084168336673346555e-01 7.008285862247538578e-01 6.501440775753423128e-03 6.918694976696012633e-01 7.162092180217504156e-01
2.104208416833667217e-01 7.023821853961678130e-01 6.493185498757706418e-03 6.934230968410149964e-01 7.162092180217504156e-01
2.124248496993987878e-01 7.034697048161573374e-01 6.628689798032108386e-03 6.934230968410149964e-01 7.182806835836353931e-01
2.144288577154308539e-01 7.054893837389953903e-01 7.490467878378706361e-03 6.949766960124288406e-01 7.229414810978767036e-01
2.164328657314629201e-01 7.069911962713620879e-01 7.610345710024383169e-03 6.954945624029000850e-01 7.250129466597617922e-01
2.184368737474949584e-01 7.090626618332469544e-01 7.344944858204614964e-03 6.980838943552563070e-01 7.270844122216467698e-01
2.204408817635270246e-01 7.103573278094252874e-01 7.138483420736666148e-03 6.991196271361989067e-01 7.270844122216467698e-01
2.224448897795590907e-01 7.115484205075089941e-01 7.450799880858707293e-03 7.006732263076126399e-01 7.291558777835318583e-01
2.244488977955911568e-01 7.126877265665458872e-01 7.535979187397721414e-03 7.017089590885551287e-01 7.301916105644743471e-01
2.264529058116232230e-01 7.145002589331952425e-01 7.367730109609147565e-03 7.037804246504402172e-01 7.322630761263594357e-01
2.284569138276552891e-01 7.162092180217503046e-01 6.418201298738356216e-03 7.094769549456240165e-01 7.327809425168306801e-01
2.304609218436873552e-01 7.182288969445882465e-01 5.902086696545827058e-03 7.120662868979803495e-01 7.327809425168306801e-01
2.324649298597194214e-01 7.196271361988607618e-01 5.781578762072649667e-03 7.136198860693940826e-01 7.343345416882444132e-01
2.344689378757514875e-01 7.216468151216985927e-01 5.602778265320467951e-03 7.151734852408079268e-01 7.358881408596582574e-01
2.364729458917835536e-01 7.241843604350076680e-01 5.064510897316485370e-03 7.182806835836353931e-01 7.364060072501295018e-01
2.384769539078156197e-01 7.263076126359399032e-01 5.417832937869285735e-03 7.208700155359917261e-01 7.395132055929569681e-01
2.404809619238476859e-01 7.276540652511652718e-01 5.796634680657064727e-03 7.224236147074054593e-01 7.426204039357845454e-01
2.424849699398797520e-01 7.286897980321077606e-01 5.656134725297638083e-03 7.234593474883480591e-01 7.431382703262557898e-01
2.444889779559117904e-01 7.304505437597100803e-01 6.044856307575730871e-03 7.239772138788193034e-01 7.462454686690833672e-01
2.464929859719438565e-01 7.316416364577940090e-01 6.051729117759288915e-03 7.244950802692905478e-01 7.472812014500258559e-01
2.484969939879759226e-01 7.331434489901605955e-01 6.760289033753638828e-03 7.255308130502330366e-01 7.509062661833246777e-01
2.505010020040079888e-01 7.356292076644225242e-01 6.983519962408200540e-03 7.281201450025893696e-01 7.540134645261522550e-01
2.525050100200400549e-01 7.373899533920249549e-01 6.552391353132910358e-03 7.301916105644743471e-01 7.545313309166234994e-01
2.545090180360721210e-01 7.388917659243914304e-01 6.122223389386483548e-03 7.332988089073019244e-01 7.550491973070947438e-01
2.565130260521041872e-01 7.403935784567579059e-01 6.583424227113740188e-03 7.338166752977731688e-01 7.581563956499223211e-01
2.585170340681362533e-01 7.415846711548418346e-01 6.846812586654944972e-03 7.348524080787156576e-01 7.602278612118072987e-01
2.605210420841683194e-01 7.436043500776799986e-01 6.072300875387257567e-03 7.374417400310719906e-01 7.602278612118072987e-01
2.625250501002003856e-01 7.443293630243397185e-01 5.863793615763171312e-03 7.374417400310719906e-01 7.602278612118072987e-01
2.645290581162324517e-01 7.460901087519419272e-01 6.162610046607961203e-03 7.400310719834283235e-01 7.628171931641636316e-01
2.665330661322645178e-01 7.482651475919213091e-01 6.365544914553150115e-03 7.421025375453133011e-01 7.659243915069912090e-01
2.685370741482965840e-01 7.497151734852407490e-01 6.363859458797224526e-03 7.431382703262557898e-01 7.674779906784049421e-01
2.705410821643286501e-01 7.508544795442775310e-01 5.851890212325212316e-03 7.452097358881408784e-01 7.674779906784049421e-01
2.725450901803607162e-01 7.519937856033143131e-01 5.960864864206413642e-03 7.452097358881408784e-01 7.685137234593475419e-01
2.745490981963927823e-01 7.530295183842568019e-01 5.726815592094560564e-03 7.467633350595546116e-01 7.690315898498187863e-01
2.765531062124248485e-01 7.544795442775763528e-01 6.817175540003612109e-03 7.483169342309684557e-01 7.736923873640600968e-01
2.785571142284569146e-01 7.557224236147075391e-01 7.036316033044702316e-03 7.493526670119109445e-01 7.752459865354738300e-01
2.805611222444889807e-01 7.572242361470740146e-01 6.888985664760587969e-03 7.514241325737959221e-01 7.757638529259450744e-01
2.825651302605209914e-01 7.586742620403935655e-01 7.032312872819457966e-03 7.524598653547385219e-01 7.773174520973589186e-01
2.845691382765530575e-01 7.604867944070429209e-01 7.195361684252342231e-03 7.534955981356810106e-01 7.799067840497151405e-01
2.865731462925851236e-01 7.612118073537026408e-01 7.534733526874413077e-03 7.540134645261522550e-01 7.814603832211289847e-01
2.885771543086171897e-01 7.635939927498706092e-01 7.357531041928966863e-03 7.576385292594510767e-01 7.835318487830139622e-01
2.905811623246492559e-01 7.654065251165198536e-01 7.709080918043883200e-03 7.591921284308648099e-01 7.861211807353702952e-01
2.925851703406813220e-01 7.668047643707923688e-01 7.360446503350812075e-03 7.602278612118072987e-01 7.861211807353702952e-01
2.945891783567133881e-01 7.677887105126878220e-01 7.558720783228970938e-03 7.607457276022786541e-01 7.866390471258415396e-01
2.965931863727454543e-01 7.692387364060073729e-01 7.587051919963714620e-03 7.628171931641636316e-01 7.887105126877265171e-01
2.985971943887775204e-01 7.711548420507507995e-01 7.299712086244824517e-03 7.633350595546348760e-01 7.892283790781978725e-01
3.006012024048095865e-01 7.725012946659761681e-01 7.511919312338157656e-03 7.638529259451061204e-01 7.907819782496116057e-01
3.026052104208416527e-01 7.734334541688243636e-01 7.361175188285119450e-03 7.648886587260487202e-01 7.907819782496116057e-01
3.046092184368737188e-01 7.745209735888141100e-01 7.221219270244784091e-03 7.659243915069912090e-01 7.912998446400828501e-01
3.066132264529057849e-01 7.759709994821336609e-01 7.280398455013969636e-03 7.674779906784049421e-01 7.928534438114965832e-01
3.086172344689378511e-01 7.773692387364061762e-01 7.700204798950127834e-03 7.674779906784049421e-01 7.949249093733816718e-01
3.106212424849699172e-01 7.784567581563955896e-01 7.518164451148405883e-03 7.690315898498187863e-01 7.959606421543241606e-01
3.126252505010019833e-01 7.798032107716210692e-01 7.395886332653406510e-03 7.690315898498187863e-01 7.959606421543241606e-01
3.146292585170340494e-01 7.806835836354220071e-01 7.544693052477200422e-03 7.700673226307612751e-01 7.975142413257380047e-01
3.166332665330661156e-01 7.816675297773174602e-01 7.643399162090150703e-03 7.700673226307612751e-01 7.975142413257380047e-01
3.186372745490981817e-01 7.830139823925427178e-01 7.272289873243702532e-03 7.721387881926462526e-01 7.975142413257380047e-01
3.206412825651302478e-01 7.844122216468150111e-01 6.870469210382680603e-03 7.742102537545313412e-01 7.975142413257380047e-01
3.226452905811623140e-01 7.859140341791817086e-01 7.059717529964563629e-03 7.747281201450025856e-01 7.990678404971517379e-01
3.246492985971943801e-01 7.867426204039358328e-01 6.802801397689500935e-03 7.757638529259450744e-01 7.995857068876229823e-01
3.266533066132264462e-01 7.882962195753496770e-01 6.826414108041032117e-03 7.778353184878301629e-01 8.011393060590367154e-01
3.286573146292585124e-01 7.899016053858103348e-01 7.404040664718183028e-03 7.783531848783014073e-01 8.047643707923355372e-01
3.306613226452905785e-01 7.908337648886586413e-01 7.534733526874404404e-03 7.799067840497151405e-01 8.068358363542206257e-01
3.326653306613226446e-01 7.919212843086482767e-01 7.599766474508175794e-03 7.814603832211289847e-01 8.078715691351631145e-01
3.346693386773546552e-01 7.938891765924391830e-01 7.371187301360150775e-03 7.824961160020714734e-01 8.083894355256343589e-01
3.366733466933867214e-01 7.957017089590885384e-01 7.086448567272926082e-03 7.845675815639564510e-01 8.099430346970482031e-01
3.386773547094187875e-01 7.967892283790781738e-01 7.224932170521082379e-03 7.850854479544278064e-01 8.120145002589331806e-01
3.406813627254508536e-01 7.980838943552563958e-01 7.136228925442814064e-03 7.856033143448990508e-01 8.130502330398756694e-01
3.426853707414829198e-01 7.996892801657171646e-01 7.042982910409135815e-03 7.876747799067840283e-01 8.140859658208182692e-01
3.446893787575149859e-01 8.009839461418952755e-01 7.918615709653086671e-03 7.876747799067840283e-01 8.156395649922320024e-01
3.466933867735470520e-01 8.022268254790263509e-01 7.199832936313025136e-03 7.912998446400828501e-01 8.156395649922320024e-01
3.486973947895791182e-01 8.034697048161574262e-01 7.254751800166690974e-03 7.933713102019679386e-01 8.166752977731744911e-01
3.507014028056111843e-01 8.051268772656652306e-01 6.656346047818970622e-03 7.964785085447954049e-01 8.166752977731744911e-01
3.527054108216432504e-01 8.061626100466078304e-01 6.847008430896001085e-03 7.964785085447954049e-01 8.182288969445883353e-01
3.547094188376753165e-01 8.074572760227860524e-01 6.966409827364157883e-03 7.975142413257380047e-01 8.192646297255308241e-01
3.567134268537073827e-01 8.084930088037285412e-01 6.731466311453931407e-03 7.985499741066804935e-01 8.192646297255308241e-01
3.587174348697394488e-01 8.098394614189539098e-01 7.054397184405094938e-03 7.990678404971517379e-01 8.213360952874158016e-01
3.607214428857715149e-01 8.108751941998963986e-01 6.939409632314881560e-03 8.006214396685654711e-01 8.223718280683584014e-01
3.627254509018035811e-01 8.118073537027447051e-01 6.764849629335227023e-03 8.016571724495080709e-01 8.244432936302433790e-01
3.647294589178356472e-01 8.137234593474882427e-01 7.231796010676127054e-03 8.037286380113930484e-01 8.275504919730709563e-01
3.667334669338677133e-01 8.152252718798550513e-01 7.256784694190941340e-03 8.047643707923355372e-01 8.291040911444846895e-01
3.687374749498997795e-01 8.163645779388918333e-01 7.754865477922294296e-03 8.052822371828067816e-01 8.301398239254272893e-01
3.707414829659318456e-01 8.169342309684102243e-01 7.689051642615740700e-03 8.052822371828067816e-01 8.306576903158985337e-01
3.727454909819639117e-01 8.185914034179182508e-01 7.246614521190891840e-03 8.073537027446918701e-01 8.316934230968410224e-01
3.747494989979959779e-01 8.197307094769549218e-01 7.668795203204415920e-03 8.073537027446918701e-01 8.342827550491973554e-01
3.767535070140280440e-01 8.206110823407559707e-01 7.437109506376496197e-03 8.083894355256343589e-01 8.353184878301398442e-01
3.787575150300601101e-01 8.211289487312273261e-01 7.382820667922018049e-03 8.094251683065768477e-01 8.358363542206110886e-01
3.807615230460921762e-01 8.222164681512168505e-01 7.737034794696183264e-03 8.094251683065768477e-01 8.368720870015535773e-01
3.827655310621242424e-01 8.232522009321595613e-01 8.135778237888555836e-03 8.099430346970482031e-01 8.379078197824960661e-01
3.847695390781562530e-01 8.243397203521490857e-01 7.914381110204994282e-03 8.104609010875194475e-01 8.379078197824960661e-01
3.867735470941883191e-01 8.252718798549973922e-01 7.922509542107991631e-03 8.114966338684619362e-01 8.384256861729674215e-01
3.887775551102203853e-01 8.268772656654583830e-01 7.747426590382609952e-03 8.130502330398756694e-01 8.394614189539099103e-01
3.907815631262524514e-01 8.276540652511652496e-01 7.503882210949738493e-03 8.135680994303470248e-01 8.394614189539099103e-01
3.927855711422845175e-01 8.287415846711547740e-01 7.635851684241712692e-03 8.151216986017607580e-01 8.399792853443811547e-01
3.947895791583165837e-01 8.295701708959087872e-01 7.994119478585843749e-03 8.151216986017607580e-01 8.404971517348523991e-01
3.967935871743486498e-01 8.301916105644743249e-01 7.769549300911436120e-03 8.156395649922320024e-01 8.404971517348523991e-01
3.987975951903807159e-01 8.308648368720870092e-01 8.129677660565680364e-03 8.156395649922320024e-01 8.425686172967374876e-01
4.008016032064127820e-01 8.321595028482653422e-01 7.906413923286012904e-03 8.177110305541170909e-01 8.436043500776799764e-01
4.028056112224448482e-01 8.330398757120661690e-01 7.639889634763340383e-03 8.182288969445883353e-01 8.436043500776799764e-01
4.048096192384769143e-01 8.343345416882442800e-01 7.318058631935669273e-03 8.197824961160020685e-01 8.446400828586224652e-01
4.068136272545089804e-01 8.353702744691868798e-01 7.292360543933401260e-03 8.203003625064733129e-01 8.446400828586224652e-01
4.088176352705410466e-01 8.361470740548938574e-01 7.692364423667386909e-03 8.213360952874158016e-01 8.477472812014500425e-01
4.108216432865731127e-01 8.367685137234592840e-01 7.961679975547423377e-03 8.218539616778871570e-01 8.487830139823925313e-01
4.128256513026051788e-01 8.384774728120145681e-01 8.639060722850320020e-03 8.234075608493008902e-01 8.518902123252201086e-01
4.148296593186372450e-01 8.395132055929570569e-01 8.740903564414917101e-03 8.249611600207146234e-01 8.529259451061625974e-01
4.168336673346693111e-01 8.407560849300880212e-01 8.626012651883606733e-03 8.254790264111858678e-01 8.534438114966338418e-01
4.188376753507013772e-01 8.416882444329362167e-01 8.693525376933762538e-03 8.259968928016572232e-01 8.544795442775763306e-01
4.208416833667334433e-01 8.427239772138788165e-01 8.764190620470242721e-03 8.275504919730709563e-01 8.549974106680476860e-01
4.228456913827655095e-01 8.438114966338685630e-01 8.325255914700620957e-03 8.296219575349559339e-01 8.555152770585189304e-01
4.248496993987975756e-01 8.450025893319523806e-01 7.695327282073737701e-03 8.316934230968410224e-01 8.565510098394614191e-01
4.268537074148296417e-01 8.458311755567062828e-01 7.854003404845297936e-03 8.322112894873122668e-01 8.575867426204039079e-01
4.288577154308617079e-01 8.469186949766959183e-01 8.129677660565676894e-03 8.348006214396685998e-01 8.596582081822889965e-01
4.308617234468937740e-01 8.474883480062143093e-01 8.221689611728897479e-03 8.353184878301398442e-01 8.606939409632314852e-01
4.328657314629258401e-01 8.487830139823925313e-01 8.668656451030935101e-03 8.368720870015535773e-01 8.622475401346452184e-01
4.348697394789579063e-01 8.500776799585707533e-01 8.367188922035183676e-03 8.384256861729674215e-01 8.632832729155878182e-01
4.368737474949899169e-01 8.510098394614189488e-01 8.379359850955033287e-03 8.399792853443811547e-01 8.638011393060590626e-01
4.388777555110219830e-01 8.515794924909373398e-01 8.484794754680559728e-03 8.404971517348523991e-01 8.653547384774727957e-01
4.408817635270540491e-01 8.526670119109269752e-01 8.928503184653895433e-03 8.404971517348523991e-01 8.679440704298291287e-01
4.428857715430861153e-01 8.544277576385292949e-01 9.451451791354833695e-03 8.420507509062661322e-01 8.720870015535991948e-01
4.448897795591181814e-01 8.556706369756603703e-01 9.188444276694652038e-03 8.436043500776799764e-01 8.731227343345416836e-01
4.468937875751502475e-01 8.563956499223200902e-01 8.822139338379410972e-03 8.451579492490937096e-01 8.736406007250129280e-01
4.488977955911823137e-01 8.575349559813568723e-01 8.614190224024967715e-03 8.461936820300361983e-01 8.741584671154841724e-01
4.509018036072143798e-01 8.585706887622993611e-01 8.403010543691991421e-03 8.472294148109787981e-01 8.746763335059554167e-01
4.529058116232464459e-01 8.597099948213362541e-01 8.251644779838121849e-03 8.477472812014500425e-01 8.757120662868980165e-01
4.549098196392785121e-01 8.604867944070428987e-01 7.908957514495100483e-03 8.503366131538062644e-01 8.762299326773692609e-01
4.569138276553105782e-01 8.612635939927498763e-01 8.107379866941476568e-03 8.524080787156913530e-01 8.772656654583117497e-01
4.589178356713426443e-01 8.620921802175038895e-01 7.864240639906020305e-03 8.529259451061625974e-01 8.772656654583117497e-01
4.609218436873747105e-01 8.631796996374934139e-01 8.252782231739551333e-03 8.529259451061625974e-01 8.788192646297254829e-01
4.629258517034067766e-01 8.640082858622475381e-01 8.123077287909364133e-03 8.544795442775763306e-01 8.793371310201968383e-01
4.649298597194388427e-01 8.656654583117553425e-01 7.572899600385663184e-03 8.555152770585189304e-01 8.808907301916105714e-01
4.669338677354709088e-01 8.664422578974624312e-01 7.838280342831079051e-03 8.565510098394614191e-01 8.824443293630243046e-01
4.689378757515029750e-01 8.678404971517348354e-01 7.701423695503399440e-03 8.575867426204039079e-01 8.834800621439669044e-01
4.709418837675350411e-01 8.687208700155359953e-01 7.541137589012799312e-03 8.586224754013465077e-01 8.839979285344381488e-01
4.729458917835671072e-01 8.695494562402898975e-01 7.872420843017202685e-03 8.586224754013465077e-01 8.860693940963231263e-01
4.749498997995991734e-01 8.703780424650439107e-01 8.340864827803246007e-03 8.586224754013465077e-01 8.871051268772656151e-01
4.769539078156312395e-01 8.712066286897981460e-01 7.881273148465855333e-03 8.591403417918177521e-01 8.871051268772656151e-01
4.789579158316633056e-01 8.723977213878818526e-01 7.328129653571732391e-03 8.617296737441739740e-01 8.876229932677369705e-01
4.809619238476953718e-01 8.734334541688244524e-01 7.772137683999840417e-03 8.617296737441739740e-01 8.886587260486794593e-01
4.829659318637274379e-01 8.742102537545314300e-01 7.445218689139118141e-03 8.658726048679440401e-01 8.896944588296219480e-01
4.849699398797595040e-01 8.751424132573795145e-01 7.277635180744688494e-03 8.674262040393578843e-01 8.902123252200931924e-01
4.869739478957915702e-01 8.757120662868980165e-01 7.342023241200309330e-03 8.674262040393578843e-01 8.912480580010356812e-01
4.889779559118235808e-01 8.764888658726048831e-01 7.254751800166712658e-03 8.684619368203003731e-01 8.917659243915070366e-01
4.909819639278556469e-01 8.774210253754531896e-01 7.723157316514780990e-03 8.689798032107716175e-01 8.943552563438632586e-01
4.929859719438877130e-01 8.782496116002069808e-01 7.980689052907798814e-03 8.705334023821853506e-01 8.959088555152771027e-01
4.949899799599197792e-01 8.789228379078197761e-01 7.846316713213325952e-03 8.710512687726567060e-01 8.964267219057483471e-01
4.969939879759518453e-01 8.797514241325737894e-01 8.091983421905578691e-03 8.715691351631279504e-01 8.979803210771620803e-01
4.989979959919839114e-01 8.809425168306574960e-01 8.202748611135813120e-03 8.726048679440704392e-01 9.000517866390471688e-01
5.010020040080159776e-01 8.818228896944587669e-01 8.269014461403245350e-03 8.726048679440704392e-01 9.005696530295184132e-01
5.030060120240480437e-01 8.825479026411185979e-01 8.470875911172372902e-03 8.726048679440704392e-01 9.016053858104609020e-01
5.050100200400801098e-01 8.829104091144482913e-01 8.258142394750860038e-03 8.731227343345416836e-01 9.016053858104609020e-01
5.070140280561121759e-01 8.837389953392023045e-01 8.306066769728332258e-03 8.741584671154841724e-01 9.031589849818746352e-01
5.090180360721442421e-01 8.847229414810978687e-01 8.792145180612831457e-03 8.746763335059554167e-01 9.052304505437597237e-01
5.110220440881763082e-01 8.853443811496634064e-01 8.810427889440381605e-03 8.751941998964267722e-01 9.057483169342309681e-01
5.130260521042083743e-01 8.863283272915589706e-01 8.660144489954623576e-03 8.767477990678405053e-01 9.062661833247022125e-01
5.150300601202404405e-01 8.871569135163127617e-01 8.820315200375523912e-03 8.767477990678405053e-01 9.073019161056447013e-01
5.170340681362725066e-01 8.878819264629725927e-01 8.807535655978753972e-03 8.772656654583117497e-01 9.078197824961160567e-01
5.190380761523045727e-01 8.886587260486793483e-01 9.097366413417937864e-03 8.772656654583117497e-01 9.088555152770585455e-01
5.210420841683366389e-01 8.896426721905748014e-01 8.991956186253615563e-03 8.783013982392542385e-01 9.104091144484722786e-01
5.230460921843687050e-01 8.906784049715174012e-01 8.959088555152773178e-03 8.788192646297254829e-01 9.104091144484722786e-01
5.250501002004007711e-01 8.912998446400829389e-01 8.892988873612653680e-03 8.793371310201968383e-01 9.109269808389435230e-01
5.270541082164328373e-01 8.927498705334022677e-01 8.920088855122588686e-03 8.808907301916105714e-01 9.124805800103573672e-01
5.290581162324649034e-01 8.938373899533920142e-01 9.117978695835832204e-03 8.808907301916105714e-01 9.140341791817711004e-01
5.310621242484969695e-01 8.941481097876747830e-01 9.399524643843321786e-03 8.808907301916105714e-01 9.150699119627135891e-01
5.330661322645290356e-01 8.949249093733817606e-01 9.089846038564726449e-03 8.824443293630243046e-01 9.155877783531848335e-01
5.350701402805611018e-01 8.958052822371828094e-01 8.689668410232729082e-03 8.845157949249093932e-01 9.155877783531848335e-01
5.370741482965931679e-01 8.964267219057482361e-01 8.987630512653197595e-03 8.845157949249093932e-01 9.171413775245986777e-01
5.390781563126252340e-01 8.973588814085966536e-01 8.714323498539882501e-03 8.860693940963231263e-01 9.176592439150699221e-01
5.410821643286573002e-01 8.987571206628690579e-01 8.286671374269034829e-03 8.886587260486794593e-01 9.181771103055411665e-01
5.430861723446893663e-01 8.996892801657171423e-01 8.363341791019735655e-03 8.891765924391507037e-01 9.197307094769548996e-01
5.450901803607214324e-01 9.004142931123771953e-01 8.417678833734903651e-03 8.896944588296219480e-01 9.202485758674262550e-01
5.470941883767534986e-01 9.018125323666493776e-01 8.481633386876559141e-03 8.907301916105644368e-01 9.202485758674262550e-01
5.490981963927855647e-01 9.027446918694976841e-01 8.394548697235498444e-03 8.907301916105644368e-01 9.202485758674262550e-01
5.511022044088176308e-01 9.030554117037803419e-01 8.368951599385093115e-03 8.907301916105644368e-01 9.202485758674262550e-01
5.531062124248496970e-01 9.036250647332988439e-01 8.418953129444234698e-03 8.907301916105644368e-01 9.202485758674262550e-01
5.551102204408817631e-01 9.041429311237699773e-01 8.617302961795145558e-03 8.907301916105644368e-01 9.212843086483687438e-01
5.571142284569138292e-01 9.044536509580527461e-01 8.712630694651444727e-03 8.912480580010356812e-01 9.212843086483687438e-01
5.591182364729458953e-01 9.052304505437597237e-01 8.462006544986118081e-03 8.917659243915070366e-01 9.218021750388399882e-01
5.611222444889779615e-01 9.060072501294668124e-01 8.113331937145466799e-03 8.928016571724495254e-01 9.218021750388399882e-01
5.631262525050100276e-01 9.067322630761264213e-01 7.773000286824219285e-03 8.948731227343345029e-01 9.223200414293112326e-01
5.651302605210419827e-01 9.074054893837388835e-01 7.978504473359194701e-03 8.948731227343345029e-01 9.233557742102537214e-01
5.671342685370740488e-01 9.079233557742101279e-01 8.012047480399258140e-03 8.959088555152771027e-01 9.238736406007249657e-01
5.691382765531061150e-01 9.085447954427758877e-01 8.182288969445903129e-03 8.964267219057483471e-01 9.249093733816675655e-01
5.711422845691381811e-01 9.093733816675297899e-01 8.321389397308974131e-03 8.969445882962195915e-01 9.264629725530812987e-01
5.731462925851702472e-01 9.102537545313309497e-01 8.204710052725558769e-03 8.974624546866908359e-01 9.274987053340237875e-01
5.751503006012023134e-01 9.109787674779907807e-01 8.084191268714275777e-03 8.979803210771620803e-01 9.274987053340237875e-01
5.771543086172343795e-01 9.116519937856033540e-01 7.979848900780205090e-03 8.990160538581045691e-01 9.280165717244950319e-01
5.791583166332664456e-01 9.123252200932159273e-01 7.901663695626691408e-03 8.990160538581045691e-01 9.280165717244950319e-01
5.811623246492985118e-01 9.128948731227340962e-01 7.887225836766844494e-03 8.990160538581045691e-01 9.285344381149663873e-01
5.831663326653305779e-01 9.131538063179698295e-01 7.888075854102914730e-03 8.990160538581045691e-01 9.285344381149663873e-01
5.851703406813626440e-01 9.136198860693941493e-01 8.082034665934507284e-03 8.990160538581045691e-01 9.295701708959088760e-01
5.871743486973947102e-01 9.145002589331951981e-01 7.943638300096939747e-03 8.995339202485758134e-01 9.300880372863801204e-01
5.891783567134267763e-01 9.151216986017607358e-01 8.100761326414698815e-03 9.000517866390471688e-01 9.311237700673226092e-01
5.911823647294588424e-01 9.157949249093734201e-01 7.789371590663138854e-03 9.005696530295184132e-01 9.311237700673226092e-01
5.931863727454909085e-01 9.165717244950801756e-01 7.587935563520829471e-03 9.021232522009321464e-01 9.316416364577938536e-01
5.951903807615229747e-01 9.172449508026929710e-01 7.610345710024377097e-03 9.031589849818746352e-01 9.321595028482650980e-01
5.971943887775550408e-01 9.181253236664941308e-01 7.644276292165222766e-03 9.041947177628172350e-01 9.337131020196789422e-01
5.991983967935871069e-01 9.190056965302952907e-01 7.494584159554863560e-03 9.062661833247022125e-01 9.342309684101501865e-01
6.012024048096191731e-01 9.194717762817192774e-01 7.537580448442710371e-03 9.073019161056447013e-01 9.352667011910926753e-01
6.032064128256512392e-01 9.203003625064732907e-01 7.640767167718397895e-03 9.073019161056447013e-01 9.357845675815639197e-01
6.052104208416833053e-01 9.210253754531331216e-01 7.664597531839465253e-03 9.078197824961160567e-01 9.357845675815639197e-01
6.072144288577153715e-01 9.216986017607459170e-01 7.384999883987930329e-03 9.083376488865873011e-01 9.357845675815639197e-01
6.092184368737474376e-01 9.221646815121700147e-01 7.224375357128050117e-03 9.088555152770585455e-01 9.363024339720351641e-01
6.112224448897795037e-01 9.228379078197825880e-01 7.111947964827704249e-03 9.104091144484722786e-01 9.363024339720351641e-01
6.132264529058115698e-01 9.236147074054894546e-01 7.048502117460479603e-03 9.109269808389435230e-01 9.363024339720351641e-01
6.152304609218436360e-01 9.245468669083376501e-01 7.338552310274373824e-03 9.119627136198861228e-01 9.378560331434490083e-01
6.172344689378757021e-01 9.247540134645262366e-01 7.440174014198858155e-03 9.119627136198861228e-01 9.378560331434490083e-01
6.192384769539077682e-01 9.251683065769032988e-01 7.404765059658253816e-03 9.119627136198861228e-01 9.378560331434490083e-01
6.212424849699398344e-01 9.258415328845158720e-01 7.514596435926257888e-03 9.119627136198861228e-01 9.383738995339202527e-01
6.232464929859719005e-01 9.267219057483171429e-01 7.678580845689092493e-03 9.119627136198861228e-01 9.388917659243914970e-01
6.252505010020039666e-01 9.272397721387882763e-01 7.433682973206704077e-03 9.129984464008286116e-01 9.388917659243914970e-01
6.272545090180360328e-01 9.280165717244951429e-01 7.536690900974176745e-03 9.145520455722423447e-01 9.409632314862765856e-01
6.292585170340680989e-01 9.287933713102018984e-01 7.430074389026504640e-03 9.150699119627135891e-01 9.414810978767478300e-01
6.312625250501001650e-01 9.295701708959086540e-01 7.565104539544353218e-03 9.155877783531848335e-01 9.414810978767478300e-01
6.332665330661322312e-01 9.305023303987571826e-01 7.374097363574345573e-03 9.166235111341274333e-01 9.414810978767478300e-01
6.352705410821642973e-01 9.308648368720870980e-01 7.426464051403702284e-03 9.166235111341274333e-01 9.414810978767478300e-01
6.372745490981963634e-01 9.316934230968410002e-01 7.473980083363480041e-03 9.176592439150699221e-01 9.419989642672190744e-01
6.392785571142284295e-01 9.326773692387364534e-01 7.179503604608333291e-03 9.192128430864836552e-01 9.430346970481615632e-01
6.412825651302604957e-01 9.332470222682547334e-01 7.251793846096370351e-03 9.197307094769548996e-01 9.445882962195752963e-01
6.432865731462925618e-01 9.337131020196789422e-01 7.085502382801458533e-03 9.202485758674262550e-01 9.445882962195752963e-01
6.452905811623246279e-01 9.342827550491973332e-01 7.244393676970431982e-03 9.202485758674262550e-01 9.445882962195752963e-01
6.472945891783566941e-01 9.349041947177628709e-01 6.644247989749302308e-03 9.238736406007249657e-01 9.451061626100466517e-01
6.492985971943887602e-01 9.355256343863282975e-01 6.326665832662150581e-03 9.249093733816675655e-01 9.456240290005178961e-01
6.513026052104208263e-01 9.364577938891764930e-01 6.393290784021527645e-03 9.254272397721388099e-01 9.461418953909891405e-01
6.533066132264528925e-01 9.369238736406005907e-01 6.703519886187224962e-03 9.254272397721388099e-01 9.471776281719316293e-01
6.553106212424849586e-01 9.373899533920246885e-01 6.457567552264886594e-03 9.269808389435525431e-01 9.471776281719316293e-01
6.573146292585170247e-01 9.378560331434488972e-01 6.591363056114895973e-03 9.269808389435525431e-01 9.471776281719316293e-01
6.593186372745490909e-01 9.381667529777317771e-01 6.419036947631772023e-03 9.280165717244950319e-01 9.476954945624028737e-01
6.613226452905811570e-01 9.388917659243916081e-01 6.640008461864148684e-03 9.290523045054376317e-01 9.492490937338167178e-01
6.633266533066132231e-01 9.390471258415328260e-01 6.748377320575798394e-03 9.290523045054376317e-01 9.497669601242879622e-01
6.653306613226452892e-01 9.400828586224754257e-01 6.313086549003706083e-03 9.300880372863801204e-01 9.497669601242879622e-01
6.673346693386772444e-01 9.410150181253236212e-01 6.111920483637922098e-03 9.306059036768513648e-01 9.497669601242879622e-01
6.693386773547093105e-01 9.418436043500776345e-01 6.270461751613849895e-03 9.316416364577938536e-01 9.513205592957016954e-01
6.713426853707413766e-01 9.425686172967374654e-01 6.428430512522665535e-03 9.321595028482650980e-01 9.523562920766441842e-01
6.733466933867734427e-01 9.436043500776799542e-01 6.641825733748342106e-03 9.331952356292076978e-01 9.533920248575867840e-01
6.753507014028055089e-01 9.441222164681513096e-01 6.580979583796219522e-03 9.342309684101501865e-01 9.533920248575867840e-01
6.773547094188375750e-01 9.445882962195752963e-01 6.505358362482545863e-03 9.352667011910926753e-01 9.533920248575867840e-01
6.793587174348696411e-01 9.449508026929052118e-01 6.700518713111001598e-03 9.352667011910926753e-01 9.544277576385292727e-01
6.813627254509017073e-01 9.455722423614707495e-01 6.593193736071356441e-03 9.357845675815639197e-01 9.554634904194717615e-01
6.833667334669337734e-01 9.461936820300362871e-01 6.365544914553144043e-03 9.363024339720351641e-01 9.559813568099430059e-01
6.853707414829658395e-01 9.468669083376489715e-01 6.410675556890218195e-03 9.368203003625065195e-01 9.564992232004142503e-01
6.873747494989979057e-01 9.475401346452615448e-01 6.021741837452280859e-03 9.383738995339202527e-01 9.564992232004142503e-01
6.893787575150299718e-01 9.481615743138270824e-01 6.059036768513729500e-03 9.399274987053339858e-01 9.575349559813568501e-01
6.913827655310620379e-01 9.487312273433452514e-01 6.179775821927004087e-03 9.404453650958052302e-01 9.580528223718280945e-01
6.933867735470941041e-01 9.491973070947693492e-01 5.879323241255181298e-03 9.409632314862765856e-01 9.580528223718280945e-01
6.953907815631261702e-01 9.497151734852409266e-01 5.883882977663611527e-03 9.419989642672190744e-01 9.585706887622993388e-01
6.973947895791582363e-01 9.498187467633352199e-01 5.782738301355926265e-03 9.419989642672190744e-01 9.585706887622993388e-01
6.993987975951903024e-01 9.502330398757120600e-01 5.646643763455086278e-03 9.430346970481615632e-01 9.585706887622993388e-01
7.014028056112223686e-01 9.513723459347488420e-01 5.541170378042454756e-03 9.451061626100466517e-01 9.601242879337130720e-01
7.034068136272544347e-01 9.518384256861729398e-01 5.240439416125742753e-03 9.456240290005178961e-01 9.601242879337130720e-01
7.054108216432865008e-01 9.520455722423614153e-01 5.272073161107987578e-03 9.456240290005178961e-01 9.601242879337130720e-01
7.074148296593185670e-01 9.527187985499739886e-01 5.058417533321072149e-03 9.461418953909891405e-01 9.606421543241843164e-01
7.094188376753506331e-01 9.532366649404453440e-01 4.620633667259314500e-03 9.466597617814603849e-01 9.606421543241843164e-01
7.114228456913826992e-01 9.537027446918695528e-01 4.437966915717969120e-03 9.466597617814603849e-01 9.606421543241843164e-01
7.134268537074147654e-01 9.543241843604348684e-01 4.148106555049355798e-03 9.476954945624028737e-01 9.606421543241843164e-01
7.154308617234468315e-01 9.546866908337647839e-01 4.059557244384477161e-03 9.482133609528741180e-01 9.611600207146556718e-01
7.174348697394788976e-01 9.553081305023303216e-01 3.861839085966275488e-03 9.487312273433453624e-01 9.616778871051269162e-01
7.194388777555109638e-01 9.560849300880371882e-01 3.942592710652375460e-03 9.487312273433453624e-01 9.621957534955981606e-01
7.214428857715430299e-01 9.564992232004143613e-01 3.950746995911075601e-03 9.487312273433453624e-01 9.627136198860694050e-01
7.234468937875750960e-01 9.569135163127914234e-01 4.010038463512354857e-03 9.492490937338167178e-01 9.632314862765406493e-01
7.254509018036071621e-01 9.572242361470740812e-01 3.750153700721214119e-03 9.502848265147592066e-01 9.632314862765406493e-01
7.274549098196392283e-01 9.576385292594510323e-01 3.718554753188240292e-03 9.502848265147592066e-01 9.637493526670118937e-01
7.294589178356712944e-01 9.578974624546866545e-01 3.543129670242842894e-03 9.513205592957016954e-01 9.637493526670118937e-01
7.314629258517033605e-01 9.583117555670636056e-01 3.671011620600156834e-03 9.518384256861729398e-01 9.647850854479543825e-01
7.334669338677354267e-01 9.587260486794407788e-01 3.854888326037587010e-03 9.523562920766441842e-01 9.658208182288969823e-01
7.354709418837674928e-01 9.591403417918176189e-01 4.034375288153792261e-03 9.523562920766441842e-01 9.663386846193682267e-01
7.374749498997995589e-01 9.597617814603832676e-01 3.903283725781725964e-03 9.533920248575867840e-01 9.668565510098394711e-01
7.394789579158316251e-01 9.603832211289488052e-01 3.574778841102513836e-03 9.554634904194717615e-01 9.668565510098394711e-01
7.414829659318636912e-01 9.610046607975142319e-01 3.283860976175606051e-03 9.564992232004142503e-01 9.668565510098394711e-01
7.434869739478957573e-01 9.614707405489383296e-01 3.413207054020529936e-03 9.564992232004142503e-01 9.673744174003107155e-01
7.454909819639278235e-01 9.619886069394096850e-01 3.252266901731229367e-03 9.570170895908856057e-01 9.673744174003107155e-01
7.474949899799598896e-01 9.625582599689279650e-01 3.308270585952221080e-03 9.575349559813568501e-01 9.684101501812532042e-01
7.494989979959919557e-01 9.631279129984463561e-01 3.449161223272238872e-03 9.580528223718280945e-01 9.694458829621958040e-01
7.515030060120240218e-01 9.635422061108233072e-01 3.108924084889423938e-03 9.596064215432418276e-01 9.694458829621958040e-01
7.535070140280560880e-01 9.641636457793889559e-01 2.825102371203716978e-03 9.606421543241843164e-01 9.694458829621958040e-01
7.555110220440881541e-01 9.649404453650957114e-01 2.760281299065022158e-03 9.616778871051269162e-01 9.699637493526670484e-01
7.575150300601202202e-01 9.656654583117555424e-01 3.267486598518350334e-03 9.616778871051269162e-01 9.725530813050232704e-01
7.595190380761522864e-01 9.660279647850853468e-01 3.373691864298766947e-03 9.621957534955981606e-01 9.730709476954945147e-01
7.615230460921843525e-01 9.663904712584152623e-01 3.287126063709672544e-03 9.632314862765406493e-01 9.735888140859658701e-01
7.635270541082164186e-01 9.668047643707924355e-01 3.187718984259441720e-03 9.632314862765406493e-01 9.741066804764371145e-01
7.655310621242484848e-01 9.675297773174520444e-01 3.150483930451614990e-03 9.637493526670118937e-01 9.746245468669083589e-01
7.675350701402805509e-01 9.679440704298289955e-01 3.085110514470538502e-03 9.637493526670118937e-01 9.751424132573796033e-01
7.695390781563125060e-01 9.685655100983945331e-01 2.911588357715304970e-03 9.642672190574831381e-01 9.751424132573796033e-01
7.715430861723445721e-01 9.689798032107717063e-01 2.924455288139920194e-03 9.653029518384257379e-01 9.756602796478508477e-01
7.735470941883766383e-01 9.694976696012430617e-01 3.111079916287006874e-03 9.653029518384257379e-01 9.761781460383220921e-01
7.755511022044087044e-01 9.700155359917141951e-01 3.246076425523521450e-03 9.663386846193682267e-01 9.766960124287933365e-01
7.775551102204407705e-01 9.705334023821855505e-01 3.492815894130985206e-03 9.663386846193682267e-01 9.782496116002071807e-01
7.795591182364728366e-01 9.709476954945623906e-01 3.591245664958235464e-03 9.663386846193682267e-01 9.782496116002071807e-01
7.815631262525049028e-01 9.717244950802694792e-01 3.785741456757552373e-03 9.663386846193682267e-01 9.787674779906784250e-01
7.835671342685369689e-01 9.720352149145519149e-01 3.819593767910050251e-03 9.663386846193682267e-01 9.787674779906784250e-01
7.855711422845690350e-01 9.723459347488347948e-01 4.012712714202060216e-03 9.663386846193682267e-01 9.792853443811496694e-01
7.875751503006011012e-01 9.728638011393062612e-01 3.904314205069036713e-03 9.673744174003107155e-01 9.792853443811496694e-01
7.895791583166331673e-01 9.735888140859657591e-01 4.226246662476040514e-03 9.673744174003107155e-01 9.813568099430346470e-01
7.915831663326652334e-01 9.738477472812014923e-01 4.284542473717859769e-03 9.673744174003107155e-01 9.813568099430346470e-01
7.935871743486972996e-01 9.742620403935784434e-01 4.333090553238499662e-03 9.673744174003107155e-01 9.813568099430346470e-01
7.955911823647293657e-01 9.745727602278613233e-01 4.390884041684409676e-03 9.673744174003107155e-01 9.818746763335060024e-01
7.975951903807614318e-01 9.751424132573797143e-01 4.314172055858846860e-03 9.673744174003107155e-01 9.818746763335060024e-01
7.995991983967934980e-01 9.754531330916623721e-01 4.124765976538565145e-03 9.684101501812532042e-01 9.818746763335060024e-01
8.016032064128255641e-01 9.757638529259450300e-01 3.887793760564153388e-03 9.694458829621958040e-01 9.818746763335060024e-01
8.036072144288576302e-01 9.765924391506992652e-01 3.894685795331585907e-03 9.709994821336095372e-01 9.823925427239772468e-01
8.056112224448896963e-01 9.767995857068875187e-01 3.983197208291965226e-03 9.709994821336095372e-01 9.823925427239772468e-01
8.076152304609217625e-01 9.772138788192645809e-01 4.406431359126390668e-03 9.709994821336095372e-01 9.839461418953909799e-01
8.096192384769538286e-01 9.774728120145003141e-01 4.321935553331194939e-03 9.709994821336095372e-01 9.839461418953909799e-01
8.116232464929858947e-01 9.776799585706887896e-01 4.184475799692542221e-03 9.715173485240807816e-01 9.839461418953909799e-01
8.136272545090179609e-01 9.780942516830656297e-01 4.245556979608400630e-03 9.720352149145520260e-01 9.844640082858622243e-01
8.156312625250500270e-01 9.783531848783013629e-01 4.224977328714896001e-03 9.725530813050232704e-01 9.849818746763334687e-01
8.176352705410820931e-01 9.786121180735369851e-01 4.044997324739198034e-03 9.725530813050232704e-01 9.849818746763334687e-01
8.196392785571141593e-01 9.788710512687727183e-01 3.887793760564152521e-03 9.730709476954945147e-01 9.849818746763334687e-01
8.216432865731462254e-01 9.792335577421026338e-01 3.723239661940677334e-03 9.735888140859658701e-01 9.849818746763334687e-01
8.236472945891782915e-01 9.794407042982908873e-01 3.595723529122713414e-03 9.741066804764371145e-01 9.849818746763334687e-01
8.256513026052103577e-01 9.796478508544794739e-01 3.565764885572647244e-03 9.741066804764371145e-01 9.849818746763334687e-01
8.276553106212424238e-01 9.799067840497152071e-01 3.653069308865545227e-03 9.741066804764371145e-01 9.860176074572760685e-01
8.296593186372744899e-01 9.803728638011390828e-01 3.679767772861841386e-03 9.746245468669083589e-01 9.865354738477473129e-01
8.316633266533065560e-01 9.804764370792335981e-01 3.543129670242851567e-03 9.751424132573796033e-01 9.865354738477473129e-01
8.336673346693386222e-01 9.810978767477991358e-01 3.692863073227770857e-03 9.751424132573796033e-01 9.865354738477473129e-01
8.356713426853706883e-01 9.817193164163645624e-01 3.705912100013430705e-03 9.756602796478508477e-01 9.875712066286898017e-01
8.376753507014027544e-01 9.821336095287414025e-01 3.529478863053080780e-03 9.766960124287933365e-01 9.880890730191610460e-01
8.396793587174348206e-01 9.823925427239771357e-01 3.450715950068918535e-03 9.766960124287933365e-01 9.880890730191610460e-01
8.416833667334668867e-01 9.826514759192127579e-01 3.219529993240726699e-03 9.772138788192645809e-01 9.880890730191610460e-01
8.436873747494989528e-01 9.833764888658726999e-01 3.430840409125202137e-03 9.772138788192645809e-01 9.886069394096322904e-01
8.456913827655310190e-01 9.836354220611081001e-01 3.333708325102225419e-03 9.777317452097359363e-01 9.891248058001035348e-01
8.476953907815630851e-01 9.837389953392025044e-01 3.276911863191353004e-03 9.777317452097359363e-01 9.891248058001035348e-01
8.496993987975951512e-01 9.839979285344382376e-01 3.237804046057062620e-03 9.777317452097359363e-01 9.891248058001035348e-01
8.517034068136272174e-01 9.843086483687208954e-01 3.192762846566186107e-03 9.782496116002071807e-01 9.891248058001035348e-01
8.537074148296592835e-01 9.847229414810978465e-01 3.039571329016906628e-03 9.792853443811496694e-01 9.896426721905747792e-01
8.557114228456913496e-01 9.852408078715690909e-01 2.922620623412219322e-03 9.808389435525634026e-01 9.906784049715173790e-01
8.577154308617234157e-01 9.855515277058518597e-01 2.996921034951900362e-03 9.808389435525634026e-01 9.906784049715173790e-01
8.597194388777554819e-01 9.858622475401347396e-01 3.201151623102138633e-03 9.813568099430346470e-01 9.917141377524598678e-01
8.617234468937875480e-01 9.860693940963232151e-01 3.145372271167313442e-03 9.813568099430346470e-01 9.917141377524598678e-01
8.637274549098196141e-01 9.863801139306058730e-01 3.124842017927615193e-03 9.818746763335060024e-01 9.917141377524598678e-01
8.657314629258516803e-01 9.866908337648887528e-01 2.993339413074759970e-03 9.823925427239772468e-01 9.917141377524598678e-01
8.677354709418837464e-01 9.870015535991711886e-01 2.840722558654068270e-03 9.829104091144484912e-01 9.917141377524598678e-01
8.697394789579158125e-01 9.873640600725014371e-01 2.761738296421204983e-03 9.829104091144484912e-01 9.917141377524598678e-01
8.717434869739478787e-01 9.879854997410667528e-01 3.026750739762289113e-03 9.829104091144484912e-01 9.922320041429311122e-01
8.737474949899798338e-01 9.884515794924910725e-01 2.874508355541777888e-03 9.834282755049197355e-01 9.922320041429311122e-01
8.757515030060118999e-01 9.889176592439150593e-01 2.761738296421214090e-03 9.844640082858622243e-01 9.927498705334023565e-01
8.777555110220439660e-01 9.891248058001036458e-01 2.779162685654845352e-03 9.849818746763334687e-01 9.932677369238736009e-01
8.797595190380760322e-01 9.894355256343864147e-01 2.781091990077177653e-03 9.849818746763334687e-01 9.932677369238736009e-01
8.817635270541080983e-01 9.896426721905747792e-01 2.827000323968141462e-03 9.849818746763334687e-01 9.932677369238736009e-01
8.837675350701401644e-01 9.899533920248575480e-01 3.003625064733300102e-03 9.849818746763334687e-01 9.937856033143448453e-01
8.857715430861722306e-01 9.900569653029517303e-01 2.936809296480118094e-03 9.849818746763334687e-01 9.937856033143448453e-01
8.877755511022042967e-01 9.903676851372346102e-01 2.781091990077164643e-03 9.854997410668047131e-01 9.937856033143448453e-01
8.897795591182363628e-01 9.906784049715173790e-01 2.827000323968123247e-03 9.860176074572760685e-01 9.943034697048162007e-01
8.917835671342684289e-01 9.911962713619886234e-01 2.788795860763578199e-03 9.865354738477473129e-01 9.948213360952874451e-01
8.937875751503004951e-01 9.915069911962713922e-01 2.682927777729384681e-03 9.870533402382185573e-01 9.948213360952874451e-01
8.957915831663325612e-01 9.918694976696011967e-01 2.610478127628910756e-03 9.870533402382185573e-01 9.948213360952874451e-01
8.977955911823646273e-01 9.921284308648367078e-01 2.370900702694902270e-03 9.875712066286898017e-01 9.948213360952874451e-01
8.997995991983966935e-01 9.924909373381666233e-01 2.074699702124302870e-03 9.880890730191610460e-01 9.948213360952874451e-01
9.018036072144287596e-01 9.927498705334023565e-01 1.778929470462741087e-03 9.891248058001035348e-01 9.948213360952874451e-01
9.038076152304608257e-01 9.929570170895909431e-01 1.720688526756733016e-03 9.896426721905747792e-01 9.948213360952874451e-01
9.058116232464928919e-01 9.931123770067322720e-01 1.638455931595682574e-03 9.901605385810461346e-01 9.953392024857586895e-01
9.078156312625249580e-01 9.932159502848264543e-01 1.578430932587065755e-03 9.901605385810461346e-01 9.953392024857586895e-01
9.098196392785570241e-01 9.935784567581563698e-01 1.522210093909797442e-03 9.911962713619886234e-01 9.958570688762299339e-01
9.118236472945890903e-01 9.940963231486275031e-01 1.272729749087998666e-03 9.917141377524598678e-01 9.958570688762299339e-01
9.138276553106211564e-01 9.943552563438633474e-01 1.235304033337825775e-03 9.922320041429311122e-01 9.958570688762299339e-01
9.158316633266532225e-01 9.945106162610046763e-01 1.412551185601858272e-03 9.922320041429311122e-01 9.963749352667011783e-01
9.178356713426852886e-01 9.947177628171930408e-01 1.404936298938441351e-03 9.922320041429311122e-01 9.963749352667011783e-01
9.198396793587173548e-01 9.949249093733815164e-01 1.404936298938429858e-03 9.922320041429311122e-01 9.968928016571724227e-01
9.218436873747494209e-01 9.951320559295699919e-01 1.314197570217454439e-03 9.927498705334023565e-01 9.974106680476436670e-01
9.238476953907814870e-01 9.953392024857586895e-01 1.464747345803304795e-03 9.927498705334023565e-01 9.974106680476436670e-01
9.258517034068135532e-01 9.954945624028999074e-01 1.571619979854318788e-03 9.927498705334023565e-01 9.979285344381149114e-01
9.278557114228456193e-01 9.956499223200415694e-01 1.468404648240060999e-03 9.932677369238736009e-01 9.979285344381149114e-01
9.298597194388776854e-01 9.959606421543242272e-01 1.423897160524858953e-03 9.932677369238736009e-01 9.979285344381149114e-01
9.318637274549097516e-01 9.960642154324184094e-01 1.354396357392220317e-03 9.932677369238736009e-01 9.979285344381149114e-01
9.338677354709418177e-01 9.961677887105127027e-01 1.354396357392221185e-03 9.932677369238736009e-01 9.979285344381149114e-01
9.358717434869738838e-01 9.963231486276539206e-01 1.191092698083862133e-03 9.943034697048162007e-01 9.979285344381149114e-01
9.378757515030059499e-01 9.963749352667011783e-01 1.225495553205480179e-03 9.943034697048162007e-01 9.979285344381149114e-01
9.398797595190380161e-01 9.965820818228895428e-01 1.162607163161213887e-03 9.943034697048162007e-01 9.979285344381149114e-01
9.418837675350700822e-01 9.969445882962195693e-01 8.493640324627799902e-04 9.953392024857586895e-01 9.979285344381149114e-01
9.438877755511021483e-01 9.970481615743137516e-01 8.681022586348916513e-04 9.953392024857586895e-01 9.979285344381149114e-01
9.458917835671342145e-01 9.971517348524079338e-01 9.044147693719579387e-04 9.953392024857586895e-01 9.979285344381149114e-01
9.478957915831662806e-01 9.974624546866905916e-01 8.493640324627995059e-04 9.958570688762299339e-01 9.989642672190575112e-01
9.498997995991983467e-01 9.977731745209734715e-01 8.984646076073398444e-04 9.963749352667011783e-01 9.989642672190575112e-01
9.519038076152304129e-01 9.978767477990677648e-01 7.836740523263540162e-04 9.963749352667011783e-01 9.989642672190575112e-01
9.539078156312624790e-01 9.979285344381148004e-01 8.022751623423138257e-04 9.963749352667011783e-01 9.989642672190575112e-01
9.559118236472945451e-01 9.980321077162092047e-01 7.250129466597897594e-04 9.968928016571724227e-01 9.989642672190575112e-01
9.579158316633266113e-01 9.981874676333506446e-01 7.414718313452544132e-04 9.968928016571724227e-01 9.989642672190575112e-01
9.599198396793586774e-01 9.984464008285861558e-01 7.681199883061518106e-04 9.968928016571724227e-01 9.994821336095287556e-01
9.619238476953907435e-01 9.985499741066803381e-01 7.955614446265002991e-04 9.968928016571724227e-01 9.994821336095287556e-01
9.639278557114228096e-01 9.987053340238217780e-01 7.414718313452467154e-04 9.968928016571724227e-01 9.994821336095287556e-01
9.659318637274548758e-01 9.987053340238217780e-01 7.414718313452467154e-04 9.968928016571724227e-01 9.994821336095287556e-01
9.679358717434869419e-01 9.989124805800104756e-01 7.486707558156989809e-04 9.968928016571724227e-01 9.994821336095287556e-01
9.699398797595190080e-01 9.990678404971516935e-01 8.285862247540201619e-04 9.968928016571724227e-01 1.000000000000000000e+00
9.719438877755510742e-01 9.991196271361987291e-01 8.681022586349200574e-04 9.968928016571724227e-01 1.000000000000000000e+00
9.739478957915831403e-01 9.991196271361987291e-01 8.681022586349200574e-04 9.968928016571724227e-01 1.000000000000000000e+00
9.759519038076150954e-01 9.993267736923874267e-01 7.698637362671484569e-04 9.974106680476436670e-01 1.000000000000000000e+00
9.779559118236471615e-01 9.993785603314344623e-01 7.611050469549054433e-04 9.974106680476436670e-01 1.000000000000000000e+00
9.799599198396792277e-01 9.995339202485759023e-01 4.301721316891688341e-04 9.989642672190575112e-01 1.000000000000000000e+00
9.819639278557112938e-01 9.995857068876230489e-01 4.514654524640657955e-04 9.989642672190575112e-01 1.000000000000000000e+00
9.839679358717433599e-01 9.996892801657171201e-01 3.435137017457597433e-04 9.989642672190575112e-01 1.000000000000000000e+00
9.859719438877754261e-01 9.997928534438115244e-01 2.537016823182922554e-04 9.994821336095287556e-01 1.000000000000000000e+00
9.879759519038074922e-01 9.998964267219058177e-01 2.071465561884977492e-04 9.994821336095287556e-01 1.000000000000000000e+00
9.899799599198395583e-01 9.999482133609529644e-01 1.553599171413733051e-04 9.994821336095287556e-01 1.000000000000000000e+00
9.919839679358716245e-01 9.999482133609529644e-01 1.553599171413733051e-04 9.994821336095287556e-01 1.000000000000000000e+00
9.939879759519036906e-01 9.999482133609529644e-01 1.553599171413733051e-04 9.994821336095287556e-01 1.000000000000000000e+00
9.959919839679357567e-01 1.000000000000000000e+00 0.000000000000000000e+00 1.000000000000000000e+00 1.000000000000000000e+00
9.979959919839678228e-01 1.000000000000000000e+00 0.000000000000000000e+00 1.000000000000000000e+00 1.000000000000000000e+00
1.000000000000000000e+00 1.000000000000000000e+00 0.000000000000000000e+00 1.000000000000000000e+00 1.000000000000000000e+00
