# signal_efficiencies		0sq-mean	0sq-std	0sq-min	0sq-max	1sq-mean	1sq-std	1sq-min	1sq-max	2sq-mean	2sq-std	2sq-min	2sq-max	all-mean	all-std	all-min	all-max
1.000000000000000021e-02 8.832322072874813912e-02 6.579586052290959872e-03 7.814469497847593982e-02 9.906648216828163600e-02 1.144553537408562471e-01 4.813817254505917825e-02 0.000000000000000000e+00 1.521266264436745563e-01 3.009482863701463673e-01 1.247772078187575490e-01 0.000000000000000000e+00 3.983968668698406046e-01 8.123560505886920913e-01 3.360886313963758476e-01 0.000000000000000000e+00 1.074734043472091116e+00
1.497487437185929596e-02 1.049465699199707558e-01 7.112357379829466197e-03 9.210290766847011035e-02 1.157417458684409511e-01 1.655824028953370441e-01 6.818356320061362552e-02 0.000000000000000000e+00 2.278077119608794832e-01 4.510193869231119423e-01 1.864910925466939928e-01 0.000000000000000000e+00 5.965943031518216033e-01 1.120369204355136983e+00 4.626289100670896159e-01 0.000000000000000000e+00 1.609400728415492976e+00
1.994974874371859344e-02 1.121505349339203123e-01 4.494167037772321162e-03 1.052408328908605722e-01 1.215702550162390122e-01 2.049019229877508397e-01 8.787566593492970868e-02 0.000000000000000000e+00 3.034887974780844377e-01 6.010904874760776284e-01 2.482076453909159708e-01 0.000000000000000000e+00 7.947917394338026575e-01 1.394357418355397726e+00 6.355044123289292912e-01 0.000000000000000000e+00 2.144067413358895280e+00
2.492462311557788746e-02 1.237928894176310024e-01 6.608513800752555296e-03 1.132944242760922232e-01 1.333517565689678608e-01 2.394911902885931421e-01 1.092170404377914988e-01 3.467325870794276364e-03 3.791698829952893091e-01 7.315529646884890713e-01 3.000198938860430542e-01 0.000000000000000000e+00 9.929891757157834897e-01 1.732369842358567613e+00 6.905595892664737612e-01 6.181928406924512842e-01 2.678734098302297362e+00
2.989949748743718494e-02 1.314895068491206964e-01 6.975356015881087508e-03 1.213217572310794357e-01 1.408662384946187951e-01 2.838022025875006071e-01 8.496809099527580234e-02 1.754285553215305105e-01 4.423980827743964062e-01 8.392820054928143980e-01 3.432944052018860326e-01 0.000000000000000000e+00 1.191186611997764544e+00 1.982855297234169756e+00 5.767041853622737468e-01 1.194043233084737698e+00 2.946220698050182385e+00
3.487437185929648242e-02 1.412926625208626996e-01 8.399421470966398490e-03 1.286282812428256039e-01 1.528488281614381883e-01 3.154668805045738322e-01 9.427796573192959162e-02 1.875714065206140202e-01 5.180987073877879601e-01 9.464523615922546540e-01 4.005812049389860241e-01 0.000000000000000000e+00 1.389384048279745709e+00 2.023113126243362370e+00 5.146342834872659200e-01 1.325141961550603931e+00 2.974491675447170635e+00
3.984924623115577991e-02 1.482944071739465686e-01 8.789233612649657162e-03 1.353168581155031747e-01 1.631187723027356651e-01 3.106886476270193098e-01 8.569809538526891590e-02 1.872389024787171896e-01 4.775532035874407999e-01 1.039858694762620051e+00 4.677628433117310136e-01 0.000000000000000000e+00 1.587581484561726652e+00 1.874080284800125895e+00 3.984631844050504079e-01 1.329074530137469123e+00 2.474285932082908257e+00
4.482412060301507739e-02 1.544063762373990290e-01 8.971096555197635714e-03 1.395489958356121163e-01 1.718291065490406833e-01 2.937831346874593685e-01 5.571081049894396897e-02 2.055988446588916108e-01 3.813324973589714562e-01 1.156659011122515457e+00 5.312988545660274342e-01 0.000000000000000000e+00 1.785778920843707596e+00 1.875373046585002923e+00 2.798820899122596573e-01 1.452501004058311729e+00 2.369093315992406357e+00
4.979899497487437487e-02 1.612886253002834835e-01 8.806930466702072094e-03 1.466211779156262607e-01 1.773264859699954510e-01 2.863219653100905204e-01 3.618792218402695771e-02 2.136655879867231933e-01 3.409651476328860453e-01 1.272280084802937861e+00 5.960938458471408685e-01 0.000000000000000000e+00 1.983976357125688761e+00 1.865653267324520526e+00 1.681123280847112711e-01 1.545008812568125389e+00 2.184972416719794364e+00
5.477386934673367236e-02 1.677059687584916969e-01 9.230404010466436091e-03 1.519804397410098318e-01 1.861468092712713907e-01 2.849243006996591276e-01 3.199957885566565019e-02 2.083140990246297175e-01 3.340506425604418683e-01 1.410725350535517952e+00 5.461560230322778375e-01 6.041827698614385955e-01 2.182173793407669926e+00 1.846307648099564158e+00 1.742891832716037814e-01 1.529312550402858406e+00 2.224163070418065047e+00
5.974874371859296984e-02 1.742325664148796638e-01 9.475024505340280331e-03 1.587488119991782021e-01 1.949955419292077052e-01 2.815514627672141001e-01 2.800964026890234715e-02 2.142386189750336845e-01 3.271399818062041276e-01 1.536021203964236470e+00 4.574307810158857457e-01 9.190740889893510568e-01 2.380371229689651091e+00 1.848643735191043636e+00 1.794257304034078127e-01 1.566581075517914146e+00 2.270308058045631849e+00
6.472361809045226733e-02 1.799826297065891811e-01 9.716700036850331804e-03 1.659490518971375450e-01 2.016830825723321396e-01 2.864243699493579376e-01 2.568318035227743629e-02 2.258869911613818615e-01 3.282962674278731563e-01 1.617273095835495500e+00 4.755265129612140096e-01 9.592555228522275934e-01 2.393316383866348040e+00 1.841430337963686936e+00 1.976591059249445392e-01 1.587633237526001384e+00 2.318689192616504968e+00
6.969849246231155093e-02 1.856225564224016078e-01 9.400686076722035087e-03 1.720876383950933897e-01 2.070480331769396498e-01 2.856645734329977815e-01 2.983970804111198485e-02 2.340343453087178338e-01 3.402822945650252340e-01 1.624581031335107895e+00 4.535551495412442069e-01 9.966966894631671403e-01 2.536506016872201563e+00 1.878587843119102319e+00 2.211453542738817668e-01 1.597029910856964774e+00 2.368778161748789302e+00
7.467336683417084842e-02 1.907805445409706535e-01 8.400766988794432233e-03 1.785066806975975084e-01 2.101390443305455602e-01 2.862124392083706392e-01 3.263148587320109650e-02 2.421919071434516513e-01 3.515553759327876837e-01 1.621367295589517754e+00 4.237742384384920458e-01 1.051808445940622505e+00 2.407362090102506791e+00 1.922064107540512934e+00 2.007603137037913821e-01 1.602632189738183888e+00 2.316733698765120142e+00
7.964824120603014590e-02 1.955834046062294995e-01 8.131900849881586180e-03 1.838073446014859835e-01 2.150478260588936930e-01 2.942972500589185469e-01 3.235342034105308934e-02 2.473294340697707039e-01 3.497766400355319383e-01 1.597495048088965586e+00 4.023899410320380676e-01 1.121881821545011260e+00 2.278218163332812018e+00 1.985925237645868480e+00 2.422955017011999002e-01 1.617700725854566590e+00 2.471078676004519359e+00
8.462311557788944338e-02 2.001632357131497009e-01 8.106485325496674832e-03 1.883631105420219554e-01 2.201343361433723833e-01 3.005847354149836503e-01 3.814714080924358486e-02 2.479770579544928744e-01 3.716238875834926292e-01 1.529268584933405339e+00 3.495301486452190853e-01 1.066464238854834434e+00 2.026026096109924790e+00 1.937410279457520756e+00 1.935597213198755884e-01 1.607737077270329440e+00 2.257083749815571139e+00
8.959798994974874087e-02 2.056064455818772951e-01 8.240098844065306752e-03 1.921524410955395279e-01 2.259759134442163031e-01 3.042546308236526720e-01 3.711100349333359277e-02 2.472689788442967440e-01 3.642542659190531329e-01 1.494072610781475241e+00 2.909196090742576235e-01 1.077984905081938338e+00 1.981523078054192366e+00 1.971899377164750389e+00 1.840807075038757568e-01 1.651428647710015074e+00 2.256814213756927145e+00
9.457286432160803835e-02 2.097659250626904281e-01 8.168280979598164723e-03 1.942628089401309266e-01 2.284681583577155006e-01 3.063392636007882253e-01 3.476234422523606649e-02 2.543295295906308207e-01 3.544234826059776133e-01 1.510751551053861608e+00 2.476944497024551051e-01 1.136020358594671098e+00 1.883876641831758514e+00 1.983199691442902646e+00 1.871335291280507018e-01 1.694011281251654344e+00 2.308881187601607099e+00
9.954773869346733584e-02 2.143391428665298304e-01 7.671066431428126553e-03 1.989859276278606037e-01 2.322156403502953215e-01 3.083163546537376898e-01 3.433619120091003368e-02 2.548641715206454994e-01 3.547774825637483587e-01 1.503692950634093695e+00 1.929649145015535083e-01 1.195779134099916652e+00 1.790561373373878995e+00 1.942237176369782103e+00 1.562527271649899463e-01 1.753637448322995285e+00 2.280977832305441488e+00
1.045226130653266333e-01 2.194026768202428923e-01 8.136824420550324566e-03 2.034571808831660833e-01 2.381813324611726790e-01 3.131782253823761630e-01 3.404790854268983924e-02 2.620045270312262864e-01 3.555498462637228796e-01 1.503066073773374978e+00 1.423118123834031523e-01 1.251125856098937561e+00 1.700006366018115500e+00 1.932801387555389550e+00 1.678158040413168239e-01 1.693640892651326224e+00 2.240716771801253948e+00
1.094974874371859308e-01 2.247693198366624012e-01 8.429237827484316325e-03 2.108539263361443039e-01 2.446537422251673088e-01 3.120797947654461169e-01 2.978659635026176949e-02 2.667332058737206246e-01 3.513650332083442795e-01 1.509439617664453781e+00 1.412683117864674820e-01 1.259300701066757178e+00 1.780920130554554559e+00 1.958662316149959448e+00 1.714234146893495181e-01 1.754279962379667657e+00 2.307907963672081841e+00
1.144723618090452283e-01 2.293942298408560565e-01 7.616257601786447472e-03 2.169580071258425669e-01 2.465052473219385143e-01 3.096179609186796577e-01 2.489553604074495538e-02 2.719148292066472239e-01 3.415224079183727945e-01 1.489002652059648213e+00 1.526586044347352511e-01 1.219426555413793967e+00 1.730445653605259482e+00 1.978079168199389670e+00 1.520750165058842585e-01 1.813939230012882486e+00 2.269011323145520453e+00
1.194472361809045258e-01 2.332207614851833366e-01 7.361741752051546676e-03 2.214616015847365171e-01 2.490952990372186926e-01 3.089200062434684924e-01 2.616006713268051453e-02 2.739397162299245791e-01 3.497030802794782733e-01 1.494097267576078858e+00 1.358604423267888717e-01 1.271582895517358480e+00 1.798634832069161194e+00 1.993241072528424862e+00 1.239209170387084030e-01 1.852919246959855881e+00 2.242920438015862938e+00
1.244221105527638233e-01 2.366197655256103705e-01 7.847466802226440649e-03 2.251761247681500211e-01 2.536214566327004150e-01 3.097173656256430041e-01 2.269697589720006889e-02 2.821607113298005842e-01 3.455748841093759238e-01 1.487838593556554567e+00 1.355746372943623379e-01 1.239234475338850894e+00 1.789552481903233128e+00 2.017495419133666257e+00 1.131932178087983881e-01 1.872464021864992390e+00 2.226487453270955541e+00
1.293969849246231207e-01 2.411702450670350772e-01 7.409115916086552941e-03 2.308107635504077493e-01 2.573907416299736628e-01 3.126559590950067635e-01 2.268214906312541329e-02 2.871312505652546254e-01 3.483515343132403408e-01 1.489742201372175057e+00 1.392185849899762184e-01 1.288783834409346074e+00 1.822615577588898361e+00 2.028498045575372721e+00 1.047446972265738963e-01 1.869724423271409419e+00 2.171867039657699117e+00
1.343718592964824043e-01 2.443899908358465045e-01 8.327762688237387925e-03 2.311863264288962494e-01 2.626343202594776383e-01 3.142599221996559278e-01 1.819926807340380495e-02 2.950481815315497136e-01 3.455250502559656933e-01 1.492294798246055265e+00 1.590442465802797412e-01 1.261792635462190892e+00 1.880478938089251040e+00 2.008646563270601870e+00 1.001758101430160058e-01 1.833690337008920146e+00 2.129268437688519366e+00
1.393467336683417157e-01 2.487282244204709336e-01 8.383817332795218472e-03 2.353907576857129091e-01 2.677649682795537611e-01 3.185548911994058874e-01 1.707790099425845337e-02 2.939682017999045716e-01 3.484987025766849156e-01 1.488898285560914747e+00 1.506411187822396802e-01 1.273608377277935855e+00 1.850510070067114876e+00 2.004882293711093499e+00 1.095179993625942511e-01 1.789982475204413115e+00 2.164548834322516768e+00
1.443216080402010271e-01 2.526570729037578289e-01 8.049770558541677681e-03 2.402873810598338822e-01 2.709671763657013344e-01 3.193874151844132703e-01 1.657895399063638239e-02 2.916153883313537531e-01 3.515639133865652299e-01 1.485745296559003670e+00 1.615879482813928902e-01 1.293715698657013968e+00 1.867270047141182499e+00 2.012577875782276315e+00 1.128718705896678692e-01 1.803086265101941255e+00 2.193549114451490034e+00
1.492964824120603107e-01 2.561362649020092475e-01 8.565782450561724298e-03 2.431014806509312620e-01 2.755973157373943216e-01 3.210629395945990283e-01 1.675500155308998901e-02 2.907969802721780406e-01 3.547013827481168002e-01 1.500931837850026485e+00 1.706107143302342255e-01 1.283040609500996077e+00 1.880899061358389579e+00 1.994329904218072214e+00 1.108688261760885502e-01 1.786420432008418047e+00 2.163561459392797648e+00
1.542713567839196220e-01 2.586785191638731884e-01 8.472316378878188073e-03 2.462181470597664401e-01 2.795252371029660621e-01 3.225286298752394476e-01 1.500182346821440915e-02 2.956788489061590308e-01 3.460282988710004504e-01 1.523970801410177822e+00 1.734270318407395706e-01 1.310357723870230862e+00 1.909133762356331143e+00 1.979642958885690307e+00 9.937780298718654204e-02 1.780020775243269515e+00 2.105670729839288491e+00
1.592462311557789056e-01 2.614954426652426056e-01 8.045395248034072772e-03 2.498586823812283531e-01 2.817617456971900913e-01 3.228108902660733470e-01 1.785647166898291990e-02 2.959627104019912358e-01 3.533665759383657901e-01 1.531914805555201209e+00 1.524213561921858029e-01 1.295028887959473129e+00 1.831447417017234347e+00 1.958961936885724509e+00 1.002266800021619914e-01 1.804051428642613253e+00 2.122821562655452077e+00
1.642211055276382170e-01 2.648210599866691051e-01 7.425455282490989878e-03 2.553811644667202674e-01 2.844799388829486464e-01 3.234053781623794088e-01 1.922969124830470680e-02 2.964865739070858819e-01 3.568914682110038705e-01 1.552029341285905861e+00 1.688112554489514250e-01 1.301074040971797130e+00 1.888662088612282242e+00 1.946736511221320853e+00 8.294282682750774016e-02 1.840077282836474204e+00 2.085076230406561759e+00
1.691959798994975006e-01 2.681253937885151872e-01 7.447533182574394943e-03 2.587572649257328106e-01 2.881841214525147632e-01 3.209243306497046588e-01 1.924675160788264297e-02 2.992122807603524448e-01 3.545092084070453620e-01 1.574800449655844758e+00 1.899972204621875882e-01 1.293740674731391982e+00 1.945876760207329692e+00 1.934102827632611321e+00 6.790299449326626935e-02 1.836868252178215144e+00 2.058940254031323747e+00
1.741708542713567842e-01 2.715082886311288579e-01 7.332059778534791468e-03 2.619419212734612201e-01 2.915500311124063493e-01 3.215877533655471243e-01 2.120576032241705544e-02 2.974969409455394675e-01 3.595076935718836686e-01 1.592913959826857129e+00 1.903517520116440320e-01 1.311331158593124213e+00 2.003091431802377365e+00 1.922920507830598869e+00 6.436163554928635289e-02 1.818124232346391311e+00 2.030331838336912220e+00
1.791457286432160956e-01 2.747101903282935798e-01 7.045772338505188782e-03 2.671525882984938649e-01 2.944772430688496478e-01 3.195092942398925495e-01 2.106964571554835811e-02 2.959704552242459763e-01 3.549070865581098744e-01 1.549182059866740957e+00 1.687258910659938660e-01 1.268899282810734830e+00 1.883194285080982855e+00 1.903045649344143442e+00 6.604736271870771669e-02 1.803246251181572557e+00 2.016877682606833755e+00
1.841206030150753792e-01 2.784276437298660589e-01 7.034910881445602393e-03 2.694910233221771145e-01 2.975636615768677551e-01 3.198098027243864161e-01 1.937216881461423582e-02 2.981304063895864886e-01 3.486783877164565393e-01 1.553693307510444210e+00 1.513407814260127882e-01 1.296165920771306768e+00 1.822423043591768321e+00 1.889861661479464772e+00 6.847244280166081554e-02 1.798915274226469352e+00 2.019611234828790458e+00
1.890954773869346905e-01 2.814029838173508491e-01 6.579111412993429719e-03 2.740582850626828160e-01 2.993218204201373855e-01 3.202967243551902987e-01 1.817157392167529847e-02 3.015544073238828893e-01 3.484981556195832497e-01 1.560010071121703756e+00 1.479456793291471228e-01 1.291985375437748385e+00 1.827143240331758900e+00 1.891514897809891682e+00 7.414897711687970516e-02 1.794057715039517831e+00 2.030118176679417630e+00
1.940703517587939742e-01 2.845084621857939533e-01 6.836494115168999589e-03 2.770540776216905421e-01 3.031303047593137956e-01 3.205979794126194715e-01 1.695769812183734945e-02 3.013205912862632618e-01 3.455437144673835226e-01 1.579007964791814267e+00 1.514985882630857927e-01 1.325975955338980494e+00 1.832642964689645160e+00 1.875901304755477117e+00 8.055703973589649347e-02 1.781968059452420317e+00 2.025849909209972211e+00
1.990452261306532855e-01 2.875451760443656912e-01 6.826290263804716402e-03 2.806294725717757843e-01 3.062690490069917559e-01 3.204722995593832779e-01 1.499537082696991014e-02 3.043262420380680178e-01 3.450735230843907098e-01 1.589784271205934019e+00 1.462295711721101343e-01 1.340397651201113316e+00 1.819243700828670596e+00 1.851882568862534217e+00 7.720355593650704562e-02 1.755706538221272206e+00 1.977697392804237175e+00
2.040201005025125691e-01 2.901028891957363465e-01 7.353794744573312163e-03 2.798037987752511335e-01 3.093106490594218494e-01 3.174146585375733354e-01 1.286431065973791567e-02 3.015100450546850386e-01 3.407509454535747051e-01 1.574312641525160483e+00 1.430584400009963786e-01 1.354682813644516370e+00 1.864713311124565065e+00 1.850438937767501901e+00 7.621955511670548689e-02 1.755543777747257561e+00 1.968441090645949965e+00
2.089949748743718805e-01 2.929788256653083067e-01 7.385062558405767336e-03 2.831399651849878518e-01 3.122572816974293342e-01 3.157130455046327500e-01 1.414467370605733930e-02 2.977752875911531816e-01 3.408642480417909404e-01 1.560243616797783117e+00 1.286113547984511218e-01 1.387715719691513305e+00 1.833193739032433323e+00 1.847681724720204199e+00 7.794416565463696545e-02 1.735240681932650020e+00 1.955014056182726279e+00
2.139698492462311641e-01 2.958869723062488299e-01 7.197992621086390062e-03 2.850840105096619226e-01 3.141395037008687940e-01 3.146169109692912302e-01 1.270334656256995494e-02 2.959137393317342046e-01 3.412220745110531861e-01 1.548846994488424444e+00 1.228950855135516190e-01 1.413643755794893764e+00 1.817427748612196359e+00 1.840692291326150754e+00 7.626396424923836959e-02 1.714025718176371171e+00 1.950501041076820208e+00
2.189447236180904754e-01 2.982408931710319178e-01 7.133998427548775799e-03 2.871892404701067436e-01 3.156720650379265525e-01 3.134986885894028852e-01 1.507474113199532180e-02 2.960665292301333795e-01 3.450848628704419330e-01 1.550244936547979346e+00 1.321886345201798429e-01 1.382008414991025225e+00 1.840245718505888917e+00 1.831129375996568331e+00 7.573794494869201532e-02 1.716155216579790643e+00 1.934214486747466655e+00
2.239195979899497591e-01 3.010543299878616352e-01 7.141069039555441277e-03 2.898162988869046330e-01 3.187065527649657892e-01 3.127983264445225453e-01 1.628075946549974867e-02 2.945185604364325416e-01 3.469661456977034542e-01 1.538817253824985354e+00 1.395720588332232115e-01 1.355639150172683438e+00 1.820968357446327346e+00 1.811216890623963405e+00 6.482280559778222373e-02 1.723359196104390589e+00 1.908510481737703435e+00
2.288944723618090704e-01 3.034799623215716502e-01 7.225651032390295776e-03 2.924763584135519623e-01 3.212531019848471892e-01 3.116925782146841573e-01 1.760040790203158678e-02 2.872077066048318583e-01 3.464854479426245359e-01 1.553994233126742897e+00 1.330194962858110563e-01 1.374753648618152635e+00 1.800516800855912258e+00 1.799192636339872919e+00 6.944271375095159571e-02 1.707442470157540582e+00 1.892312936998598483e+00
2.338693467336683540e-01 3.058599143408005094e-01 7.345869786209499944e-03 2.949682167968048496e-01 3.238401634622067315e-01 3.120255682247481954e-01 1.848323107203883944e-02 2.857674029188678189e-01 3.483660380692868985e-01 1.556914618660018901e+00 1.339558508459441633e-01 1.388938319901004137e+00 1.827269237688012193e+00 1.789673660540864519e+00 7.327998504940784474e-02 1.675648991061679194e+00 1.886873733945213960e+00
2.388442211055276654e-01 3.084050548250717450e-01 7.562152768483311645e-03 2.968244210957617923e-01 3.276021526204965229e-01 3.114039468270967115e-01 1.810319263737212442e-02 2.854713080987763552e-01 3.439197755207448193e-01 1.568848793773665706e+00 1.386651256972657453e-01 1.418483849267184072e+00 1.866138952885930458e+00 1.780889986471080544e+00 7.362697329630697729e-02 1.667406809470598938e+00 1.907991591042855317e+00
2.438190954773869490e-01 3.107205637369020446e-01 7.686418542454574732e-03 2.981773975473637761e-01 3.302102658064203222e-01 3.106227245503281331e-01 1.704384546539306974e-02 2.854767397992441502e-01 3.414537970970715763e-01 1.575581169272978421e+00 1.331264160857722756e-01 1.432203445761411897e+00 1.858140356022626394e+00 1.764904574723220376e+00 7.573260892179363435e-02 1.663357475918879835e+00 1.911128095213482592e+00
2.487939698492462326e-01 3.130956137657634475e-01 7.593129092486299546e-03 2.999994395023691807e-01 3.318346858241594255e-01 3.101010859180515777e-01 1.654292719062303366e-02 2.865809578251483636e-01 3.355521537409403843e-01 1.582996665533493719e+00 1.150026744032186660e-01 1.461426063471712444e+00 1.821063292449195625e+00 1.743145770369612491e+00 6.847865639254070713e-02 1.645655374148465633e+00 1.850966288540574434e+00
2.537688442211055162e-01 3.156667390971029663e-01 7.263096498157209195e-03 3.042835148913872190e-01 3.339582089058660275e-01 3.110424107448253039e-01 1.809092007003796840e-02 2.823077059363965358e-01 3.385523754219856851e-01 1.585637233416549829e+00 1.073427942989979705e-01 1.463600532995949166e+00 1.815822399414203980e+00 1.733780727301366342e+00 6.516670284322688411e-02 1.646677929708638244e+00 1.822280796078842302e+00
2.587437185929647998e-01 3.179437258161028623e-01 7.260313368291153660e-03 3.072152629683807534e-01 3.363311749094837766e-01 3.099651367056523443e-01 1.758386418345183819e-02 2.818757691049793568e-01 3.368839888068121402e-01 1.584273930714194645e+00 9.929263029863311107e-02 1.483182007684301196e+00 1.798600943666256446e+00 1.722688963378375293e+00 6.550985927436792089e-02 1.635768722978952372e+00 1.800406561108361947e+00
2.637185929648241389e-01 3.204933069209149332e-01 7.476609457208672344e-03 3.107759205249854273e-01 3.395260746413816810e-01 3.088927722789559516e-01 1.571427930784414714e-02 2.851106165744357046e-01 3.352075698746582177e-01 1.592910710309028977e+00 9.733409863015679564e-02 1.471199525750148673e+00 1.775916908231114366e+00 1.710107436872638775e+00 6.381029688452297122e-02 1.620711813678826996e+00 1.797417240926180604e+00
2.686934673366834225e-01 3.227391733413177421e-01 7.048356128090719867e-03 3.141186140955836148e-01 3.408707336099732754e-01 3.091862674665770139e-01 1.576689430247010457e-02 2.857005638547585602e-01 3.373108323023135680e-01 1.598125482921693319e+00 9.984540108004368031e-02 1.443416539101425755e+00 1.784110592255475192e+00 1.695502375505463899e+00 6.439269916343569322e-02 1.605928897312694170e+00 1.790900425294840836e+00
2.736683417085427061e-01 3.250216449374990768e-01 6.726402068123745609e-03 3.166953156345951870e-01 3.422753559784491584e-01 3.083100730561191272e-01 1.599859413053664192e-02 2.859957878203679971e-01 3.361910771412170984e-01 1.602403258075250303e+00 8.912768623101900711e-02 1.452924435486339538e+00 1.745855001492553793e+00 1.678919200923488786e+00 6.489710630317245543e-02 1.591140533878427243e+00 1.767199914893961443e+00
2.786432160804020453e-01 3.273968409837724192e-01 6.856733657723796706e-03 3.188078612534826495e-01 3.449388417880344671e-01 3.086140843050360627e-01 1.766810413194593379e-02 2.825936829581827126e-01 3.361353471789660929e-01 1.594910567302498361e+00 8.082789909532951678e-02 1.433140480318282561e+00 1.733694055348747876e+00 1.668323053810196299e+00 6.572043635081065149e-02 1.584025324243779176e+00 1.737685812540389119e+00
2.836180904522613289e-01 3.293651344476126175e-01 6.334716885599228284e-03 3.219780082428850276e-01 3.448826692941845407e-01 3.077938888760410330e-01 1.712170457459040104e-02 2.816526664353964371e-01 3.325480592697604987e-01 1.581123268123165726e+00 8.641873522829954246e-02 1.397089347722095809e+00 1.687922524375492728e+00 1.656837927062959626e+00 6.524358695435399091e-02 1.578017975017242280e+00 1.737461787693396209e+00
2.885929648241206125e-01 3.318973654932909634e-01 6.793766563630110160e-03 3.247896453297747232e-01 3.484404075430350134e-01 3.073814716939345937e-01 1.669238845771005286e-02 2.810098315397976387e-01 3.301756595133799044e-01 1.582612756206275284e+00 9.381408977899728663e-02 1.384130723673068442e+00 1.695207005154119484e+00 1.639643672797644669e+00 6.206457233843079568e-02 1.558616081148520793e+00 1.717821150810684872e+00
2.935678391959798961e-01 3.339080045211050285e-01 6.710692944022014078e-03 3.260366638839227726e-01 3.503023148471193227e-01 3.047219653256947325e-01 1.731524937810649187e-02 2.754453520460753424e-01 3.319513378178379770e-01 1.593528311212852655e+00 9.507222843537259382e-02 1.397897636318640835e+00 1.724429622864420475e+00 1.631781609769368924e+00 5.852196764888042968e-02 1.554393151354914293e+00 1.711078851639388665e+00
2.985427135678392352e-01 3.360454894003733206e-01 6.717936016949726218e-03 3.292106608795111744e-01 3.527314133044178734e-01 3.034368536200273692e-01 1.688202322184085072e-02 2.784651764816156172e-01 3.316866311724799843e-01 1.573517132159605314e+00 9.176034818447456609e-02 1.382631765482368991e+00 1.717950073349407969e+00 1.622944110977606602e+00 5.911678374184895640e-02 1.543709612423012967e+00 1.693402737739951869e+00
3.035175879396985188e-01 3.384642686470619166e-01 6.534480538119094052e-03 3.316025697295211239e-01 3.549694863789970012e-01 3.005732965684030922e-01 1.506244525248974508e-02 2.785769524947355191e-01 3.280616919036070112e-01 1.586915963662695273e+00 9.096743052837505394e-02 1.405671749455227770e+00 1.745336446636808647e+00 1.607998340411504357e+00 6.017726660047383741e-02 1.519268052173405659e+00 1.686743584494402093e+00
3.084924623115578024e-01 3.403672670237084530e-01 6.450542305636406022e-03 3.339687612397196359e-01 3.567591801580493049e-01 2.986976237432091841e-01 1.579189840691584690e-02 2.777957269075381763e-01 3.240798903326221891e-01 1.578503341228017387e+00 8.962695987779512041e-02 1.418294030019979335e+00 1.738102839738756789e+00 1.598486820624088534e+00 5.666795008832051228e-02 1.514878514878506888e+00 1.677116032487319774e+00
3.134673366834170860e-01 3.427239863266213771e-01 6.645789361202052679e-03 3.360360789923292346e-01 3.599720549601043151e-01 2.966908533092822986e-01 1.556051731093072155e-02 2.765643800506923933e-01 3.186203565731018927e-01 1.566366662403011922e+00 9.321608606214101811e-02 1.396250092319907266e+00 1.714496475720524771e+00 1.586413697456377614e+00 5.746656687424388926e-02 1.499683900001688830e+00 1.664490453823509242e+00
3.184422110552764251e-01 3.448116083583480096e-01 6.766213823520871376e-03 3.376766183412441280e-01 3.623673375803516672e-01 2.954985058547326959e-01 1.603704661143805915e-02 2.743743571200799036e-01 3.160701367186844468e-01 1.559532736978988421e+00 9.409492824878766537e-02 1.383632287887713197e+00 1.709288260614098443e+00 1.576974914824778695e+00 4.996825965120545859e-02 1.494519261100905716e+00 1.646606263915945778e+00
3.234170854271357087e-01 3.464421234558102691e-01 6.577529631301767300e-03 3.401159223763831063e-01 3.636078098083591614e-01 2.954150601120114072e-01 1.540633963569197455e-02 2.696162579376780721e-01 3.133602084090117423e-01 1.550801345523127317e+00 8.482385455095070581e-02 1.388572073649488647e+00 1.689740140182719452e+00 1.566630207043295142e+00 4.468133053893704604e-02 1.500894916800093126e+00 1.622742343500484852e+00
3.283919597989949923e-01 3.484206896332128212e-01 5.987156243786122788e-03 3.430687994009695707e-01 3.635182494039778667e-01 2.948843062084894884e-01 1.501880301532893675e-02 2.710094800790373015e-01 3.165113875319343073e-01 1.539095472493623884e+00 8.548976262113557045e-02 1.402648344669138458e+00 1.661546825740067401e+00 1.556379271278937049e+00 4.435067319894918370e-02 1.489282608824666676e+00 1.616583707033727890e+00
3.333668341708542759e-01 3.501649448414879129e-01 6.096756790145529785e-03 3.443341587565980633e-01 3.653571730633660142e-01 2.938882604995553538e-01 1.622819263226524603e-02 2.666763765053269952e-01 3.170134798886210525e-01 1.530930707052752471e+00 8.548397626277921824e-02 1.399964588023286716e+00 1.673277727660470449e+00 1.541121867737429652e+00 4.034041753379673939e-02 1.488024620185934843e+00 1.595417323411416399e+00
3.383417085427135595e-01 3.517221639495365926e-01 6.202839687853929120e-03 3.459620110070770194e-01 3.678984933065335694e-01 2.923710042654302788e-01 1.671371171990075274e-02 2.660289922409158070e-01 3.138229008507762430e-01 1.529210315726030833e+00 8.271563041338027278e-02 1.413027962522008352e+00 1.671917232406178844e+00 1.531464716565481998e+00 4.058093740101301888e-02 1.483320494034472414e+00 1.580665573800940749e+00
3.433165829145728987e-01 3.535801454809474054e-01 6.125902719939338090e-03 3.476038075171899444e-01 3.699554648202292850e-01 2.911203858440817305e-01 1.650399914735083476e-02 2.658699839823480682e-01 3.110415349095308479e-01 1.523199582886598957e+00 8.147154684213453457e-02 1.431550738515261489e+00 1.670456183164799491e+00 1.524377509230947947e+00 4.190916263045474377e-02 1.477812060357774682e+00 1.575045037717169860e+00
3.482914572864321823e-01 3.556621451531659095e-01 6.255955185416421475e-03 3.495842888104200297e-01 3.721387561894892726e-01 2.899643715961285340e-01 1.708330369019048223e-02 2.639341179982049312e-01 3.099645492387311796e-01 1.514455426734040433e+00 7.109613802766996671e-02 1.431181817093007735e+00 1.646757167575702230e+00 1.516834937769503844e+00 4.032559265724428021e-02 1.471606468055424610e+00 1.574718224364728414e+00
3.532663316582914659e-01 3.571700779129518555e-01 6.232971009107130325e-03 3.511003790383784295e-01 3.734341871852045469e-01 2.888466048482870585e-01 1.687098676687255605e-02 2.650351725490339705e-01 3.093590352469422489e-01 1.504160067844901194e+00 6.496750228682676709e-02 1.425420757137453309e+00 1.645495387861128256e+00 1.504829471002452790e+00 4.044948256589068342e-02 1.449521907284823996e+00 1.563671204163909145e+00
3.582412060301507495e-01 3.588392674949208994e-01 5.970219084967490208e-03 3.526323580605998376e-01 3.741072509451567885e-01 2.860085240834755460e-01 1.690110543180937258e-02 2.606131638228297298e-01 3.087687940307657364e-01 1.492197080016950839e+00 6.060313529768919516e-02 1.425017773802819132e+00 1.616567532928348205e+00 1.500823536129493929e+00 4.153955028254342763e-02 1.441834099039736028e+00 1.566182948756152493e+00
3.632160804020100886e-01 3.604182020052853486e-01 6.154718485290646204e-03 3.544948767019839853e-01 3.765777878079212826e-01 2.847009637229515056e-01 1.691683109734662058e-02 2.555585855893841574e-01 3.073952792956098912e-01 1.482300271821718418e+00 6.521347306175374892e-02 1.386706008309462890e+00 1.597989994036507655e+00 1.497183428421871243e+00 3.917275723212544636e-02 1.443804854778266922e+00 1.564638023047052906e+00
3.681909547738693722e-01 3.623269590384821659e-01 6.052364204665730725e-03 3.557875926163115987e-01 3.786426809108602298e-01 2.826214025179226152e-01 1.686666951644547746e-02 2.559299689131101507e-01 3.051257914651100411e-01 1.477739200149610133e+00 6.490273291942900979e-02 1.379906968124542610e+00 1.581757141109176867e+00 1.488745780444731714e+00 4.239428802908308536e-02 1.426957213098861699e+00 1.558555116445309752e+00
3.731658291457286558e-01 3.643359513562748342e-01 5.919829720505548169e-03 3.577638403146206070e-01 3.801036614422945714e-01 2.816967219062848082e-01 1.619132174779661093e-02 2.553285403237093298e-01 3.042387588382456931e-01 1.468748733826585440e+00 5.740579021203692095e-02 1.386337154285508744e+00 1.563685705636039813e+00 1.482828204102040637e+00 4.361184052359461799e-02 1.427708692724222184e+00 1.558927834789304301e+00
3.781407035175879394e-01 3.658895660566438002e-01 5.876290212310653592e-03 3.600781099703416199e-01 3.810212631631121338e-01 2.795899284671776175e-01 1.601694512673504725e-02 2.525707585009405176e-01 3.028675573688960343e-01 1.455243953625771081e+00 5.557358051231613139e-02 1.375240707663782702e+00 1.545637121168960570e+00 1.472816985571706372e+00 4.168667334209893299e-02 1.422305440363281992e+00 1.544903604715385903e+00
3.831155778894472785e-01 3.674462646402666954e-01 5.800173919287249236e-03 3.608598390620486041e-01 3.818645673105451332e-01 2.784424392946729387e-01 1.562724238079752845e-02 2.522112282807365546e-01 3.034882654124629875e-01 1.456239801977399662e+00 5.797698829274731264e-02 1.381396779439371558e+00 1.549743624609435821e+00 1.467664626173915021e+00 4.091244643929521640e-02 1.417822692647732419e+00 1.536053529443644594e+00
3.880904522613065621e-01 3.689455100920385755e-01 5.630370331514473851e-03 3.620694557398355662e-01 3.830537193537064122e-01 2.781515256730078267e-01 1.558129138371760689e-02 2.508017639764648643e-01 3.040645572618008163e-01 1.454813778585732909e+00 5.912531690060576078e-02 1.377411168907265449e+00 1.546140202430039690e+00 1.457898897579024799e+00 3.980731384352149960e-02 1.407999698932101751e+00 1.523690287174935820e+00
3.930653266331658457e-01 3.702840430035304609e-01 5.592439931627205332e-03 3.638434968080867526e-01 3.841497558331770645e-01 2.771328162528589045e-01 1.518286502980653249e-02 2.500163863327199421e-01 3.004812412144466927e-01 1.444807164861356519e+00 6.446554229912082601e-02 1.368185557439782096e+00 1.550531392989449087e+00 1.454442253548835051e+00 3.663477693658877266e-02 1.410300174683131180e+00 1.516084168188261083e+00
3.980402010050251294e-01 3.719222556742943220e-01 5.553424648898953181e-03 3.653461101578682202e-01 3.856016177955117752e-01 2.762915226993655771e-01 1.490822855354808490e-02 2.513416204546441990e-01 2.965269317689829820e-01 1.441405449975529773e+00 6.632377484593825201e-02 1.370094417421754418e+00 1.547562514845294723e+00 1.442818589889145464e+00 3.572455762419576158e-02 1.402769997138761937e+00 1.499750564550583087e+00
4.030150753768844685e-01 3.737438698200457599e-01 5.549032071072762876e-03 3.660712647897564898e-01 3.875114869525580485e-01 2.753920185830922018e-01 1.531465870017676388e-02 2.520828648148514817e-01 2.948612075276550448e-01 1.426161242982526334e+00 6.108548578268432200e-02 1.351933247340469491e+00 1.537719705657121017e+00 1.434328402105511824e+00 3.750745302284103078e-02 1.393959012584145007e+00 1.497433565671251188e+00
4.079899497487437521e-01 3.753481342653117170e-01 5.763311995496483119e-03 3.678710109489990998e-01 3.895188481305804640e-01 2.734242994972687080e-01 1.384772186162076812e-02 2.519453153411143065e-01 2.929361357415108946e-01 1.416221874394731461e+00 6.018537165018752327e-02 1.340623141934177198e+00 1.510462801336361238e+00 1.424769312580169256e+00 3.607682407011545550e-02 1.389100771364061071e+00 1.489187270834696264e+00
4.129648241206030357e-01 3.767814898144784541e-01 5.578950107451104493e-03 3.691103912977287127e-01 3.899562793312176812e-01 2.731979910913217013e-01 1.415335530113970806e-02 2.517211650684976210e-01 2.910184689351718590e-01 1.413900294019331039e+00 6.210155317320280310e-02 1.343331953455468852e+00 1.508188045739780048e+00 1.415310011482166175e+00 3.739996484237691210e-02 1.373538126956435956e+00 1.478603299238410163e+00
4.179396984924623193e-01 3.783232635851864201e-01 5.393813895261377958e-03 3.704896751520688758e-01 3.910477542834213116e-01 2.710771948875644322e-01 1.324810903272867491e-02 2.522430571674964539e-01 2.878059009711225191e-01 1.407005414768225382e+00 5.756119046904892983e-02 1.337407302841395085e+00 1.507473283678364195e+00 1.406991594574454663e+00 3.399386525183054758e-02 1.370903672871144563e+00 1.459414037647707163e+00
4.229145728643216029e-01 3.797653419638162275e-01 5.323242406148963150e-03 3.710341318710673741e-01 3.916730334387593104e-01 2.693321673172568431e-01 1.276094636259798853e-02 2.512933146205261203e-01 2.855632159411767290e-01 1.407823644254185824e+00 5.890634564932353823e-02 1.331972934215026827e+00 1.513065476581182400e+00 1.398602225658829301e+00 2.785125366930584281e-02 1.367574853473596530e+00 1.445072532262877019e+00
4.278894472361809420e-01 3.813665734028914844e-01 5.589146216469196432e-03 3.729637714809674320e-01 3.940301318597470015e-01 2.677063538170806889e-01 1.198908809401344477e-02 2.491627071122994030e-01 2.824360441570319402e-01 1.400690726217896698e+00 5.567973193664194770e-02 1.319135034054358835e+00 1.500903032460719766e+00 1.393338489696171134e+00 2.756933084762859532e-02 1.358399725806671121e+00 1.435957215360146533e+00
4.328643216080402256e-01 3.832403101027941350e-01 5.605861499650310019e-03 3.757883432517969968e-01 3.959130556718956639e-01 2.672783001964165739e-01 1.154897821335310222e-02 2.489522901975526892e-01 2.834014347326163086e-01 1.396270845046278186e+00 5.526464147353704615e-02 1.314932567566378108e+00 1.501000164149229210e+00 1.386412365273047786e+00 2.701875127025122128e-02 1.352711402850574673e+00 1.430477450742269951e+00
4.378391959798995092e-01 3.846626620373984062e-01 5.711605827933151532e-03 3.771561003237778875e-01 3.974237291923819471e-01 2.662546365240449076e-01 1.189980921925841602e-02 2.490610900811705830e-01 2.833782822453156380e-01 1.390982085082073327e+00 6.083629087692433296e-02 1.300152511957181956e+00 1.490288219277187576e+00 1.378923773760821314e+00 2.415979956939514478e-02 1.349869025276144718e+00 1.417934021569063452e+00
4.428140703517587928e-01 3.862171515579846393e-01 6.030186124985435075e-03 3.783833928257238077e-01 3.997063417685185471e-01 2.656598397612274232e-01 1.119635383362158065e-02 2.501447740970058065e-01 2.850611249619877663e-01 1.383380082761004104e+00 5.728873286133888409e-02 1.297034303171264780e+00 1.475262515377031791e+00 1.374299189603530369e+00 2.237669846834409657e-02 1.343973207939552772e+00 1.415961437078857132e+00
4.477889447236181319e-01 3.876458218018819513e-01 6.190230843898778673e-03 3.794941042226614436e-01 4.007112839909207080e-01 2.654172499877016089e-01 1.091605145132377996e-02 2.480959865621789606e-01 2.837471981437511559e-01 1.370296550190283735e+00 5.579017017387313121e-02 1.294233035629603012e+00 1.461491007069144255e+00 1.367027617153579566e+00 2.302758516364046548e-02 1.338345215495241547e+00 1.408242487247192809e+00
4.527638190954774156e-01 3.889896584908569266e-01 5.827102084643607030e-03 3.807495555581347224e-01 4.016212427640629690e-01 2.639783965373899699e-01 1.091142585997635812e-02 2.460517344550085250e-01 2.820228290914503222e-01 1.360923263902382274e+00 5.290013201381854602e-02 1.298401397886832287e+00 1.444193312839507248e+00 1.360567120390724805e+00 2.099955899678773025e-02 1.330250592061897441e+00 1.398761795085936788e+00
4.577386934673366992e-01 3.902293776562993921e-01 5.684847939500147634e-03 3.826496816402352730e-01 4.031918753078032602e-01 2.628334832211679517e-01 1.174524393303919695e-02 2.448485044140241984e-01 2.833752757290518010e-01 1.351637854236319880e+00 5.174283965097351695e-02 1.287668491555950645e+00 1.439358659253696437e+00 1.356262764950147748e+00 2.100420453526812350e-02 1.326927386479593185e+00 1.392551735519106382e+00
4.627135678391959828e-01 3.915730920578750496e-01 5.606556320511187422e-03 3.844874103334192661e-01 4.037727988229294351e-01 2.623921079298353609e-01 1.138677812603985755e-02 2.442024601696606567e-01 2.825847016859494021e-01 1.346514460505619404e+00 4.956903710778404887e-02 1.284382969564956456e+00 1.422364139163166730e+00 1.348816880953426667e+00 1.785324244063117224e-02 1.324056586164944482e+00 1.377183656346499419e+00
4.676884422110553219e-01 3.931415766758767361e-01 5.716172500984718387e-03 3.863656581092425601e-01 4.063236024295719950e-01 2.609519576948674535e-01 1.124045363623694428e-02 2.435320521692302953e-01 2.801444446238690045e-01 1.340168926843182673e+00 5.078685054659177328e-02 1.273546581744237738e+00 1.424867552268992421e+00 1.342069346948667974e+00 1.816013146558532673e-02 1.318903623092630095e+00 1.371876234768151903e+00
4.726633165829146055e-01 3.948028972488315524e-01 5.436052959971811489e-03 3.884163785642377742e-01 4.078414976037741946e-01 2.596602323842973070e-01 1.165799621878085487e-02 2.417928127457945608e-01 2.797699863247357643e-01 1.329257594064220838e+00 5.366813696383387206e-02 1.262052234753852531e+00 1.412344976075120107e+00 1.336691193901822672e+00 1.864647921743811318e-02 1.309203878489859640e+00 1.366201097068602710e+00
4.776381909547738891e-01 3.961523209708567306e-01 4.980219153673979063e-03 3.900819737554209188e-01 4.079334399865712224e-01 2.589848596895884536e-01 1.135235475991894574e-02 2.427509836180800629e-01 2.789890663225345624e-01 1.321856114927863368e+00 5.278389620431980789e-02 1.261032104193850145e+00 1.414411151284922896e+00 1.331328716307599080e+00 1.720886457620474444e-02 1.309893886239803296e+00 1.358435391936208658e+00
4.826130653266331727e-01 3.975905071507310207e-01 5.263535348345150210e-03 3.907671903462967000e-01 4.102301926329037784e-01 2.571819500896798116e-01 1.101478117664264969e-02 2.411518025500171414e-01 2.771435207042067250e-01 1.311345631365535613e+00 5.798175138470852003e-02 1.233422460154518951e+00 1.417992807464524718e+00 1.324985075170581617e+00 1.740971527838764896e-02 1.301631356314818300e+00 1.357386832197110760e+00
4.875879396984924563e-01 3.991641706480303919e-01 5.229891609492207105e-03 3.914534717789435736e-01 4.118434794130468313e-01 2.560850228465254563e-01 1.110936675043907619e-02 2.418931725342964023e-01 2.772121269302803004e-01 1.305783799224756958e+00 6.019680436139639157e-02 1.218854909489474503e+00 1.416739310991810052e+00 1.319373215454429982e+00 1.886033013654605378e-02 1.297357497685616146e+00 1.353520773114069042e+00
4.925628140703517954e-01 4.001246500497064318e-01 4.947682832341445888e-03 3.925702044783960787e-01 4.119843088063633307e-01 2.543862099886998740e-01 1.089156742165975182e-02 2.396058564303158167e-01 2.740318110024489995e-01 1.296399701681826055e+00 5.406402310651706872e-02 1.224083304140129780e+00 1.394584843580456646e+00 1.312402839464981819e+00 1.581284515592511555e-02 1.292783392214156279e+00 1.341938536839078822e+00
4.975376884422110790e-01 4.011020498603111717e-01 4.807171080294563373e-03 3.939256204636841230e-01 4.129083243295628147e-01 2.533211526433749583e-01 1.105860626032733468e-02 2.394135772967614650e-01 2.741618236027730249e-01 1.286046437789633901e+00 5.204482521233792097e-02 1.217640154302894073e+00 1.375831470520229693e+00 1.305800480091522608e+00 1.458984305610220265e-02 1.290076339688148499e+00 1.339984254287124088e+00
5.025125628140703071e-01 4.021370799057996659e-01 4.802481454300079264e-03 3.955948619420238122e-01 4.141473041796476240e-01 2.522310995113096199e-01 1.155072621505561642e-02 2.394157238882551053e-01 2.732816679845623264e-01 1.278246431358502466e+00 4.660230794970168094e-02 1.211205969826002260e+00 1.346687103300063137e+00 1.300481042370002172e+00 1.477899492047811229e-02 1.279853001245508715e+00 1.331366431727328825e+00
5.074874371859295907e-01 4.035459160266513523e-01 4.729830844296896257e-03 3.967666447791476370e-01 4.146553053282334145e-01 2.505128619002138235e-01 1.056002711792100590e-02 2.394112035027534946e-01 2.697737253337449403e-01 1.271277324895837779e+00 4.935944308456921559e-02 1.203972745795396371e+00 1.346159605089003675e+00 1.295966648021252166e+00 1.619933385702056194e-02 1.269385743935085520e+00 1.326944260756901750e+00
5.124623115577889854e-01 4.048853982747727676e-01 4.883211685383468878e-03 3.985351609460358602e-01 4.166839193528422136e-01 2.487716521578721696e-01 1.023910225850241558e-02 2.380146128277051132e-01 2.687344828600340962e-01 1.262062093657308370e+00 4.902114914210594504e-02 1.198350321927706519e+00 1.336771749918935992e+00 1.289904050105159738e+00 1.581108457326236422e-02 1.265197514178631133e+00 1.321040737925867070e+00
5.174371859296482690e-01 4.056730060134469684e-01 4.865707755622263042e-03 3.984591413122573478e-01 4.175773123962087663e-01 2.479150765583761074e-01 9.821488780261185270e-03 2.362908236716780574e-01 2.667413052202783352e-01 1.253942951304703124e+00 4.656447667872848362e-02 1.200224651885802407e+00 1.332497667447523515e+00 1.285102730329978016e+00 1.623648986668032104e-02 1.265323873711862612e+00 1.319804335152490848e+00
5.224120603015075526e-01 4.069977246487528899e-01 4.559301021061400866e-03 4.007543986348096610e-01 4.181845173445000730e-01 2.463848852842280834e-01 9.475469756845968095e-03 2.340136287844576390e-01 2.649920403286524229e-01 1.245735025158529297e+00 4.995064032200261656e-02 1.189242713606473156e+00 1.326971377098492999e+00 1.280256840022106823e+00 1.565171793000927694e-02 1.263640779214391996e+00 1.312142703978935510e+00
5.273869346733668362e-01 4.084923374004564844e-01 4.400044606886897164e-03 4.028118612962512390e-01 4.193552926302709372e-01 2.453171876840083976e-01 8.554878994141708326e-03 2.341765874442842954e-01 2.620239274295868004e-01 1.233969338200731292e+00 4.669745452090359739e-02 1.183839864574419254e+00 1.310669883057524077e+00 1.275196586711696334e+00 1.437068894361677972e-02 1.259389954767632158e+00 1.306740024463698191e+00
5.323618090452261198e-01 4.099771367601771632e-01 4.310161251708904441e-03 4.041304789759257998e-01 4.200376538318258413e-01 2.442537449057949617e-01 8.503876738448896272e-03 2.335939111902213261e-01 2.607120689601598595e-01 1.224648041590794101e+00 4.614810050846124972e-02 1.164002102217725376e+00 1.297977534816438627e+00 1.270909311885686899e+00 1.490430383899737400e-02 1.251738924076850834e+00 1.302273687757510734e+00
5.373366834170854034e-01 4.110120979587392753e-01 4.439400745220726738e-03 4.049104193229899895e-01 4.215060405888945150e-01 2.430503516163190769e-01 7.215693450200597742e-03 2.337305195316995710e-01 2.558754730895332341e-01 1.214368408959227486e+00 4.657700520022568097e-02 1.157575567466720079e+00 1.292530241229183696e+00 1.266501622160850271e+00 1.461128266096346773e-02 1.245644894002681635e+00 1.298035407165487376e+00
5.423115577889447980e-01 4.121427784536120242e-01 4.440142841692077368e-03 4.064505799816945375e-01 4.221554466245032722e-01 2.417406872979424026e-01 7.854230267491817130e-03 2.331214639853137760e-01 2.568105008521691102e-01 1.202396806217572278e+00 4.612164649672845229e-02 1.147560460672280680e+00 1.270913091120106309e+00 1.260738010321089453e+00 1.410094522634313882e-02 1.239879455556673005e+00 1.292204305832551858e+00
5.472864321608040816e-01 4.130789758786259647e-01 4.327803216892090084e-03 4.078913140700086148e-01 4.229759116586850887e-01 2.401749487737034061e-01 7.174594665445302444e-03 2.315178632653373259e-01 2.548015853726086632e-01 1.191588424425629844e+00 4.545048466173649132e-02 1.138144918771969216e+00 1.257526627992921364e+00 1.255941193347797746e+00 1.486287975760790421e-02 1.235872842702130603e+00 1.288757045513968968e+00
5.522613065326633652e-01 4.143774939551877479e-01 4.454042835898504998e-03 4.088551113466343256e-01 4.249340216691389061e-01 2.392556559099869307e-01 6.844270841633776081e-03 2.311276348103112888e-01 2.531192377141130989e-01 1.185025737818299563e+00 4.803398960517242522e-02 1.127192375557452886e+00 1.254113235491371992e+00 1.253361734702522545e+00 1.496460036403660793e-02 1.233325030263950017e+00 1.286536625734372885e+00
5.572361809045226488e-01 4.153746149885301220e-01 4.442870976157672729e-03 4.106105356934616202e-01 4.260798906659466478e-01 2.375720437537133523e-01 6.426512317953314395e-03 2.291795900260061580e-01 2.503927500784960958e-01 1.174136577943384108e+00 4.617840255537022237e-02 1.117757179530493916e+00 1.246076554951065507e+00 1.248953923707674551e+00 1.495178012365966022e-02 1.225732054252009595e+00 1.279863009169165400e+00
5.622110552763819324e-01 4.166172059131186822e-01 4.475341113212075866e-03 4.116405887063421809e-01 4.273970385016348517e-01 2.358747251396706157e-01 5.757076138936879223e-03 2.278500452700737700e-01 2.476041825134797647e-01 1.167400783592034585e+00 4.428251824191292013e-02 1.113727916071425517e+00 1.225395610796050860e+00 1.244383713323646834e+00 1.305517498055673922e-02 1.220529185169555664e+00 1.272024846202833182e+00
5.671859296482412161e-01 4.176003370164174666e-01 4.420747923859565283e-03 4.132069966349577461e-01 4.285149288316744687e-01 2.345731243653064735e-01 5.236241703151403408e-03 2.268323169253385618e-01 2.449953540556576159e-01 1.159532073771285088e+00 4.408467217891084283e-02 1.101870073746368695e+00 1.219636641928858678e+00 1.238936001341454318e+00 1.296133074897861878e-02 1.217095293698698066e+00 1.266607164098131344e+00
5.721608040201004997e-01 4.185746117839468927e-01 4.035776792447081512e-03 4.148336507288273300e-01 4.286148898212452374e-01 2.331558230152672717e-01 6.040008554314435854e-03 2.242629778493229753e-01 2.457288103993217898e-01 1.152919431135190909e+00 4.458802644322151093e-02 1.093828579537494461e+00 1.209817440327887628e+00 1.234016429840622653e+00 1.327095351182217171e-02 1.213948147783864950e+00 1.265719680299158822e+00
5.771356783919597833e-01 4.200615222233970991e-01 4.051651182538250004e-03 4.165447454741543765e-01 4.306864097704008465e-01 2.326664425099107536e-01 5.627878504676393778e-03 2.242697670745848748e-01 2.440123284721493202e-01 1.142310685354629873e+00 4.460966506883384114e-02 1.080645059151011278e+00 1.205860327340754434e+00 1.228996218987244982e+00 1.396234342243562673e-02 1.211951239171233041e+00 1.263548402055276298e+00
5.821105527638190669e-01 4.210238272943046534e-01 4.160902338095074683e-03 4.173348405421716811e-01 4.321033282418235699e-01 2.313287770041620173e-01 5.316453767999648750e-03 2.229183154675154210e-01 2.420699325909844990e-01 1.134431425791162074e+00 4.527840797467218292e-02 1.070865594321991132e+00 1.199612037513571927e+00 1.224446287860040616e+00 1.251829292858461055e-02 1.205541510826551033e+00 1.254558030644747246e+00
5.870854271356784615e-01 4.219846015305293574e-01 4.093874187223594217e-03 4.185109505280526498e-01 4.329326004889870183e-01 2.301852603214517567e-01 4.938058616283552346e-03 2.216244332268629269e-01 2.401378782806549705e-01 1.125941223906895328e+00 4.150527296199531258e-02 1.065474004243552653e+00 1.184363217371442678e+00 1.219601287215681840e+00 1.347189969743538794e-02 1.196252860897370818e+00 1.251204500838961176e+00
5.920603015075377451e-01 4.228990261004419438e-01 3.994908047237314894e-03 4.193875805186496053e-01 4.336278397600731305e-01 2.290465579723241218e-01 4.812098880020259685e-03 2.226857425231414112e-01 2.387189239762675663e-01 1.118284203617432304e+00 4.099139195582372081e-02 1.060505141064730150e+00 1.173919490422164591e+00 1.215513461848593879e+00 1.304558198370710069e-02 1.196399446160259616e+00 1.247995647383565165e+00
5.970351758793970287e-01 4.238993376711182037e-01 4.152718997069115327e-03 4.204343818068348448e-01 4.352785488130636038e-01 2.282081950342889909e-01 4.680873830533720248e-03 2.226637947268724493e-01 2.371526096226341807e-01 1.107255485391130723e+00 3.909430789628819819e-02 1.049547794946551926e+00 1.161435354612379012e+00 1.210808622162119930e+00 1.341565178362398754e-02 1.194585149329528306e+00 1.242537392628349391e+00
6.020100502512563123e-01 4.250070399324878956e-01 4.108492295815130251e-03 4.219538991680759077e-01 4.361720107107509015e-01 2.268077666905853607e-01 4.462036015374739630e-03 2.210956673667678618e-01 2.360758816877494837e-01 1.099330536393921420e+00 3.892246849863841007e-02 1.042963621742298619e+00 1.157830331241559652e+00 1.207330667711024486e+00 1.232079806400076215e-02 1.192668462111486471e+00 1.236202295538761486e+00
6.069849246231155959e-01 4.258594383011461981e-01 4.103154349238339986e-03 4.224554237278371760e-01 4.368957508985821803e-01 2.255089835466139725e-01 4.403146169359167458e-03 2.184358146977919135e-01 2.346187070482138037e-01 1.089227883856205725e+00 3.645444981110233795e-02 1.037836817824642655e+00 1.144385065040710803e+00 1.203648582248722620e+00 1.204344790859731423e-02 1.186830381486213337e+00 1.229979059112440432e+00
6.119597989949748795e-01 4.267083773680310221e-01 3.974150402704970143e-03 4.230303599253437685e-01 4.372166321276066414e-01 2.243877075228425111e-01 4.158022255551011709e-03 2.176486044899660910e-01 2.325812391049966177e-01 1.081715548722959497e+00 3.561927268030871258e-02 1.034970634130417455e+00 1.135634418995005612e+00 1.199258839050335812e+00 1.262604362811612854e-02 1.180614597235962293e+00 1.224888580783182634e+00
6.169346733668341631e-01 4.279397629509975043e-01 4.160247913687401509e-03 4.237315095421942401e-01 4.386268722381588825e-01 2.239002306373141238e-01 4.278225259605220217e-03 2.170065173458467500e-01 2.321490512217042335e-01 1.069553061291965923e+00 3.495512727972106132e-02 1.017713718787783606e+00 1.124713561567541875e+00 1.194761561406325612e+00 1.382382211011800102e-02 1.174080200993800061e+00 1.223212589362554503e+00
6.219095477386934467e-01 4.285790384284712262e-01 4.054382411672326041e-03 4.241457509260079806e-01 4.389426019674184665e-01 2.224387907239774032e-01 4.834326437933228644e-03 2.141335283751299168e-01 2.320120480949779129e-01 1.060280951696592755e+00 3.615578106936257613e-02 1.005656887447095915e+00 1.117250949047184250e+00 1.191473077295602812e+00 1.360715816697922152e-02 1.173419574028948364e+00 1.223238366228185159e+00
6.268844221105528414e-01 4.296158909532464820e-01 3.937097988423950840e-03 4.248985721312358299e-01 4.397644300475676560e-01 2.216652531064860765e-01 4.924401055317654229e-03 2.139576165510835293e-01 2.317737424110669631e-01 1.050202346056575031e+00 3.538861941645510961e-02 9.989334497917903288e-01 1.103637384900860274e+00 1.187652686408857905e+00 1.327066277227724467e-02 1.170667643274836633e+00 1.218360503287707841e+00
6.318592964824121250e-01 4.307844785537885413e-01 3.961759118874383021e-03 4.264629816376848681e-01 4.409790245183166091e-01 2.208749364301256790e-01 4.409648197516086339e-03 2.140332978713501699e-01 2.299532437437431243e-01 1.044183394704219836e+00 3.339465716322460170e-02 9.980957025792784876e-01 1.095532404510250357e+00 1.183049355723127860e+00 1.275832641985843487e-02 1.165753984529916742e+00 1.211986567822306515e+00
6.368341708542714086e-01 4.316893807249174708e-01 3.858717222912250947e-03 4.274160908810543114e-01 4.416774512559649146e-01 2.200808931430647541e-01 4.437291988698485387e-03 2.138786266576929995e-01 2.297907103083802194e-01 1.035192356466661634e+00 3.468548130974113269e-02 9.914981542985471519e-01 1.087935788995495479e+00 1.179364322233591000e+00 1.317203891401817761e-02 1.161219105600243662e+00 1.208041342590504108e+00
6.418090452261306922e-01 4.325284529777100317e-01 3.906280765641197833e-03 4.281891002249390565e-01 4.424487387622810242e-01 2.188706404966175856e-01 4.503257589700600944e-03 2.121032031681626406e-01 2.292410698276657333e-01 1.027533710707889902e+00 3.745274553141318685e-02 9.857206213262355021e-01 1.083926168245116450e+00 1.177007762415029468e+00 1.378673621402900194e-02 1.155198148772125233e+00 1.206319252125412023e+00
6.467839195979899758e-01 4.336834994757668982e-01 3.683735765115754221e-03 4.296288252245545891e-01 4.432284664443026378e-01 2.172517885619904554e-01 4.636544348046156387e-03 2.097775710134851257e-01 2.280040867345260180e-01 1.020455691329276160e+00 3.701720314323999478e-02 9.750844248648073975e-01 1.076526750631471296e+00 1.173511700564817684e+00 1.367099480775496589e-02 1.153518592870722781e+00 1.203179369669481691e+00
6.517587939698492594e-01 4.345922304650257084e-01 3.804256000856448810e-03 4.304494209335814614e-01 4.445580599123133969e-01 2.159442897970486608e-01 4.139101997653412204e-03 2.093224950172597743e-01 2.255948685993840186e-01 1.011681603345591984e+00 3.604593838356354857e-02 9.676906966650206110e-01 1.066104570204265078e+00 1.170603446995413410e+00 1.455055675324572716e-02 1.151177067793177189e+00 1.201992774490174387e+00
6.567336683417085430e-01 4.353546974586953167e-01 3.884532769443850217e-03 4.305111387832111780e-01 4.455154652276197003e-01 2.147761123584569221e-01 4.005567637514543568e-03 2.087199261982025933e-01 2.245419865275064819e-01 1.007905210825961628e+00 3.475418455495020431e-02 9.637328014768660189e-01 1.061048378516872503e+00 1.166602185384113977e+00 1.407434767327967080e-02 1.146618200680769695e+00 1.195251534576658781e+00
6.617085427135678266e-01 4.363662592815650276e-01 3.751677980874914848e-03 4.315675685100623937e-01 4.459582441740201353e-01 2.135162601542508476e-01 3.352145353755208237e-03 2.084820393434057839e-01 2.215971112933670661e-01 9.989717524396418691e-01 3.740265235820547374e-02 9.481049286311422630e-01 1.054271433387808043e+00 1.162956056711229369e+00 1.321049096244590777e-02 1.145089396928766323e+00 1.190210443811491325e+00
6.666834170854271102e-01 4.369859815580877660e-01 3.950546017398698893e-03 4.327110322048043356e-01 4.473483036523802081e-01 2.124338601504795476e-01 3.488377416009449082e-03 2.082095263552385389e-01 2.213168503278227783e-01 9.903957618969126964e-01 3.638981511508913858e-02 9.477314249348581798e-01 1.045749235157627854e+00 1.159456988183144688e+00 1.293049445754874786e-02 1.142946856828725988e+00 1.187897828236713416e+00
6.716582914572865048e-01 4.376289011466223400e-01 4.036788730363221646e-03 4.329624579005595386e-01 4.478749846139974955e-01 2.110428455327425790e-01 4.267939790519212698e-03 2.047130723363497495e-01 2.211882602024922428e-01 9.827494852566399652e-01 3.742346734091969024e-02 9.369060510095451599e-01 1.043161014162608424e+00 1.155860713042816679e+00 1.354483958602888810e-02 1.139638804400634253e+00 1.185477869587973299e+00
6.766331658291457885e-01 4.384143742851082104e-01 4.008481105935934874e-03 4.334152313100360088e-01 4.482115953106133865e-01 2.100501647991564746e-01 4.491325721542691052e-03 2.030951794058727389e-01 2.200834909052006572e-01 9.754185759188198634e-01 3.879352568465064405e-02 9.240690309130790148e-01 1.037774790119949220e+00 1.153501128438632950e+00 1.239765775369244122e-02 1.138901951064890339e+00 1.180159759667368968e+00
6.816080402010050721e-01 4.390222620113967689e-01 4.204065677660510925e-03 4.341946165023484183e-01 4.495476659671202024e-01 2.087006793923053272e-01 4.483615115996159549e-03 2.032717956128058945e-01 2.196833920584893574e-01 9.680648076670947955e-01 3.615399973618900475e-02 9.213871532740540715e-01 1.024211543880005904e+00 1.151375645580208662e+00 1.237602515893132700e-02 1.136313918457328542e+00 1.177933416998320437e+00
6.865829145728643557e-01 4.400373900868609356e-01 4.348274765009671125e-03 4.347274342270268099e-01 4.510352660751268949e-01 2.073652903989551266e-01 4.220395028505118454e-03 2.022004630418577642e-01 2.176285802984306572e-01 9.608796873345941680e-01 3.482880692971094400e-02 9.173600334737355144e-01 1.014625010140992600e+00 1.147997874289774511e+00 1.122480774971230423e-02 1.133208702509502341e+00 1.170616993930306604e+00
6.915577889447236393e-01 4.408018836213683511e-01 4.317950263550956319e-03 4.348823104925891858e-01 4.515718952279885179e-01 2.066211357285610839e-01 3.773271447419976419e-03 2.021090082526030840e-01 2.154783716842546271e-01 9.513313258186805177e-01 3.393049750608466419e-02 9.083237413027107632e-01 1.006759290730732115e+00 1.144151765243499153e+00 1.135056261700351232e-02 1.129721395268773909e+00 1.168637557009575723e+00
6.965326633165829229e-01 4.414777306064555651e-01 4.305574181551538072e-03 4.355548992732987679e-01 4.524115944526949651e-01 2.053407119702694295e-01 4.052544989923109568e-03 1.998728949632848362e-01 2.135032573065002159e-01 9.447338259210500411e-01 3.427805811153877141e-02 8.982559548372555103e-01 9.990053959568876429e-01 1.140219808034067750e+00 1.087430870538433174e-02 1.126301275568655447e+00 1.165157133103271736e+00
7.015075376884422065e-01 4.424141885956528464e-01 4.178618194014490500e-03 4.366441639007039854e-01 4.532442497088613464e-01 2.043233554063261237e-01 3.772738109117756370e-03 1.988038844896712620e-01 2.106598493783717607e-01 9.337144383182822693e-01 3.349267532891945370e-02 8.881819415587441924e-01 9.852264784576735268e-01 1.136924238167946521e+00 1.157775978998357332e-02 1.123217689030227673e+00 1.161430240421498228e+00
7.064824120603014901e-01 4.432620981221139234e-01 3.963395493116775477e-03 4.370983095515896255e-01 4.532272054464292488e-01 2.030100072632223807e-01 3.326760980014696351e-03 1.982455921339727478e-01 2.086094327353887334e-01 9.229992374886049067e-01 3.395518758490597561e-02 8.747757528276797201e-01 9.793888463281630319e-01 1.133782944332662135e+00 1.126207001583180364e-02 1.117783825723531743e+00 1.157242084453915298e+00
7.114572864321608847e-01 4.440075451224871905e-01 3.676918102414957097e-03 4.383106248438829455e-01 4.531901979267572989e-01 2.018587991068536702e-01 2.980957796051274169e-03 1.975990139814537416e-01 2.068890945887532362e-01 9.127945399728893960e-01 3.310232702736257832e-02 8.665085594358519216e-01 9.676376588910138299e-01 1.131274377166776812e+00 9.781964054141370837e-03 1.118201356407477087e+00 1.151842556813356788e+00
7.164321608040201683e-01 4.447393742152717100e-01 3.679288973065794784e-03 4.387529646457755117e-01 4.538787666177416802e-01 2.005564380855210105e-01 3.167607837274512110e-03 1.961287281750108968e-01 2.062261115483213780e-01 9.050603064265809738e-01 3.202191819257108052e-02 8.592860862203167693e-01 9.616210199271471026e-01 1.128932913570475982e+00 9.806856297257825206e-03 1.117953045293725856e+00 1.149288316491284601e+00
7.214070351758794519e-01 4.454560670155919277e-01 3.490462456882225360e-03 4.394772054556157492e-01 4.541586012067467815e-01 1.995308805633444205e-01 3.088561475212396861e-03 1.944112485900231224e-01 2.047578262733286414e-01 8.979418082054915207e-01 2.947330024582638097e-02 8.533853727434927983e-01 9.485019181019671564e-01 1.126484024217894397e+00 9.751713723012599838e-03 1.115418265208696136e+00 1.144365484620400109e+00
7.263819095477387355e-01 4.459719430423209618e-01 3.366884263610536721e-03 4.400586483433406859e-01 4.541021436487290841e-01 1.986171521163953013e-01 3.294994301741220426e-03 1.924271827534051182e-01 2.053083094985020396e-01 8.885655734247576154e-01 2.873663009325956585e-02 8.421295574301429498e-01 9.372591078331857783e-01 1.123357791289782970e+00 1.086113896653512385e-02 1.112596761062990103e+00 1.145251804868499645e+00
7.313567839195980191e-01 4.467303159057663953e-01 3.344606662206663170e-03 4.408301261656805692e-01 4.547408112451966633e-01 1.973213204012139177e-01 2.895021023765949504e-03 1.918400881535924085e-01 2.036313663217248493e-01 8.761814141007905343e-01 2.473910521929313655e-02 8.366144646019773035e-01 9.194620864139364524e-01 1.120003052211225203e+00 1.067907102362056215e-02 1.107464559689700367e+00 1.140398845875373324e+00
7.363316582914573027e-01 4.472717350361598565e-01 3.512426120732370632e-03 4.408705085480968955e-01 4.555266140109340833e-01 1.961262824744550159e-01 2.359048865287874212e-03 1.916112828435323212e-01 2.007944181691146135e-01 8.698671025224417042e-01 2.354698114431236222e-02 8.305329525516912392e-01 9.090976839248646746e-01 1.117564248032420604e+00 1.058795441356221063e-02 1.105271593706361521e+00 1.137379277935021804e+00
7.413065326633165864e-01 4.480515416262547679e-01 3.440480942536650391e-03 4.416930416327341513e-01 4.560196452773268572e-01 1.951834951954641850e-01 2.142252138648301045e-03 1.911184482441103116e-01 1.997121394715866693e-01 8.612527374703342620e-01 2.277909777965910626e-02 8.229846444391795135e-01 9.019586045916879735e-01 1.114418150733021751e+00 1.071213393123506691e-02 1.102054181460430105e+00 1.134805773408624097e+00
7.462814070351758700e-01 4.489496519547477860e-01 3.470314747800212762e-03 4.427776626373123303e-01 4.573873787238231792e-01 1.941125144027471550e-01 2.075627197100273196e-03 1.908576807049530144e-01 1.984832667162461373e-01 8.508982176526325159e-01 2.300074338837200874e-02 8.125844560303117081e-01 8.912574173650463782e-01 1.111975048856711945e+00 1.061972770835181885e-02 1.097849760457956680e+00 1.134063328836006468e+00
7.512562814070351536e-01 4.495630870514884525e-01 3.610471220167263406e-03 4.435093157137574571e-01 4.584831339453815380e-01 1.926553593338124482e-01 2.442138947998936244e-03 1.887729838075491440e-01 1.973386950329429068e-01 8.422099422278378489e-01 2.270907315307122906e-02 8.061778349656505416e-01 8.815656315971884815e-01 1.108564016937128027e+00 1.057159592889498137e-02 1.093026762968329457e+00 1.129114646098771768e+00
7.562311557788945482e-01 4.501841621758698730e-01 3.730732317247592838e-03 4.443054932189421935e-01 4.597118476833621514e-01 1.914124150706479899e-01 2.228075281876605758e-03 1.876257708901305776e-01 1.952989423218632892e-01 8.342219306474014662e-01 2.095384107598243298e-02 7.993676317327021996e-01 8.712229528032664483e-01 1.105974093930245372e+00 1.097811687711222617e-02 1.090071380659467959e+00 1.128760799342150678e+00
7.612060301507538318e-01 4.507116471069549379e-01 3.846749737523229556e-03 4.445631471432689996e-01 4.605992637665433098e-01 1.899696028604118958e-01 2.102152276066276970e-03 1.870149867087402829e-01 1.935709697206064728e-01 8.263705995897445700e-01 2.105285916698856549e-02 7.909852776623919057e-01 8.621043033490539687e-01 1.103169117877588645e+00 9.981178849529887681e-03 1.089538188481817604e+00 1.124261671242420935e+00
7.661809045226131154e-01 4.513511010874326490e-01 3.740437845429303923e-03 4.456665033476506221e-01 4.610313023525454690e-01 1.890839457267892987e-01 2.423751858945163724e-03 1.841212964964261678e-01 1.931640128054461225e-01 8.195217256473883438e-01 2.122631755801858075e-02 7.835514398313975226e-01 8.606592946994442439e-01 1.099963606646371828e+00 1.019843531534147391e-02 1.087470832781538110e+00 1.121005574387684112e+00
7.711557788944723990e-01 4.519055076288937545e-01 3.906767343884944184e-03 4.462510466935611930e-01 4.619836202968418126e-01 1.880816787768564147e-01 2.724262695789369127e-03 1.822094946528838855e-01 1.928080978972977200e-01 8.098602253521951511e-01 1.919268091628014913e-02 7.817233120866733387e-01 8.423426689755612040e-01 1.096537479769449597e+00 1.016426829063165477e-02 1.083645615163539633e+00 1.116372907016134564e+00
7.761306532663316826e-01 4.524934913143150439e-01 3.955581997077506178e-03 4.470331365441465032e-01 4.626745363397112842e-01 1.868523951117991577e-01 3.122894387110548235e-03 1.809508548651024562e-01 1.922234138321625152e-01 8.005334933390949592e-01 1.964096436095037757e-02 7.760608460325306712e-01 8.375842273683259398e-01 1.094146061375492529e+00 1.033981364146880841e-02 1.081125087030307963e+00 1.113710696856467619e+00
7.811055276381909662e-01 4.530103900694554264e-01 3.988870944826417887e-03 4.481463526967954247e-01 4.633826640952545817e-01 1.859184168491880007e-01 3.268272018521147741e-03 1.803552424486389305e-01 1.918667933081300569e-01 7.932183455088173130e-01 2.118492333857685192e-02 7.697968018629223197e-01 8.298839098350387911e-01 1.091484426288618081e+00 9.956771525288992536e-03 1.079620852366634187e+00 1.111076389650637930e+00
7.860804020100502498e-01 4.533360017980353485e-01 4.104063063216243680e-03 4.488509333897540698e-01 4.642966369162287998e-01 1.850137398553872159e-01 3.521944237653333587e-03 1.784737885441416427e-01 1.912145192655035353e-01 7.832835638859027005e-01 1.848991188050767495e-02 7.609649389483863491e-01 8.153154643171122151e-01 1.089156785179278275e+00 9.654437030560094474e-03 1.078401818134891776e+00 1.109413154801070611e+00
7.910552763819095334e-01 4.538418349753300940e-01 4.138377323910248824e-03 4.495386160917664853e-01 4.647246038672880886e-01 1.839772763321671778e-01 3.296017809007282650e-03 1.777672467557092351e-01 1.895026796417465242e-01 7.744314963322900258e-01 1.831505243173885827e-02 7.532437810276620960e-01 8.101715359667626126e-01 1.086436449338167076e+00 9.524446033405060616e-03 1.074217521816703824e+00 1.106239852861099715e+00
7.960301507537689281e-01 4.540872314750084016e-01 3.975058236867395553e-03 4.499896085902185261e-01 4.643977387893441500e-01 1.829410611491823491e-01 2.893366135875387844e-03 1.775972141782542757e-01 1.871471406681563254e-01 7.648134712146634762e-01 1.611164051052715526e-02 7.458126716422567304e-01 7.975535718927395656e-01 1.083412420233771600e+00 9.665035469050458836e-03 1.070507481047695553e+00 1.104097386065905129e+00
8.010050251256282117e-01 4.545542851454662525e-01 3.998889454921585908e-03 4.500515023130680636e-01 4.650141009299152972e-01 1.815059516444518517e-01 2.743365585688282374e-03 1.769309144670447309e-01 1.865797319974671353e-01 7.562263242678186614e-01 1.370214463987864777e-02 7.363731944010285524e-01 7.833190074178385531e-01 1.081131181140283504e+00 9.694961803353161975e-03 1.066587695151287374e+00 1.101232621675424017e+00
8.059798994974874953e-01 4.550019157500347911e-01 4.103384358111138684e-03 4.500892237329496282e-01 4.653590053992577302e-01 1.804276181103420806e-01 2.727219150351881029e-03 1.759215999291125765e-01 1.853531290628663286e-01 7.467964137552065562e-01 1.349033105966100134e-02 7.294485120981529791e-01 7.749889628414680098e-01 1.077661155143709193e+00 9.154290273210189538e-03 1.064305077998492610e+00 1.096781783293095280e+00
8.109547738693467789e-01 4.553308436466846354e-01 4.282785365006641122e-03 4.497663179311932047e-01 4.658768190360901840e-01 1.794727013698998452e-01 3.041771327025814386e-03 1.734444770650580281e-01 1.854446730042415004e-01 7.376348004688868532e-01 1.347266910203252094e-02 7.215325313351259595e-01 7.685899377799554344e-01 1.074119545616076143e+00 9.998973198019591585e-03 1.060819512696280276e+00 1.095289517898266451e+00
8.159296482412060625e-01 4.555077840677645429e-01 4.184152608694601677e-03 4.502668069443566123e-01 4.659121807224390066e-01 1.783753533272027236e-01 3.152221996358105151e-03 1.720155833250751054e-01 1.843589551355599987e-01 7.290627963523972355e-01 1.362419224563642985e-02 7.116438927245705148e-01 7.593315389099812851e-01 1.071919385995665719e+00 9.810696855075046185e-03 1.058294844791570766e+00 1.092745755729407131e+00
8.209045226130653461e-01 4.559543165281463861e-01 4.031972234439152106e-03 4.512346444896198072e-01 4.664015706840544673e-01 1.771871681882188354e-01 3.234765927863116324e-03 1.707411545634170691e-01 1.834709362851119907e-01 7.202007742546361335e-01 1.115457994795491896e-02 7.055084420217216934e-01 7.435912599991343352e-01 1.069235684681576704e+00 9.959026536363766932e-03 1.057380834991444862e+00 1.091520063355185810e+00
8.258793969849246297e-01 4.561612758705907433e-01 3.897654979755367077e-03 4.518742821054015368e-01 4.665698229313730572e-01 1.759487135045457729e-01 3.432745945869438396e-03 1.686513358847017419e-01 1.823510877435136068e-01 7.099839679390123059e-01 1.207531815241288768e-02 6.962220254762946370e-01 7.356955220163067244e-01 1.066070673442116368e+00 8.793183631078152832e-03 1.056213586237573887e+00 1.086544791177028069e+00
8.308542713567839133e-01 4.565862933750840513e-01 3.865046037517524697e-03 4.522081115334244394e-01 4.668496988072600717e-01 1.750095059310497192e-01 3.430890958795592208e-03 1.686663953136054439e-01 1.815391751882887983e-01 7.023687990492991640e-01 1.206258490153424602e-02 6.876570677598770054e-01 7.268749159692464712e-01 1.063359484600582494e+00 8.270145342519390902e-03 1.053371199504850919e+00 1.081401684750320058e+00
8.358291457286431969e-01 4.567043352079949159e-01 3.645639464834872414e-03 4.522264967296018012e-01 4.661599790231281126e-01 1.739309874660862343e-01 3.659411948583890257e-03 1.679920052367840644e-01 1.810963633614403878e-01 6.946120855847826014e-01 1.149494959666443224e-02 6.794934684230825583e-01 7.172189787282835516e-01 1.060666163719553357e+00 7.336165167932384538e-03 1.051332585695340160e+00 1.075809170273184678e+00
8.408040201005025915e-01 4.570149832808576562e-01 3.292594504677290659e-03 4.526550814771382325e-01 4.653212265329376707e-01 1.725888393987173863e-01 3.357121024553050802e-03 1.671802929175412455e-01 1.791654157828197480e-01 6.853548434480758456e-01 1.243905789360041404e-02 6.688365492712483595e-01 7.110725127341021023e-01 1.057754598370056032e+00 6.711388672823815314e-03 1.049641560517279526e+00 1.071116131849116915e+00
8.457788944723618751e-01 4.572137070494052824e-01 3.377197966298245597e-03 4.526765828421974169e-01 4.657828615344722367e-01 1.713604112426084236e-01 3.263091186183794158e-03 1.667000969197368065e-01 1.786607130178156921e-01 6.747163202060872944e-01 1.221571298350100469e-02 6.561268371510210473e-01 6.975137561625452953e-01 1.054926393072487478e+00 6.864716825472004860e-03 1.047456911449998529e+00 1.069593057527010727e+00
8.507537688442211588e-01 4.575763008904857321e-01 3.444326252944641086e-03 4.535640653519309451e-01 4.663877627709308027e-01 1.706420205485859876e-01 3.216424110882572934e-03 1.664351790374336004e-01 1.779626258031289932e-01 6.655263056589245663e-01 1.293515325036182634e-02 6.466199877519382966e-01 6.904166794287884823e-01 1.052143995295856893e+00 6.988773399268611436e-03 1.042158223468564460e+00 1.068266748087800977e+00
8.557286432160804424e-01 4.578444003315887412e-01 3.694344389836600080e-03 4.538406081889661547e-01 4.673684659503344885e-01 1.695477666560216423e-01 3.324506413037213014e-03 1.655080908036460074e-01 1.766646325707723897e-01 6.562177995544903331e-01 1.309056052570263702e-02 6.396268853616591255e-01 6.815935934888984749e-01 1.049195920911803581e+00 7.430209596498234606e-03 1.039814194618171594e+00 1.067200301585961242e+00
8.607035175879397260e-01 4.579510728077629267e-01 3.625108999572160436e-03 4.535019496800998251e-01 4.675140543167711216e-01 1.685181915969445055e-01 3.152056151350310191e-03 1.643086311436686986e-01 1.756294627514820017e-01 6.477623205199167788e-01 1.265471316350319335e-02 6.321104969253864558e-01 6.713045013684075801e-01 1.046213509802692787e+00 7.551448702116225938e-03 1.037277179671098892e+00 1.065553859681697357e+00
8.656783919597990096e-01 4.579761774265904140e-01 3.573673308634195758e-03 4.545787604526883019e-01 4.676269020607289884e-01 1.675066557916760623e-01 3.375828785146475167e-03 1.635950362495470767e-01 1.756215889425703225e-01 6.376875330960645183e-01 1.314666941931356796e-02 6.199881655247461154e-01 6.614130184690931724e-01 1.043133952819937260e+00 7.849591311920096903e-03 1.033795835768406501e+00 1.063055879616897847e+00
8.706532663316582932e-01 4.580870972041957145e-01 3.743082194615946195e-03 4.542812149429639179e-01 4.682352454823245913e-01 1.666205069226101565e-01 3.540990435909454302e-03 1.621024926262628896e-01 1.752103122302023364e-01 6.299478856296527596e-01 1.385869349308247074e-02 6.095198239968564469e-01 6.541514058098127915e-01 1.040187745290399368e+00 8.419428142938587684e-03 1.030154383823073116e+00 1.061004772957745868e+00
8.756281407035175768e-01 4.581889695296166853e-01 3.780362567632988141e-03 4.542112238437128191e-01 4.680610300569246207e-01 1.652907060173824660e-01 3.541659846774102179e-03 1.610025703202977720e-01 1.734783241401530174e-01 6.220859475509284975e-01 1.431874049782712842e-02 6.016300825876801373e-01 6.447026586192468045e-01 1.036755538801121590e+00 8.689590568648274810e-03 1.026800839673242871e+00 1.058808271601816786e+00
8.806030150753769714e-01 4.585170549027589582e-01 3.814924891569184285e-03 4.545442500311215883e-01 4.686757352228367313e-01 1.643991295369420513e-01 3.544905185284729938e-03 1.592296743473265164e-01 1.723487253204470382e-01 6.119587407681617020e-01 1.304382940356639368e-02 5.924670302844544656e-01 6.318552877407882518e-01 1.033445638506662378e+00 8.420586560798665188e-03 1.024662384268130610e+00 1.054852502536050229e+00
8.855778894472362550e-01 4.586854076285105108e-01 3.919072474216606095e-03 4.540255304538377001e-01 4.688187039857481531e-01 1.632500130791267323e-01 3.356093200271595845e-03 1.589217563512156373e-01 1.712165303744799250e-01 6.027076349744502348e-01 1.131900381565427785e-02 5.859205834369757282e-01 6.191641604880692151e-01 1.030500846545382654e+00 8.547446014034239259e-03 1.020330808414119161e+00 1.052283116380449579e+00
8.905527638190955386e-01 4.588599621726610067e-01 3.717371037571798667e-03 4.538995447635190139e-01 4.683188472940911784e-01 1.619887820696794267e-01 3.179405300015487011e-03 1.568748115221601236e-01 1.692961237936409236e-01 5.933671324125900925e-01 1.221186852827406411e-02 5.742812469374928286e-01 6.092396726410781449e-01 1.027016735838196304e+00 8.968818342262955753e-03 1.015981365441441131e+00 1.049332492680156159e+00
8.955276381909548222e-01 4.590338772636609610e-01 3.438671326816271877e-03 4.544572641714431649e-01 4.676717778560461891e-01 1.611762110370611456e-01 3.207997807510946757e-03 1.561052894597813878e-01 1.686903431165294176e-01 5.840498514279099940e-01 1.214369830671503322e-02 5.629241813123883054e-01 6.001833972757102398e-01 1.023354287023527487e+00 8.983823830735596788e-03 1.012148156581870406e+00 1.045891492547887713e+00
9.005025125628141058e-01 4.589200584231628577e-01 3.164099410274482434e-03 4.545149912042453222e-01 4.665770332475532856e-01 1.598925718536087781e-01 3.308563783875008348e-03 1.541049545748880423e-01 1.673374412006921330e-01 5.761536501682735789e-01 1.157565260329913859e-02 5.582760982494369140e-01 5.913519701199633216e-01 1.019718540386869154e+00 8.338083821091260561e-03 1.010564399536862945e+00 1.042201048266031105e+00
9.054773869346733894e-01 4.590115037940539766e-01 3.379413915239330452e-03 4.544449115227921498e-01 4.670379743080791957e-01 1.589089417094081413e-01 3.211430627520775287e-03 1.539352501076917956e-01 1.662566448062433866e-01 5.680858839538978078e-01 1.035000944263552401e-02 5.498678148750576478e-01 5.819141415349385893e-01 1.016142419256532481e+00 7.567062679931917460e-03 1.007481052735401672e+00 1.036029509078371991e+00
9.104522613065326730e-01 4.589894322093632795e-01 3.380286593664651867e-03 4.544741035441689503e-01 4.673004052824309973e-01 1.579659552273934842e-01 3.164054564164629421e-03 1.532156130701614050e-01 1.651503991439115249e-01 5.596427970091778503e-01 1.052671637095531874e-02 5.399724708025869235e-01 5.744017728268570044e-01 1.012542181290164267e+00 7.307884938681179395e-03 1.003609576948654381e+00 1.031394546911149845e+00
9.154271356783919567e-01 4.587822321426050509e-01 3.190811627807444914e-03 4.544112422947204077e-01 4.664303057651397189e-01 1.563765156450001026e-01 3.264633049281483266e-03 1.514240900572789705e-01 1.640976726821834486e-01 5.504702528762559499e-01 9.486199992272886100e-03 5.332460817783092333e-01 5.633630708301605727e-01 1.009303772802370602e+00 7.250888874290521528e-03 1.001062581981851940e+00 1.028596741701403694e+00
9.204020100502512403e-01 4.585852173094958073e-01 3.028078160409758413e-03 4.541964647121854437e-01 4.656529561734057965e-01 1.552986036012607152e-01 3.195197896772988214e-03 1.503481027989927443e-01 1.626322366616485549e-01 5.411699118374813100e-01 9.251683123654892010e-03 5.221706121935058009e-01 5.533554929359156827e-01 1.005257542107004465e+00 7.723323504036632564e-03 9.981833857182809133e-01 1.026542604981588225e+00
9.253768844221106349e-01 4.583417390512806722e-01 3.054748215378010490e-03 4.537409374238128290e-01 4.650105116019297991e-01 1.541750681054490923e-01 2.726852112908155577e-03 1.497475036256320502e-01 1.593749860487068404e-01 5.335532505756914734e-01 9.585457444462069931e-03 5.118990902290958545e-01 5.469158833354683669e-01 1.001203158047810016e+00 7.309755722969713855e-03 9.952821701239448204e-01 1.021594730710071675e+00
9.303517587939699185e-01 4.578368558347466477e-01 2.850706603119021465e-03 4.536333555484722280e-01 4.637413682580815988e-01 1.531466709432477702e-01 2.557451278607554210e-03 1.488448483110020037e-01 1.582224938589442131e-01 5.248619506561602588e-01 1.019540237532415468e-02 5.032348549649603431e-01 5.422105076977847826e-01 9.975139361443892128e-01 7.228539261863413737e-03 9.900640408300490636e-01 1.016907164036904954e+00
9.353266331658292021e-01 4.576840800115674068e-01 2.628345223527945532e-03 4.534629212058291503e-01 4.632698835746237309e-01 1.521608197117103600e-01 2.512978527816481407e-03 1.480083964074818126e-01 1.567648446950903607e-01 5.172351645709989398e-01 1.015385187164420146e-02 4.969812257328762306e-01 5.339399509017731527e-01 9.939352917301432777e-01 6.828100002323829638e-03 9.863371976240826733e-01 1.011980050987766333e+00
9.403015075376884857e-01 4.575887576222670283e-01 2.701162325164662998e-03 4.531947747790700531e-01 4.633656138405598535e-01 1.509883340791393636e-01 2.420683062615859409e-03 1.473122462228881879e-01 1.544809909149642835e-01 5.076232256894656070e-01 9.179100486415561408e-03 4.902796821341152134e-01 5.249591153613836214e-01 9.903773893307674658e-01 6.067905067369007248e-03 9.818571286337430815e-01 1.006167454180699528e+00
9.452763819095477693e-01 4.574207788493955817e-01 2.499640559984039629e-03 4.530189081202744550e-01 4.625530800727801206e-01 1.499765616741795815e-01 2.106903571229118942e-03 1.468552138677118035e-01 1.531177125557470209e-01 4.989202638879111085e-01 9.236520016929620699e-03 4.831743789283098889e-01 5.175810795572981515e-01 9.864204161017596784e-01 5.676359627860136023e-03 9.787599483447522175e-01 1.000342931674023328e+00
9.502512562814070529e-01 4.571723870137245349e-01 2.231034573876017682e-03 4.524757531593781579e-01 4.609701119399900460e-01 1.488630377969642482e-01 2.116261578207719474e-03 1.451931713808140845e-01 1.521691557764910940e-01 4.889616182002655687e-01 1.016235401544918551e-02 4.696554575604332538e-01 5.094192699068300634e-01 9.819180090839848551e-01 5.665935505006627210e-03 9.746003913914264016e-01 9.955141918608008123e-01
9.552261306532663365e-01 4.567998037474202411e-01 2.136573243421514400e-03 4.530796136477626690e-01 4.608143769782296340e-01 1.478111620602919618e-01 2.005701991756474612e-03 1.450710169337441346e-01 1.514169285575384938e-01 4.785133523104966313e-01 8.100831826605604455e-03 4.600445304945411928e-01 4.889822992085850473e-01 9.770137091089823311e-01 5.309605403317270433e-03 9.695486163461372042e-01 9.888914542270834662e-01
9.602010050251256201e-01 4.561672856278611299e-01 1.897329023906968318e-03 4.532533177963412596e-01 4.596745319922021511e-01 1.463399001226365070e-01 1.510705293354199863e-03 1.444342238174241844e-01 1.489714889877793158e-01 4.686124918796609196e-01 7.375442422464299937e-03 4.509298467815591738e-01 4.772934609932429351e-01 9.714860440676613695e-01 4.875287258600768253e-03 9.648289195205288493e-01 9.805843991727890563e-01
9.651758793969849037e-01 4.559771144996156989e-01 1.765823092223844579e-03 4.532787760471395089e-01 4.595348074385611215e-01 1.452171772944478856e-01 1.215337565498703564e-03 1.435421851876838573e-01 1.472179892626149234e-01 4.574888180603034482e-01 6.818092469046231965e-03 4.457008738344180876e-01 4.677039918420160536e-01 9.666355139950851827e-01 4.645980481874169982e-03 9.601072179274945384e-01 9.758041939188045744e-01
9.701507537688442984e-01 4.553464916487804937e-01 1.696594324630754189e-03 4.526236220758415030e-01 4.584562267022949111e-01 1.437638814970804424e-01 1.121888047078935940e-03 1.418993651935851197e-01 1.455839989016595726e-01 4.465025714078135199e-01 6.408251169355300841e-03 4.360449642629165568e-01 4.566304958569231687e-01 9.617536899287489893e-01 3.949834239529690511e-03 9.546421315373194716e-01 9.687084482294870957e-01
9.751256281407035820e-01 4.547364806618585109e-01 1.557599108266889600e-03 4.524699280600347762e-01 4.581479407866053122e-01 1.424960719048483648e-01 1.515876544405165031e-03 1.403309779020000536e-01 1.452011285220667081e-01 4.350552257971190828e-01 7.124856645499173802e-03 4.242847604227628078e-01 4.436470539564575377e-01 9.570253825372135870e-01 3.881329992790898305e-03 9.498506772888311023e-01 9.630522291975279758e-01
9.801005025125628656e-01 4.539804626330515847e-01 1.464753778104943387e-03 4.521857148282460992e-01 4.575751007391238856e-01 1.408847110464705454e-01 1.726002873996467565e-03 1.386668632327896777e-01 1.440431724444413142e-01 4.221979360171259077e-01 6.454591796736093741e-03 4.119522379815531155e-01 4.306550647431020007e-01 9.515046399381577036e-01 3.236975297506446136e-03 9.465079200413807348e-01 9.568599276933978937e-01
9.850753768844221492e-01 4.529097929437194692e-01 1.366397906160608886e-03 4.508432315704478111e-01 4.559277871460931664e-01 1.391089094040514618e-01 1.573744356748369745e-03 1.370172756308270512e-01 1.418109276107588079e-01 4.077535897950406718e-01 5.014070806217495353e-03 3.974166450899305758e-01 4.151412953893430235e-01 9.456997568698746193e-01 3.177392123617967662e-03 9.411070090336243199e-01 9.520312920864932860e-01
9.900502512562814328e-01 4.520749865359511288e-01 1.265038587974075474e-03 4.501884378216950977e-01 4.542229156980276406e-01 1.373878867019836247e-01 1.291988539319541491e-03 1.354095129737499237e-01 1.394308107138588215e-01 3.910181530857267385e-01 4.218835979377020227e-03 3.808570977266587110e-01 3.951846466508499578e-01 9.390284835927189544e-01 2.692690694267164779e-03 9.346969177116928318e-01 9.449937512478283619e-01
9.950251256281407164e-01 4.507392684254736825e-01 6.238338981614657353e-04 4.495597327487325656e-01 4.517441282437595351e-01 1.351921997369527062e-01 9.250600021072858184e-04 1.335461427196602546e-01 1.364146633044567847e-01 3.713231852482321571e-01 4.158650559181732015e-03 3.615680334659726047e-01 3.783854803481200291e-01 9.309403083998791795e-01 2.126410203789059431e-03 9.274774655009542235e-01 9.344254221226154788e-01
1.000000000000000000e+00 4.488291588785982000e-01 2.984468800008607505e-05 4.488143504154076813e-01 4.488966216661519071e-01 1.313577918661410493e-01 4.802118973152454096e-04 1.305964324247990693e-01 1.320645139802510415e-01 3.436532417214176460e-01 2.007463743062330979e-03 3.411462260774343891e-01 3.490950739380437318e-01 9.201874639948657286e-01 6.118744119284147897e-05 9.201571037521778518e-01 9.203257758896369323e-01
