# signal_efficiencies		0sq-mean	0sq-std	0sq-min	0sq-max	1sq-mean	1sq-std	1sq-min	1sq-max	2sq-mean	2sq-std	2sq-min	2sq-max	all-mean	all-std	all-min	all-max
1.000000000000000021e-02 2.793025477846409754e-01 2.080647798631514792e-02 2.471152231911066255e-01 3.132757234322260942e-01 3.619396082213790500e-01 1.522262676405714554e-01 0.000000000000000000e+00 4.810666323196123306e-01 9.516820428542699384e-01 3.945801767834442031e-01 0.000000000000000000e+00 1.259841511983572859e+00 2.568895390879235130e+00 1.062805570901324215e+00 0.000000000000000000e+00 3.398607456294225670e+00
1.497487437185929596e-02 3.318701935692223715e-01 2.249124885336842641e-02 2.912549673565539288e-01 3.660075373086565942e-01 5.236175335929242891e-01 2.156153586999792759e-01 0.000000000000000000e+00 7.203912383479620374e-01 1.426248531569795697e+00 5.897366157808040521e-01 0.000000000000000000e+00 1.886596837040727115e+00 3.542918506072871843e+00 1.462961067253204073e+00 0.000000000000000000e+00 5.089371969727030987e+00
1.994974874371859344e-02 3.546511311974696046e-01 1.421180402461248889e-02 3.328007347882820377e-01 3.844389015788254316e-01 6.479567735897061587e-01 2.778872552584475963e-01 0.000000000000000000e+00 9.597158443763119662e-01 1.900815020285320900e+00 7.849014921026886693e-01 0.000000000000000000e+00 2.513352162097881592e+00 4.409345314355329393e+00 2.009641406046207557e+00 0.000000000000000000e+00 6.780136483159837191e+00
2.492462311557788746e-02 3.914674886930690212e-01 2.089795555903423488e-02 3.582684269099246088e-01 4.216952807422590377e-01 7.573376408567522589e-01 3.453746070861345441e-01 1.096464714173661301e-02 1.199040450404661451e+00 2.313373597464356113e+00 9.487462080419214461e-01 0.000000000000000000e+00 3.140107487155035404e+00 5.478234451639915292e+00 2.183741162152422088e+00 1.954897409797768493e+00 8.470900996592641619e+00
2.989949748743718494e-02 4.158063300555314146e-01 2.205801250074189424e-02 3.836530825842140446e-01 4.454581590634840160e-01 8.974613651490337407e-01 2.686926959815146843e-01 5.547538014488884173e-01 1.398985574058795089e+00 2.654042736551242232e+00 1.085592228430715567e+00 0.000000000000000000e+00 3.766862812212190104e+00 6.270339009790146356e+00 1.823698761896722420e+00 3.775896241259090846e+00 9.316767895369780561e+00
3.487437185929648242e-02 4.468066302354340991e-01 2.656130287597566544e-02 4.067583402400427595e-01 4.833504346778314531e-01 9.975938687426214591e-01 2.981331048802009498e-01 5.931528685264991774e-01 1.638371968134515910e+00 2.992945159476791517e+00 1.266748995461886684e+00 0.000000000000000000e+00 4.393618137269344359e+00 6.397645443112795149e+00 1.627416497828541475e+00 4.190466821563179955e+00 9.406168575623400585e+00
3.984924623115577991e-02 4.689480909340846826e-01 2.779399710328302880e-02 4.279094774628299236e-01 5.158268496070335107e-01 9.824837696588485381e-01 2.710011725558147400e-01 5.921013984228931104e-01 1.510155827246405957e+00 3.288321920179683389e+00 1.479195989661528765e+00 0.000000000000000000e+00 5.020373462326498171e+00 5.926362217985432501e+00 1.260051226443644090e+00 4.202902695352503493e+00 7.824379127894675712e+00
4.482412060301507739e-02 4.882758341630807353e-01 2.836909822371497247e-02 4.412926720298865346e-01 5.433713450067235717e-01 9.290238437563906881e-01 1.761730514706843775e-01 6.501606334212419736e-01 1.205879237494492662e+00 3.657676951305179447e+00 1.680114498667197420e+00 0.000000000000000000e+00 5.647128787383652870e+00 5.930450289697668076e+00 8.850648804107763556e-01 4.593211476505739022e+00 7.491730868017012490e+00
4.979899497487437487e-02 5.100394166263548801e-01 2.784995946950824530e-02 4.636568754301583217e-01 5.607555851390781942e-01 9.054295545156045844e-01 1.144362578904600941e-01 6.756699156371560600e-01 1.078226469255488595e+00 4.023302889649460035e+00 1.885014252086266717e+00 0.000000000000000000e+00 6.273884112440807570e+00 5.899713648880476669e+00 5.316178595011797903e-01 4.885746852747457680e+00 6.909489461477120287e+00
5.477386934673367236e-02 5.303328384818745134e-01 2.918910039662665420e-02 4.806043493755619567e-01 5.886478964701657990e-01 9.010097509416297168e-01 1.011915533500678671e-01 6.587470216436901449e-01 1.056360884333777506e+00 4.461105260631674341e+00 1.727096990601378446e+00 1.910593675791480317e+00 6.900639437497961381e+00 5.838537429383274358e+00 5.511507906687849179e-01 4.836110913554087176e+00 7.033421190154555802e+00
5.974874371859296984e-02 5.509717524475773454e-01 2.996265832278548202e-02 5.020078217632711892e-01 6.166300460751599211e-01 8.903439008964901813e-01 8.857425969170253099e-02 6.774819987300745305e-01 1.034507456213649368e+00 4.857325538841041457e+00 1.446523139879909214e+00 2.906367459650629481e+00 7.527394762555116081e+00 5.845924785404864821e+00 5.673939789140906020e-01 4.953964337952853292e+00 7.179344453657956926e+00
6.472361809045226733e-02 5.691550491395047651e-01 3.072690345708906090e-02 5.247769795404411131e-01 6.377779064523805275e-01 9.057533864186577688e-01 8.121734747008238497e-02 7.143173858722899894e-01 1.038163952403827084e+00 5.114266581351941454e+00 1.503746868755016397e+00 3.033432310308737279e+00 7.568330934415522293e+00 5.823114020498875831e+00 6.250529749953072089e-01 5.020537119569272733e+00 7.332339034685029233e+00
6.969849246231155093e-02 5.869900633979051596e-01 2.972757957067403978e-02 5.441888944879380574e-01 6.547433698972376925e-01 9.033506988686983430e-01 9.436144212435518264e-02 7.400815818818907710e-01 1.076067098253815191e+00 5.137376302524318206e+00 1.434267317048605328e+00 3.151831675053153425e+00 8.021136312037640437e+00 5.940616368959437565e+00 6.993230134703177781e-01 5.050252009723678270e+00 7.490734262792915210e+00
7.467336683417084842e-02 6.033010539966697783e-01 2.656555777694463022e-02 5.644876885608227646e-01 6.645180054156170080e-01 9.050832025709310003e-01 1.031898187949237822e-01 7.658780574333117208e-01 1.111715711624350567e+00 5.127213577770352693e+00 1.340091807168911409e+00 3.326110351374450325e+00 7.612747357467413600e+00 6.078100388686837441e+00 6.348598550738950852e-01 5.067967971075790778e+00 7.326155220164198845e+00
7.964824120603014590e-02 6.184890310859527673e-01 2.571532839228477668e-02 5.812498596081498992e-01 6.800409362138148950e-01 9.306496193103054315e-01 1.023104983745494190e-01 7.821243440609239039e-01 1.106090854833119419e+00 5.051722902801346393e+00 1.272468721202084874e+00 3.547701821620796725e+00 7.204358402897186764e+00 6.280047013772111164e+00 7.662056521889937244e-01 5.115618866208068383e+00 7.814236893647546367e+00
8.462311557788944338e-02 6.329717286827107880e-01 2.563495744730090106e-02 5.956564564668629380e-01 6.961258934221830064e-01 9.505323937904256448e-01 1.206318511803684684e-01 7.841723106037723490e-01 1.175177917690203966e+00 4.835971882532216881e+00 1.105311380616108785e+00 3.372456037899117742e+00 6.406857062646568401e+00 6.126629245309095140e+00 6.120895826382600768e-01 5.084111042876365616e+00 7.137525519170856647e+00
8.959798994974874087e-02 6.501846696501961675e-01 2.605748049216701639e-02 6.076393718232451224e-01 7.145985828207886970e-01 9.621376220564142878e-01 1.173552972933995242e-01 7.819331678519674256e-01 1.151873127736854130e+00 4.724672439743704544e+00 9.199685806804428490e-01 3.408887583339343053e+00 6.266126162838855151e+00 6.235693348508030809e+00 5.821143090074962778e-01 5.222275920015457373e+00 7.136673171313997699e+00
9.457286432160803835e-02 6.633380986903004706e-01 2.583037246376155421e-02 6.143129409129340912e-01 7.224797532344152673e-01 9.687298097172050149e-01 1.099281845585473455e-01 8.042605897455846753e-01 1.120785461283959172e+00 4.777415879962354950e+00 7.832786248417741293e-01 3.592411801480399625e+00 5.957341018977597713e+00 6.271428079902714892e+00 5.917681786301037805e-01 5.356934030775319044e+00 7.301323399535599279e+00
9.954773869346733584e-02 6.777998831864658902e-01 2.425804200577269532e-02 6.292487536254657288e-01 7.343303318214338127e-01 9.749819205860659199e-01 1.085805703699078834e-01 8.059512759770591783e-01 1.121904907442118127e+00 4.755094625542868769e+00 6.102086383245637347e-01 3.781385642259655455e+00 5.662252230180629731e+00 6.141893233582674583e+00 4.941145084542329369e-01 5.545488526866488854e+00 7.213085242438794786e+00
1.045226130653266333e-01 6.938121834897967855e-01 2.573089808981882803e-02 6.433880979076731510e-01 7.531955067111040236e-01 9.903565057778657144e-01 1.076689405600042698e-01 8.285310626938290346e-01 1.124347335916072499e+00 4.753112266850541445e+00 4.500294650781097583e-01 3.956407344800707993e+00 5.375892153403116325e+00 6.112054649408854345e+00 5.306801681430505235e-01 5.355762759178920085e+00 7.085768590231713127e+00
1.094974874371859308e-01 7.107829988107188246e-01 2.665559047409992582e-02 6.667786608115782165e-01 7.736630635152400570e-01 9.868829631767029875e-01 9.419348821088580070e-02 8.434844581595596358e-01 1.111113795079067934e+00 4.773267182313402301e+00 4.467296264520477234e-01 3.982258474417784022e+00 5.631763943396822292e+00 6.193834086174672571e+00 5.420884347019100380e-01 5.547520334714248769e+00 7.298245795244920231e+00
1.144723618090452283e-01 7.254082483972695838e-01 2.408472126821689999e-02 6.860814591287037745e-01 7.795180367204472827e-01 9.790979610000272171e-01 7.872659745956443744e-02 8.598701898686809120e-01 1.079988681007182594e+00 4.708639822539696596e+00 4.827488944364449197e-01 3.856165354401118517e+00 5.472149632531381869e+00 6.255235563641379670e+00 4.809034273662955439e-01 5.736179503972770100e+00 7.175243817852176242e+00
1.194472361809045258e-01 7.375088039320532030e-01 2.327987148244143115e-02 7.003230752765225997e-01 7.877084993983586303e-01 9.768908345227969026e-01 8.272539588218062734e-02 8.662734448667557263e-01 1.105858238459863419e+00 4.724750411374452064e+00 4.296284416705988263e-01 4.021098183546765625e+00 5.687782748253011889e+00 6.303181714986697770e+00 3.918723475790865662e-01 5.859445140757167714e+00 7.092737194672639411e+00
1.244221105527638233e-01 7.482573984759178787e-01 2.481586895759364114e-02 7.120694289576083857e-01 8.020214664489518919e-01 9.794123062841730842e-01 7.177413983309596790e-02 8.922705140154474357e-01 1.092803735934356091e+00 4.704958746340233589e+00 4.287246468013930500e-01 3.918803497074530018e+00 5.659061835221471881e+00 6.379880693418433779e+00 3.579483839593369243e-01 5.921251145812701289e+00 7.040771534123931197e+00
1.293969849246231207e-01 7.626472782728183075e-01 2.342968174303843368e-02 7.298877213018604149e-01 8.139409921906367584e-01 9.887049547646584724e-01 7.172725326693069059e-02 9.079887391987139234e-01 1.101584274844138678e+00 4.710978482809292878e+00 4.402478211940546449e-01 4.075492328338818915e+00 5.763616524084260284e+00 6.414674053218220706e+00 3.312318160606956829e-01 5.912587774382384254e+00 6.868046620365571897e+00
1.343718592964824043e-01 7.728290083889521878e-01 2.633469790819684131e-02 7.310753554024933543e-01 8.305226437500536907e-01 9.937771314582249937e-01 5.755113885994053019e-02 9.330242731305242732e-01 1.092646147452997152e+00 4.719050502878978648e+00 5.029420679391297666e-01 3.990138662887070531e+00 5.946596536336795857e+00 6.351898154204613789e+00 3.167837265045282957e-01 5.798637988389934605e+00 6.733338013004031453e+00
1.393467336683417157e-01 7.865477075382022454e-01 2.651195825843077197e-02 7.443709344396380878e-01 8.467471773661275902e-01 1.007359015977249639e+00 5.400506479671084159e-02 9.296090773517082795e-01 1.102049661755915011e+00 4.708309786692280063e+00 4.763690446278480151e-01 4.027503319269317927e+00 5.851826654489860502e+00 6.339994488669730366e+00 3.463263227706665504e-01 5.660421593431815168e+00 6.844904423121599635e+00
1.443216080402010271e-01 7.989718173270869972e-01 2.545560960675744000e-02 7.598554171458792306e-01 8.568734484601624457e-01 1.009991687976593333e+00 5.242725583354881924e-02 9.221688278815667328e-01 1.111742709423706232e+00 4.698339160008780269e+00 5.109859590026921694e-01 4.091088252472202313e+00 5.904826355576117791e+00 6.364330055935424113e+00 3.569321948271234057e-01 5.701859415488308436e+00 6.936611361112079877e+00
1.492964824120603107e-01 8.099739884585940297e-01 2.708738248527367554e-02 7.687543814162953737e-01 8.715152347587332704e-01 1.015290161387990331e+00 5.298396710742294541e-02 9.195807943591336464e-01 1.121664258695203475e+00 4.746363220268607463e+00 5.395184505118685303e-01 4.057330656513821410e+00 5.947925082765308069e+00 6.306624903114554037e+00 3.505980122257357223e-01 5.649157423808565781e+00 6.841782069439139136e+00
1.542713567839196220e-01 8.180133023173541407e-01 2.679181681480513610e-02 7.786101459751522125e-01 8.839364127439789387e-01 1.019925081019185109e+00 4.743993121532412427e-02 9.350186184802481426e-01 1.094237559305831775e+00 4.819218820048306817e+00 5.484244284592807439e-01 4.143714957023917123e+00 6.037211046972633000e+00 6.260180703993847295e+00 3.142602063029943382e-01 5.628919932187391062e+00 6.658715508641228631e+00
1.592462311557789056e-01 8.269211965761378291e-01 2.544177366008296137e-02 7.901225294932650023e-01 8.910088739082681064e-01 1.020817666747469987e+00 5.646712144825422053e-02 9.359162673471003169e-01 1.117443228940087296e+00 4.844339966888399296e+00 4.819986496191164815e-01 4.095240921666940537e+00 5.791545252606681515e+00 6.194781570133906179e+00 3.169445911236816182e-01 5.704911530591385116e+00 6.712951204109065095e+00
1.642211055276382170e-01 8.374377219379540715e-01 2.348135135640059060e-02 8.075861512208961646e-01 8.996045554956145773e-01 1.022697602541198680e+00 6.080962304644942779e-02 9.375728692062386127e-01 1.128589917028350875e+00 4.907947713874264650e+00 5.338280618911964703e-01 4.114357373990112698e+00 5.972473930425572064e+00 6.156121379669312610e+00 2.622882483478426452e-01 5.818835284497114735e+00 6.593589983162767787e+00
1.691959798994975006e-01 8.478869429012707570e-01 2.355116780661772879e-02 8.182623182809155571e-01 9.113182092845384386e-01 1.014851841418051404e+00 6.086357264041711984e-02 9.461923110964916006e-01 1.121056550069575719e+00 4.979956281169796384e+00 6.008239657616620821e-01 4.091167233754246624e+00 6.153402608244460836e+00 6.116170164291101052e+00 2.147281225445927255e-01 5.808687438535706349e+00 6.510940768944662338e+00
1.741708542713567842e-01 8.585845956887669939e-01 2.318600884067967965e-02 8.283330859046508232e-01 9.219621502081585263e-01 1.016949768251607988e+00 6.705850213446445940e-02 9.407679303205110921e-01 1.136863148041027172e+00 5.037236229730821080e+00 6.019450929603333833e-01 4.146793227901754086e+00 6.334331286063350497e+00 6.080808564192338395e+00 2.035293622694075155e-01 5.749413643359777559e+00 6.420473015101416436e+00
1.791457286432160956e-01 8.687098978957663586e-01 2.228068846468728159e-02 8.448106618324873196e-01 9.312188071845970416e-01 1.010377103390977638e+00 6.662806995394096599e-02 9.359407586254986366e-01 1.122314751258156162e+00 4.898943819450227721e+00 5.335581160099956977e-01 4.012611855036065656e+00 5.955183217468353440e+00 6.017958743201612393e+00 2.088600996384071262e-01 5.702365335893865961e+00 6.377927238999760995e+00
1.841206030150753792e-01 8.804655177402759270e-01 2.224634152167090026e-02 8.522054426676364258e-01 9.409789194824329517e-01 1.011327394658183554e+00 6.126017667146515383e-02 9.427711239427094547e-01 1.102617876059279078e+00 4.913209637093397752e+00 4.785815721759058561e-01 4.098836535126681113e+00 5.763007678126313316e+00 5.976267312905208406e+00 2.165288762088492247e-01 5.688669584222038722e+00 6.386571490124159034e+00
1.890954773869346905e-01 8.898743692303323627e-01 2.080497704506792389e-02 8.666483924377793580e-01 9.465387059155317973e-01 1.012867176053527718e+00 5.746356226261209454e-02 9.535987656056308381e-01 1.102047932125691521e+00 4.933184997545849271e+00 4.678453166609965463e-01 4.085616490011049429e+00 5.777934250828786311e+00 5.981495305219893588e+00 2.344796538610451619e-01 5.673308633322195149e+00 6.419797357615085076e+00
1.940703517587939742e-01 8.996947540989964631e-01 2.161889261427153708e-02 8.761219203216281670e-01 9.585821908604107433e-01 1.013819828191648620e+00 5.362494993856551512e-02 9.528593743732771681e-01 1.092705168871808130e+00 4.993261612289092710e+00 4.790806012114037227e-01 4.193104141488882775e+00 5.795325906302813301e+00 5.932120788708959758e+00 2.547437271261219216e-01 5.635077785539987616e+00 6.406299910748835202e+00
1.990452261306532855e-01 9.092976864942814430e-01 2.158662520305459909e-02 8.874283118985615282e-01 9.685077716758248023e-01 1.013422393599426430e+00 4.741952617206758591e-02 9.623640765999776914e-01 1.091218293165366227e+00 5.027339285321593465e+00 4.624185061735661129e-01 4.238709548135448202e+00 5.752953713532552804e+00 5.856166876769224316e+00 2.441390802235761104e-01 5.552031563628689881e+00 6.254028283838087177e+00
2.040201005025125691e-01 9.173858856539800488e-01 2.325474083822783380e-02 8.848173020972253111e-01 9.781261555727913670e-01 1.003753283703342714e+00 4.068052221275516439e-02 9.534584797927920796e-01 1.077549102489093302e+00 4.978413696415684875e+00 4.523905089136895930e-01 4.283883198202096843e+00 5.896741246387821711e+00 5.851601714407875576e+00 2.410273964135302149e-01 5.551516869817755051e+00 6.224757286307167625e+00
2.089949748743718805e-01 9.264803953037707984e-01 2.335361834739253101e-02 8.953671866053397599e-01 9.874442261366854767e-01 9.983723108230234677e-01 4.472938567103623003e-02 9.416481396997183895e-01 1.077907396732649126e+00 4.933923533819944751e+00 4.067048141231309755e-01 4.388342419044957587e+00 5.797067607702805603e+00 5.842882641184081294e+00 2.464810937901217580e-01 5.487312843490963488e+00 6.182297275181803720e+00
2.139698492462311641e-01 9.356767624589107379e-01 2.276205126371828869e-02 9.015147977059112527e-01 9.933963347296390634e-01 9.949060290693736430e-01 4.017150904419176938e-02 9.357614072256320581e-01 1.079038943382613747e+00 4.897884249689680836e+00 3.886283834639873147e-01 4.470334068386716098e+00 5.747211168406463067e+00 5.820780112104833037e+00 2.411678304212464818e-01 5.420225237543201402e+00 6.168025868332394523e+00
2.189447236180904754e-01 9.431205138234182161e-01 2.255968385511378238e-02 9.081721193793431679e-01 9.982427192086545942e-01 9.913698994183522961e-01 4.767051711453029056e-02 9.362445713080389531e-01 1.091254152717467285e+00 4.902304930634822533e+00 4.180171658713275340e-01 4.370294336890829356e+00 5.819367924851681195e+00 5.790539518592014545e+00 2.395044113383111850e-01 5.426959302771698468e+00 6.116523261415560242e+00
2.239195979899497591e-01 9.520173822175742595e-01 2.258204309350623704e-02 9.164796075227404915e-01 1.007838611957926123e+00 9.891551598535693879e-01 5.148428194832475185e-02 9.313494641730813983e-01 1.097203291374574619e+00 4.866167424852406498e+00 4.413656036320086629e-01 4.286907399840723443e+00 5.758407556626029766e+00 5.727570710939795973e+00 2.049877100113047246e-01 5.449740286286651525e+00 6.035240060596332334e+00
2.288944723618090704e-01 9.596879051582473119e-01 2.284951483990044913e-02 9.248914543385755582e-01 1.015891507666476512e+00 9.856584769285809955e-01 5.565737671844544349e-02 9.082305144246543005e-01 1.095683191602395468e+00 4.914161247447191627e+00 4.206445814714707687e-01 4.347352751260154413e+00 5.693734056104490016e+00 5.689546680237032028e+00 2.195971423561014768e-01 5.399407179401905843e+00 5.984018926718282394e+00
2.338693467336683540e-01 9.672139742609274782e-01 2.322967991943621774e-02 9.327714024362393497e-01 1.024072514381812793e+00 9.867114837984656273e-01 5.844910870683839993e-02 9.036758742546717738e-01 1.101630139747873161e+00 4.923396317378148979e+00 4.236055945789765631e-01 4.392208620374748129e+00 5.778332689453704596e+00 5.659445035720143125e+00 2.317316596592150502e-01 5.298867370718032710e+00 5.966818656413444444e+00
2.388442211055276654e-01 9.752624151563287214e-01 2.391362676255532130e-02 9.386412358235393105e-01 1.035968968654868316e+00 9.847457443395896126e-01 5.724732165488657931e-02 9.027395402198048480e-01 1.087569823019374882e+00 4.961135492732571706e+00 4.384976292369036632e-01 4.485639787847267357e+00 5.901249521481190641e+00 5.631668619435066248e+00 2.328289328407252834e-01 5.272803304001508984e+00 6.033599184143944250e+00
2.438190954773869490e-01 9.825846972601300910e-01 2.430658964350800727e-02 9.429197230311742173e-01 1.044216546717905203e+00 9.822753025861385989e-01 5.389737175857460538e-02 9.027567167648509194e-01 1.079771714539736083e+00 4.982425133373913795e+00 4.209826915663179014e-01 4.529024961347487555e+00 5.875955737307670290e+00 5.581118308976213527e+00 2.394875373396561369e-01 5.259998186972336676e+00 6.043517681213741888e+00
2.487939698492462326e-01 9.900952649081808943e-01 2.401158249994397517e-02 9.486815256013771958e-01 1.049353413850731886e+00 9.806257363926095261e-01 5.231332908869924803e-02 9.062485607601231674e-01 1.061109079596361138e+00 5.005874991537602625e+00 3.636703881249164771e-01 4.621434992504411809e+00 5.758707767464767535e+00 5.512310928056825432e+00 2.165485253084777906e-01 5.204019226005729415e+00 5.853269343976636563e+00
2.537688442211055162e-01 9.982258771049691282e-01 2.296792779976978768e-02 9.622289614985460870e-01 1.056068583452864917e+00 9.836024668632781243e-01 5.720851238937282174e-02 8.927353517760507895e-01 1.070596613593883362e+00 5.014225200364349710e+00 3.394477203917710684e-01 4.628311268903622100e+00 5.742134608500881754e+00 5.482696061575595969e+00 2.060752085879676843e-01 5.207252830609943040e+00 5.762557851993972413e+00
2.587437185929647998e-01 1.005426341338962803e+00 2.295912677036898719e-02 9.714999629476644971e-01 1.063572560834444403e+00 9.801958272353221702e-01 5.560506088676467340e-02 8.913694475834562647e-01 1.065320711872196346e+00 5.009914058684644900e+00 3.139908666127252390e-01 4.690233328863751439e+00 5.687675583713567740e+00 5.447620824310059007e+00 2.071603645041080743e-01 5.172754889878499185e+00 5.693385447413549016e+00
2.637185929648241389e-01 1.013488824709497305e+00 2.364311506033458382e-02 9.827597507944252353e-01 1.073675720883102924e+00 9.768047131652209947e-01 4.969291440084174644e-02 9.015989334701706159e-01 1.060019409733962803e+00 5.037225953853186944e+00 3.077974456707706086e-01 4.652341393930009339e+00 5.615942365214550591e+00 5.407834544110152741e+00 2.017858763266391631e-01 5.125140761967531766e+00 5.683932386982347040e+00
2.686934673366834225e-01 1.020590877918459594e+00 2.228885912477220760e-02 9.933302759975164431e-01 1.077927905900025296e+00 9.777328264404019365e-01 4.985929762293734441e-02 9.034645105754126604e-01 1.066670509522408938e+00 5.053716512789073079e+00 3.157388813059741062e-01 4.564483875917995981e+00 5.641853069159265210e+00 5.361649284823346129e+00 2.036275940424759068e-01 5.078393075790771150e+00 5.663324406495923391e+00
2.736683417085427061e-01 1.027808686857032416e+00 2.127075099333800012e-02 1.001478521711253844e+00 1.082369711836828952e+00 9.749620564302465819e-01 5.059199681309697882e-02 9.043980907266053748e-01 1.063129532791615039e+00 5.067244025592389178e+00 2.818464910708483040e-01 4.594550484251204381e+00 5.520878269113135062e+00 5.309208682308096172e+00 2.052226694720949429e-01 5.031628164472138565e+00 5.588376811920635845e+00
2.786432160804020453e-01 1.035319716252682820e+00 2.168289566754452377e-02 1.008158977527948474e+00 1.090792393510656266e+00 9.759234244111361090e-01 5.587145099398127535e-02 8.936396905233668919e-01 1.062953299176986999e+00 5.043550056947167626e+00 2.556002596275046557e-01 4.531988124793485007e+00 5.482421980796066130e+00 5.275700723007873627e+00 2.078262676886860338e-01 5.009127895997076862e+00 5.495045025388010096e+00
2.836180904522613289e-01 1.041544006702040059e+00 2.003213369082184128e-02 1.018183862531985673e+00 1.090614760488238799e+00 9.733297387290532621e-01 5.414358388022999513e-02 8.906639349955104423e-01 1.051609298761114086e+00 4.999950788758306786e+00 2.732800358324577461e-01 4.417984433560796731e+00 5.337679690927638276e+00 5.239381563270884001e+00 2.063183374950066096e-01 4.990130989741169643e+00 5.494336596619041835e+00
2.885929648241206125e-01 1.049551624368173508e+00 2.148377623256638586e-02 1.027075039680357627e+00 1.101865316673305228e+00 9.720255610874085628e-01 5.278596711466900654e-02 8.886311125659817067e-01 1.044107112010522309e+00 5.004660963648610128e+00 2.966662003171536277e-01 4.377005666224036418e+00 5.360715241759814731e+00 5.185008557124423767e+00 1.962654105937239324e-01 4.928776814195154010e+00 5.432227449373365324e+00
2.935678391959798961e-01 1.055909823248492696e+00 2.122107438113039410e-02 1.031018458595955645e+00 1.107753184546315550e+00 9.636154635120479650e-01 5.475562628863057946e-02 8.710346833725187699e-01 1.049722299844356055e+00 5.039178979394248969e+00 3.006447840836034557e-01 4.420540466532619561e+00 5.453125272916739874e+00 5.160146530847272928e+00 1.850627109251510305e-01 4.915422737648373008e+00 5.410906427325803847e+00
2.985427135678392352e-01 1.062669143931150639e+00 2.124397898884066230e-02 1.041055518388546375e+00 1.115434668332180079e+00 9.595515834743952865e-01 5.338564489287112719e-02 8.805842067226583580e-01 1.048885223933242461e+00 4.975898074920535485e+00 2.901716991530355894e-01 4.372265544224061884e+00 5.432635138237460026e+00 5.132199905846317023e+00 1.869436845678543457e-01 4.881638421152480589e+00 5.355009647223023528e+00
3.035175879396985188e-01 1.070317995507832354e+00 2.066384182649902423e-02 1.048619398310091766e+00 1.122512076817745674e+00 9.504962209814259433e-01 4.763163412945752018e-02 8.809376735118902291e-01 1.037422159463817994e+00 5.018268900455116643e+00 2.876642733627995940e-01 4.445124370832069793e+00 5.519238454677241279e+00 5.084937229471129250e+00 1.902972258206750977e-01 4.804347421195489076e+00 5.333951555678982714e+00
3.084924623115578024e-01 1.076335804761638704e+00 2.039840582908503813e-02 1.056101952862472659e+00 1.128171585473785266e+00 9.445648227085303716e-01 4.993836754383858267e-02 8.784672212899439225e-01 1.024830597308669544e+00 4.991665852466503850e+00 2.834253329703593227e-01 4.485039526682361277e+00 5.496363781181091923e+00 5.054859162933134087e+00 1.791997926118323869e-01 4.790466485469353941e+00 5.303506563044876998e+00
3.134673366834170860e-01 1.083788405564527935e+00 2.101583123111392878e-02 1.062639385608019627e+00 1.138331587685242008e+00 9.382188573962370048e-01 4.920667627301958391e-02 8.745733606326220322e-01 1.007566035666003446e+00 4.953286304149551178e+00 2.947751465226416401e-01 4.415330474951280060e+00 5.421713903608433860e+00 5.016680595251420627e+00 1.817252406329932235e-01 4.742416894289531726e+00 5.263580977689610307e+00
3.184422110552764251e-01 1.090390046078332675e+00 2.139664681804255911e-02 1.067827226541720353e+00 1.145906136405039799e+00 9.344483236775561474e-01 5.071359423442962228e-02 8.676479000438895861e-01 9.995015323918613470e-01 4.931675534449904141e+00 2.975542895362877638e-01 4.375429473874979713e+00 5.405244081328030248e+00 4.986832543796330341e+00 1.580135112124999297e-01 4.726084872070747345e+00 5.207026203474713455e+00
3.234170854271357087e-01 1.095546187545604733e+00 2.079997501216109684e-02 1.075540983198398859e+00 1.149828854019727009e+00 9.341844450695125923e-01 4.871912365491541663e-02 8.526014692945148576e-01 9.909319866375252417e-01 4.904064450306849565e+00 2.682365802958434076e-01 4.391050448035459297e+00 5.343427496789599829e+00 4.954119705477974200e+00 1.412947733898796410e-01 4.746246465657212532e+00 5.131561861060865759e+00
3.283919597989949923e-01 1.101802963167569649e+00 1.893305043766239579e-02 1.084878800246473318e+00 1.149545639153716436e+00 9.325060538573580748e-01 4.749362525784418115e-02 8.570072245477872164e-01 1.000896889981132354e+00 4.867047229532883712e+00 2.703423665099148332e-01 4.435563525419373931e+00 5.254272408361498670e+00 4.921703400314525467e+00 1.402491430704653208e-01 4.709525123563527593e+00 5.112086542544941992e+00
3.333668341708542759e-01 1.107318782446330196e+00 1.927963779695711019e-02 1.088880217868862355e+00 1.155360826360554816e+00 9.293562807634891954e-01 5.131805102592153223e-02 8.433047479174473615e-01 1.002484645424024601e+00 4.841227974178700322e+00 2.703240684381507108e-01 4.427076741732868470e+00 5.291368777438014703e+00 4.873455253943041576e+00 1.275676011689901579e-01 4.705547014194518596e+00 5.045152560469552405e+00
3.383417085427135595e-01 1.112243141643699307e+00 1.961510137450625524e-02 1.094027938674606570e+00 1.163397186592856958e+00 9.245582952695642343e-01 5.285339719033652767e-02 8.412575391205553421e-01 9.923951486096459496e-01 4.835787619119461311e+00 2.615697902029766042e-01 4.468386759076588888e+00 5.287066513688603919e+00 4.842916660531122908e+00 1.283281917719150123e-01 4.690671261155136662e+00 4.998503432227948018e+00
3.433165829145728987e-01 1.118118595133485327e+00 1.937180531962895066e-02 1.099219755101078944e+00 1.169901901658219945e+00 9.206034925743387110e-01 5.219022780710556170e-02 8.407547108567041683e-01 9.835996972288925111e-01 4.816780012940086841e+00 2.576356525182437740e-01 4.526960919804356998e+00 5.282446270312183501e+00 4.820504943104143791e+00 1.325284087426505664e-01 4.673252064396796079e+00 4.980729736532068408e+00
3.482914572864321823e-01 1.124702456185419752e+00 1.978306732585684985e-02 1.105482586851042059e+00 1.176806075180869104e+00 9.169478545431996031e-01 5.402214962136132198e-02 8.346329651019683826e-01 9.801939695018011545e-01 4.789128563281826345e+00 2.248257290091483229e-01 4.525794287832404450e+00 5.207503402746799459e+00 4.796653237871396414e+00 1.275207207930533770e-01 4.653628258490962288e+00 4.979696261968598492e+00
3.532663316582914659e-01 1.129470958264727098e+00 1.971038497857663732e-02 1.110276885109714229e+00 1.180902587678909210e+00 9.134131657272218652e-01 5.335074455787743031e-02 8.381148053106818319e-01 9.782791661326477595e-01 4.756571779863284277e+00 2.054452811185702721e-01 4.507576216636065780e+00 5.203513304943347961e+00 4.758688618514055335e+00 1.279124950834863994e-01 4.583790745331460137e+00 4.944762516776118666e+00
3.582412060301507495e-01 1.134749399190373875e+00 1.887949043870363816e-02 1.115121428147532123e+00 1.183031002170875423e+00 9.044383663269046636e-01 5.344598813916123792e-02 8.241311859027363740e-01 9.764126595206221726e-01 4.718741490706090502e+00 1.916439408880444562e-01 4.506301871439531759e+00 5.112035395532827486e+00 4.746020740157208984e+00 1.313595918719281941e-01 4.559479761062358527e+00 4.952705350588217925e+00
3.632160804020100886e-01 1.139742428519368023e+00 1.946292877066000196e-02 1.121011229238828122e+00 1.190843525700617800e+00 9.003034974094978882e-01 5.349571705998094895e-02 8.081472060735381824e-01 9.720692245577267077e-01 4.687445035243337443e+00 2.062231090051760696e-01 4.385149431298282607e+00 5.053288059314249736e+00 4.734509708872787215e+00 1.238751350823495828e-01 4.565711837907964643e+00 4.947819866531713018e+00
3.681909547738693722e-01 1.145778448244135550e+00 1.913925611561716894e-02 1.125099155895650460e+00 1.197373291030677356e+00 8.937273474678818497e-01 5.333709221329857586e-02 8.093216232615159100e-01 9.648924738913130517e-01 4.673021660188201309e+00 2.052404623949853624e-01 4.363648978410920698e+00 5.001955271141353521e+00 4.707827523170314166e+00 1.340625099531134179e-01 4.512434916998659951e+00 4.928584026876130508e+00
3.731658291457286558e-01 1.152131439770141430e+00 1.872014527715548313e-02 1.131348599842972424e+00 1.201993317127173055e+00 8.908032506269091266e-01 5.120145505165568656e-02 8.074197390690672771e-01 9.620874304315395475e-01 4.644591309380404098e+00 1.815330479518366125e-01 4.383983012458468664e+00 4.944808374457476674e+00 4.689114503699480352e+00 1.379127490065892025e-01 4.514811304230008204e+00 4.929762665768878449e+00
3.781407035175879394e-01 1.157044400829627229e+00 1.858246126305600210e-02 1.138666963074864036e+00 1.204895028549846314e+00 8.841409847998311644e-01 5.065002775841706550e-02 7.986988672193068295e-01 9.577513106574250257e-01 4.601885444645883894e+00 1.757390921496662095e-01 4.348892967199333270e+00 4.887733738999571642e+00 4.657456250989941537e+00 1.318248358364562944e-01 4.497724719996755383e+00 4.885414156305065703e+00
3.831155778894472785e-01 1.161967113984233801e+00 1.834176041005334407e-02 1.141139007517873116e+00 1.207561790416001424e+00 8.805123054243344516e-01 4.941767947083255952e-02 7.975619328358006799e-01 9.597141618370836902e-01 4.605034593641154750e+00 1.833393348819984947e-01 4.368360175449669924e+00 4.900719643090790001e+00 4.641163059969146687e+00 1.293765153978189142e-01 4.483549027039702928e+00 4.857427760982429454e+00
3.880904522613065621e-01 1.166708144383480805e+00 1.780479431782311384e-02 1.144964151315405854e+00 1.211322219356633978e+00 8.795923557775040535e-01 4.927236965930423956e-02 7.931048153535973366e-01 9.615365566779815465e-01 4.600525111726811112e+00 1.869706687851616089e-01 4.355756568301858422e+00 4.889324621632730405e+00 4.610281114598258512e+00 1.258817792786794398e-01 4.452485993456789082e+00 4.818331756148841905e+00
3.930653266331658457e-01 1.170940957106891833e+00 1.768484786161819700e-02 1.150574161753757929e+00 1.214788191030393261e+00 8.763709137359636525e-01 4.801243490110891632e-02 7.906212331759870926e-01 9.502051163921106935e-01 4.568881420692280315e+00 2.038579442631494598e-01 4.326582623256844506e+00 4.903210785440293762e+00 4.599350246402435616e+00 1.158493366918264267e-01 4.459760736532029313e+00 4.794279095996697215e+00
3.980402010050251294e-01 1.176121440438252952e+00 1.756147070464171567e-02 1.155325842381642154e+00 1.219379381679532859e+00 8.737105099261086583e-01 4.714395810756947386e-02 7.948119914342413050e-01 9.377004919713282094e-01 4.558124253702567685e+00 2.097341915333482132e-01 4.332618968534224457e+00 4.893822368409271206e+00 4.562592994482088216e+00 1.129709704943921839e-01 4.435948224306368814e+00 4.742627706103224483e+00
4.030150753768844685e-01 1.181881890156809556e+00 1.754758015391129702e-02 1.157618982674230246e+00 1.225418918248704747e+00 8.708660281539876147e-01 4.842920308067228535e-02 7.971560119152505397e-01 9.324330094149758663e-01 4.509917838481610985e+00 1.931692670511157006e-01 4.275188306103658853e+00 4.862696672800209896e+00 4.535744663323269421e+00 1.186089807839453697e-01 4.408085444685214682e+00 4.735300712308478488e+00
4.079899497487437521e-01 1.186955019773076492e+00 1.822519277193889245e-02 1.163310279747577169e+00 1.231766751657853876e+00 8.646435540474011194e-01 4.379034148722863590e-02 7.967210422872833542e-01 9.263453979114317782e-01 4.478486795240248952e+00 1.903228562383191269e-01 4.239422612443190630e+00 4.776502773181324102e+00 4.505516168065726745e+00 1.140849348067508873e-01 4.392722337007234579e+00 4.709223638367678433e+00
4.129648241206030357e-01 1.191487688005284928e+00 1.764218929198656249e-02 1.167229544536816599e+00 1.233150030571489975e+00 8.639279040309666424e-01 4.475683928521983351e-02 7.960122168876669901e-01 9.202812030100995244e-01 4.471145313482833394e+00 1.963823542613780393e-01 4.247988626602579032e+00 4.769309364375912352e+00 4.475603231522707226e+00 1.182690733121313231e-01 4.343508934263857313e+00 4.675754181432886902e+00
4.179396984924623193e-01 1.196363204757427967e+00 1.705673718409091849e-02 1.171591223056426934e+00 1.236601577429476961e+00 8.572213575740550429e-01 4.189419923367280335e-02 7.976625846133494901e-01 9.101221711056137753e-01 4.449341790857504364e+00 1.820244667129706506e-01 4.229253236321389942e+00 4.767049088276761992e+00 4.449298087567482796e+00 1.074980406686380646e-01 4.335178058963199632e+00 4.615072408189478281e+00
4.229145728643216029e-01 1.200923456998381322e+00 1.683357054062579669e-02 1.173312946375844934e+00 1.238578883733771230e+00 8.517030958720933631e-01 4.035365560505055349e-02 7.946592349741535832e-01 9.030301783366219137e-01 4.451929259681846496e+00 1.862782208890126079e-01 4.212068253817105479e+00 4.784733154964694535e+00 4.422768573662689384e+00 8.807339728612847973e-02 4.324651407747598597e+00 4.569720586097845150e+00
4.278894472361809420e-01 1.205986995406928219e+00 1.767443221975509987e-02 1.179415002606407636e+00 1.246032683413278441e+00 8.465618221608861571e-01 3.791282544548942035e-02 7.879216624483014186e-01 8.931411928641120879e-01 4.429372992323878933e+00 1.760747724274067394e-01 4.171471248935552545e+00 4.746272129629509173e+00 4.406123179018951674e+00 8.718187904524669907e-02 4.295637106497288471e+00 4.540895423090985261e+00
4.328643216080402256e-01 1.211912271114068185e+00 1.772729058634212040e-02 1.188347082816844535e+00 1.251987011320235377e+00 8.452081977589058770e-01 3.652107580185786490e-02 7.872562657394761576e-01 8.961940259146194965e-01 4.415396100834269255e+00 1.747621411289813353e-01 4.158181883043003957e+00 4.746579286998177771e+00 4.384220850484162213e+00 8.544079354756137223e-02 4.277649049889402200e+00 4.523566885856894260e+00
4.378391959798995092e-01 1.216410142861764410e+00 1.806168351336049846e-02 1.192672310450107132e+00 1.256764180445877344e+00 8.419710889962388478e-01 3.763050085432663450e-02 7.876003211808698667e-01 8.961208113212512094e-01 4.398671573349473007e+00 1.923812435676031385e-01 4.111443243373998691e+00 4.712705143032365207e+00 4.360539844838920764e+00 7.639999445244401166e-02 4.268660662784017568e+00 4.483901080000559425e+00
4.428140703517587928e-01 1.221325870345679965e+00 1.906912286969886586e-02 1.196553350111502434e+00 1.263982435202213539e+00 8.400901764808408334e-01 3.540597960340210321e-02 7.910272309348272968e-01 9.014424272497605362e-01 4.374631931237006555e+00 1.811628801067659278e-01 4.101582601390552085e+00 4.665189695260598235e+00 4.345915625670751403e+00 7.076133367476837577e-02 4.250016451332080614e+00 4.477663220134384225e+00
4.477889447236181319e-01 1.225843722341703579e+00 1.957522870894638778e-02 1.200065727948933070e+00 1.267160341541875734e+00 8.393230402594348272e-01 3.451958564176978855e-02 7.845483958830129501e-01 8.972874258253548119e-01 4.333258168472533534e+00 1.764240087978312665e-01 4.092724215623398720e+00 4.621640362191741680e+00 4.322920894557976013e+00 7.281961813060502942e-02 4.232219176553837947e+00 4.453253757521751233e+00
4.527638190954774156e-01 1.230093307082163800e+00 1.842691474578896094e-02 1.204035813660528920e+00 1.270037883841857562e+00 8.347729861372581439e-01 3.450495823758677888e-02 7.780839031127555483e-01 8.918344920933780617e-01 4.303617234641939682e+00 1.672849056872564300e-01 4.105905734468926482e+00 4.566940250156936720e+00 4.302491009971210367e+00 6.640643628892971273e-02 4.206621729703098111e+00 4.423273176497278136e+00
4.577386934673366992e-01 1.234013643303925489e+00 1.797706764053549899e-02 1.210044539921458551e+00 1.275004660047260874e+00 8.311524523345399373e-01 3.714172250267800540e-02 7.742789556341076462e-01 8.961113038820353038e-01 4.274254191089438493e+00 1.636252259019484179e-01 4.071965304550097642e+00 4.551651733127875410e+00 4.288879442920049634e+00 6.642112677148589994e-02 4.196112830930029958e+00 4.403635243860775539e+00
4.627135678391959828e-01 1.238262841337674613e+00 1.772948780282842043e-02 1.215855948313364410e+00 1.276841701501411075e+00 8.297567011110087432e-01 3.600815408926982819e-02 7.722359843526763745e-01 8.936112892468236479e-01 4.258052597550596730e+00 1.567510586820031471e-01 4.061575571755985159e+00 4.497910341900309028e+00 4.265333490297013697e+00 5.645690973157818648e-02 4.187034563228212214e+00 4.355037110413541690e+00
4.676884422110553219e-01 1.243222825205499094e+00 1.807612460153279824e-02 1.221795489295111503e+00 1.284908050762173737e+00 8.252025461956833396e-01 3.554543542403049150e-02 7.701159681097172749e-01 8.858945188543383420e-01 4.237986258208028545e+00 1.606021229137974959e-01 4.027307904633607549e+00 4.505826829239037323e+00 4.243995914252539414e+00 5.742737803934111485e-02 4.170739463220961341e+00 4.338253569723237391e+00
4.726633165829146055e-01 1.248476382139732221e+00 1.719030883481111743e-02 1.228280436777193119e+00 1.289708056762030930e+00 8.211177521029933146e-01 3.686582100497812903e-02 7.646160101353021155e-01 8.847103777403246827e-01 4.203481594318454029e+00 1.697135505835886127e-01 3.990959587927687124e+00 4.466226966293397105e+00 4.226988701019533501e+00 5.896534467009856978e-02 4.140066177554280635e+00 4.320307208557574441e+00
4.776381909547738891e-01 1.252743634629993386e+00 1.574883577240590929e-02 1.233547511241155581e+00 1.289998804105172425e+00 8.189820361182278408e-01 3.589929784759782194e-02 7.676460124793547113e-01 8.822408918629852659e-01 4.180076062193347042e+00 1.669173357835670446e-01 3.987733651847336525e+00 4.472760786001349409e+00 4.210031057920167186e+00 5.441920800619511750e-02 4.142248173647270271e+00 4.295749892701948625e+00
4.826130653266331727e-01 1.257291578657773190e+00 1.664476024557836817e-02 1.235714356358859067e+00 1.297261773689602160e+00 8.132807353671337447e-01 3.483179644654018497e-02 7.625889579132553164e-01 8.764047641833255797e-01 4.146838994826632430e+00 1.833543971013007201e-01 3.900424291296559431e+00 4.484086977324508894e+00 4.189970703268451224e+00 5.505435369473757334e-02 4.116119759849016901e+00 4.292434055663648884e+00
4.875879396984924563e-01 1.262267939579905462e+00 1.653836940179925774e-02 1.237884568801906671e+00 1.302363434433893907e+00 8.098119468512765540e-01 3.513090229353079547e-02 7.649333756524610006e-01 8.766217161193864404e-01 4.129250937298239776e+00 1.903590096455701763e-01 3.854357651265116314e+00 4.480123073431742320e+00 4.172224444656065678e+00 5.964160065420005125e-02 4.102604632183173727e+00 4.280208503392453956e+00
4.925628140703517954e-01 1.265305242134877606e+00 1.564594689031189451e-02 1.241415987669764576e+00 1.302808776078273389e+00 8.044398289021679194e-01 3.444216034173237795e-02 7.577002470350997498e-01 8.665646741085279992e-01 4.099575815277390234e+00 1.709654524885658444e-01 3.870891286867427894e+00 4.410064496063891504e+00 4.150182180381658092e+00 5.000460698028395823e-02 4.088140040635521721e+00 4.243582256365260541e+00
4.975376884422110790e-01 1.268396051721005557e+00 1.520160971582298730e-02 1.245702189360275991e+00 1.305730769724936069e+00 8.010718218522485667e-01 3.497038352963129787e-02 7.570922070265443393e-01 8.669758100500731812e-01 4.066835920161282480e+00 1.645801880963441433e-01 3.850516258076021270e+00 4.350761123382732798e+00 4.129303686830566811e+00 4.613713476167447675e-02 4.079579588907626508e+00 4.237402272309556572e+00
5.025125628140703071e-01 1.271669104111456727e+00 1.518677981630615903e-02 1.250980794396655771e+00 1.309648768026258292e+00 7.976247711843218458e-01 3.652660346859163548e-02 7.570989951448698907e-01 8.641925136011336939e-01 4.042170134074947185e+00 1.473694373416286618e-01 3.830169580243343752e+00 4.258598542002656195e+00 4.112482147759146223e+00 4.673528547676995826e-02 4.047250554138124734e+00 4.210150324549421619e+00
5.074874371859295907e-01 1.276124235103264226e+00 1.495703841529540980e-02 1.254686297085061630e+00 1.311255208709770859e+00 7.921912267718924650e-01 3.339373784577388121e-02 7.570847004307829087e-01 8.530994249233019300e-01 4.020131884396726640e+00 1.560882641846858543e-01 3.807296117480364561e+00 4.256930446194044038e+00 4.098206379360903817e+00 5.122679156566548736e-02 4.014150180182141092e+00 4.196166192080196033e+00
5.124623115577889854e-01 1.280360049892691254e+00 1.544207122256130958e-02 1.260278836251258916e+00 1.317670249520895620e+00 7.866850381020179528e-01 3.237888433224177936e-02 7.526682929386780962e-01 8.498130516651880573e-01 3.990990764517837963e+00 1.550184848078641486e-01 3.789516452087571707e+00 4.227243441512842814e+00 4.079034761408260934e+00 4.999903952906047111e-02 4.000905834787652715e+00 4.177497613715321023e+00
5.174371859296482690e-01 1.282850684249676299e+00 1.538671893651229368e-02 1.260038441061626768e+00 1.320495406383683346e+00 7.839763082194859400e-01 3.105827455941428603e-02 7.472171929997332152e-01 8.435100705422410305e-01 3.965315782036467507e+00 1.472498043585748484e-01 3.795443603841841540e+00 4.213727605995778447e+00 4.063851655143880137e+00 5.134428918495369948e-02 4.001305418716738060e+00 4.173587764846102388e+00
5.224120603015075526e-01 1.287039812396112648e+00 1.441777576488537105e-02 1.267296682017071685e+00 1.322415557026808797e+00 7.791374185374635442e-01 2.996406633167516403e-02 7.400160704800263778e-01 8.379784092537360118e-01 3.939360040548110842e+00 1.579577940013749404e-01 3.760715665755772097e+00 4.196251941481434322e+00 4.048527604479670750e+00 4.949507795332514642e-02 3.995983006587435327e+00 4.149359559745518844e+00
5.273869346733668362e-01 1.291766192911427691e+00 1.391416276410273323e-02 1.273802950227979069e+00 1.326117873558078974e+00 7.757610622684730783e-01 2.705290272861804457e-02 7.405313910095271401e-01 8.285924121401627707e-01 3.902153671524932754e+00 1.476703172181824120e-01 3.743630356960446104e+00 4.144702091048310777e+00 4.032525678481366782e+00 4.544410860762829185e-02 3.982540719402148710e+00 4.132274787009434291e+00
5.323618090452261198e-01 1.296461540756504549e+00 1.362992663800240145e-02 1.277972785458717286e+00 1.328275689141922067e+00 7.723981609280614613e-01 2.689161943482242662e-02 7.386888069081933850e-01 8.244439514089912935e-01 3.872677143491523477e+00 1.459331072971117860e-01 3.680897844232143612e+00 4.104565361750447394e+00 4.018968125076074926e+00 4.713154707042314928e-02 3.958346035971428645e+00 4.118150990220667218e+00
5.373366834170854034e-01 1.299734375433858613e+00 1.403861780114631051e-02 1.280439173394502417e+00 1.332919135780287423e+00 7.685926972123553469e-01 2.281802620019263844e-02 7.391208004146426758e-01 8.091492923360462663e-01 3.840170090865984598e+00 1.472894230222201728e-01 3.660575356956743409e+00 4.087339506931094490e+00 4.005029786326271157e+00 4.620493274517043641e-02 3.939075020807488947e+00 4.104748370186986683e+00
5.423115577889447980e-01 1.303309901103582913e+00 1.404096451623932859e-02 1.285309589038593714e+00 1.334972737979071233e+00 7.644511749960332114e-01 2.483725691270766145e-02 7.371947976665050861e-01 8.121061097414666863e-01 3.802312558959635602e+00 1.458494523667876186e-01 3.628904808476486554e+00 4.018980076064652351e+00 3.986803645363512949e+00 4.459110407652275287e-02 3.920843103608600444e+00 4.086308808707666884e+00
5.472864321608040816e-01 1.306270417306211851e+00 1.368571543038262124e-02 1.289865590260312445e+00 1.337567276227613400e+00 7.594998750391672715e-01 2.268806043130087644e-02 7.321237669338936938e-01 8.057533611992864220e-01 3.768133454676406480e+00 1.437270522896350877e-01 3.599130250666752406e+00 3.976648362768888223e+00 3.971634778208957162e+00 4.700055262325229105e-02 3.908173081285737371e+00 4.075407614413427915e+00
5.522613065326633652e-01 1.310376692011047783e+00 1.408492015739484793e-02 1.292913384857117043e+00 1.343759363769823967e+00 7.565928157530842357e-01 2.164348478264033898e-02 7.308897562082027344e-01 8.004333107821893778e-01 3.747380417427359056e+00 1.518968122571967005e-01 3.564495267937458411e+00 3.965854267915850606e+00 3.963477813759674007e+00 4.732222142454074049e-02 3.900116190930178917e+00 4.068386030548214904e+00
5.572361809045226488e-01 1.313529865579270428e+00 1.404959163491389940e-02 1.298464524053204672e+00 1.347382919699908754e+00 7.512687666429123112e-01 2.032241633586067200e-02 7.247294977057873178e-01 7.918113998413524035e-01 3.712945870416911820e+00 1.460289307831094952e-01 3.534658558322097299e+00 3.940440052581330566e+00 3.949539091520421152e+00 4.728168026479874497e-02 3.876105092513425721e+00 4.047282201971530213e+00
5.622110552763819324e-01 1.317459283100824718e+00 1.415227122394356433e-02 1.301721837684625793e+00 1.351548106875844146e+00 7.459013739075373017e-01 1.820547326204849381e-02 7.205251080259084118e-01 7.829931749266312302e-01 3.691645418416152236e+00 1.400336181723999818e-01 3.521916908498552878e+00 3.875041164888737732e+00 3.935086817320741837e+00 4.128408819060362667e-02 3.859652175845201594e+00 4.022495754326337547e+00
5.671859296482412161e-01 1.320568216625803259e+00 1.397963240085683956e-02 1.306675254483997684e+00 1.355083186493047265e+00 7.417853508563078124e-01 1.655845016111769791e-02 7.173067684172320657e-01 7.747433349752487208e-01 3.666762373135648012e+00 1.394079739872160495e-01 3.484419118616226552e+00 3.856829706294410354e+00 3.917859639420421924e+00 4.098732667354873516e-02 3.848793257559465442e+00 4.005363539236745929e+00
5.721608040201004997e-01 1.323649143958027352e+00 1.276224679218137051e-02 1.311819186385862812e+00 1.355399290897254971e+00 7.373034504593523053e-01 1.910018411853442455e-02 7.091818048557502197e-01 7.770627275855265248e-01 3.645851361052849349e+00 1.409997199323963224e-01 3.458989681125130389e+00 3.825778664430969478e+00 3.902302588365741620e+00 4.196643981956849762e-02 3.838841108339697605e+00 4.002557069045493243e+00
5.771356783919597833e-01 1.328351167623371465e+00 1.281244602133557557e-02 1.317230143073441884e+00 1.361950012155062950e+00 7.357558934199411871e-01 1.779691446947998662e-02 7.092032742711257276e-01 7.716347351331463988e-01 3.612303561268576768e+00 1.410681472747669640e-01 3.417299729124580576e+00 3.813265174432996840e+00 3.886427287734769642e+00 4.415280668836731731e-02 3.832526328844574781e+00 3.995690884360854511e+00
5.821105527638190669e-01 1.331394243451369475e+00 1.315792850990040765e-02 1.319728643056442330e+00 1.366430701783522883e+00 7.315258236743342746e-01 1.681210298186327362e-02 7.049296090452913388e-01 7.654923400309358028e-01 3.587387154772355480e+00 1.431828980262956075e-01 3.386374345967367638e+00 3.793506347098240195e+00 3.872039142175906612e+00 3.958631807150676807e-02 3.812256988092439514e+00 3.967260833692721089e+00
5.870854271356784615e-01 1.334432478355048080e+00 1.294596688579724778e-02 1.323447829390694608e+00 1.369053090884925883e+00 7.279097064145696461e-01 1.561551244687547219e-02 7.008379941407872904e-01 7.593826478471487063e-01 3.560538779023417533e+00 1.312511974669086368e-01 3.369324641109535445e+00 3.745285343818859136e+00 3.856717904874749969e+00 4.260188745322909809e-02 3.782883697928267175e+00 3.956656041305175009e+00
5.920603015075377451e-01 1.337324142744392264e+00 1.263300847220550499e-02 1.326219976826193081e+00 1.371251630500353258e+00 7.243088134143423895e-01 1.521719278680936510e-02 7.041941488189378262e-01 7.548955203495848476e-01 3.536325154818593663e+00 1.296261630411068566e-01 3.353611716082712579e+00 3.712259379398259007e+00 3.843791066037738346e+00 4.125375247097228665e-02 3.783347241230410773e+00 3.946508755708423077e+00
5.970351758793970287e-01 1.340487405677549315e+00 1.313205051338851674e-02 1.329530253154457053e+00 1.376471630862062590e+00 7.216576770242808525e-01 1.480222274436356067e-02 7.041247437931066333e-01 7.499423994602887333e-01 3.501449285551267110e+00 1.236270565001764965e-01 3.318961545238463984e+00 3.672781075620465518e+00 3.828913056602528453e+00 4.242401593195222614e-02 3.777609930893675472e+00 3.929248238632496282e+00
6.020100502512563123e-01 1.343990267792797066e+00 1.299219340403007412e-02 1.334335388960147473e+00 1.379297005461330716e+00 7.172291337583198700e-01 1.411019681028627057e-02 6.991658896739489926e-01 7.465374867657236235e-01 3.476388396379418655e+00 1.230836526118516266e-01 3.298140561403974047e+00 3.661380990750538356e+00 3.817914798938745413e+00 3.896178447323523503e-02 3.771548833722531135e+00 3.909214902631093835e+00
6.069849246231155959e-01 1.346685788111568582e+00 1.297531333481910694e-02 1.335921348871506265e+00 1.381585672889075633e+00 7.131220208367359259e-01 1.392397076582047727e-02 6.907546969995070896e-01 7.419294959561559821e-01 3.444441003950957203e+00 1.152790922513786814e-01 3.281928183907106611e+00 3.618863325808578058e+00 3.806271022338477472e+00 3.808472627275858585e-02 3.753087201782967508e+00 3.889535301106191945e+00
6.119597989949748795e-01 1.349370369157623095e+00 1.256736703662310155e-02 1.337739456764903245e+00 1.382600388431187044e+00 7.095762347158809380e-01 1.314882088921188151e-02 6.882653197454430272e-01 7.354864565960109735e-01 3.420684914383394837e+00 1.126380302683860218e-01 3.272864515240921257e+00 3.591191353306204537e+00 3.792389435488342286e+00 3.992705570150285183e-02 3.733431166107971766e+00 3.873437795206009060e+00
6.169346733668341631e-01 1.353264352277691485e+00 1.315585903821573852e-02 1.339956686534705455e+00 1.387059959228259753e+00 7.080346974509262870e-01 1.352893616361766464e-02 6.862348619137131900e-01 7.341197585076802978e-01 3.382223752088285629e+00 1.105378181050042374e-01 3.218293357369492291e+00 3.556656569833450465e+00 3.778167794863114715e+00 4.371476383696778351e-02 3.712767590848694788e+00 3.868137844977923123e+00
6.219095477386934467e-01 1.355285918838799786e+00 1.282108292621093361e-02 1.341266632808656878e+00 1.388058384297748082e+00 7.034132186613031301e-01 1.528748249663759891e-02 6.771496730737053271e-01 7.336865165806603084e-01 3.352902767052204247e+00 1.143346187615843085e-01 3.180166308968417788e+00 3.533057716973831752e+00 3.767768695023957726e+00 4.302961228981622838e-02 3.710678504956039347e+00 3.868219358584257250e+00
6.268844221105528414e-01 1.358564734414785757e+00 1.245019701468687984e-02 1.343647262488049554e+00 1.390657232876102878e+00 7.009670779342104252e-01 1.557232344694064151e-02 6.765933910423638231e-01 7.329329278401376380e-01 3.321031417591128410e+00 1.119086406048570986e-01 3.158904932271510368e+00 3.490007847198641322e+00 3.755687558269693138e+00 4.196552042040053304e-02 3.701976135809980750e+00 3.852794201578221056e+00
6.318592964824121250e-01 1.362260132877929575e+00 1.252818235658477095e-02 1.348594359721648761e+00 1.394498117837116302e+00 6.984678771640975281e-01 1.394453198420685103e-02 6.768327163907351673e-01 7.271760055740930095e-01 3.301997822191935938e+00 1.056031783162470900e-01 3.156255742976515233e+00 3.464377648773313556e+00 3.741130548479840279e+00 4.034537061865420965e-02 3.686437782531230667e+00 3.832638047848627938e+00
6.368341708542714086e-01 1.365121684798328738e+00 1.220233527092239381e-02 1.351608355789655658e+00 1.396706737106846230e+00 6.959568918162178930e-01 1.403194932750532163e-02 6.763436030671158283e-01 7.266620297224144487e-01 3.273565662831585676e+00 1.096851226779820832e-01 3.135392463436476262e+00 3.440355041238115419e+00 3.729477449398906685e+00 4.165364439666810470e-02 3.672097236200356996e+00 3.820162150233766596e+00
6.418090452261306922e-01 1.367775064238601512e+00 1.235274439953257253e-02 1.354052825968923957e+00 1.399145762357636436e+00 6.921297369091984342e-01 1.424055087389390108e-02 6.707292210288358092e-01 7.249239139091269157e-01 3.249346898441478171e+00 1.184359805059590626e-01 3.117122299987248546e+00 3.427675507113443487e+00 3.722025352929818176e+00 4.359748793625836671e-02 3.653057298929959451e+00 3.814716422027217391e+00
6.467839195979899758e-01 1.371427641975862866e+00 1.164899531598891265e-02 1.358605636171994036e+00 1.401611477787508608e+00 6.870104776012065928e-01 1.466204061220633889e-02 6.633749264203298024e-01 7.210122299076852093e-01 3.226964235882249454e+00 1.170586745417823288e-01 3.083487693528113471e+00 3.404276494095557215e+00 3.710969834642327214e+00 4.323148147284140708e-02 3.647746076823950467e+00 3.804787241881273818e+00
6.517587939698492594e-01 1.374301301682298471e+00 1.203011376506976475e-02 1.361200587650680083e+00 1.405816021508504488e+00 6.828758034661333021e-01 1.308898978033768042e-02 6.619358497637874983e-01 7.133936132204530267e-01 3.199218133463092695e+00 1.139872656901489562e-01 3.060106672016570606e+00 3.371318665760359767e+00 3.701773129349695157e+00 4.601290056380123727e-02 3.640341524380504179e+00 3.801034898454087152e+00
6.567336683417085430e-01 1.376712434022995479e+00 1.228397119700432201e-02 1.361395756627797438e+00 1.408843602948824270e+00 6.791817020489617773e-01 1.266671705640569183e-02 6.600303598485688372e-01 7.100641077657628975e-01 3.187276131762239562e+00 1.099023814154880541e-01 3.047590708481781263e+00 3.355329583741788912e+00 3.689120029143793111e+00 4.450699522865515789e-02 3.625925120755261855e+00 3.779717226073741276e+00
6.617085427135678266e-01 1.379911273377335768e+00 1.186384746706636156e-02 1.364736480752556824e+00 1.410243792919419148e+00 6.751976995684871863e-01 1.060041436581733200e-02 6.592780955619972350e-01 7.007515946008607832e-01 3.159026055879135875e+00 1.182775719833972367e-01 2.998171035305797094e+00 3.333899001555960862e+00 3.677589957895430750e+00 4.177524045039916062e-02 3.621090618803519234e+00 3.763775897364171286e+00
6.666834170854271102e-01 1.381871007287892139e+00 1.249272341628701426e-02 1.368352430449653045e+00 1.414639546954142402e+00 6.717748502171951852e-01 1.103121797288254477e-02 6.584163338274103827e-01 6.998653316105027944e-01 3.131906392572047615e+00 1.150746993961040826e-01 2.996989912911047327e+00 3.306949444477135458e+00 3.666524931657670461e+00 4.088981375803735219e-02 3.614315312109146916e+00 3.756462764795493126e+00
6.716582914572865048e-01 1.383904097539999878e+00 1.276544682084710704e-02 1.369147508310532002e+00 1.416305058393100946e+00 6.673760757665579968e-01 1.349641065450261392e-02 6.473595753936723929e-01 6.994586939298519379e-01 3.107726742769047146e+00 1.183433947382311197e-01 2.962757074784061029e+00 3.298764771045006761e+00 3.655152511121592340e+00 4.283254363346353233e-02 3.603854331817126777e+00 3.748810183622051539e+00
6.766331658291457885e-01 1.386387981698496308e+00 1.267593025250827315e-02 1.370579303548437489e+00 1.417369514879182946e+00 6.642369436590592757e-01 1.420281899377406204e-02 6.422433487230805316e-01 6.959651066613866677e-01 3.084544371941337904e+00 1.226758996317389300e-01 2.922162852909873099e+00 3.281732035082243648e+00 3.647690849440505811e+00 3.920483615291497220e-02 3.601524196974683623e+00 3.731992843425804729e+00
6.816080402010050721e-01 1.388310291475229219e+00 1.329442297434640756e-02 1.373043935930753134e+00 1.421594541268660805e+00 6.599694961042505970e-01 1.417843591810793308e-02 6.428018582086888477e-01 6.946998830165724836e-01 3.061289714880853108e+00 1.143289856914841696e-01 2.913682011164679508e+00 3.238841284498308770e+00 3.640969482480239883e+00 3.913642788177054688e-02 3.593340119276003275e+00 3.724952529739592677e+00
6.865829145728643557e-01 1.391520408310478851e+00 1.375045214966401190e-02 1.374728853518445426e+00 1.426298745857474737e+00 6.557466253229444764e-01 1.334606091572740696e-02 6.394140071529689218e-01 6.882019976918876125e-01 3.038568369367764088e+00 1.101383580841424070e-01 2.900947140185310857e+00 3.208526003016975991e+00 3.630288031787341829e+00 3.549595878660009168e-02 3.583520564254194074e+00 3.701815968519271305e+00
6.915577889447236393e-01 1.393937949135994891e+00 1.365455765614535279e-02 1.375218615273123390e+00 1.427995716239363944e+00 6.533934016330473771e-01 1.193213200392739641e-02 6.391248017159933958e-01 6.814024410265770992e-01 3.008373799054778974e+00 1.072976542618903489e-01 2.872371875322124346e+00 3.183652414244756201e+00 3.618125567071734050e+00 3.589363059409237527e-02 3.572492730472695222e+00 3.695556439365131673e+00
6.965326633165829229e-01 1.396075164958628489e+00 1.361542104851816253e-02 1.377345527748840892e+00 1.430651078338913695e+00 6.493443461866525990e-01 1.281527248846111786e-02 6.320535906155765327e-01 6.751565809535267082e-01 2.987510672515538701e+00 1.083967374000723155e-01 2.840534739095069927e+00 3.159132446022131280e+00 3.605691626627610447e+00 3.438758348881133797e-02 3.561677362349908282e+00 3.684550372598310641e+00
7.015075376884422065e-01 1.399036505137553066e+00 1.321395096530517121e-02 1.380790084946096785e+00 1.433284165454110859e+00 6.461271822520692210e-01 1.193044544012894677e-02 6.286730826763823332e-01 6.661649355836605224e-01 2.952664309270569998e+00 1.059131389719146776e-01 2.808677911956193984e+00 3.115559683033064520e+00 3.595270119662450803e+00 3.661209113866068648e-02 3.551926205526242608e+00 3.672764903128893810e+00
7.064824120603014901e-01 1.401717830490925021e+00 1.253335702629517628e-02 1.382226219592354921e+00 1.433230266763787508e+00 6.419740107591085376e-01 1.052014192782035201e-02 6.269076072321142501e-01 6.596809488395182219e-01 2.918779869062662957e+00 1.073757311465750042e-01 2.766283820823947082e+00 3.097099469361631829e+00 3.585336476343106593e+00 3.561379241831728881e-02 3.534742820983069134e+00 3.659520791075305812e+00
7.114572864321608847e-01 1.404075140887044659e+00 1.162743597353545731e-02 1.386059897158254506e+00 1.433113238711070547e+00 6.383335709240202105e-01 9.426616244357697780e-03 6.248629475848505033e-01 6.542407619504770899e-01 2.886509782079940578e+00 1.046787492582166440e-01 2.740140659848678606e+00 3.059938951848683697e+00 3.577403690435394967e+00 3.093328640098119697e-02 3.536063168937344514e+00 3.642445985442104739e+00
7.164321608040201683e-01 1.406389387678218750e+00 1.163493332482983325e-02 1.387458698431982551e+00 1.435290684100062109e+00 6.342151437607859155e-01 1.001685549998746969e-02 6.202134956250735520e-01 6.521442254926489435e-01 2.862051988117924495e+00 1.012621965361070187e-01 2.717301194148027843e+00 3.040912668863949175e+00 3.569999332412715720e+00 3.101200258529999282e-02 3.535277940249557549e+00 3.634368768332914890e+00
7.214070351758794519e-01 1.408655769309874461e+00 1.103781145105499004e-02 1.389748948965522812e+00 1.436175598769414918e+00 6.309720461191891117e-01 9.766888955120827526e-03 6.147823483016714441e-01 6.475010997687851155e-01 2.839541320219425735e+00 9.320275893881198315e-02 2.698641499741212701e+00 2.999426426240708654e+00 3.562255264320823844e+00 3.083762645464053695e-02 3.527262261813227884e+00 3.618801407082853139e+00
7.263819095477387355e-01 1.410287112544616805e+00 1.064702289118810326e-02 1.391587632820038722e+00 1.435997064294948222e+00 6.280825830639418239e-01 1.041968687077833751e-02 6.085081812302310933e-01 6.492418805740484133e-01 2.809891062435815989e+00 9.087320337243716406e-02 2.663047486428825383e+00 2.963873538490229720e+00 3.552369247771773875e+00 3.434593711785845910e-02 3.518339882285189457e+00 3.621604197803172553e+00
7.313567839195980191e-01 1.412685298108768084e+00 1.057657492994648965e-02 1.394027259902939964e+00 1.438016708567531277e+00 6.239848033796858706e-01 9.154860309172856495e-03 6.066516250928377652e-01 6.439389206287541301e-01 2.770728912065668847e+00 7.823191976752567889e-02 2.645607231584562236e+00 2.907594415238599073e+00 3.541760631327956155e+00 3.377018772934670121e-02 3.502110436534950022e+00 3.606257793993495220e+00
7.363316582914573027e-01 1.414397415729598873e+00 1.110726665458383437e-02 1.394154960208719540e+00 1.440501635098921263e+00 6.202057616408420682e-01 7.459967525945437015e-03 6.059280791723068438e-01 6.349677028626988795e-01 2.750761305622114516e+00 7.446209243706505831e-02 2.626375801887897765e+00 2.874819296786413680e+00 3.534048455355796925e+00 3.348205170888902960e-02 3.495175669196328272e+00 3.596709081752361925e+00
7.413065326633165864e-01 1.416863380688707874e+00 1.087975602481863757e-02 1.396756038207017214e+00 1.442060736858399306e+00 6.172244064901986071e-01 6.774396080495481177e-03 6.043695993283966228e-01 6.315452371154302025e-01 2.723520291461299703e+00 7.203383202740720748e-02 2.602505955771634127e+00 2.852243545696939275e+00 3.524099622149191813e+00 3.387474182347598173e-02 3.485001318327468400e+00 3.588570945880191321e+00
7.462814070351758700e-01 1.419703454916868335e+00 1.097409880072144385e-02 1.400185910979544035e+00 1.446385889781319767e+00 6.138376678549202214e-01 6.563709516228125387e-03 6.035449799648223701e-01 6.276592002540272164e-01 2.690776424760011221e+00 7.273473698431433265e-02 2.569617672304730149e+00 2.818403420392851633e+00 3.516373855664222781e+00 3.358252768919197523e-02 3.471705771717403799e+00 3.586223129994289938e+00
7.512562814070351536e-01 1.421643307019254454e+00 1.141731248221589459e-02 1.402499601158179843e+00 1.449850972039467001e+00 6.092297389330267876e-01 7.722721438284161667e-03 5.969525895379398372e-01 6.240397467894560624e-01 2.663301685478793424e+00 7.181239471508681083e-02 2.549358157634787236e+00 2.787755302772016996e+00 3.505587225626800141e+00 3.343032163827160813e-02 3.456454114500906005e+00 3.570574021127071784e+00
7.562311557788945482e-01 1.423607319010371963e+00 1.179761146290031655e-02 1.405017335496353992e+00 1.453736506043824983e+00 6.052992040567873877e-01 7.045792689051759601e-03 5.933247837577304562e-01 6.175894823589411775e-01 2.638041374908812298e+00 6.626186352929788748e-02 2.527822404090028119e+00 2.755048880675699863e+00 3.497397169960579699e+00 3.471585375120946754e-02 3.447108375048337781e+00 3.569455059433486177e+00
7.612060301507538318e-01 1.425275372824017728e+00 1.216449075922815086e-02 1.405832108745307840e+00 1.456542762098942401e+00 6.007366312365396421e-01 6.647589180876511440e-03 5.913933145857358520e-01 6.121251532046037003e-01 2.613213286102598065e+00 6.657498622643913400e-02 2.501315073073863804e+00 2.726213179215736915e+00 3.488527056851956409e+00 3.156325889801349371e-02 3.445422273336376406e+00 3.555227567153474766e+00
7.661809045226131154e-01 1.427297503861188144e+00 1.182830303784947711e-02 1.409321227421632017e+00 1.457908988067788458e+00 5.979359374683161921e-01 7.664576357333873630e-03 5.822426626718870679e-01 6.108382424431409996e-01 2.591555245037374888e+00 6.712350982136192079e-02 2.477807213771596295e+00 2.721643660644326168e+00 3.478390340296060312e+00 3.225028416637647222e-02 3.438884720589761468e+00 3.544930884810395533e+00
7.711557788944723990e-01 1.429050691281902097e+00 1.235428309504270697e-02 1.411169715785804746e+00 1.460920481828413831e+00 5.947664910830183782e-01 8.614875063324822085e-03 5.761970144113846004e-01 6.097127406801825522e-01 2.561002898490176261e+00 6.069258610029265588e-02 2.472026166244520873e+00 2.663721404308025065e+00 3.467555975812266489e+00 3.214223854742254832e-02 3.426788320371081831e+00 3.530281104274353599e+00
7.761306532663316826e-01 1.430910058954853348e+00 1.250864858232239758e-02 1.413642901048555167e+00 1.463105350195831988e+00 5.908791548109976199e-01 9.875459155424894803e-03 5.722168459282841457e-01 6.078638073227488059e-01 2.531509182202772212e+00 6.211018282279678893e-02 2.454119876340044026e+00 2.648673890716250146e+00 3.459993646848940507e+00 3.269736168872095644e-02 3.418817710563538004e+00 3.521862456559765597e+00
7.811055276381909662e-01 1.432544636340802313e+00 1.261391747811935540e-02 1.417163199619015490e+00 1.465344646777732018e+00 5.879256562160595223e-01 1.033518359152284585e-02 5.703333540895825227e-01 6.067360742064434875e-01 2.508376653638256126e+00 6.699260980596118131e-02 2.434311229400183851e+00 2.624323348604532757e+00 3.451576817674197883e+00 3.148607616182211993e-02 3.414060902890951876e+00 3.513532045732750131e+00
7.860804020100502498e-01 1.433574311035979099e+00 1.297818694073092811e-02 1.419391279404144335e+00 1.468234882611499481e+00 5.850648163688951797e-01 1.113736558308989905e-02 5.643836744387543680e-01 6.046734025731379525e-01 2.476960115653462413e+00 5.847023527821136601e-02 2.406382426607876823e+00 2.578253878799813492e+00 3.444216170193241222e+00 3.053001054324258265e-02 3.410205978172931029e+00 3.508272435324349292e+00
7.910552763819095334e-01 1.435173895992310822e+00 1.308669816074865128e-02 1.421565923050002844e+00 1.469588232940124417e+00 5.817872309238369954e-01 1.042292348494084850e-02 5.621493931252191656e-01 5.992600903731402084e-01 2.448967420182369903e+00 5.791728114970046137e-02 2.381965981404538191e+00 2.561987349091995991e+00 3.435613712934741049e+00 3.011894291691620540e-02 3.396974071402401041e+00 3.498237573490610597e+00
7.960301507537689281e-01 1.435949907861126640e+00 1.257023786031412869e-02 1.422992086552760993e+00 1.468554594806253721e+00 5.785104307995567741e-01 9.149627094166451133e-03 5.616117029040323949e-01 5.918112220992998163e-01 2.418552554217962225e+00 5.094948085510393049e-02 2.358466750204803564e+00 2.522085843183905940e+00 3.426050893254211527e+00 3.056352574851321086e-02 3.385241892360252081e+00 3.491462498606513698e+00
8.010050251256282117e-01 1.437426861249315735e+00 1.264559878878144042e-02 1.423187811689833326e+00 1.470503703033955167e+00 5.739722160728522038e-01 8.675283705296818124e-03 5.595046782122978790e-01 5.900169183357938385e-01 2.391397611263371914e+00 4.332998589108405518e-02 2.328616502201199978e+00 2.477072197942699727e+00 3.418836981831372412e+00 3.065816112692944587e-02 3.372846440987398164e+00 3.482403318172849982e+00
8.059798994974874953e-01 1.438842393510150419e+00 1.297604068673927254e-02 1.423307097293234236e+00 1.471594386732249182e+00 5.705622260277265489e-01 8.624224193541175920e-03 5.563129453969118954e-01 5.861380592778087095e-01 2.361577615911951256e+00 4.266017253824166966e-02 2.306718734051052877e+00 2.450730284070636422e+00 3.407863796142200918e+00 2.894840762566893225e-02 3.365628171758397791e+00 3.468328531387391056e+00
8.109547738693467789e-01 1.439882554849531759e+00 1.354335648305659591e-02 1.422285979490000907e+00 1.473231857228134878e+00 5.675425141521051042e-01 9.618925514794460924e-03 5.484795951024198368e-01 5.864275466385430180e-01 2.332606050885520865e+00 4.260432052419831084e-02 2.281686204925810202e+00 2.430494790071758171e+00 3.396664243451927856e+00 3.161952956871967590e-02 3.354605846470153363e+00 3.463609573866281988e+00
8.159296482412060625e-01 1.440442089590293850e+00 1.323145232121012912e-02 1.423868664715487675e+00 1.473343680698901537e+00 5.640723949512546076e-01 9.968201198974615748e-03 5.439610363497173751e-01 5.829942052771659444e-01 2.305498993765074722e+00 4.308347877621535732e-02 2.250415583958172316e+00 2.401217162156310536e+00 3.389706727835500200e+00 3.102414749548796855e-02 3.346622145555746997e+00 3.455565491586916949e+00
8.209045226130653461e-01 1.441854149214299552e+00 1.275021572338610500e-02 1.426929235763545467e+00 1.474891267641628589e+00 5.603150236301014386e-01 1.022922802955536330e-02 5.399309387472499555e-01 5.801860431045855471e-01 2.277474819261405603e+00 3.527387897798010125e-02 2.231013585265488430e+00 2.351442029791718902e+00 3.381220119123391932e+00 3.149320713296709789e-02 3.343731792783633416e+00 3.451689511973678126e+00
8.258793969849246297e-01 1.442508612119473899e+00 1.232546726952451523e-02 1.428951947506535092e+00 1.475423327964597631e+00 5.563986860507916798e-01 1.085529581765648337e-02 5.333223518257460549e-01 5.766447710787169223e-01 2.245166440891241955e+00 3.818550883280090458e-02 2.201647357680866612e+00 2.326473513958080552e+00 3.371211474786664386e+00 2.780648815831644055e-02 3.340040628125408251e+00 3.435956319911432022e+00
8.308542713567839133e-01 1.443852635479114355e+00 1.222234873996401114e-02 1.430007608849079181e+00 1.476308373194535228e+00 5.534286509228640849e-01 1.084942983347296150e-02 5.333699739213431101e-01 5.740772781433193250e-01 2.221085162432892002e+00 3.814524275800605657e-02 2.174562583233952129e+00 2.298580308506315451e+00 3.362637942880584152e+00 2.615249586299480539e-02 3.331052212058958961e+00 3.419692389354386020e+00
8.358291457286431969e-01 1.444225916530293308e+00 1.152852423667558371e-02 1.430065747944228027e+00 1.474127287729398494e+00 5.500180760750310593e-01 1.157207665436007886e-02 5.312373652471716889e-01 5.726769841956184104e-01 2.196556280727724797e+00 3.635022231429349548e-02 2.148747015424642193e+00 2.268045553881231413e+00 3.354120914426840905e+00 2.319899122185786061e-02 3.324605549151432360e+00 3.402007305759171540e+00
8.408040201005025915e-01 1.445208271991281546e+00 1.041209804613420394e-02 1.431421051916851761e+00 1.471474919467258502e+00 5.457738312249521551e-01 1.061614881842569240e-02 5.286705055135465514e-01 5.665707918047899749e-01 2.167282310724046646e+00 3.933575489047388268e-02 2.115046878064576141e+00 2.248608721778846853e+00 3.344913736366005086e+00 2.122327446877783630e-02 3.319258058008069945e+00 3.387166615192431340e+00
8.457788944723618751e-01 1.445836691725103984e+00 1.067963768279100827e-02 1.431489045203241606e+00 1.472934737519763004e+00 5.418892003097669496e-01 1.031880036116131563e-02 5.271519924371874666e-01 5.649747815259924533e-01 2.133640346338725013e+00 3.862947627075395685e-02 2.074855239359610692e+00 2.205732168772951418e+00 3.335970165935134624e+00 2.170814066057218453e-02 3.312349591067298871e+00 3.382350231288858478e+00
8.507537688442211588e-01 1.446983314128467146e+00 1.089191596401837062e-02 1.434295511317562166e+00 1.474847603186424605e+00 5.396174494667870247e-01 1.017122611147087616e-02 5.263142485362009015e-01 5.627672359221395082e-01 2.104578968639609471e+00 4.090454615447346176e-02 2.044791941886305420e+00 2.183289241565290695e+00 3.327171451604392871e+00 2.210044199248594951e-02 3.295593668435407686e+00 3.378156072578774261e+00
8.557286432160804424e-01 1.447831119001770528e+00 1.168254273294861735e-02 1.435170016553197980e+00 1.477948858941908306e+00 5.361571148277785026e-01 1.051301236103410579e-02 5.233825381254894049e-01 5.586626209204086368e-01 2.075142887736016295e+00 4.139598710951151311e-02 2.022677810422255806e+00 2.155388194003831082e+00 3.317848821839186169e+00 2.349638581737515872e-02 3.288181198367019054e+00 3.374783672630242481e+00
8.607035175879397260e-01 1.448168446990131475e+00 1.146360120502244902e-02 1.434099084316184047e+00 1.478409249780671786e+00 5.329013126189920957e-01 9.967676751011395400e-03 5.195895136384699464e-01 5.553891265263859456e-01 2.048404315278962606e+00 4.001771673278491787e-02 1.998908903185082409e+00 2.122851227847788458e+00 3.308417609815406557e+00 2.387977753260966951e-02 3.280158452676377845e+00 3.369577166177623262e+00
8.656783919597990096e-01 1.448247834765416853e+00 1.130094726863395231e-02 1.437504258966569193e+00 1.478766105680390019e+00 5.297025555395313834e-01 1.067530795182205887e-02 5.173329284463789035e-01 5.553642273563641485e-01 2.016545040077568629e+00 4.157341901031412490e-02 1.960574725407679741e+00 2.091571612449349082e+00 3.298679195565624500e+00 2.482258724713657522e-02 3.269149476625530237e+00 3.361677859623161346e+00
8.706532663316582932e-01 1.448598593900208842e+00 1.183666520420797834e-02 1.436563337448284239e+00 1.480689856492211964e+00 5.269003067673008189e-01 1.119759495034634150e-02 5.126130910896404824e-01 5.540636561966952867e-01 1.992070125796956193e+00 4.382503683229558439e-02 1.927470922855021973e+00 2.068608376960110906e+00 3.289362469312746562e+00 2.662456952780754144e-02 3.257634194488226331e+00 3.355191690856302866e+00
8.756281407035175768e-01 1.448920742479077317e+00 1.195455609496253423e-02 1.436342006158711992e+00 1.480138938944412841e+00 5.226951070722276604e-01 1.119971181336913528e-02 5.091348313535660752e-01 5.485866289518547267e-01 1.967208494644979266e+00 4.527983319802707241e-02 1.902521369852277822e+00 2.038728814802805545e+00 3.278508879406616838e+00 2.747889813124617872e-02 3.247029356740829709e+00 3.348245743687918718e+00
8.806030150753769714e-01 1.449958239525193093e+00 1.206385175982951398e-02 1.437395127431406072e+00 1.482082807358167109e+00 5.198756946857994166e-01 1.120997447484096271e-02 5.035284420244366954e-01 5.450145238393460101e-01 1.935183454875930353e+00 4.124821032594547243e-02 1.873545254254832981e+00 1.998101860881957847e+00 3.268042055648064714e+00 2.662823276672742975e-02 3.240266966985977160e+00 3.335736503542459541e+00
8.855778894472362550e-01 1.450490617588865438e+00 1.239319533379593975e-02 1.435754792100269350e+00 1.482534914283223815e+00 5.162418693823183080e-01 1.061289855266188062e-02 5.025547198241714364e-01 5.414342090547585862e-01 1.905928889692621642e+00 3.579383290160418479e-02 1.852843571635571340e+00 1.957968992688330356e+00 3.258729805815065994e+00 2.702939758167583612e-02 3.226569321429511916e+00 3.327611391102258676e+00
8.905527638190955386e-01 1.451042607524313244e+00 1.175535938667029295e-02 1.435356390366273382e+00 1.480954228633911240e+00 5.122535067368312323e-01 1.005416235285992547e-02 4.960817119196520575e-01 5.353613502257311696e-01 1.876391627106506421e+00 3.861731903587432152e-02 1.816036757844074589e+00 1.926585006481178253e+00 3.247712080360178000e+00 2.836189388184644569e-02 3.212815175082835761e+00 3.318280699691257496e+00
8.955276381909548222e-01 1.451592575331348778e+00 1.087403351745274901e-02 1.437120053990594171e+00 1.478908015405404175e+00 5.096839315130826664e-01 1.014457980056095686e-02 4.936482694927851189e-01 5.334457035235395939e-01 1.846927797595140586e+00 3.840174586714951988e-02 1.780122562932739516e+00 1.897946549208941791e+00 3.236130400292040576e+00 2.840934540282351317e-02 3.200693504339455320e+00 3.307399301844348827e+00
9.005025125628141058e-01 1.451232648554735105e+00 1.000576087966287449e-02 1.437302602896812553e+00 1.475446128986376726e+00 5.056247079995344063e-01 1.046259734099008569e-02 4.873226551734313183e-01 5.291674520186884223e-01 1.821957816751598624e+00 3.660542762928286481e-02 1.765424033700161432e+00 1.870019124406919531e+00 3.224633159924904735e+00 2.636733619604825565e-02 3.195685224816894543e+00 3.295729092335736965e+00
9.054773869346733894e-01 1.451521824208230393e+00 1.068664512862351791e-02 1.437080991485721215e+00 1.476903752604732389e+00 5.025141963686606816e-01 1.015543533058945770e-02 4.867860025279858727e-01 5.257496737253326557e-01 1.796445299884417590e+00 3.272960364297813896e-02 1.738834707024996762e+00 1.840174089911997157e+00 3.213324471964383200e+00 2.392915326584272792e-02 3.185934826108080653e+00 3.276212971833749155e+00
9.104522613065326730e-01 1.451452027729038363e+00 1.068940478011233541e-02 1.437173304762776604e+00 1.477733632212261172e+00 4.995322112827449423e-01 1.000561906381158654e-02 4.845103104007738581e-01 5.222514177806824032e-01 1.769745914656270402e+00 3.328840001480066341e-02 1.707542881524943157e+00 1.816417894171482361e+00 3.201939519872047946e+00 2.310956128467237664e-02 3.173692144715767771e+00 3.261555934516616517e+00
9.154271356783919567e-01 1.450796803586743122e+00 1.009023232842089224e-02 1.436974520037954894e+00 1.474982135946607320e+00 4.945059619991550304e-01 1.032367616039024140e-02 4.788450171994581006e-01 5.189224044084917997e-01 1.740739783257823303e+00 2.999799831545397338e-02 1.686272171779868101e+00 1.781510453450072973e+00 3.191698773056597549e+00 2.292932390353234762e-02 3.165637839431687528e+00 3.252708497604333893e+00
9.204020100502512403e-01 1.450173787981279716e+00 9.575623919907639767e-03 1.436295333686799180e+00 1.472523940698526657e+00 4.910973048236113025e-01 1.010410292878221108e-02 4.754424467299537271e-01 5.142882888183480938e-01 1.711329522558958427e+00 2.925639086089077551e-02 1.651248461735969730e+00 1.749863713442707969e+00 3.178903468120753750e+00 2.442329337906873690e-02 3.156533021408156170e+00 3.246212746944330707e+00
9.253768844221106349e-01 1.449403842124589614e+00 9.659962038929026037e-03 1.434854829919181896e+00 1.470492352582251305e+00 4.875443736247999094e-01 8.623063519232421203e-03 4.735431853813195646e-01 5.039879579714726665e-01 1.687243524805730477e+00 3.031187793911712183e-02 1.618767057291987221e+00 1.729499879863007239e+00 3.166082379984620054e+00 2.311547722403531693e-02 3.147358572146854883e+00 3.230566194670191571e+00
9.303517587939699185e-01 1.447807261207950225e+00 9.014725806737636238e-03 1.434514626158153616e+00 1.466478968938448757e+00 4.842922962529903619e-01 8.087371045309764070e-03 4.706887386450327448e-01 5.003434576662679767e-01 1.659759221232373960e+00 3.224069316791513401e-02 1.591368339673768562e+00 1.714620175601259566e+00 3.154416035976029598e+00 2.285864822344068834e-02 3.130857398452898455e+00 3.215742807299086348e+00
9.353266331658292021e-01 1.447324141635296435e+00 8.311557383572670821e-03 1.433975665443887548e+00 1.464988003456838550e+00 4.811747609272501447e-01 7.946735858996868337e-03 4.680436454767255561e-01 4.957339662790496426e-01 1.635641205976385182e+00 3.210929893835929444e-02 1.571592627658172869e+00 1.688466378608078244e+00 3.143099368691172568e+00 2.159234809874409702e-02 3.119072085439720698e+00 3.200161907774670134e+00
9.403015075376884857e-01 1.447022705773097995e+00 8.541825277356748097e-03 1.433127711988893216e+00 1.465290729138210457e+00 4.774670358045022267e-01 7.654871971258108386e-03 4.658422252998629665e-01 4.885117864910659136e-01 1.605245586380408485e+00 2.902686440863257514e-02 1.550400486047166737e+00 1.660066483009058347e+00 3.131848293416567675e+00 1.918840063856373443e-02 3.104904863355556266e+00 3.181780862744118199e+00
9.452763819095477693e-01 1.446491510252264412e+00 7.904557501288357602e-03 1.432571572782615377e+00 1.462721271756228347e+00 4.742675305311233602e-01 6.662614095426859853e-03 4.643969620931145958e-01 4.842007217911222239e-01 1.577724404698054084e+00 2.920844090723462988e-02 1.527931544450725765e+00 1.636735085209876539e+00 3.119335245372591547e+00 1.795022524226383767e-02 3.095110719318166392e+00 3.163362105340107533e+00
9.502512562814070529e-01 1.445706026299353297e+00 7.055150792031347241e-03 1.430853965983763576e+00 1.457715486993147458e+00 4.707462588501412637e-01 6.692206711838930705e-03 4.591411222665472969e-01 4.812011218786798050e-01 1.546232401914480636e+00 3.213618507777730310e-02 1.485180961419516832e+00 1.610925176885654730e+00 3.105097384243296954e+00 1.791726127143731043e-02 3.081957045288466368e+00 3.148092289301987812e+00
9.552261306532663365e-01 1.444527814559766643e+00 6.756437836985355709e-03 1.432763540516040157e+00 1.457223009802665503e+00 4.674199357067893024e-01 6.342586601486713618e-03 4.587548359874877302e-01 4.788223705488154902e-01 1.513192084103764712e+00 2.561707951405593764e-02 1.454788541465538376e+00 1.546297801005078743e+00 3.089588625993582305e+00 1.679044655121948379e-02 3.065981929918552229e+00 3.127149354033727402e+00
9.602010050251256201e-01 1.442527616640633337e+00 5.999881186290032323e-03 1.433312841264569037e+00 1.453618503467296152e+00 4.627673969490853634e-01 4.777269600272148614e-03 4.567411193416001103e-01 4.710892116280744335e-01 1.481882814346887622e+00 2.332319680641699311e-02 1.425965380780474634e+00 1.509334449043379545e+00 3.072108614320518960e+00 1.541701198477654286e-02 3.051056938084164116e+00 3.100880139413742853e+00
9.651758793969849037e-01 1.441926242730173779e+00 5.584022916348877971e-03 1.433393347322335254e+00 1.453176655632739900e+00 4.592170356309432933e-01 3.843234832939994815e-03 4.539202455107650969e-01 4.655441586200755877e-01 1.446706669128933864e+00 2.156070149982719508e-02 1.409429916444105757e+00 1.479009884973581324e+00 3.056769891432036257e+00 1.469188028740891008e-02 3.036125606618529815e+00 3.085763803128049432e+00
9.701507537688442984e-01 1.439932038176985785e+00 5.365102331148301554e-03 1.431321568554928980e+00 1.449765883865757221e+00 4.546213107973116618e-01 3.547721508487636320e-03 4.487251925437488187e-01 4.603770274046959377e-01 1.411965106770665557e+00 2.026466951360024124e-02 1.378895249317540372e+00 1.443992415999957979e+00 3.041332208246189772e+00 1.249047257703264635e-02 3.018843486015989175e+00 3.063325085052483576e+00
9.751256281407035820e-01 1.438003014060585505e+00 4.925560863570702629e-03 1.430835545402241227e+00 1.448790998201627600e+00 4.506121448464489587e-01 4.793622531945713160e-03 4.437655164490772464e-01 4.591662849565693039e-01 1.375765421477739947e+00 2.253077500196419558e-02 1.341706219434795733e+00 1.402935167726021115e+00 3.026379987411528028e+00 1.227384312794421554e-02 3.003691577286275116e+00 3.045438549966700492e+00
9.801005025125628656e-01 1.435612275137404747e+00 4.631958150148544028e-03 1.429936784248631909e+00 1.446979518916627239e+00 4.455165744015311402e-01 5.458100329825456461e-03 4.385031238066748327e-01 4.555045063208383316e-01 1.335107101236155946e+00 2.041121144432462425e-02 1.302707359225433237e+00 1.361850890475478471e+00 3.008921866422993752e+00 1.023621466982148863e-02 2.993120850719297010e+00 3.025856773255163112e+00
9.850753768844221492e-01 1.432226520297410488e+00 4.320929573552512171e-03 1.425691479433346620e+00 1.441770255942094403e+00 4.399009965388189225e-01 4.976616622161433162e-03 4.332866697844976467e-01 4.484455283512577273e-01 1.289430067862318285e+00 1.585588409700408596e-02 1.256741778546952792e+00 1.312792044223081600e+00 2.990565214376271985e+00 1.004779613011202825e-02 2.976041670494911529e+00 3.010587286746354785e+00
9.900502512562814328e-01 1.429586630643559175e+00 4.000403266001395855e-03 1.423620839789647929e+00 1.436378979048418270e+00 4.344586448954271818e-01 4.085626495083764971e-03 4.282024778511697161e-01 4.409189378596016784e-01 1.236507970223293507e+00 1.334113076949856869e-02 1.204375891857578207e+00 1.249683579745517914e+00 2.969468795927045157e+00 8.515035628224370753e-03 2.955771181907928202e+00 2.988332628569722704e+00
9.950251256281407164e-01 1.425362719102513775e+00 1.972735999811733171e-03 1.421632699782583886e+00 1.428540364857480149e+00 4.275152730571870618e-01 2.925296578979206998e-03 4.223099837240396615e-01 4.313810422870749117e-01 1.174227013413049248e+00 1.315080775974713546e-02 1.143378514860458051e+00 1.196559951436941382e+00 2.943891740203199436e+00 6.724299483796027099e-03 2.932941269463256617e+00 2.954912637471754699e+00
1.000000000000000000e+00 1.419322422353954893e+00 9.437719013743705297e-05 1.419275593881626385e+00 1.419535758419929294e+00 4.153898107073454860e-01 1.518563355027071661e-03 4.129821807546315005e-01 4.176246622607424630e-01 1.086726969140083376e+00 6.348157748284032065e-03 1.078799089575422254e+00 1.103935553589104446e+00 2.909888260557958350e+00 1.934916783670584167e-04 2.909792253040749621e+00 2.910325641172929689e+00
