# signal_efficiencies		0sq-mean	0sq-std	0sq-min	0sq-max	1sq-mean	1sq-std	1sq-min	1sq-max	2sq-mean	2sq-std	2sq-min	2sq-max	all-mean	all-std	all-min	all-max
1.000000000000000021e-02 6.807270775823294484e-02 2.574192474739180406e-02 4.876774498909536293e-02 1.382652137322679942e-01 nan nan nan nan nan nan nan nan nan nan nan nan
1.497487437185929596e-02 8.253793671288991995e-02 2.575790113183936900e-02 5.923786472810111531e-02 1.487647260200281596e-01 nan nan nan nan nan nan nan nan nan nan nan nan
1.994974874371859344e-02 9.383695324526208914e-02 2.517154570445769360e-02 7.190979012498216472e-02 1.558313796896892700e-01 nan nan nan nan nan nan nan nan 5.495439481161611406e-01 3.470070400435923408e-02 4.776342508845622392e-01 5.924936825579355526e-01
2.492462311557788746e-02 1.047904792400097540e-01 2.854577586801802097e-02 7.776966846453869930e-02 1.761196679111423080e-01 nan nan nan nan nan nan nan nan 6.204923049908437349e-01 2.786863421338585389e-02 5.681039418023915433e-01 6.581221763959033133e-01
2.989949748743718494e-02 1.123809308995188661e-01 2.868233573802451974e-02 8.515306131570225812e-02 1.861237398359422146e-01 1.779451201715291642e-01 2.661836922245530701e-02 1.415166455523022004e-01 2.249930158969684346e-01 4.746473020725055503e-01 3.213540193528564154e-02 4.052624293561032931e-01 5.157084296685705560e-01 6.789730030651186521e-01 1.769532269469399621e-02 6.523591169021614178e-01 7.048675865996141265e-01
3.487437185929648242e-02 1.184101329600002750e-01 2.803511225380822189e-02 9.344698726999164928e-02 1.887592305597348141e-01 1.916064661319175078e-01 2.762557897637915594e-02 1.513674862860723558e-01 2.430299466112301188e-01 5.141849836758120018e-01 3.162060358229713125e-02 4.542433660181577904e-01 5.569918662654523844e-01 7.350989862998502655e-01 1.948600687655258068e-02 6.860303295263087131e-01 7.642996932606653804e-01
3.984924623115577991e-02 1.252510733513713670e-01 2.925677510505052606e-02 9.826668309055285044e-02 1.995054640638056764e-01 2.001758926011604767e-01 1.870498596866128696e-02 1.683519711652975703e-01 2.224766277548121951e-01 5.537012301950996473e-01 2.873687005641132816e-02 5.032243026802123431e-01 5.953701742349144510e-01 7.887990534536626352e-01 2.138756262609445985e-02 7.315536658002506076e-01 8.162200480120618273e-01
4.482412060301507739e-02 1.325290243451228145e-01 3.208109143912313277e-02 1.060723477362355699e-01 2.158098700339581011e-01 2.092455677611189113e-01 2.025325282179952363e-02 1.696776835778860126e-01 2.321283374573155367e-01 5.865539528297539773e-01 2.109788683932402320e-02 5.522052393422667294e-01 6.157496339418319087e-01 8.307455220295828502e-01 1.701755454326445496e-02 7.862800561165396163e-01 8.516553207779502532e-01
4.979899497487437487e-02 1.379168078557032606e-01 3.346999449102908836e-02 1.091829221191809862e-01 2.249107089178356278e-01 2.170890269070430700e-01 2.003342641061300541e-02 1.805955111668877400e-01 2.482921116550325380e-01 6.174328359321716864e-01 1.745342678483104495e-02 5.881918166206686616e-01 6.434674014476908788e-01 8.675523937369901128e-01 1.888833454348965227e-02 8.378624827817345855e-01 8.899923609402800029e-01
5.477386934673367236e-02 1.424761869192111563e-01 3.059134789181611191e-02 1.151708712738961776e-01 2.205748342509401827e-01 2.272488593300978632e-01 2.468706321709385546e-02 1.755731197754767103e-01 2.636556040729253758e-01 6.503181550792584975e-01 1.605404531231942669e-02 6.146585207405103057e-01 6.768413220694047272e-01 9.075017787047816586e-01 1.844152819525495673e-02 8.753207497837435236e-01 9.374612427708151063e-01
5.974874371859296984e-02 1.482096344172713631e-01 3.230412450026786536e-02 1.209219382396589659e-01 2.322631681877918020e-01 2.380482313438367359e-01 2.201119032160013186e-02 1.887059111494892583e-01 2.778553024760476164e-01 6.783845036540271378e-01 2.035969560904648742e-02 6.272876734672383492e-01 7.035470231750785564e-01 9.497173359073709520e-01 1.877582138813679510e-02 9.112895672986303097e-01 9.722416533931678151e-01
6.472361809045226733e-02 1.529189672994638316e-01 3.218665892620857505e-02 1.255962083137127649e-01 2.361469976390000169e-01 2.468345900439399276e-01 2.339470489576184892e-02 1.916693424857041639e-01 2.797154326227940246e-01 7.070019240638918401e-01 2.138193837556691401e-02 6.503943575344609540e-01 7.346903394108422747e-01 9.845094343021149053e-01 1.604362889039333620e-02 9.562246126997824280e-01 1.011250195911615801e+00
6.969849246231155093e-02 1.568123447348443167e-01 3.080379609390816384e-02 1.306607137647021466e-01 2.353899853018451838e-01 2.529860903501065517e-01 2.408728622925272039e-02 2.038028671474489684e-01 2.781392605908094562e-01 7.307076733183326400e-01 1.991990425740312529e-02 6.775022003202693099e-01 7.532834210113212858e-01 1.017733535691859093e+00 1.693749785262681218e-02 9.892091738294387371e-01 1.043253255816136038e+00
7.467336683417084842e-02 1.612605164982783001e-01 3.013314492744589498e-02 1.349453221813453896e-01 2.369129959951740971e-01 2.534218325213430933e-01 2.137082727513364006e-02 2.156645852476502256e-01 2.734946043367449398e-01 7.525657192737081891e-01 1.738350244445178300e-02 7.074395272232789633e-01 7.718765026118002970e-01 1.047794577925600379e+00 1.776104886080820747e-02 1.027470381763545992e+00 1.083806032929671703e+00
7.964824120603014590e-02 1.652777409009437704e-01 2.983561795647819356e-02 1.378590896740240213e-01 2.399384993614802897e-01 2.558672903768326456e-01 2.073651861583243258e-02 2.178623308351582966e-01 2.824783047832290506e-01 7.704247672724823248e-01 1.831410492678086158e-02 7.363106337238438659e-01 7.913432771488360107e-01 1.073849452480962308e+00 2.464228609637313799e-02 1.039799915293180943e+00 1.123165684901361594e+00
8.462311557788944338e-02 1.690787958750630537e-01 2.909600360757989834e-02 1.428428390037220497e-01 2.413482429442246335e-01 2.616804329852602251e-01 2.104641640591243743e-02 2.203912308352428684e-01 2.947135058141401309e-01 7.930162525878240443e-01 1.837373478706804883e-02 7.642667497427197976e-01 8.184332003099595854e-01 1.104641798498530836e+00 2.224030548694363313e-02 1.070876274433661512e+00 1.150392238044327886e+00
8.959798994974874087e-02 1.732683800673126551e-01 2.913273083964266347e-02 1.464292896274894118e-01 2.455417357130015021e-01 2.714322162228535729e-01 2.058518366616283318e-02 2.310626953714142728e-01 3.066519617373824613e-01 8.141408628036590489e-01 1.768848956531606648e-02 7.898741327780905985e-01 8.448179187500457488e-01 1.129971236177897964e+00 2.551981368323377741e-02 1.078755906252716112e+00 1.178805950659086887e+00
9.457286432160803835e-02 1.772438735210354610e-01 2.888030481000840657e-02 1.499742139023226284e-01 2.499937672615836493e-01 2.800631830572361536e-01 2.068596744299322152e-02 2.415496117146411492e-01 3.139672885164496163e-01 8.364174846319010204e-01 2.158762081181446815e-02 7.946527052768062038e-01 8.703263836411193610e-01 1.156967889165195773e+00 2.283844763738772723e-02 1.110760255546454633e+00 1.193583153057175217e+00
9.954773869346733584e-02 1.808223290431882346e-01 2.832773972139180849e-02 1.549706499486853406e-01 2.519592023232478106e-01 2.874350439490999110e-01 1.793246349216653240e-02 2.518527941597718534e-01 3.112869347096047234e-01 8.599100378624887631e-01 1.919191586088355925e-02 8.204169307802006150e-01 8.812952232549851050e-01 1.182972651991266222e+00 2.377190089258435918e-02 1.137059112764602586e+00 1.229042734037594897e+00
1.045226130653266333e-01 1.849008352034882119e-01 2.736520374064618441e-02 1.585660015378948240e-01 2.527710989117453733e-01 2.928597581542008443e-01 1.671198630971236151e-02 2.619901066764688258e-01 3.221318749846839302e-01 8.774248013538332724e-01 1.705170125628802796e-02 8.455144833100560753e-01 9.035029897272841559e-01 1.205761490736344976e+00 2.461022850313475049e-02 1.165122123915517172e+00 1.256044083010077861e+00
1.094974874371859308e-01 1.882110318722091946e-01 2.727867723925128662e-02 1.621757228675073381e-01 2.560547670575051837e-01 2.969412599467217140e-01 1.983600867410584626e-02 2.678924851960812203e-01 3.329768152597631370e-01 8.948132503486382339e-01 1.793621550401769751e-02 8.699774061477503206e-01 9.200606466084417789e-01 1.232358452226516743e+00 2.348795246162114353e-02 1.188749133591689544e+00 1.275670480772356230e+00
1.144723618090452283e-01 1.924428873425401698e-01 2.822112201631383002e-02 1.663141659968925545e-01 2.631155657064081499e-01 3.032855942948665673e-01 2.202191469474546956e-02 2.729667338081256944e-01 3.428186870844175949e-01 9.124298764722013066e-01 1.724166631811124492e-02 8.833628734011998995e-01 9.399565338579347618e-01 1.253265793725907518e+00 2.436541043130664025e-02 1.205661023379481778e+00 1.303728431576443691e+00
1.194472361809045258e-01 1.954839955884659086e-01 2.699911414675864457e-02 1.707563813191659841e-01 2.628788556819806610e-01 3.040746813195432940e-01 2.288637191629128501e-02 2.824737609601505328e-01 3.440463697165729307e-01 9.266106396349670371e-01 1.913668578239657511e-02 9.067701295874893708e-01 9.627123973086028075e-01 1.274314043838313371e+00 2.318929749931343196e-02 1.234661875345215876e+00 1.327803683406983293e+00
1.244221105527638233e-01 1.986941494138289577e-01 2.743609195270886245e-02 1.728544331174520221e-01 2.665184650495612262e-01 3.072719661520765255e-01 2.386657685946236979e-02 2.764187587443660554e-01 3.482896239356910173e-01 9.425670487658350805e-01 1.957151341092578517e-02 9.185193436112381038e-01 9.851930418302434767e-01 1.295682868790904774e+00 2.760554572693901462e-02 1.245359866060672394e+00 1.355347843201313740e+00
1.293969849246231207e-01 2.017813380124048039e-01 2.674814808089858234e-02 1.770810311357666755e-01 2.676464083469186628e-01 3.104001519530945608e-01 2.254457612288776613e-02 2.776654501871163028e-01 3.441656800605123467e-01 9.578429789615329204e-01 2.432866643399135900e-02 9.235101766050893835e-01 1.007165252789030241e+00 1.316711147554407102e+00 3.174735162243142589e-02 1.258859341255278208e+00 1.382643156440761079e+00
1.343718592964824043e-01 2.039865219604479751e-01 2.568159167946377011e-02 1.807658720649001349e-01 2.665122517389485468e-01 3.120237301456572632e-01 2.115369649307984740e-02 2.796173397362575197e-01 3.537125199717657265e-01 9.728403049087599452e-01 2.320210693731700191e-02 9.361837434951085779e-01 1.017783066030257588e+00 1.336556130470018644e+00 3.729307612837279989e-02 1.272569245328647680e+00 1.413196472231588618e+00
1.393467336683417157e-01 2.065740800010841816e-01 2.493548198327434282e-02 1.838413947663269932e-01 2.667054443301804523e-01 3.123413117851899790e-01 2.134088069194220449e-02 2.804532552870990236e-01 3.504995812737767835e-01 9.885695777392793371e-01 2.264175875288049547e-02 9.547290929225267231e-01 1.038084158908287202e+00 1.354292827600385163e+00 3.813313416428067149e-02 1.286427694156448753e+00 1.427828117714072809e+00
1.443216080402010271e-01 2.094748929587790798e-01 2.439242121753208356e-02 1.869166026997965135e-01 2.685921399210652871e-01 3.144390736239922601e-01 2.407185177780698029e-02 2.726761802066390294e-01 3.596710357137608005e-01 1.000902738199709541e+00 2.489861347434770694e-02 9.480657182904131952e-01 1.040295467756485515e+00 1.369358373424023778e+00 3.901752791707912421e-02 1.295123381878023006e+00 1.439480384754678877e+00
1.492964824120603107e-01 2.117256906101778191e-01 2.416733153321235644e-02 1.892658889951691625e-01 2.700031520419306497e-01 3.192593510515837063e-01 2.320825724309154986e-02 2.806092817572350961e-01 3.579482167388455260e-01 1.014826698430606466e+00 2.191723575584550790e-02 9.667420438960439011e-01 1.047451903321297006e+00 1.386000283128068444e+00 3.672959246651133491e-02 1.319566653839215453e+00 1.448445251179718563e+00
1.542713567839196220e-01 2.144330144518956094e-01 2.465894752913922253e-02 1.903852533130738489e-01 2.730499762573071476e-01 3.231112875454099642e-01 2.172085495456029663e-02 2.848947024452606058e-01 3.552972406260121452e-01 1.030663832854586515e+00 2.161332868429135384e-02 9.848200231036995378e-01 1.067777546296303059e+00 1.401104246147933274e+00 3.582363433125603652e-02 1.343581927412855759e+00 1.460925019677434378e+00
1.592462311557789056e-01 2.171154457733564802e-01 2.499799193387272980e-02 1.937749721762622446e-01 2.768346923155689532e-01 3.261915801929199943e-01 2.208260833870979642e-02 2.908411215682026318e-01 3.603278819766070340e-01 1.044195963680494499e+00 2.230486064435583532e-02 9.976854930940561861e-01 1.087724773783528276e+00 1.419592478448232775e+00 4.087395703174512979e-02 1.350500029354074316e+00 1.487674274698116195e+00
1.642211055276382170e-01 2.185263402832320345e-01 2.429325366573258441e-02 1.947052770319168125e-01 2.761739063769832470e-01 3.300627858324053920e-01 2.271566866170716611e-02 2.939788641370116307e-01 3.625014046302420523e-01 1.056610166829001773e+00 2.250533426683238095e-02 1.012401388917452127e+00 1.102139682967340217e+00 1.438191227454651555e+00 4.020414361136143838e-02 1.375633295896556030e+00 1.502770941624459899e+00
1.691959798994975006e-01 2.207689088036755010e-01 2.373187699512624427e-02 1.970109525483356994e-01 2.757180129744936647e-01 3.301367758452721235e-01 1.877613623263231848e-02 2.982208321421349617e-01 3.551132373664742659e-01 1.070446219858095516e+00 2.312559117521172450e-02 1.024698022457117164e+00 1.117020773968486758e+00 1.450374820786428653e+00 4.209612931072623243e-02 1.393858726098886169e+00 1.517872388754828217e+00
1.741708542713567842e-01 2.232662595227946911e-01 2.370289034921420346e-02 1.986407243722010385e-01 2.774386658267963268e-01 3.334585864350239626e-01 1.786758576218680158e-02 3.030785726025393978e-01 3.610098220007883496e-01 1.082800895984865841e+00 2.131758410449694288e-02 1.044181620336676497e+00 1.120014969173853014e+00 1.465218943188002498e+00 4.507761500977760377e-02 1.399792516608988402e+00 1.532963354918799315e+00
1.791457286432160956e-01 2.253491948016043689e-01 2.330512991511811405e-02 2.010034735043075282e-01 2.780719994583406018e-01 3.378193991285178277e-01 1.875266753309247358e-02 3.100411101350912246e-01 3.654970017751990041e-01 1.095225790619441586e+00 2.320272025486276937e-02 1.052493903116221485e+00 1.136506581452371378e+00 1.480725931459638822e+00 4.620610119489746564e-02 1.407338463131007744e+00 1.548024708535935989e+00
1.841206030150753792e-01 2.274150548801286698e-01 2.316458878258701587e-02 2.042051870190473573e-01 2.795135742665951217e-01 3.408678161728297407e-01 2.077083137196480619e-02 3.037379403212742690e-01 3.686379228800821251e-01 1.105102797206458209e+00 2.460226185268477375e-02 1.055972963506817131e+00 1.155125783111002002e+00 1.496459218853369411e+00 4.435502675729625227e-02 1.427184828291941932e+00 1.563049952812671117e+00
1.890954773869346905e-01 2.291694209936686322e-01 2.305654454738049336e-02 2.056644324785293909e-01 2.803479911769479749e-01 3.430793371000941949e-01 1.993548495647142968e-02 3.057995229831346751e-01 3.734476552572724706e-01 1.117352386325923819e+00 2.389717195468817751e-02 1.072760218904379226e+00 1.165916070945448579e+00 1.512261543210502435e+00 4.569456435761961449e-02 1.443067107729977705e+00 1.589176403705020002e+00
1.940703517587939742e-01 2.312573074933853834e-01 2.337411828072811365e-02 2.081003039955176548e-01 2.841066956528639498e-01 3.436732405042659533e-01 1.727022873461037458e-02 3.126486526398603027e-01 3.761657935473265990e-01 1.129856476936031973e+00 2.294783046119740211e-02 1.091208151942576254e+00 1.182894070772406714e+00 1.524001318547241635e+00 4.436301336227828351e-02 1.468989932746776805e+00 1.596416468217647600e+00
1.990452261306532855e-01 2.331259112180400772e-01 2.315556545787702397e-02 2.103036911218288119e-01 2.860503362504129288e-01 3.426111537445198918e-01 1.999448996815916466e-02 3.055218321429940542e-01 3.837018921547315498e-01 1.139158387133138328e+00 2.490845869338888241e-02 1.097590162835861083e+00 1.192322584477741865e+00 1.536551800701443593e+00 4.428292846306136621e-02 1.478056791940226988e+00 1.602562284529074343e+00
2.040201005025125691e-01 2.345631244019557582e-01 2.242633895226093382e-02 2.110093727661317975e-01 2.855729015758526335e-01 3.433407330987398032e-01 1.820157091143431369e-02 3.086409666517607175e-01 3.766657109634584666e-01 1.151455107486641483e+00 2.766679816702343267e-02 1.101289613042507609e+00 1.210030481938934477e+00 1.546933714158356787e+00 4.628761099513323957e-02 1.487097829609823174e+00 1.612385121476961114e+00
2.089949748743718805e-01 2.363611540233113151e-01 2.236272778833285624e-02 2.137208528956099363e-01 2.872453967579661760e-01 3.451380669433958270e-01 2.166733977141614698e-02 3.048723336591680488e-01 3.837249185414276509e-01 1.162225866758348491e+00 3.114501715169805743e-02 1.102090021993516356e+00 1.227528376660674603e+00 1.559410235413932089e+00 4.753848216423207929e-02 1.500266456284761629e+00 1.627313634002071296e+00
2.139698492462311641e-01 2.382875653207567890e-01 2.220764168816191653e-02 2.159867085639328166e-01 2.886959476553661585e-01 3.485670903927512443e-01 2.033035264032573286e-02 3.111350993920776742e-01 3.827028405172946401e-01 1.174571032912431479e+00 3.264603323950530933e-02 1.118192396712951231e+00 1.243185541079379508e+00 1.569606669464181037e+00 4.811883801631940127e-02 1.517194540724689178e+00 1.636894569323240178e+00
2.189447236180904754e-01 2.402330224039618822e-01 2.235986582387029450e-02 2.170342495069877975e-01 2.908809468784243624e-01 3.483493449368835759e-01 2.028201256587405452e-02 3.070970065204135513e-01 3.787965661385527261e-01 1.180773489445695823e+00 3.471871626066320299e-02 1.117973261496682191e+00 1.245716470209169868e+00 1.582592873788127630e+00 4.810662611589883869e-02 1.515379776161895453e+00 1.647462223143968840e+00
2.239195979899497591e-01 2.425046789532702418e-01 2.237634830739776426e-02 2.191774359571213859e-01 2.928661663092868017e-01 3.492780620487149212e-01 1.972294589235960849e-02 3.094576777864920802e-01 3.734085542033712679e-01 1.192571235458427470e+00 3.588839716930087437e-02 1.129446631481711538e+00 1.259423395033024029e+00 1.590644496712588563e+00 4.784590912636355747e-02 1.535784412110656305e+00 1.662296878511540621e+00
2.288944723618090704e-01 2.442276600111316642e-01 2.215909406361959294e-02 2.207982153655402291e-01 2.935875978894414429e-01 3.508415609641242217e-01 2.063240036119085366e-02 3.095826855196003868e-01 3.801559020617593654e-01 1.197390120858666362e+00 3.641817255432359957e-02 1.135283019507615565e+00 1.261117571087829514e+00 1.598860681069484757e+00 5.107861912892131678e-02 1.541707960563754920e+00 1.672531378864274609e+00
2.338693467336683540e-01 2.455986883489589823e-01 2.197927632655845981e-02 2.229245149044949692e-01 2.954145204639980760e-01 3.501560564482322779e-01 2.140370239970374594e-02 3.044168604825827074e-01 3.758750025404178352e-01 1.206192662368813506e+00 3.634937739703984066e-02 1.135790655352140188e+00 1.265648950448750254e+00 1.605836839946987338e+00 5.019958571359475763e-02 1.541140394407347403e+00 1.691669803173875497e+00
2.388442211055276654e-01 2.473414496665384821e-01 2.192712009087185651e-02 2.243336750368631616e-01 2.971075498865897169e-01 3.499553195502830838e-01 2.178894480701955988e-02 3.066422852481106021e-01 3.824241603429614500e-01 1.213585899965172521e+00 3.547314176264291380e-02 1.147289771891837562e+00 1.266969949856602717e+00 1.615911941860066481e+00 5.247496612618132023e-02 1.554341195491688810e+00 1.701853966431872367e+00
2.438190954773869490e-01 2.487581407148211632e-01 2.200398586695159753e-02 2.251487838876729264e-01 2.982412130257716121e-01 3.503286180719357157e-01 1.963696038777711095e-02 3.112643192416455484e-01 3.786332223800989438e-01 1.219291977447123809e+00 3.478698122189560066e-02 1.158532819754905185e+00 1.272398481747063270e+00 1.623776408922616543e+00 5.013699664414917462e-02 1.564212007737467491e+00 1.712109202023165189e+00
2.487939698492462326e-01 2.503492403902342067e-01 2.195265326007081810e-02 2.264566837205233274e-01 3.004123037874158464e-01 3.512208198862138975e-01 2.079651001674634112e-02 3.124055049486114677e-01 3.801012628517801972e-01 1.230739466759945611e+00 3.478226994946530953e-02 1.174779423593520944e+00 1.286698389395736886e+00 1.626760076808627220e+00 4.873891400733922769e-02 1.567825540567179043e+00 1.714193455474114280e+00
2.537688442211055162e-01 2.517337063287589660e-01 2.172776325323791044e-02 2.279672557271524569e-01 3.009247344745771269e-01 3.517455339269429659e-01 2.228458735943255470e-02 3.101091344528550398e-01 3.852295902183054399e-01 1.239335647790744011e+00 3.467768603373300867e-02 1.185754258813724427e+00 1.290425362013178479e+00 1.631462942357456258e+00 4.526128465082587815e-02 1.587148694573396579e+00 1.716785638243894407e+00
2.587437185929647998e-01 2.531811511867808062e-01 2.163485124997259826e-02 2.297796110717309492e-01 3.016942556916205609e-01 3.541436128517121418e-01 2.225051253857363368e-02 3.133282820591025142e-01 3.878146139503655943e-01 1.247602911419795735e+00 3.826412456515522476e-02 1.181828770110564086e+00 1.305333693437686904e+00 1.637067072812082413e+00 4.490145820134184423e-02 1.589152248250132127e+00 1.719830495229391021e+00
2.637185929648241389e-01 2.544364821795956910e-01 2.090337861945803719e-02 2.311189407059545675e-01 3.010079784837258465e-01 3.568067031411626400e-01 2.303501891089225831e-02 3.183224146723347969e-01 3.939741262829655200e-01 1.257868434788123713e+00 3.974989061654023159e-02 1.192766813523726377e+00 1.321067233430240240e+00 1.641601444976545920e+00 4.622391769126435457e-02 1.591953820172654188e+00 1.730716115864356253e+00
2.686934673366834225e-01 2.554734675582416292e-01 2.111519340482008456e-02 2.316686117699759406e-01 3.032256148584573374e-01 3.591760907369712097e-01 2.166506388798834087e-02 3.236357222793850852e-01 3.953782859641589709e-01 1.267122011886047339e+00 3.706519849708887759e-02 1.208377084483432951e+00 1.317758653509444766e+00 1.646318568882132904e+00 4.820503299599275537e-02 1.596637998759453447e+00 1.737939789571875782e+00
2.736683417085427061e-01 2.567807796946769971e-01 2.090009684018065070e-02 2.323570138206758340e-01 3.029006440120258770e-01 3.583206618275606714e-01 2.182615381564913595e-02 3.263848258162420635e-01 3.952491488327375957e-01 1.271706593895535864e+00 3.937251881890019983e-02 1.219180128142566488e+00 1.326867560319533235e+00 1.647215533725907566e+00 4.888998465484670208e-02 1.604127719599717450e+00 1.734716787149537476e+00
2.786432160804020453e-01 2.581045569424281205e-01 2.049998487092132698e-02 2.340345671832440577e-01 3.027275089271216357e-01 3.581206523200197167e-01 2.460988987963240449e-02 3.248345055503972789e-01 3.983175959848216374e-01 1.279378990523432291e+00 3.911371910769594756e-02 1.224996652288798726e+00 1.331422099557267646e+00 1.651256467377734127e+00 4.750197715706684642e-02 1.598338758964536588e+00 1.735657305585166066e+00
2.836180904522613289e-01 2.598108661179440171e-01 2.025888939708343425e-02 2.359892519416837697e-01 3.034467658045617577e-01 3.603573218167449577e-01 2.517270163744952591e-02 3.293835810467488079e-01 4.024157575988939750e-01 1.285811972391073921e+00 3.969014615696822568e-02 1.229119097959167739e+00 1.339428215547614043e+00 1.651977158305569349e+00 4.753304664691815340e-02 1.601121813132512450e+00 1.733807353757714775e+00
2.885929648241206125e-01 2.615196310187928863e-01 2.029618568219324071e-02 2.380461549840745816e-01 3.052924059652083466e-01 3.602197554563997817e-01 2.548508554583367447e-02 3.251703257794419932e-01 4.014029595592049082e-01 1.291232208905609635e+00 3.931743024324501484e-02 1.232558478840944716e+00 1.348681699536084855e+00 1.655269150608518647e+00 4.819127932776626211e-02 1.601407881314939718e+00 1.737564089493459640e+00
2.935678391959798961e-01 2.631771766089593401e-01 2.017761922945587177e-02 2.400073266242462589e-01 3.059135915475499901e-01 3.601360780555040719e-01 2.454850261767696148e-02 3.237147420244518847e-01 4.029912878361179840e-01 1.300147220792100988e+00 4.171828708988256640e-02 1.234397765619602350e+00 1.363630640416668482e+00 1.653149222856064027e+00 4.897009995651758346e-02 1.598905171765844235e+00 1.728957387757054542e+00
2.985427135678392352e-01 2.645842038500637594e-01 2.004536610015065362e-02 2.420421933319217012e-01 3.072042483813016145e-01 3.620600765416554512e-01 2.407976175304504807e-02 3.279496309931864695e-01 4.006402963208355872e-01 1.310982909445389311e+00 4.132812182446392313e-02 1.244884240093996342e+00 1.372714286203273515e+00 1.653968275501939589e+00 4.762409904598165905e-02 1.597149091509938890e+00 1.728953743521440156e+00
3.035175879396985188e-01 2.659192433233719122e-01 1.956863278483794710e-02 2.440085543334478968e-01 3.065971109781552850e-01 3.628839035659215395e-01 2.147246151438499118e-02 3.312020035204719659e-01 3.949126668711253618e-01 1.317677365399613221e+00 4.126809807190325724e-02 1.246933710483280944e+00 1.375937003189536600e+00 1.654876615238228821e+00 5.065202498098027306e-02 1.590336842219985725e+00 1.737934069115044222e+00
3.084924623115578024e-01 2.672533369417068316e-01 1.975107946379257504e-02 2.457370199071465255e-01 3.080098181270297664e-01 3.627520975472561804e-01 2.190450310148863919e-02 3.318065264479943544e-01 3.946581262791602485e-01 1.322714066587859394e+00 3.971959916037349353e-02 1.261434159562768720e+00 1.381413348212492842e+00 1.655615604365317850e+00 5.229937874053462027e-02 1.594969968465024701e+00 1.742856231786306997e+00
3.134673366834170860e-01 2.686202218485631010e-01 1.972271670345076416e-02 2.473716464195004072e-01 3.100792227302621162e-01 3.633196447994905265e-01 2.189125611181510014e-02 3.345041854409288029e-01 3.952257225217333803e-01 1.326683385758817169e+00 3.947222705535093079e-02 1.275827091217477838e+00 1.388449340729073000e+00 1.655500380257325599e+00 5.012314369127206237e-02 1.598594834171600754e+00 1.739575985013527060e+00
3.184422110552764251e-01 2.696037303142121977e-01 1.929731558263236488e-02 2.490419440215218827e-01 3.107163632250363183e-01 3.640793904840922135e-01 2.252926064976989301e-02 3.392463080457329139e-01 4.005645038220380649e-01 1.336285267003711752e+00 3.937303006920474940e-02 1.285975914786529506e+00 1.397911313236687825e+00 1.653789794131590885e+00 4.902224163247748123e-02 1.598813733912675117e+00 1.728044395172841474e+00
3.234170854271357087e-01 2.704430321962751904e-01 1.887666094043571191e-02 2.501754922756723731e-01 3.111454256329229118e-01 3.637075778329188491e-01 2.184673551565637431e-02 3.392761413181608066e-01 3.958774901774719246e-01 1.341858076308352521e+00 4.025488835626070405e-02 1.287946640741136628e+00 1.412163231648154937e+00 1.653140791677688126e+00 4.579326131321221488e-02 1.601782982036227265e+00 1.720257482901057511e+00
3.283919597989949923e-01 2.718482839846746435e-01 1.871864087624848169e-02 2.519830817448569515e-01 3.120892315066512435e-01 3.622077605756816587e-01 2.258941599414936510e-02 3.312773939749987795e-01 3.947581982396096700e-01 1.345450523503409768e+00 3.837493296642401075e-02 1.299568942862700416e+00 1.410710827545910373e+00 1.651383057266018639e+00 4.478981084422527237e-02 1.605183701552198805e+00 1.720489284715382317e+00
3.333668341708542759e-01 2.730162333878791148e-01 1.839671692082740784e-02 2.534164883540686586e-01 3.125628591380317234e-01 3.637235939971698584e-01 2.355613939130646664e-02 3.318667938147746854e-01 3.998908266283395241e-01 1.349971243836402657e+00 4.125269023862492002e-02 1.300134051370317900e+00 1.414637682651904482e+00 1.650109417041968785e+00 4.475668458163056806e-02 1.592780935292984035e+00 1.716503266492378055e+00
3.383417085427135595e-01 2.743658043609734642e-01 1.816053206964570593e-02 2.552916299391084776e-01 3.133151920475416574e-01 3.634558383350407484e-01 2.377772785463810531e-02 3.327875350439410407e-01 4.050043866777611190e-01 1.355919976905783475e+00 4.339191609752360984e-02 1.306496876218278258e+00 1.428575214087221879e+00 1.647257692057971123e+00 4.784450846845185457e-02 1.583869841003076706e+00 1.713142281591050420e+00
3.433165829145728987e-01 2.755794807819719749e-01 1.803299437062292829e-02 2.557075839917911098e-01 3.139492474370239594e-01 3.649150608814922814e-01 2.333694903970527992e-02 3.337331602444237877e-01 3.979809021634976851e-01 1.360617084937024268e+00 4.399033635395097758e-02 1.314568401147205190e+00 1.435627903297762131e+00 1.645466287469580235e+00 4.717893939284110993e-02 1.583273900504876375e+00 1.714627274354507014e+00
3.482914572864321823e-01 2.767708053120185863e-01 1.818046460717716653e-02 2.566025332871112452e-01 3.152744329547029212e-01 3.651486347684770317e-01 2.435191734547141607e-02 3.378919054206365735e-01 4.000642969049377218e-01 1.366427263415218141e+00 4.115601622779276048e-02 1.318492497394480267e+00 1.431775772160958082e+00 1.643090980358032693e+00 4.650329425320594290e-02 1.574938392026006273e+00 1.716383090833417890e+00
3.532663316582914659e-01 2.775801888599537248e-01 1.801094823596362943e-02 2.572393146907985262e-01 3.160072466620038045e-01 3.668595315248220357e-01 2.431292922382533028e-02 3.373447542337222882e-01 3.993501263676856317e-01 1.371487866961547342e+00 4.331427185507761429e-02 1.310230921069778454e+00 1.440685283004575989e+00 1.642412634187018439e+00 4.477563340411674225e-02 1.578356272857172504e+00 1.714319756784697057e+00
3.582412060301507495e-01 2.782022347430884168e-01 1.796347228624836298e-02 2.572873089996499107e-01 3.169891683431044771e-01 3.659524651220060765e-01 2.510087735590093780e-02 3.380462315086519842e-01 3.987552898833718884e-01 1.378085671071606733e+00 4.480341692093855327e-02 1.320713519812209968e+00 1.449544883861333844e+00 1.639496591146824667e+00 4.571223590446122503e-02 1.572540516369205665e+00 1.709161806562450758e+00
3.632160804020100886e-01 2.791634850819393887e-01 1.754947860074004828e-02 2.590945050045930231e-01 3.169435661838475027e-01 3.651193642199073164e-01 2.470122229506492226e-02 3.361557660505132827e-01 4.008882618279688836e-01 1.379488271820272560e+00 4.606100863016904939e-02 1.326345931733731609e+00 1.453759158763484161e+00 1.634008276747447308e+00 4.510337970142414693e-02 1.573356542030253769e+00 1.703923214660501895e+00
3.681909547738693722e-01 2.802381584969709238e-01 1.728822722520545474e-02 2.600298932186930756e-01 3.173055962524828355e-01 3.635653797262163867e-01 2.042409137279759326e-02 3.403323459463882816e-01 3.946906032834210931e-01 1.381496560021525877e+00 4.387582036516781553e-02 1.329202898821405965e+00 1.462561844497682229e+00 1.632775329228164152e+00 4.491197121603825171e-02 1.576190974571500369e+00 1.702315407946519255e+00
3.731658291457286558e-01 2.810064539881679258e-01 1.738222215982757751e-02 2.609246546701273206e-01 3.174796878243514864e-01 3.633052413886053156e-01 2.103208513442000188e-02 3.387818533439020396e-01 3.927894863940736281e-01 1.382863268649401789e+00 4.395448126593112098e-02 1.325545531052589432e+00 1.454901773548416211e+00 1.631143500279758296e+00 4.622777056154441649e-02 1.572534229319989540e+00 1.703036723329519386e+00
3.781407035175879394e-01 2.820920388573191495e-01 1.756064220048250690e-02 2.627347979151858359e-01 3.186106254597984022e-01 3.628148549775376264e-01 2.027951106661703487e-02 3.394062673595151791e-01 3.950248886299119744e-01 1.386206379666444999e+00 4.442337200313262180e-02 1.328731191973355541e+00 1.458246474784149260e+00 1.630611718080889450e+00 5.097280782136551919e-02 1.563361289007762611e+00 1.709865468261786869e+00
3.831155778894472785e-01 2.830779963701249846e-01 1.760654027717073120e-02 2.640304929949198742e-01 3.196245705582301255e-01 3.611393239562717961e-01 1.795905212513855195e-02 3.391262948161842261e-01 3.972488649749889023e-01 1.387319672014393657e+00 4.062318094584214945e-02 1.335173901465597446e+00 1.462876996495493520e+00 1.625853519826391702e+00 4.702899570519831346e-02 1.564407007798205962e+00 1.694999123095673133e+00
3.880904522613065621e-01 2.842412888517250602e-01 1.758404825513755834e-02 2.651830888546216070e-01 3.210934725709220783e-01 3.595836792513362190e-01 1.655240603974398109e-02 3.367029735993025685e-01 3.971894798887811162e-01 1.389490943205883067e+00 3.855562520762327583e-02 1.341600597402826223e+00 1.467556743065495661e+00 1.621589071030379525e+00 4.683219000846379487e-02 1.560747817233188783e+00 1.700683761930322335e+00
3.930653266331658457e-01 2.851777634305305287e-01 1.757033107206248945e-02 2.656852852697360601e-01 3.220146350376454358e-01 3.603209256763201251e-01 1.700538345398069917e-02 3.384082264038286159e-01 3.994115972616105181e-01 1.391565713490123812e+00 3.795801422840352352e-02 1.347495544286681834e+00 1.476355363077351157e+00 1.618784771969073777e+00 4.865343445079019918e-02 1.557550796162411100e+00 1.698396637834530543e+00
3.980402010050251294e-01 2.860453389143756686e-01 1.750664766948199780e-02 2.668148477211580993e-01 3.234018200910590557e-01 3.591590610562892527e-01 1.722552017189949228e-02 3.398012877512721075e-01 3.994261517290232377e-01 1.393363446198052191e+00 3.929745420344534640e-02 1.348286121231269119e+00 1.485102788261241535e+00 1.614320309930979080e+00 4.795001847646866711e-02 1.552759370989074350e+00 1.692187592007260211e+00
4.030150753768844685e-01 2.870230337133772291e-01 1.726967792393745149e-02 2.676351600248995655e-01 3.227435512815295393e-01 3.574159133212322925e-01 1.751492901576725061e-02 3.358366838670920340e-01 3.953156945821179047e-01 1.394198327296142237e+00 3.913474121089576679e-02 1.351730419412141115e+00 1.481853025842065019e+00 1.606957360688658909e+00 4.773496422897280378e-02 1.548035723972170707e+00 1.685082761380211958e+00
4.079899497487437521e-01 2.876134113687508487e-01 1.716114943513908850e-02 2.679961147368860597e-01 3.230010083106460983e-01 3.571586012501537510e-01 1.659831452542432847e-02 3.396362715546782929e-01 3.920854263940099504e-01 1.398527906709216007e+00 3.815102675236052565e-02 1.361147958189904417e+00 1.490584556677492678e+00 1.601285210144527849e+00 4.633816220432682154e-02 1.537951751902942199e+00 1.677974242335602550e+00
4.129648241206030357e-01 2.881024254050110756e-01 1.676917540175448806e-02 2.681102977559944867e-01 3.222708761079305373e-01 3.565207717804081966e-01 1.677890227157039643e-02 3.376666578932388529e-01 3.938612849477286515e-01 1.398735307908056225e+00 4.061031416839063629e-02 1.353056534736928329e+00 1.487756683319892304e+00 1.596090525730750942e+00 4.359168403360778182e-02 1.537075498876294910e+00 1.670245607922395070e+00
4.179396984924623193e-01 2.889226997369994665e-01 1.636879257600625318e-02 2.694560770915028214e-01 3.224119805620870860e-01 3.544215833464846588e-01 1.711036578721607596e-02 3.316430794461812659e-01 3.964122203928807098e-01 1.398642088978372389e+00 4.044226159417532718e-02 1.345667120291154983e+00 1.496463706049147691e+00 1.591190713743791507e+00 4.436371385773776876e-02 1.528047422968249247e+00 1.665152120555686732e+00
4.229145728643216029e-01 2.895818505725466507e-01 1.650539630265365418e-02 2.704172935796386734e-01 3.240528493559782230e-01 3.523132733771231484e-01 1.595397927075247607e-02 3.295602281269449652e-01 3.927703198506500848e-01 1.398387352406406769e+00 3.903151505599215809e-02 1.346893845939591161e+00 1.494012660691966587e+00 1.583812976173522458e+00 4.437862913119423186e-02 1.528847934437484124e+00 1.657465782002980559e+00
4.278894472361809420e-01 2.906308914530886245e-01 1.663005542146469770e-02 2.718427744541840885e-01 3.251515923918492090e-01 3.512933355013892478e-01 1.556950998385947180e-02 3.288818995803481915e-01 3.897991273444397220e-01 1.399197982201185075e+00 3.803409354378461255e-02 1.350886499750843628e+00 1.495461149086832364e+00 1.578075961515014614e+00 4.429357929645142550e-02 1.525313045960246860e+00 1.644319166275595379e+00
4.328643216080402256e-01 2.914949703844033624e-01 1.645581460173696151e-02 2.728569882319484829e-01 3.260025836088611961e-01 3.505082548650536589e-01 1.809094270019608042e-02 3.246305499175429210e-01 3.937438672767376580e-01 1.397760487755648651e+00 4.056436706001770309e-02 1.347156883591100751e+00 1.500574954867565314e+00 1.573636869949716077e+00 4.430932910293522431e-02 1.528019870784133261e+00 1.634191756388525762e+00
4.378391959798995092e-01 2.922478261480152550e-01 1.630521096273936446e-02 2.739787717858050420e-01 3.265089112501466939e-01 3.490570758068647916e-01 1.632326717645706665e-02 3.265921377353842026e-01 3.857601398688293437e-01 1.396578974968519349e+00 3.857926796157137850e-02 1.343796090051482928e+00 1.488516951927824072e+00 1.568375252138707987e+00 4.741638806010015778e-02 1.511791046435436936e+00 1.640028359037243977e+00
4.428140703517587928e-01 2.928026734791646657e-01 1.635554041227812311e-02 2.744779509532350725e-01 3.270362090061840754e-01 3.479820993773987126e-01 1.622572341238546698e-02 3.259468861902366510e-01 3.840140597666596989e-01 1.399228544066067892e+00 3.822774933901150474e-02 1.350950518163749114e+00 1.490538345348039639e+00 1.561742566838038249e+00 4.841174990985878945e-02 1.509783592871884128e+00 1.629844357062169902e+00
4.477889447236181319e-01 2.936265001956568921e-01 1.632821538111363033e-02 2.749952116314877681e-01 3.275513273361079225e-01 3.467127787259304816e-01 1.641438170864835053e-02 3.239600498743149815e-01 3.827083294966338034e-01 1.399220476147171599e+00 3.716909576005929250e-02 1.348187513603112953e+00 1.486650754381113382e+00 1.555794386006537078e+00 4.871532269327884246e-02 1.503929073991043142e+00 1.623842363017774959e+00
4.527638190954774156e-01 2.946393596396593706e-01 1.616395107113823004e-02 2.765182651036720562e-01 3.279645881278478448e-01 3.457083095003009032e-01 1.646782608804797307e-02 3.213739388405892350e-01 3.794919006910607573e-01 1.396631841854997891e+00 3.865844282962137279e-02 1.342817669543245884e+00 1.485375729740664008e+00 1.551034006693652767e+00 4.723992761959451558e-02 1.499425964518642074e+00 1.616389295573122720e+00
4.577386934673366992e-01 2.954458159203937062e-01 1.631458517600549440e-02 2.773218067493560812e-01 3.282617852206480280e-01 3.434251524931727917e-01 1.529526635215950302e-02 3.213260907796429144e-01 3.772320277332890659e-01 1.393920667405261327e+00 3.945244927986733818e-02 1.333117810794462343e+00 1.484772083903149742e+00 1.542874301185834129e+00 4.687941175121141529e-02 1.493881755688190260e+00 1.612499158576550240e+00
4.627135678391959828e-01 2.958625948417129559e-01 1.634979073833127058e-02 2.772611326973066781e-01 3.286812712416176674e-01 3.407479240605287840e-01 1.459399587419759128e-02 3.195029106725280066e-01 3.683749025935227905e-01 1.392798025446476684e+00 3.790192664859737964e-02 1.334199553117976667e+00 1.475447138807787661e+00 1.536997575543760375e+00 4.778785205379192103e-02 1.482868665491487992e+00 1.611368238561188271e+00
4.676884422110553219e-01 2.967420094226974614e-01 1.641440184636994842e-02 2.778448716506972116e-01 3.295350824184082872e-01 3.397577630815342142e-01 1.487127005752333746e-02 3.175352012060197460e-01 3.675586751737526803e-01 1.388950228328906578e+00 3.810322110178013255e-02 1.332709124303851356e+00 1.469683585397972392e+00 1.529169871847166684e+00 4.640518038770954923e-02 1.478761687089478416e+00 1.601496629482808354e+00
4.726633165829146055e-01 2.973387085317299450e-01 1.605250845008259625e-02 2.783244491822519096e-01 3.286491990868627422e-01 3.376776777647708672e-01 1.476175011953633279e-02 3.176597616315366968e-01 3.662955311640873068e-01 1.390082331518050385e+00 3.942804490040995730e-02 1.332712154802130344e+00 1.472647728518004184e+00 1.521553750370829849e+00 5.068418916081368630e-02 1.467885450123068702e+00 1.607453757927424620e+00
4.776381909547738891e-01 2.983405225316897447e-01 1.594742251712811393e-02 2.796619768691485097e-01 3.293007070314895590e-01 3.358324617831505710e-01 1.521858992274744381e-02 3.159350849884299817e-01 3.650916517308532838e-01 1.388803370710736562e+00 4.404630104484442976e-02 1.323724148546746138e+00 1.481408033264193458e+00 1.515650510192122713e+00 5.093715936708484437e-02 1.457922545473533837e+00 1.602104085976815195e+00
4.826130653266331727e-01 2.988236123401959432e-01 1.595372628587506461e-02 2.802780160796021769e-01 3.297133632737642706e-01 3.332210889577997270e-01 1.571278163276814202e-02 3.125968302694092649e-01 3.639023865202637431e-01 1.385078011526106989e+00 4.422333684062364906e-02 1.318536076683738179e+00 1.481732969828161384e+00 1.507815562076490146e+00 5.337065569084591121e-02 1.443466335514908661e+00 1.596881612802772521e+00
4.875879396984924563e-01 2.994289505415325681e-01 1.599202136580261599e-02 2.808472941497005548e-01 3.306863416330788064e-01 3.313977441492174658e-01 1.552565539147494032e-02 3.105925071673856230e-01 3.623078628483152319e-01 1.383581819805203228e+00 4.350149593414702476e-02 1.320749920183187820e+00 1.482199426506544349e+00 1.497606159285029381e+00 5.439413376814903472e-02 1.429582863716779562e+00 1.582959020630291702e+00
4.925628140703517954e-01 3.001725235949400106e-01 1.615685658766245758e-02 2.815182339870064276e-01 3.317863880886420813e-01 3.288880031142913385e-01 1.282969124064285184e-02 3.101703472210063373e-01 3.533032658305343965e-01 1.382052293401165866e+00 4.302555308174402932e-02 1.319198969985387215e+00 1.480166921279145509e+00 1.489983631258110730e+00 5.383287117328156013e-02 1.422133604301785370e+00 1.575583792420080176e+00
4.975376884422110790e-01 3.010529315531847994e-01 1.622112407498247852e-02 2.820978489982847170e-01 3.325661436287748463e-01 3.255156788113388044e-01 1.249877392378389608e-02 3.078823446334774672e-01 3.471609981376967968e-01 1.379918378783948185e+00 4.053641255313771702e-02 1.322494192406780344e+00 1.465717224753855019e+00 1.481935416451835241e+00 5.440091677808128745e-02 1.412795140127622862e+00 1.576010728197889899e+00
5.025125628140703071e-01 3.017587240366257917e-01 1.598819635893788255e-02 2.829876045560364983e-01 3.329022297722248891e-01 3.242693334669918825e-01 1.145280939697158190e-02 3.095832816032487167e-01 3.442778489093089589e-01 1.376972523119726954e+00 3.812962801492567749e-02 1.322131946071008812e+00 1.457153956963340047e+00 1.473967968627530434e+00 5.436100255241752000e-02 1.407140516185120704e+00 1.563487481596685935e+00
5.074874371859295907e-01 3.023426965400354827e-01 1.556825083014506256e-02 2.843022156179476623e-01 3.330692709947257191e-01 3.223271008208755117e-01 1.178393230537453512e-02 3.073911607832937043e-01 3.417018946188486450e-01 1.375409960042589086e+00 3.813128942921869408e-02 1.321746342475582203e+00 1.456214161413873942e+00 1.467128312776634802e+00 5.383119254968572742e-02 1.395458727819733014e+00 1.552031566266767415e+00
5.124623115577889854e-01 3.028303946744371755e-01 1.551944777431917173e-02 2.853997446176677610e-01 3.336446560113698334e-01 3.212133596097238586e-01 1.179343981039608982e-02 3.062383822169983394e-01 3.411329673752351299e-01 1.370414029465524042e+00 3.755793210319582909e-02 1.306748959164022006e+00 1.444056114826086645e+00 1.459329557962503188e+00 5.547815006431296159e-02 1.377599901943799887e+00 1.544428482735966224e+00
5.174371859296482690e-01 3.035261921674324292e-01 1.540010442910264184e-02 2.862137357710194951e-01 3.338458862344473865e-01 3.186239644814122807e-01 1.159016210468293007e-02 3.033355049194204067e-01 3.381474610497756661e-01 1.367178176649427090e+00 3.650518868352605611e-02 1.297840740975712448e+00 1.431713746445322899e+00 1.451055480245700524e+00 5.528002488373726792e-02 1.370155493593446128e+00 1.533340326795709085e+00
5.224120603015075526e-01 3.042303919675185542e-01 1.543607421445435633e-02 2.870037973153679589e-01 3.348127046150657926e-01 3.166483261100116464e-01 1.108431726605209507e-02 3.006634597908418027e-01 3.364776488359388917e-01 1.364799852759081222e+00 3.619955446659833820e-02 1.295574344525998400e+00 1.430646005846768487e+00 1.440090384846248739e+00 5.368847747368665074e-02 1.359641087358968381e+00 1.522829626630844979e+00
5.273869346733668362e-01 3.047693707309591105e-01 1.536874504544044964e-02 2.882784904146519223e-01 3.355139103988326044e-01 3.137338655577912028e-01 1.137003610460641384e-02 2.956588112434125892e-01 3.342577186460927718e-01 1.360180952170734425e+00 3.880582551023279564e-02 1.288750827923987430e+00 1.432869479619132136e+00 1.431261988824984899e+00 5.417098183329377425e-02 1.351869103186444709e+00 1.515308160493833656e+00
5.323618090452261198e-01 3.054016043732349917e-01 1.542816017835408997e-02 2.891941206293943689e-01 3.364356331559858471e-01 3.127746599547615580e-01 1.183179197429541814e-02 2.951670325110746229e-01 3.346359411504400971e-01 1.357918731210921770e+00 4.156099639280706748e-02 1.278837040860128837e+00 1.435146172027972122e+00 1.422457537170284780e+00 5.494501960502909399e-02 1.345952574823054082e+00 1.509697995271676474e+00
5.373366834170854034e-01 3.060328334382834692e-01 1.537286301606437429e-02 2.899796065221939001e-01 3.370513510383401634e-01 3.113655701280250709e-01 1.140536883893325526e-02 2.938554084780932163e-01 3.325870907892061745e-01 1.353222582014855790e+00 4.032515358106744663e-02 1.278455787918150621e+00 1.431002319378106735e+00 1.412039296707927161e+00 5.314175905331224026e-02 1.334757855714157060e+00 1.491662467136433134e+00
5.423115577889447980e-01 3.064916512609808796e-01 1.534165402671217385e-02 2.902372323384447284e-01 3.376802993292664645e-01 3.082887714803271839e-01 9.815412625696883983e-03 2.922699586519423298e-01 3.231062753883965355e-01 1.350741384094914732e+00 3.826349419942343816e-02 1.276234959232328325e+00 1.422236464618782170e+00 1.405176166528420145e+00 5.404170808065238141e-02 1.330143572689603371e+00 1.482368527370919287e+00
5.472864321608040816e-01 3.072131841541697606e-01 1.528003606154956437e-02 2.912070566122217374e-01 3.385661093462724591e-01 3.067322077095776534e-01 9.793678040936682969e-03 2.918329544549031485e-01 3.217370969198495856e-01 1.347599961188526096e+00 3.931467656422685947e-02 1.270019669486971425e+00 1.417355694270194588e+00 1.395534821083551646e+00 5.552537405287703842e-02 1.316011188796631037e+00 1.474672350968203816e+00
5.522613065326633652e-01 3.073568419481922942e-01 1.512625084529246704e-02 2.911089610679582496e-01 3.378831385379552077e-01 3.044610862837863197e-01 8.692426249287687340e-03 2.916818181349393746e-01 3.190287334268088193e-01 1.343200974549036308e+00 3.773365871736361621e-02 1.267904422597159186e+00 1.407394014212856925e+00 1.386918947065390650e+00 5.597024909470330045e-02 1.303005963706690196e+00 1.469140950661286915e+00
5.572361809045226488e-01 3.077254577646568179e-01 1.522240025230249885e-02 2.916530750635037417e-01 3.384080398144019841e-01 3.026626733413372294e-01 9.301373920973136228e-03 2.883479179839226747e-01 3.178082071960258714e-01 1.341330723591137364e+00 3.678495296610227727e-02 1.265763562817098453e+00 1.406814368576846608e+00 1.379483182125582186e+00 5.654734199428532171e-02 1.292105639059765165e+00 1.459661264237295031e+00
5.622110552763819324e-01 3.080601673058057655e-01 1.476935028750471675e-02 2.922327615521378430e-01 3.376960351506725910e-01 3.015533681583525416e-01 9.334369134595571146e-03 2.882893685066592049e-01 3.157947452438158997e-01 1.338338054778331010e+00 3.656019643567281346e-02 1.263361102989777551e+00 1.406365789330676463e+00 1.370908395682990166e+00 5.523334115943374922e-02 1.284136905682017105e+00 1.453428993818955073e+00
5.671859296482412161e-01 3.081994041036622001e-01 1.461072820380172541e-02 2.925238977986875377e-01 3.377587150011980843e-01 2.989567885846998729e-01 8.903163206449238309e-03 2.861719333250923314e-01 3.168222347201414824e-01 1.336755100487380776e+00 3.704035282646147426e-02 1.261461031978171610e+00 1.411694742880472697e+00 1.362197296456302720e+00 5.628651630844857395e-02 1.278262806592396217e+00 1.440508507591602427e+00
5.721608040201004997e-01 3.087817278462194892e-01 1.437828888128042312e-02 2.936633255711792456e-01 3.379936813529310080e-01 2.962837457435484323e-01 9.882625960099285581e-03 2.820846963513672367e-01 3.170246984588844241e-01 1.332339887493477537e+00 3.923847176323518732e-02 1.251738931104147134e+00 1.413437365907466159e+00 1.354373270105915905e+00 5.716980019789777434e-02 1.269721300529418562e+00 1.431612839583960239e+00
5.771356783919597833e-01 3.091529260135743584e-01 1.453303060305755935e-02 2.932654621558820618e-01 3.385319154203600411e-01 2.938919701839630139e-01 1.084327908443064037e-02 2.778538028946105354e-01 3.160935089222244865e-01 1.327891386860009515e+00 3.800768069656281639e-02 1.252997046539605863e+00 1.409317370401320657e+00 1.345663348290690564e+00 5.756046269835816270e-02 1.259834282007337158e+00 1.423666281877856266e+00
5.821105527638190669e-01 3.096370953223438471e-01 1.430656910388504281e-02 2.940665928321136713e-01 3.388310755108885908e-01 2.908299520853289688e-01 1.095110155024673314e-02 2.740275248947022235e-01 3.130813056037234920e-01 1.321612817129179662e+00 3.906080456092691361e-02 1.246272747004487202e+00 1.408232549039360793e+00 1.337472846249835090e+00 5.808231313784250477e-02 1.251802185675006562e+00 1.420361149671917289e+00
5.870854271356784615e-01 3.098552017666633684e-01 1.383529499515611522e-02 2.945362299782322002e-01 3.381060493228038033e-01 2.893781722523227073e-01 1.114191431815696361e-02 2.709883298020737685e-01 3.105401407457894503e-01 1.316992830043119067e+00 4.122934523031863280e-02 1.237068389011487080e+00 1.409639261481536732e+00 1.328614676242855230e+00 5.734215818397358361e-02 1.243481774505919901e+00 1.412898610074705186e+00
5.920603015075377451e-01 3.104002792494401364e-01 1.406168475752431375e-02 2.944199536390814664e-01 3.390575184462712444e-01 2.879217633618749161e-01 1.123644884180742716e-02 2.696982939460197404e-01 3.075062206881258309e-01 1.312900038209636522e+00 4.084242742757066003e-02 1.233132199751598490e+00 1.404039794356992887e+00 1.320143491645741296e+00 5.763553708996335678e-02 1.239057130393391271e+00 1.409083126170933342e+00
5.970351758793970287e-01 3.108013141395520873e-01 1.397493496631640672e-02 2.950405113023433779e-01 3.395773540019019210e-01 2.867727067215134484e-01 1.169619777135855881e-02 2.697351237226704446e-01 3.090664395334579706e-01 1.305456106939320016e+00 3.977910711659497778e-02 1.230210080330006672e+00 1.393553210048681379e+00 1.310595484952967293e+00 5.732353808055179467e-02 1.230326577733077409e+00 1.395828355435386081e+00
6.020100502512563123e-01 3.112169160827737979e-01 1.373179465311775982e-02 2.952164599049112437e-01 3.395462762285546554e-01 2.848216778886532019e-01 1.159733137057162786e-02 2.669674165177259861e-01 3.079945088574976841e-01 1.300048681598656497e+00 4.005995382454022313e-02 1.226612254061399510e+00 1.386909485264668618e+00 1.302454874479729741e+00 5.611461367341776668e-02 1.227031276586479258e+00 1.390879176912773518e+00
6.069849246231155959e-01 3.116866752793877593e-01 1.390668602754303179e-02 2.950904975275908115e-01 3.402162518644740730e-01 2.830662248966446803e-01 1.181756976705372261e-02 2.661812904732498430e-01 3.060825187938915892e-01 1.296526695817107555e+00 4.054947564108046798e-02 1.232312239797686892e+00 1.389172659786930275e+00 1.293673597104138651e+00 5.754166597647131232e-02 1.216367741878074948e+00 1.383144607145452065e+00
6.119597989949748795e-01 3.120720562012492816e-01 1.402112162224262992e-02 2.960564479122011483e-01 3.413055273040331850e-01 2.811694282234331044e-01 1.202954331081960634e-02 2.652958217407839214e-01 3.055527318513261981e-01 1.290841347780534054e+00 4.052320577507619731e-02 1.229561820779804249e+00 1.382377914618471149e+00 1.286536760632764897e+00 5.782544089256923953e-02 1.207870742844919576e+00 1.373149565059889499e+00
6.169346733668341631e-01 3.123775808210509375e-01 1.376146862264402033e-02 2.963951055811299695e-01 3.406245173674815607e-01 2.799088953229639243e-01 1.216555497280651099e-02 2.638801190246954920e-01 3.031524960230442267e-01 1.285804338946249903e+00 4.090566002508613103e-02 1.226824574917372290e+00 1.376737576284726483e+00 1.278003787499123467e+00 5.744075069363176883e-02 1.197949352942225154e+00 1.364845660660149340e+00
6.219095477386934467e-01 3.128220563547476352e-01 1.365655193438197051e-02 2.969413634157368476e-01 3.410761618388796212e-01 2.781614079511950388e-01 1.115322309875329751e-02 2.643554413727717267e-01 2.994519216820710761e-01 1.279070978485267407e+00 4.102954975705980223e-02 1.218660601610360716e+00 1.371599569737208091e+00 1.268960783460375996e+00 5.756595842974194382e-02 1.185156404803317187e+00 1.357226811051533755e+00
6.268844221105528414e-01 3.129569549410196605e-01 1.351785351925902968e-02 2.967701423513544046e-01 3.409139466792864281e-01 2.760986714116940299e-01 1.097913682382332425e-02 2.626025634401656372e-01 2.957642494313618697e-01 1.274071429057063831e+00 4.092495147743457212e-02 1.209992563736786098e+00 1.367681680277285761e+00 1.260880337747337432e+00 5.788595411171877647e-02 1.177662416394380296e+00 1.350558775446362825e+00
6.318592964824121250e-01 3.133767792129339425e-01 1.336751407212624990e-02 2.979276188385051594e-01 3.416244028850833891e-01 2.739844297666317319e-01 1.096443116564166202e-02 2.598966875516410258e-01 2.928432323315551256e-01 1.266228916497938117e+00 4.156258283009952453e-02 1.195836463238100444e+00 1.358662614404402724e+00 1.254333131019017777e+00 5.675530832882507565e-02 1.174039872312268251e+00 1.344771792031644875e+00
6.368341708542714086e-01 3.137379882753024152e-01 1.331387270318340130e-02 2.983398783483347527e-01 3.416007001760675843e-01 2.719910217069494429e-01 1.053763422497484836e-02 2.583393573764289908e-01 2.909249424828910247e-01 1.260495103379253523e+00 4.339780911852343659e-02 1.186439985954777621e+00 1.354354048148999068e+00 1.247283146672107046e+00 5.598492501207342348e-02 1.166321939164968402e+00 1.338886248066010198e+00
6.418090452261306922e-01 3.141613844219200979e-01 1.341368111964504756e-02 2.986381490138075856e-01 3.424465580973113377e-01 2.695782459464729497e-01 1.001899575382760726e-02 2.556958615739944318e-01 2.871199784948750833e-01 1.252029054494005367e+00 4.459619406279780041e-02 1.173197526520269429e+00 1.343296688931906901e+00 1.239601231964523542e+00 5.612323620068812580e-02 1.161491565243782054e+00 1.330054461446184222e+00
6.467839195979899758e-01 3.143946064701442222e-01 1.324169000670525134e-02 2.988973813827450754e-01 3.421883825876304019e-01 2.679372411450063884e-01 9.773807954503686835e-03 2.544745102003351800e-01 2.831604936976649944e-01 1.244730344849936055e+00 4.523537219154238204e-02 1.164787917692171604e+00 1.339872459806271676e+00 1.229990843107471310e+00 5.613465757009020868e-02 1.147482308452048683e+00 1.321865380971641413e+00
6.517587939698492594e-01 3.146079657992759682e-01 1.306855311442674424e-02 2.994663405249298749e-01 3.412765056078906345e-01 2.661740933286000921e-01 1.001112573694192161e-02 2.491832531533378359e-01 2.824570103054129255e-01 1.239089556515255985e+00 4.330869331274266737e-02 1.163626971018430822e+00 1.329447120433320917e+00 1.221542975227085659e+00 5.565882191939305890e-02 1.138449096841660069e+00 1.313352851328609461e+00
6.567336683417085430e-01 3.146164942758333249e-01 1.271530519912984596e-02 2.999810288182072071e-01 3.403288314945916437e-01 2.634007842610353034e-01 9.401649712144188875e-03 2.473059959115128659e-01 2.827810146172342609e-01 1.230539186274149710e+00 4.282952648609106988e-02 1.150312508740251927e+00 1.312193407572839643e+00 1.213760645530261861e+00 5.485555190292627087e-02 1.130037627393499555e+00 1.305944682645743926e+00
6.617085427135678266e-01 3.147012752510867095e-01 1.259129833623657581e-02 3.003596613487491407e-01 3.400529842479232401e-01 2.606312503253876978e-01 9.565969874239072315e-03 2.453406440355938023e-01 2.798142752838630454e-01 1.225946201769781307e+00 4.356173199966360821e-02 1.151079678389200334e+00 1.312019437488829876e+00 1.206737883964112301e+00 5.439437829538569524e-02 1.122329110169447475e+00 1.299026995321964417e+00
6.666834170854271102e-01 3.148411933403893470e-01 1.274911168925010017e-02 3.003548714204702930e-01 3.406135180847302824e-01 2.580638216411134112e-01 9.614355350639473829e-03 2.436398412862207652e-01 2.775388606114495005e-01 1.219531845666272485e+00 4.479768779124038841e-02 1.147025397653177459e+00 1.315632650168900630e+00 1.200113329537262796e+00 5.388377861135245500e-02 1.118581694820864891e+00 1.290842166008977498e+00
6.716582914572865048e-01 3.151667604743333406e-01 1.267670574601816730e-02 3.005188524024469121e-01 3.402335061529454530e-01 2.557847571418815913e-01 9.818504592390520785e-03 2.394663279747719087e-01 2.757299162609729293e-01 1.211075208466388720e+00 4.285600790743884086e-02 1.139592563244542722e+00 1.303469421081810742e+00 1.191497355954164394e+00 5.371618466247009283e-02 1.112973849318678043e+00 1.279938649584446031e+00
6.766331658291457885e-01 3.154139543421154435e-01 1.253256585192048800e-02 3.009259601314954180e-01 3.396049032309897409e-01 2.538722562781873249e-01 9.722447022099666228e-03 2.366914232916103034e-01 2.728780619061587087e-01 1.200933020000741980e+00 4.506741714460642950e-02 1.130555606943705715e+00 1.297415831397383590e+00 1.184914109481285172e+00 5.320586808675582813e-02 1.109286174103845557e+00 1.270670246081619714e+00
6.816080402010050721e-01 3.156881276071629161e-01 1.249314203697873306e-02 3.009708452577894433e-01 3.398541381062518130e-01 2.515539846156123471e-01 9.825243728169246252e-03 2.341707388722435168e-01 2.721505323342799376e-01 1.193786802596606078e+00 4.229309511417563699e-02 1.127519139071061050e+00 1.285060802904301358e+00 1.176364185662120976e+00 5.159329244969015210e-02 1.104180588888168613e+00 1.257053621302617552e+00
6.865829145728643557e-01 3.157935845770590277e-01 1.261419279674202802e-02 3.012210559988553471e-01 3.398001524289928077e-01 2.489863459236096865e-01 1.011284671651471560e-02 2.319416902356746524e-01 2.720586123357073838e-01 1.185421976938254129e+00 4.389653538234941643e-02 1.114298103187321143e+00 1.281095806472214660e+00 1.169088032614065575e+00 5.151074804887874337e-02 1.099266560687593985e+00 1.254425494186166112e+00
6.915577889447236393e-01 3.160987556712618884e-01 1.240259949797092517e-02 3.015290724278964496e-01 3.398847228956838329e-01 2.476341822018600924e-01 1.017306881550409867e-02 2.310222978653225789e-01 2.713622709009115286e-01 1.177402685918226721e+00 4.646717247454541788e-02 1.104375204709914016e+00 1.273932436292689596e+00 1.161091168706054333e+00 5.205838737069595074e-02 1.091699020919876251e+00 1.249547215982954373e+00
6.965326633165829229e-01 3.163514511552114605e-01 1.236660176474000880e-02 3.018203728811665321e-01 3.403938832162131667e-01 2.452398453952405188e-01 1.023733029758657279e-02 2.275585752935364026e-01 2.681436168477027704e-01 1.169814760774467555e+00 5.015873494729981147e-02 1.088396834894513221e+00 1.270552544457345556e+00 1.154335846280949207e+00 5.104372430089585549e-02 1.089311962690985736e+00 1.242250381371612367e+00
7.015075376884422065e-01 3.164333896810312408e-01 1.211253109805602961e-02 3.018788264865747695e-01 3.397155767056286857e-01 2.424807832245169659e-01 1.125782852962726142e-02 2.245524162224129261e-01 2.681969929196602043e-01 1.162021221402985693e+00 4.995535916812307575e-02 1.084328645403226599e+00 1.261957862940069841e+00 1.146696769242957048e+00 5.220002415532246087e-02 1.079690096701138025e+00 1.233968467153090387e+00
7.064824120603014901e-01 3.164080916254793929e-01 1.176982542272539400e-02 3.026884323459474446e-01 3.390332416162509799e-01 2.400534039987771706e-01 1.180478684879578480e-02 2.207810615490898021e-01 2.679910050383916276e-01 1.152234623748968456e+00 5.180750651653520666e-02 1.071937520070923799e+00 1.264049852700503296e+00 1.140424813440353846e+00 5.097721288054399974e-02 1.073806105440788583e+00 1.227215655175535547e+00
7.114572864321608847e-01 3.167417137843119845e-01 1.174611363838131035e-02 3.029342850809336740e-01 3.392628439734829415e-01 2.378028776684763257e-01 1.147413005094487237e-02 2.187553559747974496e-01 2.655106309947787846e-01 1.142475881805165017e+00 5.301397377235621267e-02 1.065867902479118445e+00 1.259771280744523603e+00 1.133640172643737731e+00 5.026319701170583326e-02 1.069324151458132865e+00 1.218733239884433939e+00
7.164321608040201683e-01 3.171532435652767989e-01 1.155590451209215219e-02 3.034856069274043389e-01 3.390396217615712082e-01 2.355322058697558452e-01 1.111759213819046334e-02 2.165787527435162341e-01 2.618633163873401726e-01 1.131815290220294479e+00 5.388683310977922247e-02 1.057368048684957262e+00 1.252045493401590770e+00 1.126399853223590153e+00 5.096292963580471153e-02 1.063222731547823541e+00 1.212604772085840832e+00
7.214070351758794519e-01 3.172392511112905877e-01 1.123388632801916760e-02 3.040302592241786450e-01 3.386433449463280287e-01 2.325555761605399563e-01 1.115861853398966881e-02 2.153757481423392572e-01 2.600056309564498513e-01 1.122813037995433305e+00 5.370894190399099627e-02 1.050820511990501416e+00 1.243694660069998736e+00 1.120016970926239086e+00 4.982031116098063761e-02 1.056981307735765263e+00 1.201546246354059155e+00
7.263819095477387355e-01 3.172527991054153729e-01 1.110491584332079854e-02 3.043149312112132243e-01 3.386925581335428759e-01 2.291027876077242065e-01 1.143693583953261927e-02 2.126149690327657493e-01 2.566915374175531284e-01 1.112290556865456193e+00 5.300385365893306444e-02 1.041354741594859634e+00 1.227580197825927755e+00 1.112379160673235834e+00 4.989398953082442578e-02 1.055629732812726207e+00 1.193412415121159365e+00
7.313567839195980191e-01 3.173945736502622461e-01 1.115160467686663812e-02 3.045145601101826305e-01 3.390516767327936276e-01 2.264248667119683756e-01 1.184399262714041536e-02 2.083976909028608382e-01 2.539465141516354940e-01 1.103869053664934707e+00 5.355699622191791714e-02 1.030446205215895583e+00 1.225400775281960453e+00 1.105555573138193193e+00 5.029668620048801525e-02 1.047242931353680850e+00 1.189357166945235855e+00
7.363316582914573027e-01 3.174921210532140603e-01 1.114266981962420792e-02 3.042941545610315379e-01 3.390171194363786333e-01 2.239617168502396061e-01 1.170538082265382140e-02 2.060209961115600508e-01 2.492013822819551527e-01 1.094697359488607580e+00 5.449877478040530965e-02 1.016757337823183338e+00 1.217793099193688278e+00 1.099316202687217636e+00 4.995455593602789873e-02 1.039050484540088526e+00 1.181904303829941050e+00
7.413065326633165864e-01 3.176218618558535045e-01 1.081993279787132195e-02 3.046667875299093886e-01 3.386841475450987904e-01 2.213668462646378732e-01 1.082905940555760685e-02 2.041141324394134537e-01 2.431757020048713192e-01 1.084415751404727901e+00 5.441214598131834806e-02 1.008309249560991105e+00 1.206834996420708128e+00 1.091546027541932196e+00 4.938613803235146482e-02 1.032416203323575310e+00 1.176160836051561187e+00
7.462814070351758700e-01 3.179508597100325074e-01 1.087078844285239293e-02 3.048282506219984200e-01 3.390621982488312147e-01 2.185562453281925666e-01 1.123312161147200193e-02 1.996460105289507014e-01 2.375702716282578897e-01 1.075185838329543841e+00 5.398832367463018977e-02 9.983337710654783814e-01 1.196362382635500987e+00 1.085603993421775382e+00 4.897005197101072377e-02 1.028153928471156275e+00 1.170369451556890539e+00
7.512562814070351536e-01 3.179764584323553356e-01 1.063470736484511611e-02 3.053342123760820481e-01 3.392629237162773648e-01 2.163561127818913188e-01 1.137934903921164302e-02 1.978441994711151730e-01 2.366345517055205849e-01 1.065902555765651183e+00 5.600654671293674169e-02 9.834578602688830440e-01 1.187880078627485680e+00 1.079164387138080050e+00 4.787604524524423366e-02 1.023296634089858159e+00 1.165020369378673593e+00
7.562311557788945482e-01 3.181343438860039230e-01 1.051531953791523533e-02 3.056360591468720300e-01 3.392972252187211324e-01 2.135297453515145327e-01 1.048895792286462514e-02 1.961175860861169851e-01 2.325589764757785560e-01 1.055523008735349322e+00 5.543818504168989553e-02 9.723265190315351081e-01 1.174450299038961809e+00 1.073990857382859598e+00 4.735707671736758689e-02 1.018644347608411715e+00 1.158553803573071805e+00
7.612060301507538318e-01 3.180959101728740301e-01 1.040971681271801036e-02 3.055428827731589969e-01 3.388616615523928899e-01 2.102448381745850858e-01 1.066005540785684366e-02 1.928622491502578196e-01 2.286327061500667834e-01 1.043913906102212019e+00 5.492363008013916720e-02 9.641261294311280761e-01 1.160965732881229284e+00 1.067491507164858078e+00 4.696498167726700923e-02 1.013045506564346443e+00 1.153929459761896759e+00
7.661809045226131154e-01 3.181416976065086777e-01 1.039078774431704405e-02 3.058830332783525896e-01 3.389416996556249839e-01 2.074140804396747417e-01 1.161670016821786389e-02 1.899877136416247003e-01 2.251882164393661234e-01 1.033357756082905476e+00 5.294008900438905429e-02 9.581333936636343696e-01 1.149870263791632041e+00 1.060992720154153135e+00 4.689639557834821004e-02 1.008157965431461411e+00 1.149457711237867441e+00
7.711557788944723990e-01 3.181923823590991907e-01 1.032972255950481699e-02 3.061925426825869989e-01 3.390752964764284227e-01 2.047443447229689573e-01 1.157448818077836707e-02 1.852445973399222401e-01 2.213009863581284209e-01 1.021560244961439157e+00 5.079547345919104007e-02 9.490211052069296160e-01 1.133743555568455186e+00 1.054012510572214456e+00 4.536987910410225644e-02 1.003257979329310157e+00 1.139587504892524583e+00
7.761306532663316826e-01 3.182336061697016438e-01 1.007084879820094835e-02 3.067100628175951638e-01 3.385650154157061054e-01 2.021203536685956537e-01 1.176684081652462806e-02 1.844367960311181776e-01 2.183203025727643853e-01 1.011183055036251721e+00 5.104629976833501004e-02 9.382532099760416688e-01 1.123453418566455531e+00 1.047348707883972496e+00 4.483752546996252336e-02 9.975792698163173933e-01 1.130739482060974854e+00
7.811055276381909662e-01 3.180793059742089146e-01 9.846677616900499294e-03 3.071252987465414308e-01 3.374868339007759954e-01 1.997704845388138806e-01 1.148296691721402939e-02 1.819147671333050664e-01 2.158049275372102005e-01 1.000190124982544670e+00 4.998126482324682929e-02 9.275563147861077828e-01 1.107501476443758293e+00 1.040848892343026355e+00 4.451286299548029568e-02 9.936995151164167428e-01 1.122582155391181002e+00
7.860804020100502498e-01 3.184148645570938907e-01 9.844108627261904595e-03 3.073917625656958919e-01 3.375859119344196690e-01 1.966012138264355003e-01 1.207708280082371056e-02 1.777351220126519027e-01 2.131091524233185430e-01 9.885326549940781637e-01 4.901374538728276581e-02 9.199225011008476116e-01 1.090542612698963021e+00 1.034195837195905687e+00 4.331300104021557767e-02 9.876626336799420036e-01 1.115873024479055342e+00
7.910552763819095334e-01 3.184851821239781389e-01 9.684365387693084568e-03 3.075206942925710618e-01 3.371097058802277058e-01 1.938932557875319984e-01 1.245854683578394122e-02 1.760199864683107129e-01 2.114142131653490297e-01 9.770553155753454178e-01 4.914560607816406690e-02 9.083068375365618285e-01 1.077674700469724245e+00 1.027767560759485610e+00 4.215686610034855009e-02 9.828199715926325686e-01 1.105071183262809509e+00
7.960301507537689281e-01 3.185534317327153309e-01 9.639799372117606804e-03 3.076237904307425053e-01 3.369143862444157200e-01 1.917689587374425686e-01 1.315331663688611846e-02 1.729284277900645650e-01 2.103441225189832953e-01 9.667838663818827394e-01 5.073575151863387450e-02 8.973011964902550819e-01 1.068181972609463459e+00 1.021705211511058753e+00 4.176860529515494941e-02 9.773107858051947039e-01 1.101658888507030865e+00
8.010050251256282117e-01 3.183111002536584411e-01 9.640489580137164352e-03 3.075466726295414399e-01 3.360668923797585084e-01 1.893557177211194209e-01 1.290219522136905154e-02 1.708250450092037576e-01 2.077424097102254508e-01 9.541773845574255120e-01 5.055518638294363015e-02 8.839497565110191468e-01 1.058882236490771289e+00 1.015711995951247948e+00 4.095008731330545410e-02 9.702716367903149175e-01 1.094277304802899309e+00
8.059798994974874953e-01 3.183992180087669155e-01 9.490755499135441337e-03 3.078228493730111870e-01 3.359052562891988170e-01 1.866339581839931427e-01 1.252048047610867729e-02 1.683549391222120273e-01 2.042726524594393467e-01 9.430152376760678745e-01 5.074728173454143287e-02 8.768058641359542937e-01 1.052902611857120974e+00 1.009256263630150530e+00 4.066056529837158706e-02 9.616235018446196436e-01 1.088425769483655881e+00
8.109547738693467789e-01 3.185991028827239169e-01 9.326369341738069418e-03 3.081545662474773351e-01 3.356569496811354081e-01 1.831852649334980154e-01 1.256413913773156074e-02 1.636601848528884406e-01 1.998720350761325204e-01 9.325800423189557486e-01 5.206393271046897558e-02 8.672939785374406130e-01 1.045560172921952802e+00 1.003683222330953306e+00 3.961084419523191319e-02 9.590644955132007210e-01 1.080876051456416853e+00
8.159296482412060625e-01 3.183660742635286978e-01 9.163454747474694684e-03 3.079223684065376387e-01 3.349165534398274024e-01 1.798384886481969869e-01 1.297828455440991000e-02 1.579744154583029858e-01 1.973473132072507130e-01 9.200900855811131596e-01 5.168345801770985598e-02 8.558848440145270242e-01 1.028782258399899341e+00 9.972008751764125378e-01 3.983633310037845709e-02 9.527686154288004250e-01 1.075495114074205505e+00
8.209045226130653461e-01 3.183508111612715075e-01 8.913172661817271580e-03 3.081475630514947661e-01 3.344767654233326004e-01 1.771882295958364384e-01 1.299186460270536358e-02 1.561409658154019331e-01 1.955202432404623547e-01 9.096257806484679964e-01 4.944622035737184645e-02 8.483657064433681727e-01 1.013446421632036465e+00 9.921260062263966839e-01 3.828105206001976291e-02 9.494406437175069158e-01 1.069269279990371802e+00
8.258793969849246297e-01 3.182330014703330101e-01 8.690001542432618936e-03 3.081976849899343840e-01 3.337986066936864393e-01 1.740018522839210102e-01 1.288127536976359407e-02 1.525764200863095055e-01 1.939552613429177119e-01 8.969483981992576460e-01 4.916102252605648176e-02 8.299315423180566587e-01 9.979019284721509786e-01 9.856512053584133293e-01 3.710160228422942214e-02 9.436770163756360574e-01 1.059896582276876664e+00
8.308542713567839133e-01 3.181980707535775332e-01 8.583321848790379655e-03 3.082900621492445370e-01 3.336383489664010438e-01 1.706850965740244752e-01 1.259324272968152109e-02 1.492111387131921374e-01 1.918838129009762805e-01 8.826476114624227653e-01 4.890974773178387303e-02 8.201399662018539205e-01 9.850405038841979488e-01 9.786869641971334133e-01 3.561374811240537730e-02 9.391116392346082753e-01 1.047357691880021813e+00
8.358291457286431969e-01 3.179189847352963949e-01 8.614481786402271649e-03 3.077567969662513003e-01 3.336013319145045841e-01 1.677645663643586582e-01 1.245922542980177489e-02 1.467454448404108269e-01 1.878922823558379640e-01 8.712837941489623983e-01 4.933392588524664751e-02 8.096674076859171620e-01 9.758088395797931414e-01 9.724950829185916579e-01 3.509013640061457717e-02 9.311878479969221134e-01 1.040372599697825251e+00
8.408040201005025915e-01 3.178340676245862695e-01 8.606043071091333194e-03 3.077795380296862171e-01 3.332681828143643776e-01 1.653557368561668073e-01 1.178195458590461202e-02 1.462080391876033891e-01 1.858780486724285752e-01 8.589242582661451575e-01 4.926474389200366510e-02 7.967045364902086702e-01 9.661069896752596531e-01 9.661361175366035559e-01 3.435170202908371939e-02 9.245160281522556422e-01 1.030784689863008419e+00
8.457788944723618751e-01 3.176862955038251002e-01 8.374236523467974008e-03 3.081029517421910446e-01 3.319781168523291970e-01 1.624756026689207766e-01 1.154225012412419919e-02 1.448516253043980739e-01 1.838386777612834033e-01 8.473525183279869699e-01 4.749246123570902145e-02 7.898294658171106652e-01 9.524796734011407029e-01 9.601273036110704595e-01 3.359843696611956171e-02 9.182362788149532884e-01 1.023949087808825764e+00
8.507537688442211588e-01 3.175951325004323089e-01 8.201712529761156709e-03 3.081212488659675341e-01 3.316921118283323033e-01 1.603939313490321261e-01 1.125921887886434380e-02 1.432679277781295779e-01 1.816186252504351228e-01 8.339941994157088478e-01 4.616704457624464658e-02 7.748108049077615522e-01 9.388174923164948060e-01 9.542184062010546919e-01 3.378688498309708604e-02 9.113875841708896086e-01 1.017890344535369307e+00
8.557286432160804424e-01 3.176343443628458774e-01 8.099482137506171242e-03 3.082403282950134660e-01 3.317625574582337422e-01 1.575588735063314649e-01 1.086991114249518525e-02 1.416433168514925345e-01 1.782491981801462011e-01 8.197252090865780882e-01 4.807849711587574432e-02 7.579716218219176849e-01 9.284340626163776200e-01 9.475685358504817302e-01 3.234866732244350701e-02 9.056364011923131452e-01 1.006160179810925426e+00
8.607035175879397260e-01 3.176061777597588565e-01 8.240445802072443940e-03 3.084048377333967195e-01 3.319884763814116568e-01 1.547809355156279376e-01 9.403504664229742419e-03 1.403811573136282131e-01 1.710758440655973933e-01 8.076886713744148016e-01 4.739660930341390438e-02 7.446271837914250069e-01 9.147016342070962702e-01 9.415630951894392586e-01 3.044766244287020265e-02 9.019116535229648735e-01 9.986851141954338207e-01
8.656783919597990096e-01 3.172596827688216603e-01 8.039258573907659758e-03 3.085595849429523252e-01 3.313318866605360902e-01 1.525415503039495024e-01 9.107091957075836436e-03 1.392192690845169556e-01 1.675234959367452869e-01 7.945965568345843000e-01 4.551217086913176418e-02 7.348002302147835785e-01 8.941418611704667896e-01 9.360912100537944758e-01 2.923560882077555143e-02 8.993487922629590514e-01 9.895547600026555202e-01
8.706532663316582932e-01 3.171022197611327309e-01 7.959660377545389395e-03 3.083963280196947987e-01 3.315794372931593625e-01 1.504837981951093195e-01 8.848591006182661423e-03 1.377814703479597336e-01 1.657817025684233392e-01 7.809159767458813128e-01 4.412408677852077549e-02 7.284364112210433007e-01 8.768757669530097276e-01 9.302440923458371591e-01 2.885472291522574867e-02 8.937243877869573971e-01 9.837167971912579301e-01
8.756281407035175768e-01 3.169289704063235069e-01 7.676000811225457132e-03 3.086448656749217201e-01 3.309398706614594121e-01 1.480312894323558004e-01 8.883123422721279569e-03 1.343964926309410557e-01 1.632371555602370738e-01 7.686266559568988299e-01 4.174363966021384098e-02 7.193687817088112446e-01 8.615167782339185898e-01 9.242131278534534422e-01 2.796321956482002505e-02 8.907520615046899959e-01 9.773077841115147546e-01
8.806030150753769714e-01 3.167622543844906824e-01 7.426731772548464221e-03 3.084076246350614947e-01 3.300632400943099287e-01 1.449431580891970550e-01 8.910182541462524988e-03 1.334969637589077385e-01 1.605970308938692859e-01 7.551771832427125464e-01 4.057578554654528435e-02 7.094286124814925820e-01 8.442068475801687288e-01 9.186663340900015351e-01 2.683377108981190029e-02 8.861181074545400049e-01 9.708051666194387197e-01
8.855778894472362550e-01 3.166246195329159296e-01 7.246601177794333160e-03 3.086846217151439919e-01 3.293224855239932913e-01 1.415931716393936945e-01 8.985479999565545994e-03 1.299408784695208208e-01 1.585455262736531756e-01 7.420673934959922668e-01 4.215675207859317236e-02 6.945874035108484668e-01 8.337665158920368746e-01 9.128342892038865397e-01 2.582678276891037586e-02 8.809974925056316408e-01 9.622456121088203140e-01
8.905527638190955386e-01 3.161850012032960677e-01 7.022596231784184601e-03 3.086523279537542463e-01 3.286830547388673307e-01 1.387681889230993337e-01 8.327871582027881331e-03 1.284779074889120243e-01 1.528964323600762454e-01 7.292239927897601337e-01 4.109610180040789568e-02 6.808765780270343848e-01 8.190826763299523527e-01 9.068150467549582761e-01 2.529156945888301825e-02 8.755712853074484325e-01 9.555808912814601763e-01
8.955276381909548222e-01 3.158939289039174314e-01 6.848705575292689425e-03 3.085687515553650062e-01 3.283136405174054695e-01 1.362290113348074705e-01 8.496510926444621192e-03 1.255738071433021852e-01 1.507164492151490121e-01 7.155277067917091838e-01 4.036702115051332002e-02 6.703450959350512051e-01 8.014567216745730471e-01 9.010032297434763526e-01 2.455630670577772096e-02 8.694300849894519567e-01 9.476596741985107153e-01
9.005025125628141058e-01 3.157520080996991663e-01 6.732627210287863220e-03 3.088186252695762080e-01 3.280725446304130766e-01 1.331658062556969613e-01 8.407442872464867059e-03 1.232891777904334268e-01 1.476045846634279901e-01 7.014668109338902946e-01 3.952713874477491174e-02 6.513024097436003190e-01 7.840516602959237691e-01 8.954668651155965886e-01 2.433454839916128140e-02 8.649004059576371750e-01 9.401905272509317735e-01
9.054773869346733894e-01 3.153621129373642140e-01 6.471181108747272800e-03 3.082039373208753097e-01 3.268164573628040692e-01 1.303799188613704030e-01 8.575324068086240259e-03 1.197533149006322212e-01 1.450039734013268133e-01 6.893365329727043633e-01 4.030714995209901813e-02 6.385873160680134442e-01 7.754431095534544127e-01 8.896667418681023509e-01 2.417299278219803282e-02 8.594232254993093845e-01 9.317203628111003777e-01
9.104522613065326730e-01 3.150392662477700667e-01 6.282378456845112875e-03 3.080985227249666281e-01 3.263812014493420732e-01 1.273897560199201973e-01 8.842863323173433612e-03 1.173093590462186836e-01 1.420804313423618126e-01 6.744681183269891633e-01 3.821212110382343069e-02 6.299649019350673784e-01 7.552760529028774705e-01 8.836880670677833560e-01 2.294798356113228466e-02 8.553130772899413259e-01 9.236576421678817095e-01
9.154271356783919567e-01 3.145426450277436503e-01 6.383326106732419708e-03 3.070200594338620692e-01 3.262752261719352731e-01 1.245036616799819751e-01 8.757011817349611912e-03 1.153021347472496516e-01 1.393332211207910509e-01 6.623647350324477490e-01 3.677038606770383078e-02 6.223348178973659994e-01 7.421024948742027671e-01 8.776583019181604106e-01 2.181611933473551895e-02 8.508121864447998339e-01 9.153222043654809514e-01
9.204020100502512403e-01 3.138693344732693680e-01 6.064254999051707506e-03 3.068750728818264717e-01 3.257318344248660846e-01 1.220241971421986288e-01 8.399902991926474008e-03 1.133081827328967922e-01 1.352754829494826616e-01 6.484272659704818365e-01 3.594615678259336505e-02 6.110287882270611926e-01 7.251568797894979435e-01 8.718607002829070751e-01 2.128708797559223515e-02 8.462164786653807447e-01 9.092733194903640515e-01
9.253768844221106349e-01 3.133558132826895215e-01 5.732723131281895410e-03 3.065064945198899826e-01 3.244938574187598013e-01 1.193358324902072665e-01 7.999315075288318880e-03 1.112376369781789831e-01 1.323410235925852052e-01 6.360780371836611824e-01 3.321709394577244956e-02 6.029995235285259270e-01 7.048828858249851503e-01 8.654660415341300927e-01 2.103210947649117660e-02 8.391413366572858523e-01 9.002307908590045926e-01
9.303517587939699185e-01 3.129708456043950315e-01 5.350959449312939036e-03 3.063927496959568675e-01 3.234250908646330025e-01 1.171659060570216654e-01 8.363016120817122825e-03 1.086255846906959560e-01 1.303939425447040168e-01 6.225890819208792504e-01 3.249647986055305415e-02 5.877434852392066089e-01 6.904983645837382555e-01 8.595663060937116517e-01 2.034045216002590070e-02 8.348667226751352866e-01 8.928534746677296852e-01
9.353266331658292021e-01 3.123218093838194820e-01 5.049383778198600348e-03 3.060246887102632818e-01 3.223798849909399467e-01 1.143861773769387219e-01 7.183735284300983917e-03 1.067992638555310542e-01 1.254997472858690455e-01 6.094677612868167893e-01 3.155088488579443212e-02 5.747310826955994711e-01 6.754888046894598208e-01 8.543003408288745160e-01 1.973998137070440140e-02 8.304105774931849204e-01 8.871142447350477411e-01
9.403015075376884857e-01 3.119320744896828534e-01 5.152926417345970664e-03 3.050992029448657550e-01 3.218876048930174871e-01 1.122589650439480280e-01 6.820354615117333631e-03 1.052755630904406714e-01 1.227742999344551972e-01 5.946962193724689705e-01 3.138690212901606297e-02 5.629053494523682533e-01 6.614189965848534802e-01 8.477020027654298406e-01 1.876077657302947788e-02 8.269478988671747910e-01 8.799149056044600625e-01
9.452763819095477693e-01 3.113934867706906751e-01 4.810593463854980628e-03 3.048112261063883333e-01 3.200662664186470496e-01 1.096875661600220930e-01 6.504810366860783698e-03 1.021982948512959177e-01 1.200429343576125407e-01 5.814816975129761811e-01 2.740806077565094770e-02 5.519016982228250878e-01 6.382004673333032674e-01 8.416982821964076322e-01 1.751354734483919276e-02 8.219666790201429762e-01 8.702477590718756817e-01
9.502512562814070529e-01 3.107054070542543123e-01 4.627050518494269828e-03 3.045654613245277198e-01 3.196474166240135251e-01 1.068473509831143059e-01 6.344955766666623628e-03 9.939808197551039393e-02 1.179594720833642280e-01 5.657271332062226987e-01 2.432490571048057451e-02 5.371969162910278373e-01 6.140347493912807764e-01 8.352481400676140533e-01 1.665802858470716991e-02 8.158073789556882227e-01 8.623661840939661483e-01
9.552261306532663365e-01 3.100650060449757772e-01 4.136425401687267647e-03 3.046101177685152095e-01 3.177862249131813144e-01 1.038333926810676155e-01 5.669664123226304635e-03 9.750413282824985095e-02 1.142126049641870034e-01 5.506603448050165772e-01 2.258984981705099149e-02 5.227937839276624032e-01 5.953245245484617421e-01 8.284913582940545140e-01 1.546424403303857734e-02 8.114991731026319766e-01 8.534383522412566370e-01
9.602010050251256201e-01 3.092730461357366956e-01 3.991957800516325074e-03 3.040012419164144775e-01 3.164015490355642224e-01 1.011568266891927220e-01 4.946191327249647475e-03 9.434977928600844777e-02 1.091123562258323187e-01 5.361721899808060687e-01 2.032977892367785963e-02 5.104375545097494804e-01 5.720027572759326384e-01 8.214002963966009485e-01 1.480425617470643336e-02 8.050583651626364023e-01 8.473199423575200617e-01
9.651758793969849037e-01 3.082883233692844116e-01 3.467812985383372359e-03 3.036109550839495852e-01 3.146868701122428891e-01 9.812947333424890117e-02 3.523131284363150741e-03 9.226248276496520906e-02 1.037807943431789393e-01 5.210560513563922136e-01 1.763156416475231136e-02 4.989564425788284296e-01 5.536577161360916044e-01 8.132546681056510574e-01 1.383643127805768772e-02 7.980351188364059878e-01 8.382968227920897242e-01
9.701507537688442984e-01 3.073329481999841906e-01 2.895650049093150599e-03 3.030142934607644722e-01 3.120628170065511409e-01 9.545143150221400974e-02 3.232923309037802687e-03 9.023997946287289074e-02 1.000821466066457721e-01 5.056519474023571936e-01 1.506858079484701442e-02 4.860940636202316090e-01 5.325254869540158031e-01 8.059460582943849261e-01 1.212289001432993556e-02 7.911357482302360244e-01 8.284930855322486520e-01
9.751256281407035820e-01 3.062916418626787096e-01 2.827007081073760857e-03 3.026086456533595426e-01 3.109221515485882104e-01 9.292463567760220200e-02 3.060801950718056944e-03 8.888510778099803500e-02 9.855414018901743900e-02 4.919799001024255380e-01 1.385179257895078307e-02 4.706783360421922802e-01 5.152240686526673441e-01 7.983234846619849945e-01 1.103883356957099937e-02 7.837129908002630208e-01 8.175329460331963727e-01
9.801005025125628656e-01 3.052834032788213081e-01 2.682961235507415419e-03 3.017493215359314807e-01 3.095018455373789723e-01 8.917550430738184486e-02 2.049814015364549106e-03 8.697463735502457272e-02 9.314244144378039381e-02 4.757261645056813926e-01 1.259709279413823504e-02 4.548944167422749874e-01 4.967418403635271984e-01 7.897738467944442897e-01 9.312461892065731356e-03 7.771186568229094815e-01 8.067290780417619711e-01
9.850753768844221492e-01 3.035699448575353010e-01 2.342265178080923764e-03 3.010430930723806409e-01 3.073069814995047500e-01 8.674440432014163260e-02 1.661002112489945058e-03 8.539988695594355472e-02 9.042340416987530716e-02 4.597273952422410437e-01 1.050616780273712879e-02 4.454705764691955783e-01 4.785099298903542353e-01 7.805546240790306456e-01 7.820975202750679936e-03 7.697284464449644092e-01 7.943986621293916972e-01
9.900502512562814328e-01 3.015221527394778556e-01 1.766820258879778401e-03 2.990855405841843506e-01 3.044732461525831990e-01 8.254221323589848447e-02 1.804020397507584720e-03 8.068763814549721747e-02 8.744011557283808134e-02 4.414521122494218242e-01 8.261916488690006222e-03 4.300380795059355887e-01 4.567961091471285928e-01 7.704742209284807242e-01 6.488305781266713416e-03 7.623287939987165585e-01 7.803378663942663884e-01
9.950251256281407164e-01 2.993137881068029804e-01 1.720102027184688357e-03 2.972717041465235410e-01 3.022091782064365018e-01 7.944574676021241844e-02 2.024576415037334948e-03 7.771423451786005354e-02 8.483451793285240461e-02 4.188478222314520605e-01 7.040667435000331348e-03 4.095818704331622429e-01 4.322191585320996343e-01 7.566097269183609253e-01 4.698415135609846326e-03 7.504159496301103793e-01 7.637460795084002330e-01
1.000000000000000000e+00 2.956097553841649517e-01 1.337590193820494911e-04 2.954379891041258865e-01 2.959046631138942951e-01 7.323790660858389701e-02 9.692976987421986906e-04 7.215132414041915132e-02 7.511292377135336817e-02 3.786371881517855420e-01 2.918776170332215442e-03 3.755825108224259967e-01 3.851665218034844851e-01 7.356131304716013730e-01 3.266913121346265696e-04 7.351936044723270669e-01 7.363333996223243583e-01
