# FPR	TPR_MEAN	TPR_STD	TPR_MIN	TPR_MAX
0.000000000000000000e+00 1.858139534883720967e-01 5.085345173409606956e-02 1.244186046511627924e-01 3.075581395348837010e-01
2.004008016032063962e-03 3.252325581395348886e-01 3.974312462011559549e-02 2.366279069767441845e-01 3.813953488372093248e-01
4.008016032064127925e-03 3.848255813953488369e-01 2.419952944846887402e-02 3.482558139534883690e-01 4.279069767441860406e-01
6.012024048096191453e-03 4.365697674418604346e-01 2.469726108794411887e-02 3.988372093023255793e-01 4.761627906976744207e-01
8.016032064128255849e-03 4.692441860465116354e-01 2.140995772733858549e-02 4.337209302325581439e-01 4.976744186046511698e-01
1.002004008016032024e-02 4.982558139534883912e-01 1.884653802886188112e-02 4.656976744186046568e-01 5.250000000000000222e-01
1.202404809619238291e-02 5.211627906976743496e-01 2.162790697674419130e-02 4.837209302325581328e-01 5.569767441860464796e-01
1.402805611222444730e-02 5.451162790697674509e-01 1.939143064544270392e-02 5.186046511627907529e-01 5.831395348837209447e-01
1.603206412825651170e-02 5.616279069767442511e-01 1.664659869890222979e-02 5.279069767441860739e-01 5.901162790697674909e-01
1.803607214428857436e-02 5.827906976744186007e-01 1.589284357862375680e-02 5.523255813953488191e-01 6.063953488372092471e-01
2.004008016032064049e-02 5.951162790697674954e-01 1.447942909631146427e-02 5.697674418604651292e-01 6.174418604651162878e-01
2.204408817635270315e-02 6.068023255813953520e-01 1.617711010324744680e-02 5.831395348837209447e-01 6.395348837209302584e-01
2.404809619238476581e-02 6.179651162790696928e-01 1.655793130911666078e-02 5.912790697674418228e-01 6.488372093023255793e-01
2.605210420841683194e-02 6.279069767441860517e-01 1.424833826524040878e-02 6.011627906976744207e-01 6.558139534883721256e-01
2.805611222444889460e-02 6.414534883720929281e-01 1.416995370088919813e-02 6.104651162790697416e-01 6.680232558139534982e-01
3.006012024048096073e-02 6.525000000000000799e-01 1.306277744885078577e-02 6.261627906976744429e-01 6.720930232558139927e-01
3.206412825651302340e-02 6.616279069767441179e-01 1.233051678284261161e-02 6.372093023255813726e-01 6.767441860465116532e-01
3.406813627254508953e-02 6.689534883720931191e-01 1.245652254962053077e-02 6.465116279069766936e-01 6.866279069767441401e-01
3.607214428857714872e-02 6.777325581395348131e-01 1.347295128920605878e-02 6.593023255813953432e-01 6.999999999999999556e-01
3.807615230460921485e-02 6.869767441860464841e-01 1.673812874933170575e-02 6.645348837209302806e-01 7.162790697674418228e-01
4.008016032064128098e-02 6.929069767441861094e-01 1.799472610678455251e-02 6.662790697674418894e-01 7.261627906976744207e-01
4.208416833667334017e-02 7.024418604651163633e-01 1.674135958056373330e-02 6.784883720930232620e-01 7.302325581395349152e-01
4.408817635270540630e-02 7.090116279069766936e-01 1.684893350639339593e-02 6.866279069767441401e-01 7.372093023255813504e-01
4.609218436873747243e-02 7.163372093023255838e-01 1.509714800125403975e-02 6.947674418604651292e-01 7.418604651162791219e-01
4.809619238476953162e-02 7.212209302325580662e-01 1.500461890306368541e-02 6.976744186046511809e-01 7.447674418604650626e-01
5.010020040080159776e-02 7.261627906976744207e-01 1.578357204709096573e-02 7.017441860465116754e-01 7.511627906976744429e-01
5.210420841683366389e-02 7.301162790697675042e-01 1.523832661945426735e-02 7.058139534883720589e-01 7.523255813953488857e-01
5.410821643286573002e-02 7.353488372093023306e-01 1.459476038951905766e-02 7.127906976744186052e-01 7.563953488372092693e-01
5.611222444889778921e-02 7.390697674418605922e-01 1.452278566278684784e-02 7.156976744186046568e-01 7.598837209302325979e-01
5.811623246492985534e-02 7.436627906976742697e-01 1.549710365653794546e-02 7.203488372093023173e-01 7.651162790697674243e-01
6.012024048096192147e-02 7.475581395348837033e-01 1.607597564594985887e-02 7.220930232558139261e-01 7.703488372093023617e-01
6.212424849699398066e-02 7.523255813953488857e-01 1.580497351054439489e-02 7.273255813953488635e-01 7.738372093023255793e-01
6.412825651302604679e-02 7.566860465116278522e-01 1.521268453254905756e-02 7.308139534883720811e-01 7.779069767441860739e-01
6.613226452905811292e-02 7.588372093023255660e-01 1.568647317846811121e-02 7.313953488372092471e-01 7.802325581395348486e-01
6.813627254509017905e-02 7.640116279069767424e-01 1.530837248871053796e-02 7.377906976744186274e-01 7.843023255813953432e-01
7.014028056112224518e-02 7.680232558139535870e-01 1.458595678069220768e-02 7.430232558139534538e-01 7.877906976744185608e-01
7.214428857715429744e-02 7.716279069767442156e-01 1.463869901745858820e-02 7.447674418604650626e-01 7.901162790697674465e-01
7.414829659318636357e-02 7.743604651162790953e-01 1.512846110205487253e-02 7.476744186046511143e-01 7.936046511627906641e-01
7.615230460921842970e-02 7.776744186046512519e-01 1.582890879703036796e-02 7.500000000000000000e-01 7.988372093023256015e-01
7.815631262525049583e-02 7.815116279069768135e-01 1.509121356549546211e-02 7.563953488372092693e-01 8.040697674418604279e-01
8.016032064128256196e-02 7.837790697674419382e-01 1.481691493161988414e-02 7.593023255813953210e-01 8.046511627906977049e-01
8.216432865731462809e-02 7.880813953488372547e-01 1.640163577300405434e-02 7.604651162790697638e-01 8.087209302325580884e-01
8.416833667334668034e-02 7.897674418604652136e-01 1.666121237595477936e-02 7.639534883720929814e-01 8.098837209302325313e-01
8.617234468937874647e-02 7.923837209302325713e-01 1.684532198873836886e-02 7.662790697674418672e-01 8.127906976744185830e-01
8.817635270541081260e-02 7.933139534883720811e-01 1.677050983124845143e-02 7.668604651162790331e-01 8.133720930232558599e-01
9.018036072144287874e-02 7.951162790697674509e-01 1.678652592638282121e-02 7.680232558139534760e-01 8.156976744186046346e-01
9.218436873747494487e-02 7.972674418604650537e-01 1.677212220585885122e-02 7.709302325581395277e-01 8.203488372093022951e-01
9.418837675350701100e-02 8.009302325581396653e-01 1.741315467259461208e-02 7.738372093023255793e-01 8.273255813953488413e-01
9.619238476953906325e-02 8.030232558139533960e-01 1.799660445107698070e-02 7.750000000000000222e-01 8.273255813953488413e-01
9.819639278557112938e-02 8.054069767441859318e-01 1.710142571520569671e-02 7.784883720930232398e-01 8.279069767441860073e-01
1.002004008016031955e-01 8.076162790697674065e-01 1.710023973593646773e-02 7.796511627906976827e-01 8.308139534883720589e-01
1.022044088176352616e-01 8.094767441860465373e-01 1.649575473518552840e-02 7.837209302325581772e-01 8.319767441860465018e-01
1.042084168336673278e-01 8.118023255813954231e-01 1.668118396048128352e-02 7.848837209302325091e-01 8.360465116279069964e-01
1.062124248496993939e-01 8.136627906976745539e-01 1.633969194080443776e-02 7.889534883720930036e-01 8.377906976744186052e-01
1.082164328657314600e-01 8.156395348837209847e-01 1.624050664993611365e-02 7.901162790697674465e-01 8.383720930232557711e-01
1.102204408817635123e-01 8.166279069767441445e-01 1.643241727439144484e-02 7.912790697674418894e-01 8.389534883720930480e-01
1.122244488977955784e-01 8.187209302325580973e-01 1.601066099662802264e-02 7.936046511627906641e-01 8.430232558139535426e-01
1.142284569138276445e-01 8.204069767441859451e-01 1.594433682189709545e-02 7.953488372093022729e-01 8.453488372093023173e-01
1.162324649298597107e-01 8.218604651162790820e-01 1.553577145493064728e-02 7.953488372093022729e-01 8.453488372093023173e-01
1.182364729458917768e-01 8.246511627906976116e-01 1.583958251521658256e-02 7.982558139534883246e-01 8.488372093023255349e-01
1.202404809619238429e-01 8.262209302325581595e-01 1.558193768580622834e-02 7.994186046511627675e-01 8.505813953488372547e-01
1.222444889779558952e-01 8.283139534883721122e-01 1.559624856087275628e-02 8.029069767441860961e-01 8.534883720930233064e-01
1.242484969939879613e-01 8.299418604651161990e-01 1.614196835082537182e-02 8.034883720930232620e-01 8.558139534883720811e-01
1.262525050100200275e-01 8.312790697674417029e-01 1.627657788236962569e-02 8.058139534883721478e-01 8.581395348837209669e-01
1.282565130260520936e-01 8.324418604651162568e-01 1.609488831779027837e-02 8.069767441860464796e-01 8.587209302325581328e-01
1.302605210420841597e-01 8.340116279069766936e-01 1.647155717537060124e-02 8.075581395348837566e-01 8.593023255813952987e-01
1.322645290581162258e-01 8.350581395348838365e-01 1.613945529770606513e-02 8.081395348837209225e-01 8.598837209302325757e-01
1.342685370741482920e-01 8.362209302325581683e-01 1.615620160153034834e-02 8.093023255813953654e-01 8.610465116279070186e-01
1.362725450901803581e-01 8.384883720930232931e-01 1.589199280677129275e-02 8.104651162790698082e-01 8.610465116279070186e-01
1.382765531062124242e-01 8.395930232558139750e-01 1.660685364195587516e-02 8.104651162790698082e-01 8.651162790697674021e-01
1.402805611222444904e-01 8.417441860465115777e-01 1.633255333803478038e-02 8.122093023255814170e-01 8.668604651162791219e-01
1.422845691382765287e-01 8.429651162790697816e-01 1.601203323193714501e-02 8.133720930232558599e-01 8.668604651162791219e-01
1.442885771543085949e-01 8.444186046511628074e-01 1.680061550805301424e-02 8.133720930232558599e-01 8.680232558139534538e-01
1.462925851703406610e-01 8.455813953488371393e-01 1.697076989495392360e-02 8.139534883720930258e-01 8.715116279069767824e-01
1.482965931863727271e-01 8.479651162790696750e-01 1.759669646094292814e-02 8.139534883720930258e-01 8.732558139534883912e-01
1.503006012024047933e-01 8.490697674418603569e-01 1.792584327779641468e-02 8.139534883720930258e-01 8.744186046511628341e-01
1.523046092184368594e-01 8.501162790697674998e-01 1.835552682605965519e-02 8.139534883720930258e-01 8.750000000000000000e-01
1.543086172344689255e-01 8.513372093023254816e-01 1.874592077494137768e-02 8.139534883720930258e-01 8.767441860465116088e-01
1.563126252505009917e-01 8.528488372093022685e-01 1.893502096458176548e-02 8.156976744186046346e-01 8.773255813953488857e-01
1.583166332665330578e-01 8.545930232558139883e-01 1.842289487854141886e-02 8.174418604651162434e-01 8.790697674418604946e-01
1.603206412825651239e-01 8.559883720930232531e-01 1.781395728338047713e-02 8.209302325581395721e-01 8.813953488372092693e-01
1.623246492985971901e-01 8.579069767441861449e-01 1.847008017163927554e-02 8.215116279069767380e-01 8.825581395348837122e-01
1.643286573146292562e-01 8.594186046511627097e-01 1.826506949496854368e-02 8.232558139534883468e-01 8.848837209302325979e-01
1.663326653306613223e-01 8.608139534883720856e-01 1.752731006632699678e-02 8.267441860465116754e-01 8.854651162790697638e-01
1.683366733466933607e-01 8.616860465116278345e-01 1.769859500096299457e-02 8.267441860465116754e-01 8.854651162790697638e-01
1.703406813627254268e-01 8.628488372093021663e-01 1.765078361574537111e-02 8.279069767441860073e-01 8.860465116279069298e-01
1.723446893787574929e-01 8.641279069767442422e-01 1.736815823562089245e-02 8.296511627906977271e-01 8.866279069767442067e-01
1.743486973947895591e-01 8.649999999999998801e-01 1.706729593665932271e-02 8.308139534883720589e-01 8.872093023255813726e-01
1.763527054108216252e-01 8.668604651162791219e-01 1.644434374852434683e-02 8.331395348837209447e-01 8.889534883720929814e-01
1.783567134268536913e-01 8.680232558139534538e-01 1.573853424715222077e-02 8.360465116279069964e-01 8.895348837209302584e-01
1.803607214428857575e-01 8.695930232558138906e-01 1.539775941923058472e-02 8.389534883720930480e-01 8.901162790697674243e-01
1.823647294589178236e-01 8.709883720930233775e-01 1.572231055588817206e-02 8.406976744186046568e-01 8.924418604651163101e-01
1.843687374749498897e-01 8.725000000000001643e-01 1.508505272035822777e-02 8.430232558139535426e-01 8.936046511627907529e-01
1.863727454909819559e-01 8.731395348837208692e-01 1.491548209994105097e-02 8.441860465116278744e-01 8.936046511627907529e-01
1.883767535070140220e-01 8.744186046511627231e-01 1.445325917983261016e-02 8.482558139534883690e-01 8.947674418604650848e-01
1.903807615230460881e-01 8.748837209302327000e-01 1.414309165791313022e-02 8.499999999999999778e-01 8.947674418604650848e-01
1.923847695390781265e-01 8.761627906976745539e-01 1.486144772381915030e-02 8.505813953488372547e-01 8.988372093023255793e-01
1.943887775551101926e-01 8.777325581395348797e-01 1.516104730311213997e-02 8.517441860465115866e-01 8.994186046511627453e-01
1.963927855711422588e-01 8.783720930232558066e-01 1.499233624305692548e-02 8.523255813953488635e-01 9.000000000000000222e-01
1.983967935871743249e-01 8.800000000000001155e-01 1.500225330109881093e-02 8.546511627906976383e-01 9.011627906976744651e-01
2.004008016032063910e-01 8.812209302325580973e-01 1.512756734152107332e-02 8.558139534883720811e-01 9.023255813953487969e-01
2.024048096192384572e-01 8.827325581395349952e-01 1.511415459131856993e-02 8.575581395348836899e-01 9.040697674418605168e-01
2.044088176352705233e-01 8.836627906976743940e-01 1.452197100839385489e-02 8.593023255813952987e-01 9.046511627906976827e-01
2.064128256513025894e-01 8.852906976744187029e-01 1.374615832069488869e-02 8.627906976744186274e-01 9.058139534883721256e-01
2.084168336673346555e-01 8.862209302325583238e-01 1.346542253738551576e-02 8.645348837209302362e-01 9.058139534883721256e-01
2.104208416833667217e-01 8.873255813953490057e-01 1.304400340686527777e-02 8.662790697674418450e-01 9.058139534883721256e-01
2.124248496993987878e-01 8.884302325581394655e-01 1.285251972904978036e-02 8.680232558139534538e-01 9.063953488372092915e-01
2.144288577154308539e-01 8.893604651162789754e-01 1.279611407516178558e-02 8.697674418604650626e-01 9.069767441860464574e-01
2.164328657314629201e-01 8.905813953488370682e-01 1.345726163644587851e-02 8.697674418604650626e-01 9.098837209302325091e-01
2.184368737474949584e-01 8.909883720930231732e-01 1.339545482031715730e-02 8.709302325581395054e-01 9.098837209302325091e-01
2.204408817635270246e-01 8.917441860465116221e-01 1.341197288864763755e-02 8.715116279069767824e-01 9.104651162790697860e-01
2.224448897795590907e-01 8.922093023255813771e-01 1.350590280181810342e-02 8.726744186046511143e-01 9.116279069767442289e-01
2.244488977955911568e-01 8.928488372093023040e-01 1.358289355387265473e-02 8.732558139534883912e-01 9.122093023255813948e-01
2.264529058116232230e-01 8.934302325581395809e-01 1.341008253826469696e-02 8.732558139534883912e-01 9.127906976744185608e-01
2.284569138276552891e-01 8.938372093023255749e-01 1.327619811738797728e-02 8.744186046511628341e-01 9.133720930232558377e-01
2.304609218436873552e-01 8.947093023255814348e-01 1.361123374840049818e-02 8.750000000000000000e-01 9.162790697674418894e-01
2.324649298597194214e-01 8.954651162790698837e-01 1.371107253300807641e-02 8.750000000000000000e-01 9.162790697674418894e-01
2.344689378757514875e-01 8.968023255813953876e-01 1.324828937803005681e-02 8.779069767441860517e-01 9.162790697674418894e-01
2.364729458917835536e-01 8.974418604651163145e-01 1.309417979938845393e-02 8.808139534883721034e-01 9.174418604651163323e-01
2.384769539078156197e-01 8.984302325581395854e-01 1.360278758852298368e-02 8.819767441860465462e-01 9.197674418604651070e-01
2.404809619238476859e-01 8.993604651162792063e-01 1.410875340563077542e-02 8.819767441860465462e-01 9.197674418604651070e-01
2.424849699398797520e-01 9.001162790697673222e-01 1.411917138294003712e-02 8.831395348837208781e-01 9.203488372093022729e-01
2.444889779559117904e-01 9.011046511627907041e-01 1.398361573141018201e-02 8.831395348837208781e-01 9.209302325581395499e-01
2.464929859719438565e-01 9.018023255813952810e-01 1.407757327193180120e-02 8.837209302325581550e-01 9.220930232558139927e-01
2.484969939879759226e-01 9.030232558139534849e-01 1.348235631687044397e-02 8.866279069767442067e-01 9.226744186046511587e-01
2.505010020040079888e-01 9.039534883720931058e-01 1.344721065167188596e-02 8.877906976744186496e-01 9.226744186046511587e-01
2.525050100200400549e-01 9.044767441860466217e-01 1.378054157579549840e-02 8.877906976744186496e-01 9.250000000000000444e-01
2.545090180360721210e-01 9.050000000000000266e-01 1.376863995415408132e-02 8.889534883720929814e-01 9.255813953488372103e-01
2.565130260521041872e-01 9.059883720930231865e-01 1.356795388530843312e-02 8.895348837209302584e-01 9.267441860465116532e-01
2.585170340681362533e-01 9.069767441860465684e-01 1.434056148215891689e-02 8.906976744186047013e-01 9.290697674418604279e-01
2.605210420841683194e-01 9.081395348837209003e-01 1.419843149801363821e-02 8.912790697674418672e-01 9.302325581395348708e-01
2.625250501002003856e-01 9.084302325581395943e-01 1.418711871662879480e-02 8.918604651162790331e-01 9.302325581395348708e-01
2.645290581162324517e-01 9.090116279069768712e-01 1.409389148449965296e-02 8.924418604651163101e-01 9.302325581395348708e-01
2.665330661322645178e-01 9.099418604651162701e-01 1.393033447180952109e-02 8.941860465116279189e-01 9.308139534883721478e-01
2.685370741482965840e-01 9.107558139534882580e-01 1.393712703556253610e-02 8.953488372093023617e-01 9.319767441860464796e-01
2.705410821643286501e-01 9.116279069767440069e-01 1.378777568165734206e-02 8.965116279069766936e-01 9.331395348837209225e-01
2.725450901803607162e-01 9.121511627906977449e-01 1.357393172587250188e-02 8.965116279069766936e-01 9.331395348837209225e-01
2.745490981963927823e-01 9.123837209302326778e-01 1.341512288067953432e-02 8.970930232558139705e-01 9.331395348837209225e-01
2.765531062124248485e-01 9.129069767441860828e-01 1.321392811241556796e-02 8.976744186046511365e-01 9.331395348837209225e-01
2.785571142284569146e-01 9.137209302325581817e-01 1.301910232770082596e-02 9.005813953488371881e-01 9.337209302325580884e-01
2.805611222444889807e-01 9.140116279069768757e-01 1.324114345270453047e-02 9.005813953488371881e-01 9.348837209302325313e-01
2.825651302605209914e-01 9.145930232558139306e-01 1.326155016646769248e-02 9.011627906976744651e-01 9.354651162790698082e-01
2.845691382765530575e-01 9.151162790697673355e-01 1.295872717744655372e-02 9.017441860465116310e-01 9.354651162790698082e-01
2.865731462925851236e-01 9.154069767441859184e-01 1.268521515831575949e-02 9.023255813953487969e-01 9.354651162790698082e-01
2.885771543086171897e-01 9.161046511627907174e-01 1.263394968703093410e-02 9.034883720930232398e-01 9.366279069767441401e-01
2.905811623246492559e-01 9.168023255813952943e-01 1.292594980938928384e-02 9.040697674418605168e-01 9.383720930232558599e-01
2.925851703406813220e-01 9.177906976744184542e-01 1.317139582309369283e-02 9.046511627906976827e-01 9.383720930232558599e-01
2.945891783567133881e-01 9.179651162790698482e-01 1.328955823311551467e-02 9.046511627906976827e-01 9.389534883720930258e-01
2.965931863727454543e-01 9.187790697674417251e-01 1.334438484211596977e-02 9.052325581395348486e-01 9.395348837209301918e-01
2.985971943887775204e-01 9.189534883720931191e-01 1.319191043068626903e-02 9.052325581395348486e-01 9.395348837209301918e-01
3.006012024048095865e-01 9.194186046511628740e-01 1.304763084367327984e-02 9.058139534883721256e-01 9.395348837209301918e-01
3.026052104208416527e-01 9.198255813953488680e-01 1.317716878456264354e-02 9.058139534883721256e-01 9.401162790697674687e-01
3.046092184368737188e-01 9.202906976744186229e-01 1.309482514760297936e-02 9.058139534883721256e-01 9.401162790697674687e-01
3.066132264529057849e-01 9.210465116279070719e-01 1.290068985791719379e-02 9.063953488372092915e-01 9.406976744186046346e-01
3.086172344689378511e-01 9.216279069767441268e-01 1.279016912227168117e-02 9.069767441860464574e-01 9.412790697674419116e-01
3.106212424849699172e-01 9.223837209302325757e-01 1.299844501246293429e-02 9.075581395348837344e-01 9.424418604651162434e-01
3.126252505010019833e-01 9.227906976744186807e-01 1.298947029564272854e-02 9.081395348837209003e-01 9.430232558139535204e-01
3.146292585170340494e-01 9.236046511627907796e-01 1.295403113555383158e-02 9.087209302325581772e-01 9.430232558139535204e-01
3.166332665330661156e-01 9.244186046511628785e-01 1.328586963925922591e-02 9.098837209302325091e-01 9.441860465116278522e-01
3.186372745490981817e-01 9.248255813953489834e-01 1.328599684919825816e-02 9.098837209302325091e-01 9.441860465116278522e-01
3.206412825651302478e-01 9.250581395348836944e-01 1.325135073780855585e-02 9.098837209302325091e-01 9.441860465116278522e-01
3.226452905811623140e-01 9.256976744186046213e-01 1.330569968592268566e-02 9.110465116279069520e-01 9.453488372093022951e-01
3.246492985971943801e-01 9.261627906976743763e-01 1.346027546836072591e-02 9.110465116279069520e-01 9.470930232558139039e-01
3.266533066132264462e-01 9.269186046511626031e-01 1.337980060984143502e-02 9.127906976744185608e-01 9.470930232558139039e-01
3.286573146292585124e-01 9.276162790697674021e-01 1.298803897055683491e-02 9.139534883720930036e-01 9.470930232558139039e-01
3.306613226452905785e-01 9.283720930232558510e-01 1.284028443114012229e-02 9.145348837209302806e-01 9.470930232558139039e-01
3.326653306613226446e-01 9.290697674418604279e-01 1.315804417665839519e-02 9.145348837209302806e-01 9.482558139534883468e-01
3.346693386773546552e-01 9.296511627906977049e-01 1.339230020217758825e-02 9.145348837209302806e-01 9.499999999999999556e-01
3.366733466933867214e-01 9.302325581395347598e-01 1.343765525272860861e-02 9.156976744186046124e-01 9.505813953488372325e-01
3.386773547094187875e-01 9.308139534883720367e-01 1.317344872145763401e-02 9.162790697674418894e-01 9.511627906976743985e-01
3.406813627254508536e-01 9.312790697674417917e-01 1.287708669758802840e-02 9.174418604651163323e-01 9.511627906976743985e-01
3.426853707414829198e-01 9.318023255813953076e-01 1.282250274041120582e-02 9.174418604651163323e-01 9.517441860465116754e-01
3.446893787575149859e-01 9.323837209302325846e-01 1.262859756559569537e-02 9.180232558139534982e-01 9.517441860465116754e-01
3.466933867735470520e-01 9.327325581395348175e-01 1.262592065409252201e-02 9.186046511627906641e-01 9.517441860465116754e-01
3.486973947895791182e-01 9.331395348837208115e-01 1.270052783340758565e-02 9.186046511627906641e-01 9.517441860465116754e-01
3.507014028056111843e-01 9.339534883720930214e-01 1.282289815698472481e-02 9.197674418604651070e-01 9.529069767441860073e-01
3.527054108216432504e-01 9.341860465116280654e-01 1.263060487690581893e-02 9.197674418604651070e-01 9.529069767441860073e-01
3.547094188376753165e-01 9.349418604651162923e-01 1.245448718119126358e-02 9.220930232558139927e-01 9.540697674418604501e-01
3.567134268537073827e-01 9.354069767441860472e-01 1.222438160721208734e-02 9.226744186046511587e-01 9.540697674418604501e-01
3.587174348697394488e-01 9.358139534883722632e-01 1.212373113687720792e-02 9.226744186046511587e-01 9.540697674418604501e-01
3.607214428857715149e-01 9.366279069767442511e-01 1.206167672547902268e-02 9.232558139534883246e-01 9.546511627906977271e-01
3.627254509018035811e-01 9.368604651162790731e-01 1.202294093420614753e-02 9.238372093023256015e-01 9.546511627906977271e-01
3.647294589178356472e-01 9.375000000000000000e-01 1.191576823878298837e-02 9.244186046511627675e-01 9.558139534883720589e-01
3.667334669338677133e-01 9.377906976744186940e-01 1.171479167419178964e-02 9.255813953488372103e-01 9.558139534883720589e-01
3.687374749498997795e-01 9.383139534883720989e-01 1.157385693765032066e-02 9.261627906976743763e-01 9.558139534883720589e-01
3.707414829659318456e-01 9.385465116279070319e-01 1.163967427837447888e-02 9.261627906976743763e-01 9.563953488372093359e-01
3.727454909819639117e-01 9.389534883720930258e-01 1.169457631542948801e-02 9.267441860465116532e-01 9.563953488372093359e-01
3.747494989979959779e-01 9.391860465116279588e-01 1.153216397043483124e-02 9.279069767441860961e-01 9.563953488372093359e-01
3.767535070140280440e-01 9.396511627906976027e-01 1.132393378971149021e-02 9.279069767441860961e-01 9.569767441860465018e-01
3.787575150300601101e-01 9.401744186046512297e-01 1.122996382963572203e-02 9.284883720930232620e-01 9.575581395348836677e-01
3.807615230460921762e-01 9.405813953488373347e-01 1.141905460203805102e-02 9.284883720930232620e-01 9.587209302325581106e-01
3.827655310621242424e-01 9.413953488372092115e-01 1.138941468649848875e-02 9.290697674418604279e-01 9.593023255813953876e-01
3.847695390781562530e-01 9.418023255813954275e-01 1.161176204748810142e-02 9.290697674418604279e-01 9.598837209302325535e-01
3.867735470941883191e-01 9.423255813953488325e-01 1.132990223675515301e-02 9.296511627906977049e-01 9.598837209302325535e-01
3.887775551102203853e-01 9.427325581395347154e-01 1.109612481627462489e-02 9.302325581395348708e-01 9.598837209302325535e-01
3.907815631262524514e-01 9.431395348837210424e-01 1.080144312614547859e-02 9.308139534883721478e-01 9.598837209302325535e-01
3.927855711422845175e-01 9.436627906976744473e-01 1.066808977909745187e-02 9.308139534883721478e-01 9.598837209302325535e-01
3.947895791583165837e-01 9.443604651162790242e-01 1.045881593294899041e-02 9.331395348837209225e-01 9.598837209302325535e-01
3.967935871743486498e-01 9.450000000000000622e-01 1.034883720930232683e-02 9.331395348837209225e-01 9.604651162790697194e-01
3.987975951903807159e-01 9.454651162790698171e-01 9.971565848613200486e-03 9.348837209302325313e-01 9.604651162790697194e-01
4.008016032064127820e-01 9.464534883720929770e-01 9.813188827258826144e-03 9.366279069767441401e-01 9.616279069767441623e-01
4.028056112224448482e-01 9.469767441860466040e-01 9.797158559827611607e-03 9.366279069767441401e-01 9.616279069767441623e-01
4.048096192384769143e-01 9.473837209302325979e-01 9.932335978958737460e-03 9.372093023255814170e-01 9.627906976744186052e-01
4.068136272545089804e-01 9.477325581395350529e-01 1.004468787279482432e-02 9.372093023255814170e-01 9.639534883720930480e-01
4.088176352705410466e-01 9.483720930232559798e-01 9.762595697001087702e-03 9.383720930232558599e-01 9.639534883720930480e-01
4.108216432865731127e-01 9.491279069767439847e-01 9.400823008054783395e-03 9.389534883720930258e-01 9.639534883720930480e-01
4.128256513026051788e-01 9.494767441860464396e-01 9.343839054990180429e-03 9.389534883720930258e-01 9.639534883720930480e-01
4.148296593186372450e-01 9.495930232558137396e-01 9.225885058403378997e-03 9.389534883720930258e-01 9.639534883720930480e-01
4.168336673346693111e-01 9.498837209302324336e-01 9.195608799891886315e-03 9.395348837209301918e-01 9.639534883720930480e-01
4.188376753507013772e-01 9.503488372093024106e-01 8.890597606332694205e-03 9.406976744186046346e-01 9.639534883720930480e-01
4.208416833667334433e-01 9.505813953488372325e-01 8.763462177403157777e-03 9.406976744186046346e-01 9.639534883720930480e-01
4.228456913827655095e-01 9.511046511627906375e-01 8.451056878168035011e-03 9.412790697674419116e-01 9.639534883720930480e-01
4.248496993987975756e-01 9.515116279069767424e-01 8.381777344623284748e-03 9.412790697674419116e-01 9.645348837209302140e-01
4.268537074148296417e-01 9.520930232558140194e-01 8.127898659209899929e-03 9.424418604651162434e-01 9.645348837209302140e-01
4.288577154308617079e-01 9.522093023255813193e-01 8.000473214776537834e-03 9.430232558139535204e-01 9.645348837209302140e-01
4.308617234468937740e-01 9.525000000000000133e-01 8.089756424322532002e-03 9.430232558139535204e-01 9.651162790697674909e-01
4.328657314629258401e-01 9.526744186046510743e-01 7.985248703902051576e-03 9.430232558139535204e-01 9.651162790697674909e-01
4.348697394789579063e-01 9.528488372093022463e-01 7.998994325647554651e-03 9.430232558139535204e-01 9.651162790697674909e-01
4.368737474949899169e-01 9.531395348837209403e-01 7.942805282761899663e-03 9.436046511627906863e-01 9.651162790697674909e-01
4.388777555110219830e-01 9.533720930232558732e-01 7.768973529530273994e-03 9.441860465116278522e-01 9.651162790697674909e-01
4.408817635270540491e-01 9.537209302325579952e-01 7.692016469088960688e-03 9.447674418604651292e-01 9.651162790697674909e-01
4.428857715430861153e-01 9.538953488372092782e-01 7.562833962518214145e-03 9.447674418604651292e-01 9.651162790697674909e-01
4.448897795591181814e-01 9.542441860465118442e-01 7.413873609910803797e-03 9.447674418604651292e-01 9.651162790697674909e-01
4.468937875751502475e-01 9.544767441860466661e-01 7.445720292627245641e-03 9.447674418604651292e-01 9.651162790697674909e-01
4.488977955911823137e-01 9.547674418604650270e-01 7.385323027069965254e-03 9.447674418604651292e-01 9.651162790697674909e-01
4.509018036072143798e-01 9.550000000000000711e-01 7.478109391076077916e-03 9.447674418604651292e-01 9.651162790697674909e-01
4.529058116232464459e-01 9.554651162790698260e-01 7.355053302729525760e-03 9.465116279069767380e-01 9.662790697674418228e-01
4.549098196392785121e-01 9.558139534883720589e-01 7.312650085362869951e-03 9.470930232558139039e-01 9.668604651162790997e-01
4.569138276553105782e-01 9.562790697674419249e-01 7.110158486609532286e-03 9.470930232558139039e-01 9.668604651162790997e-01
4.589178356713426443e-01 9.565116279069767469e-01 7.228032682753511400e-03 9.476744186046511809e-01 9.674418604651162656e-01
4.609218436873747105e-01 9.567441860465116799e-01 7.239247635475977265e-03 9.476744186046511809e-01 9.674418604651162656e-01
4.629258517034067766e-01 9.569767441860467239e-01 7.125355209234200161e-03 9.482558139534883468e-01 9.674418604651162656e-01
4.649298597194388427e-01 9.573255813953489568e-01 7.021176343930472276e-03 9.488372093023256237e-01 9.674418604651162656e-01
4.669338677354709088e-01 9.576744186046510787e-01 7.357810241654119676e-03 9.488372093023256237e-01 9.680232558139535426e-01
4.689378757515029750e-01 9.579651162790696617e-01 7.377309063682531767e-03 9.488372093023256237e-01 9.680232558139535426e-01
4.709418837675350411e-01 9.584883720930232887e-01 7.257900713640562732e-03 9.488372093023256237e-01 9.686046511627907085e-01
4.729458917835671072e-01 9.588953488372092826e-01 7.120847067094437238e-03 9.488372093023256237e-01 9.691860465116278744e-01
4.749498997995991734e-01 9.593023255813953876e-01 7.077757113271248776e-03 9.488372093023256237e-01 9.691860465116278744e-01
4.769539078156312395e-01 9.601744186046511365e-01 7.031038733981298354e-03 9.499999999999999556e-01 9.697674418604651514e-01
4.789579158316633056e-01 9.605232558139533694e-01 7.240414860719465891e-03 9.499999999999999556e-01 9.715116279069767602e-01
4.809619238476953718e-01 9.611046511627906463e-01 7.604731170904056523e-03 9.499999999999999556e-01 9.732558139534883690e-01
4.829659318637274379e-01 9.614534883720929903e-01 7.809115681246717178e-03 9.505813953488372325e-01 9.744186046511628119e-01
4.849699398797595040e-01 9.618023255813954453e-01 7.669351745260905538e-03 9.505813953488372325e-01 9.744186046511628119e-01
4.869739478957915702e-01 9.619767441860466173e-01 7.612505722480428227e-03 9.511627906976743985e-01 9.749999999999999778e-01
4.889779559118235808e-01 9.624418604651163722e-01 7.487144200932670940e-03 9.517441860465116754e-01 9.749999999999999778e-01
4.909819639278556469e-01 9.624418604651163722e-01 7.487144200932670940e-03 9.517441860465116754e-01 9.749999999999999778e-01
4.929859719438877130e-01 9.626162790697673222e-01 7.372725744984861239e-03 9.523255813953488413e-01 9.749999999999999778e-01
4.949899799599197792e-01 9.629069767441860161e-01 7.357810241654126615e-03 9.529069767441860073e-01 9.749999999999999778e-01
4.969939879759518453e-01 9.630813953488370771e-01 7.464763086624155025e-03 9.529069767441860073e-01 9.749999999999999778e-01
4.989979959919839114e-01 9.635465116279068321e-01 7.153998303414452371e-03 9.540697674418604501e-01 9.749999999999999778e-01
5.010020040080159776e-01 9.639534883720928260e-01 7.025026728834043652e-03 9.546511627906977271e-01 9.749999999999999778e-01
5.030060120240480437e-01 9.645348837209301029e-01 6.715053357200417156e-03 9.558139534883720589e-01 9.749999999999999778e-01
5.050100200400801098e-01 9.651162790697673799e-01 6.834796283574705138e-03 9.558139534883720589e-01 9.755813953488372547e-01
5.070140280561121759e-01 9.654069767441859629e-01 6.736412922242147883e-03 9.569767441860465018e-01 9.755813953488372547e-01
5.090180360721442421e-01 9.657558139534883068e-01 6.772444806222211247e-03 9.569767441860465018e-01 9.755813953488372547e-01
5.110220440881763082e-01 9.661627906976744118e-01 6.828859004663267659e-03 9.569767441860465018e-01 9.761627906976744207e-01
5.130260521042083743e-01 9.664534883720931058e-01 6.654627898808928958e-03 9.569767441860465018e-01 9.761627906976744207e-01
5.150300601202404405e-01 9.666860465116279277e-01 6.500457611715420789e-03 9.569767441860465018e-01 9.761627906976744207e-01
5.170340681362725066e-01 9.669767441860465107e-01 6.394291667380241212e-03 9.569767441860465018e-01 9.761627906976744207e-01
5.190380761523045727e-01 9.672093023255813327e-01 6.170464726242600416e-03 9.575581395348836677e-01 9.761627906976744207e-01
5.210420841683366389e-01 9.674999999999999156e-01 6.005282062941718485e-03 9.575581395348836677e-01 9.761627906976744207e-01
5.230460921843687050e-01 9.676162790697674376e-01 5.980464410899702724e-03 9.575581395348836677e-01 9.761627906976744207e-01
5.250501002004007711e-01 9.677906976744186096e-01 6.098834438113191585e-03 9.575581395348836677e-01 9.767441860465115866e-01
5.270541082164328373e-01 9.680813953488371926e-01 5.971414237306764058e-03 9.581395348837209447e-01 9.767441860465115866e-01
5.290581162324649034e-01 9.683139534883722366e-01 6.032239417088228542e-03 9.581395348837209447e-01 9.767441860465115866e-01
5.310621242484969695e-01 9.687209302325582305e-01 5.990347382507566452e-03 9.587209302325581106e-01 9.767441860465115866e-01
5.330661322645290356e-01 9.690116279069768135e-01 6.019898947851799742e-03 9.587209302325581106e-01 9.767441860465115866e-01
5.350701402805611018e-01 9.694186046511628074e-01 5.780134196110016387e-03 9.598837209302325535e-01 9.767441860465115866e-01
5.370741482965931679e-01 9.697093023255813904e-01 5.897366747898682461e-03 9.598837209302325535e-01 9.773255813953488635e-01
5.390781563126252340e-01 9.698837209302325624e-01 5.887901814498683849e-03 9.598837209302325535e-01 9.773255813953488635e-01
5.410821643286573002e-01 9.701162790697674954e-01 5.762563578308776795e-03 9.604651162790697194e-01 9.779069767441860295e-01
5.430861723446893663e-01 9.702325581395347953e-01 5.707158693864203443e-03 9.604651162790697194e-01 9.779069767441860295e-01
5.450901803607214324e-01 9.704651162790696173e-01 5.593494637584043791e-03 9.610465116279069964e-01 9.779069767441860295e-01
5.470941883767534986e-01 9.706395348837209003e-01 5.680146270559295087e-03 9.610465116279069964e-01 9.779069767441860295e-01
5.490981963927855647e-01 9.708720930232559443e-01 5.908819068128679831e-03 9.610465116279069964e-01 9.784883720930233064e-01
5.511022044088176308e-01 9.712209302325582883e-01 5.674192237192780819e-03 9.616279069767441623e-01 9.784883720930233064e-01
5.531062124248496970e-01 9.716279069767441712e-01 5.683418330162769497e-03 9.616279069767441623e-01 9.790697674418604723e-01
5.551102204408817631e-01 9.718023255813953432e-01 5.668231949584342719e-03 9.616279069767441623e-01 9.796511627906976383e-01
5.571142284569138292e-01 9.723837209302326201e-01 5.745233404186245868e-03 9.622093023255814392e-01 9.808139534883720811e-01
5.591182364729458953e-01 9.724418604651162701e-01 5.644028418377484285e-03 9.627906976744186052e-01 9.808139534883720811e-01
5.611222444889779615e-01 9.726162790697674421e-01 5.524479668569416517e-03 9.639534883720930480e-01 9.808139534883720811e-01
5.631262525050100276e-01 9.727325581395348530e-01 5.462951080243881596e-03 9.639534883720930480e-01 9.808139534883720811e-01
5.651302605210419827e-01 9.731976744186046080e-01 5.190073001505067680e-03 9.639534883720930480e-01 9.808139534883720811e-01
5.671342685370740488e-01 9.733720930232557800e-01 5.093766538095233741e-03 9.645348837209302140e-01 9.808139534883720811e-01
5.691382765531061150e-01 9.734883720930233020e-01 5.175398391690214442e-03 9.645348837209302140e-01 9.808139534883720811e-01
5.711422845691381811e-01 9.737209302325581239e-01 5.231265990326510601e-03 9.645348837209302140e-01 9.813953488372092471e-01
5.731462925851702472e-01 9.738372093023256459e-01 5.219622252898476616e-03 9.651162790697674909e-01 9.819767441860465240e-01
5.751503006012023134e-01 9.740116279069768179e-01 5.108675639817144599e-03 9.656976744186046568e-01 9.819767441860465240e-01
5.771543086172343795e-01 9.741279069767442289e-01 4.989510359643401817e-03 9.662790697674418228e-01 9.819767441860465240e-01
5.791583166332664456e-01 9.744767441860465729e-01 5.183556081554626521e-03 9.662790697674418228e-01 9.825581395348836899e-01
5.811623246492985118e-01 9.745930232558139839e-01 5.167881943875087501e-03 9.662790697674418228e-01 9.825581395348836899e-01
5.831663326653305779e-01 9.750581395348838498e-01 5.111321593970858009e-03 9.668604651162790997e-01 9.825581395348836899e-01
5.851703406813626440e-01 9.750581395348838498e-01 5.111321593970858009e-03 9.668604651162790997e-01 9.825581395348836899e-01
5.871743486973947102e-01 9.751162790697674998e-01 5.093766538095218996e-03 9.668604651162790997e-01 9.825581395348836899e-01
5.891783567134267763e-01 9.752325581395349108e-01 4.982391926890352742e-03 9.668604651162790997e-01 9.825581395348836899e-01
5.911823647294588424e-01 9.754651162790697327e-01 4.842014607827212561e-03 9.674418604651162656e-01 9.825581395348836899e-01
5.931863727454909085e-01 9.756976744186047767e-01 4.750394933910576274e-03 9.680232558139535426e-01 9.831395348837209669e-01
5.951903807615229747e-01 9.762209302325584037e-01 4.392902604619442798e-03 9.691860465116278744e-01 9.837209302325581328e-01
5.971943887775550408e-01 9.763372093023257037e-01 4.466160851653182273e-03 9.691860465116278744e-01 9.837209302325581328e-01
5.991983967935871069e-01 9.764534883720930036e-01 4.482780587488674473e-03 9.691860465116278744e-01 9.837209302325581328e-01
6.012024048096191731e-01 9.766279069767442866e-01 4.627848544681957034e-03 9.691860465116278744e-01 9.843023255813952987e-01
6.032064128256512392e-01 9.769186046511627586e-01 4.709302325581405865e-03 9.691860465116278744e-01 9.848837209302325757e-01
6.052104208416833053e-01 9.772093023255813415e-01 4.627848544681958769e-03 9.691860465116278744e-01 9.848837209302325757e-01
6.072144288577153715e-01 9.773837209302325135e-01 4.783368179552708287e-03 9.691860465116278744e-01 9.848837209302325757e-01
6.092184368737474376e-01 9.775581395348836855e-01 4.731858127761801383e-03 9.697674418604651514e-01 9.854651162790697416e-01
6.112224448897795037e-01 9.777906976744186185e-01 4.835028578207393318e-03 9.697674418604651514e-01 9.854651162790697416e-01
6.132264529058115698e-01 9.780813953488370904e-01 4.843759540893273312e-03 9.703488372093023173e-01 9.866279069767441845e-01
6.152304609218436360e-01 9.783720930232557844e-01 4.931932572197313819e-03 9.703488372093023173e-01 9.872093023255813504e-01
6.172344689378757021e-01 9.787209302325582394e-01 4.738996249375542445e-03 9.709302325581394832e-01 9.872093023255813504e-01
6.192384769539077682e-01 9.790116279069767113e-01 4.454034819835990706e-03 9.720930232558139261e-01 9.872093023255813504e-01
6.212424849699398344e-01 9.791279069767441223e-01 4.544191402248638420e-03 9.720930232558139261e-01 9.877906976744186274e-01
6.232464929859719005e-01 9.792441860465114223e-01 4.563490570509401781e-03 9.720930232558139261e-01 9.877906976744186274e-01
6.252505010020039666e-01 9.795348837209303383e-01 4.270783179583016211e-03 9.732558139534883690e-01 9.877906976744186274e-01
6.272545090180360328e-01 9.796511627906976383e-01 4.192501483097670761e-03 9.732558139534883690e-01 9.877906976744186274e-01
6.292585170340680989e-01 9.798837209302326823e-01 3.962029078465305158e-03 9.744186046511628119e-01 9.877906976744186274e-01
6.312625250501001650e-01 9.800581395348839653e-01 3.926463722070475289e-03 9.744186046511628119e-01 9.877906976744186274e-01
6.332665330661322312e-01 9.801744186046512652e-01 3.912665432184000459e-03 9.744186046511628119e-01 9.877906976744186274e-01
6.352705410821642973e-01 9.802906976744185652e-01 3.834124905534310682e-03 9.744186046511628119e-01 9.877906976744186274e-01
6.372745490981963634e-01 9.803488372093024372e-01 3.792908472162811670e-03 9.744186046511628119e-01 9.877906976744186274e-01
6.392785571142284295e-01 9.805232558139534982e-01 3.642431420390025536e-03 9.749999999999999778e-01 9.877906976744186274e-01
6.412825651302604957e-01 9.805813953488371482e-01 3.715475653179175879e-03 9.749999999999999778e-01 9.877906976744186274e-01
6.432865731462925618e-01 9.809302325581394921e-01 3.466988724622212768e-03 9.755813953488372547e-01 9.877906976744186274e-01
6.452905811623246279e-01 9.811627906976745361e-01 3.669705543734755673e-03 9.755813953488372547e-01 9.889534883720930702e-01
6.472945891783566941e-01 9.815116279069767691e-01 3.572625929241216806e-03 9.767441860465115866e-01 9.889534883720930702e-01
6.492985971943887602e-01 9.817441860465117021e-01 3.651236853048284332e-03 9.767441860465115866e-01 9.889534883720930702e-01
6.513026052104208263e-01 9.820348837209303960e-01 3.512032165241622036e-03 9.779069767441860295e-01 9.889534883720930702e-01
6.533066132264528925e-01 9.822674418604652180e-01 3.372594188900744465e-03 9.779069767441860295e-01 9.889534883720930702e-01
6.553106212424849586e-01 9.825000000000001510e-01 3.424314958750518129e-03 9.779069767441860295e-01 9.895348837209302362e-01
6.573146292585170247e-01 9.828488372093022729e-01 3.576881026807459969e-03 9.779069767441860295e-01 9.906976744186046790e-01
6.593186372745490909e-01 9.831395348837210779e-01 3.400044538886856215e-03 9.790697674418604723e-01 9.906976744186046790e-01
6.613226452905811570e-01 9.833139534883720279e-01 3.330233370144126438e-03 9.790697674418604723e-01 9.906976744186046790e-01
6.633266533066132231e-01 9.836627906976742608e-01 3.220846275456886332e-03 9.796511627906976383e-01 9.906976744186046790e-01
6.653306613226452892e-01 9.839534883720928438e-01 3.311402526953065133e-03 9.796511627906976383e-01 9.912790697674418450e-01
6.673346693386772444e-01 9.841860465116278878e-01 3.139534883720937822e-03 9.796511627906976383e-01 9.912790697674418450e-01
6.693386773547093105e-01 9.847093023255812927e-01 3.195559554339845454e-03 9.808139534883720811e-01 9.924418604651162878e-01
6.713426853707413766e-01 9.847093023255812927e-01 3.195559554339845454e-03 9.808139534883720811e-01 9.924418604651162878e-01
6.733466933867734427e-01 9.847674418604650537e-01 3.171670162089746271e-03 9.808139534883720811e-01 9.924418604651162878e-01
6.753507014028055089e-01 9.848255813953488147e-01 3.135764316316705554e-03 9.808139534883720811e-01 9.924418604651162878e-01
6.773547094188375750e-01 9.849999999999999867e-01 3.041092286191181878e-03 9.813953488372092471e-01 9.924418604651162878e-01
6.793587174348696411e-01 9.851744186046511587e-01 3.057166703519754222e-03 9.813953488372092471e-01 9.924418604651162878e-01
6.813627254509017073e-01 9.853488372093023306e-01 3.139534883720920908e-03 9.819767441860465240e-01 9.930232558139534538e-01
6.833667334669337734e-01 9.855813953488372636e-01 3.052187150792245920e-03 9.819767441860465240e-01 9.930232558139534538e-01
6.853707414829658395e-01 9.857558139534884356e-01 3.229231180697405765e-03 9.819767441860465240e-01 9.936046511627907307e-01
6.873747494989979057e-01 9.862790697674419516e-01 3.197145833690131448e-03 9.819767441860465240e-01 9.936046511627907307e-01
6.893787575150299718e-01 9.864534883720932346e-01 3.227136996832075024e-03 9.825581395348836899e-01 9.941860465116278966e-01
6.913827655310620379e-01 9.866860465116280565e-01 3.048308541608914842e-03 9.831395348837209669e-01 9.941860465116278966e-01
6.933867735470941041e-01 9.868604651162792285e-01 3.089611687345669017e-03 9.837209302325581328e-01 9.947674418604650626e-01
6.953907815631261702e-01 9.873255813953487614e-01 3.171670162089745837e-03 9.837209302325581328e-01 9.953488372093023395e-01
6.973947895791582363e-01 9.874999999999998224e-01 3.012615443728296032e-03 9.843023255813952987e-01 9.953488372093023395e-01
6.993987975951903024e-01 9.876162790697673444e-01 2.987829106402251165e-03 9.843023255813952987e-01 9.953488372093023395e-01
7.014028056112223686e-01 9.879651162790696883e-01 2.776733473548732324e-03 9.848837209302325757e-01 9.953488372093023395e-01
7.034068136272544347e-01 9.879651162790696883e-01 2.776733473548732324e-03 9.848837209302325757e-01 9.953488372093023395e-01
7.054108216432865008e-01 9.880813953488370993e-01 2.680100132933984931e-03 9.854651162790697416e-01 9.953488372093023395e-01
7.074148296593185670e-01 9.881976744186047323e-01 2.639432433213071468e-03 9.854651162790697416e-01 9.953488372093023395e-01
7.094188376753506331e-01 9.883720930232560153e-01 2.547546779093811092e-03 9.854651162790697416e-01 9.953488372093023395e-01
7.114228456913826992e-01 9.885465116279068543e-01 2.574603468079605419e-03 9.854651162790697416e-01 9.953488372093023395e-01
7.134268537074147654e-01 9.886046511627906153e-01 2.510120133130572771e-03 9.860465116279070186e-01 9.953488372093023395e-01
7.154308617234468315e-01 9.887790697674418983e-01 2.411914943336236194e-03 9.866279069767441845e-01 9.953488372093023395e-01
7.174348697394788976e-01 9.889534883720930702e-01 2.368784742728306456e-03 9.866279069767441845e-01 9.953488372093023395e-01
7.194388777555109638e-01 9.890116279069767202e-01 2.360923314447328000e-03 9.866279069767441845e-01 9.953488372093023395e-01
7.214428857715430299e-01 9.890697674418603702e-01 2.322672599469559080e-03 9.866279069767441845e-01 9.953488372093023395e-01
7.234468937875750960e-01 9.891860465116278922e-01 2.284521244696341175e-03 9.866279069767441845e-01 9.953488372093023395e-01
7.254509018036071621e-01 9.893023255813954142e-01 2.193949100478289910e-03 9.872093023255813504e-01 9.953488372093023395e-01
7.274549098196392283e-01 9.893023255813954142e-01 2.193949100478289910e-03 9.872093023255813504e-01 9.953488372093023395e-01
7.294589178356712944e-01 9.894767441860464752e-01 2.103494478502966874e-03 9.877906976744186274e-01 9.953488372093023395e-01
7.314629258517033605e-01 9.895930232558139972e-01 2.228345104271708087e-03 9.877906976744186274e-01 9.959302325581395054e-01
7.334669338677354267e-01 9.897674418604649471e-01 2.147230850304568915e-03 9.883720930232557933e-01 9.959302325581395054e-01
7.354709418837674928e-01 9.899418604651162301e-01 2.160570253030455207e-03 9.883720930232557933e-01 9.959302325581395054e-01
7.374749498997995589e-01 9.900581395348837521e-01 2.197797461794849787e-03 9.883720930232557933e-01 9.959302325581395054e-01
7.394789579158316251e-01 9.902906976744185741e-01 2.113114168068157619e-03 9.883720930232557933e-01 9.959302325581395054e-01
7.414829659318636912e-01 9.904069767441860961e-01 2.100278124207948308e-03 9.883720930232557933e-01 9.959302325581395054e-01
7.434869739478957573e-01 9.905813953488372681e-01 2.010653077417505399e-03 9.883720930232557933e-01 9.959302325581395054e-01
7.454909819639278235e-01 9.906395348837209180e-01 2.021551005896938223e-03 9.883720930232557933e-01 9.959302325581395054e-01
7.474949899799598896e-01 9.906395348837209180e-01 2.021551005896938223e-03 9.883720930232557933e-01 9.959302325581395054e-01
7.494989979959919557e-01 9.906976744186046790e-01 2.063748761546370467e-03 9.883720930232557933e-01 9.959302325581395054e-01
7.515030060120240218e-01 9.908720930232558510e-01 1.963877413262141679e-03 9.889534883720930702e-01 9.959302325581395054e-01
7.535070140280560880e-01 9.909883720930233730e-01 1.932647690534250885e-03 9.889534883720930702e-01 9.959302325581395054e-01
7.555110220440881541e-01 9.909883720930233730e-01 1.932647690534250885e-03 9.889534883720930702e-01 9.959302325581395054e-01
7.575150300601202202e-01 9.911046511627908950e-01 2.064567547042410727e-03 9.889534883720930702e-01 9.965116279069767824e-01
7.595190380761522864e-01 9.912790697674418450e-01 2.096250741548834513e-03 9.889534883720930702e-01 9.965116279069767824e-01
7.615230460921843525e-01 9.912790697674418450e-01 2.096250741548834513e-03 9.889534883720930702e-01 9.965116279069767824e-01
7.635270541082164186e-01 9.915116279069767780e-01 2.000540759777369795e-03 9.895348837209302362e-01 9.965116279069767824e-01
7.655310621242484848e-01 9.915697674418604279e-01 1.984424205334436343e-03 9.895348837209302362e-01 9.965116279069767824e-01
7.675350701402805509e-01 9.916860465116279499e-01 1.911544444508565420e-03 9.895348837209302362e-01 9.965116279069767824e-01
7.695390781563125060e-01 9.916860465116279499e-01 1.911544444508565420e-03 9.895348837209302362e-01 9.965116279069767824e-01
7.715430861723445721e-01 9.919186046511627719e-01 2.054720586868882381e-03 9.895348837209302362e-01 9.965116279069767824e-01
7.735470941883766383e-01 9.919767441860465329e-01 2.043999515261282762e-03 9.895348837209302362e-01 9.965116279069767824e-01
7.755511022044087044e-01 9.920930232558140549e-01 1.914195073622614561e-03 9.901162790697674021e-01 9.965116279069767824e-01
7.775551102204407705e-01 9.922093023255813549e-01 1.983572338282800496e-03 9.901162790697674021e-01 9.965116279069767824e-01
7.795591182364728366e-01 9.923255813953488769e-01 1.924761088051972274e-03 9.901162790697674021e-01 9.965116279069767824e-01
7.815631262525049028e-01 9.926162790697675709e-01 1.820983693414635583e-03 9.901162790697674021e-01 9.965116279069767824e-01
7.835671342685369689e-01 9.926744186046511098e-01 1.823765946669553056e-03 9.901162790697674021e-01 9.965116279069767824e-01
7.855711422845690350e-01 9.927325581395349818e-01 1.879445334330767919e-03 9.901162790697674021e-01 9.965116279069767824e-01
7.875751503006011012e-01 9.927325581395349818e-01 1.879445334330767919e-03 9.901162790697674021e-01 9.965116279069767824e-01
7.895791583166331673e-01 9.927906976744184098e-01 1.805136592588364600e-03 9.906976744186046790e-01 9.965116279069767824e-01
7.915831663326652334e-01 9.931395348837209758e-01 1.942243382382550501e-03 9.906976744186046790e-01 9.965116279069767824e-01
7.935871743486972996e-01 9.932558139534883868e-01 1.842206920669161880e-03 9.906976744186046790e-01 9.965116279069767824e-01
7.955911823647293657e-01 9.934883720930232087e-01 2.043999515261259777e-03 9.906976744186046790e-01 9.970930232558139483e-01
7.975951903807614318e-01 9.934883720930232087e-01 2.043999515261259777e-03 9.906976744186046790e-01 9.970930232558139483e-01
7.995991983967934980e-01 9.936046511627905087e-01 2.047304286239396125e-03 9.906976744186046790e-01 9.970930232558139483e-01
8.016032064128255641e-01 9.938372093023254417e-01 2.017366461964814964e-03 9.906976744186046790e-01 9.970930232558139483e-01
8.036072144288576302e-01 9.939534883720929637e-01 1.983572338282784450e-03 9.906976744186046790e-01 9.970930232558139483e-01
8.056112224448896963e-01 9.940697674418604857e-01 1.853183424477823768e-03 9.912790697674418450e-01 9.970930232558139483e-01
8.076152304609217625e-01 9.941860465116277856e-01 1.910660084320359945e-03 9.912790697674418450e-01 9.970930232558139483e-01
8.096192384769538286e-01 9.944186046511627186e-01 1.931772991376286405e-03 9.912790697674418450e-01 9.976744186046511143e-01
8.116232464929858947e-01 9.945930232558140016e-01 1.839452560413513656e-03 9.918604651162791219e-01 9.976744186046511143e-01
8.136272545090179609e-01 9.947093023255815236e-01 1.809811908868975017e-03 9.918604651162791219e-01 9.976744186046511143e-01
8.156312625250500270e-01 9.947674418604652846e-01 1.744186046511608801e-03 9.918604651162791219e-01 9.976744186046511143e-01
8.176352705410820931e-01 9.951162790697674065e-01 1.668918615628750806e-03 9.924418604651162878e-01 9.976744186046511143e-01
8.196392785571141593e-01 9.952325581395348175e-01 1.533826274217783099e-03 9.930232558139534538e-01 9.976744186046511143e-01
8.216432865731462254e-01 9.954651162790698615e-01 1.466223280571924423e-03 9.930232558139534538e-01 9.976744186046511143e-01
8.236472945891782915e-01 9.955813953488371615e-01 1.330874783983673672e-03 9.936046511627907307e-01 9.976744186046511143e-01
8.256513026052103577e-01 9.956976744186046835e-01 1.452325115906596357e-03 9.936046511627907307e-01 9.976744186046511143e-01
8.276553106212424238e-01 9.958720930232558555e-01 1.285659557412556411e-03 9.941860465116278966e-01 9.976744186046511143e-01
8.296593186372744899e-01 9.958720930232558555e-01 1.285659557412556411e-03 9.941860465116278966e-01 9.976744186046511143e-01
8.316633266533065560e-01 9.958720930232558555e-01 1.285659557412556411e-03 9.941860465116278966e-01 9.976744186046511143e-01
8.336673346693386222e-01 9.959302325581396165e-01 1.273773389546899257e-03 9.941860465116278966e-01 9.976744186046511143e-01
8.356713426853706883e-01 9.960465116279071385e-01 1.213989128943096605e-03 9.947674418604650626e-01 9.976744186046511143e-01
8.376753507014027544e-01 9.961627906976746605e-01 1.109231629554585565e-03 9.947674418604650626e-01 9.976744186046511143e-01
8.396793587174348206e-01 9.962790697674419604e-01 1.168590188502439085e-03 9.947674418604650626e-01 9.982558139534883912e-01
8.416833667334668867e-01 9.962790697674419604e-01 1.168590188502439085e-03 9.947674418604650626e-01 9.982558139534883912e-01
8.436873747494989528e-01 9.962790697674419604e-01 1.168590188502439085e-03 9.947674418604650626e-01 9.982558139534883912e-01
8.456913827655310190e-01 9.963372093023256104e-01 1.104651162790699871e-03 9.947674418604650626e-01 9.982558139534883912e-01
8.476953907815630851e-01 9.966279069767443044e-01 1.033510978757628184e-03 9.947674418604650626e-01 9.982558139534883912e-01
8.496993987975951512e-01 9.966860465116280654e-01 1.041655399254009032e-03 9.947674418604650626e-01 9.982558139534883912e-01
8.517034068136272174e-01 9.966860465116280654e-01 1.041655399254009032e-03 9.947674418604650626e-01 9.982558139534883912e-01
8.537074148296592835e-01 9.966860465116280654e-01 1.041655399254009032e-03 9.947674418604650626e-01 9.982558139534883912e-01
8.557114228456913496e-01 9.967441860465117154e-01 1.109231629554597275e-03 9.947674418604650626e-01 9.982558139534883912e-01
8.577154308617234157e-01 9.968604651162790153e-01 1.225076017773573485e-03 9.947674418604650626e-01 9.988372093023255571e-01
8.597194388777554819e-01 9.968604651162790153e-01 1.225076017773573485e-03 9.947674418604650626e-01 9.988372093023255571e-01
8.617234468937875480e-01 9.969186046511628874e-01 1.275099546480313283e-03 9.947674418604650626e-01 9.988372093023255571e-01
8.637274549098196141e-01 9.970348837209304094e-01 1.146690867634640471e-03 9.953488372093023395e-01 9.988372093023255571e-01
8.657314629258516803e-01 9.972093023255814703e-01 1.268454897050645160e-03 9.953488372093023395e-01 9.988372093023255571e-01
8.677354709418837464e-01 9.972674418604651203e-01 1.192923519109472886e-03 9.953488372093023395e-01 9.988372093023255571e-01
8.697394789579158125e-01 9.973837209302324203e-01 1.079893931453872538e-03 9.959302325581395054e-01 9.988372093023255571e-01
8.717434869739478787e-01 9.973837209302324203e-01 1.079893931453872538e-03 9.959302325581395054e-01 9.988372093023255571e-01
8.737474949899798338e-01 9.975581395348838143e-01 1.096974550239138233e-03 9.959302325581395054e-01 9.994186046511628341e-01
8.757515030060118999e-01 9.976744186046511143e-01 1.191505903018566645e-03 9.959302325581395054e-01 9.994186046511628341e-01
8.777555110220439660e-01 9.977325581395348753e-01 1.175799326520745930e-03 9.959302325581395054e-01 9.994186046511628341e-01
8.797595190380760322e-01 9.978488372093023973e-01 1.134838447438567526e-03 9.959302325581395054e-01 9.994186046511628341e-01
8.817635270541080983e-01 9.978488372093023973e-01 1.134838447438567526e-03 9.959302325581395054e-01 9.994186046511628341e-01
8.837675350701401644e-01 9.980232558139535692e-01 1.046511627906977684e-03 9.965116279069767824e-01 9.994186046511628341e-01
8.857715430861722306e-01 9.980232558139535692e-01 1.046511627906977684e-03 9.965116279069767824e-01 9.994186046511628341e-01
8.877755511022042967e-01 9.980232558139535692e-01 1.046511627906977684e-03 9.965116279069767824e-01 9.994186046511628341e-01
8.897795591182363628e-01 9.982558139534883912e-01 8.623486612902038885e-04 9.970930232558139483e-01 9.994186046511628341e-01
8.917835671342684289e-01 9.982558139534883912e-01 8.623486612902038885e-04 9.970930232558139483e-01 9.994186046511628341e-01
8.937875751503004951e-01 9.982558139534883912e-01 8.623486612902038885e-04 9.970930232558139483e-01 9.994186046511628341e-01
8.957915831663325612e-01 9.984302325581395632e-01 7.377079965377804534e-04 9.970930232558139483e-01 9.994186046511628341e-01
8.977955911823646273e-01 9.984302325581395632e-01 7.377079965377804534e-04 9.970930232558139483e-01 9.994186046511628341e-01
8.997995991983966935e-01 9.984302325581395632e-01 7.377079965377804534e-04 9.970930232558139483e-01 9.994186046511628341e-01
9.018036072144287596e-01 9.985465116279069742e-01 7.468158475968275341e-04 9.970930232558139483e-01 9.994186046511628341e-01
9.038076152304608257e-01 9.986627906976744962e-01 5.842950942512328784e-04 9.976744186046511143e-01 9.994186046511628341e-01
9.058116232464928919e-01 9.986627906976744962e-01 5.842950942512328784e-04 9.976744186046511143e-01 9.994186046511628341e-01
9.078156312625249580e-01 9.987209302325581461e-01 5.068487143652025814e-04 9.982558139534883912e-01 9.994186046511628341e-01
9.098196392785570241e-01 9.987790697674417961e-01 4.829432478440821722e-04 9.982558139534883912e-01 9.994186046511628341e-01
9.118236472945890903e-01 9.987790697674417961e-01 4.829432478440821722e-04 9.982558139534883912e-01 9.994186046511628341e-01
9.138276553106211564e-01 9.988372093023254461e-01 4.503469007218020631e-04 9.982558139534883912e-01 9.994186046511628341e-01
9.158316633266532225e-01 9.988372093023254461e-01 4.503469007218020631e-04 9.982558139534883912e-01 9.994186046511628341e-01
9.178356713426852886e-01 9.988372093023254461e-01 4.503469007218020631e-04 9.982558139534883912e-01 9.994186046511628341e-01
9.198396793587173548e-01 9.988953488372092071e-01 4.069767441860589960e-04 9.982558139534883912e-01 9.994186046511628341e-01
9.218436873747494209e-01 9.989534883720928571e-01 4.350764403225662841e-04 9.982558139534883912e-01 9.994186046511628341e-01
9.238476953907814870e-01 9.990116279069767291e-01 5.232558139534962145e-04 9.982558139534883912e-01 1.000000000000000000e+00
9.258517034068135532e-01 9.990697674418603791e-01 5.929092457666065808e-04 9.982558139534883912e-01 1.000000000000000000e+00
9.278557114228456193e-01 9.990697674418603791e-01 5.929092457666065808e-04 9.982558139534883912e-01 1.000000000000000000e+00
9.298597194388776854e-01 9.990697674418603791e-01 5.929092457666065808e-04 9.982558139534883912e-01 1.000000000000000000e+00
9.318637274549097516e-01 9.990697674418603791e-01 5.929092457666065808e-04 9.982558139534883912e-01 1.000000000000000000e+00
9.338677354709418177e-01 9.991279069767440291e-01 5.360200265868039467e-04 9.982558139534883912e-01 1.000000000000000000e+00
9.358717434869738838e-01 9.992441860465115511e-01 4.540842834829608449e-04 9.988372093023255571e-01 1.000000000000000000e+00
9.378757515030059499e-01 9.992441860465115511e-01 4.540842834829608449e-04 9.988372093023255571e-01 1.000000000000000000e+00
9.398797595190380161e-01 9.992441860465115511e-01 4.540842834829608449e-04 9.988372093023255571e-01 1.000000000000000000e+00
9.418837675350700822e-01 9.993023255813954231e-01 5.068487143652077856e-04 9.988372093023255571e-01 1.000000000000000000e+00
9.438877755511021483e-01 9.993023255813954231e-01 5.068487143652077856e-04 9.988372093023255571e-01 1.000000000000000000e+00
9.458917835671342145e-01 9.993604651162788510e-01 4.829432478440862380e-04 9.988372093023255571e-01 1.000000000000000000e+00
9.478957915831662806e-01 9.993604651162788510e-01 4.829432478440862380e-04 9.988372093023255571e-01 1.000000000000000000e+00
9.498997995991983467e-01 9.994767441860465951e-01 4.829432478440821722e-04 9.988372093023255571e-01 1.000000000000000000e+00
9.519038076152304129e-01 9.994767441860465951e-01 4.829432478440821722e-04 9.988372093023255571e-01 1.000000000000000000e+00
9.539078156312624790e-01 9.994767441860465951e-01 4.829432478440821722e-04 9.988372093023255571e-01 1.000000000000000000e+00
9.559118236472945451e-01 9.994767441860465951e-01 4.829432478440821722e-04 9.988372093023255571e-01 1.000000000000000000e+00
9.579158316633266113e-01 9.994767441860465951e-01 4.829432478440821722e-04 9.988372093023255571e-01 1.000000000000000000e+00
9.599198396793586774e-01 9.995348837209301340e-01 5.068487143652025814e-04 9.988372093023255571e-01 1.000000000000000000e+00
9.619238476953907435e-01 9.995348837209301340e-01 5.068487143652025814e-04 9.988372093023255571e-01 1.000000000000000000e+00
9.639278557114228096e-01 9.995348837209301340e-01 5.068487143652025814e-04 9.988372093023255571e-01 1.000000000000000000e+00
9.659318637274548758e-01 9.995930232558138950e-01 4.540842834829481056e-04 9.988372093023255571e-01 1.000000000000000000e+00
9.679358717434869419e-01 9.995930232558138950e-01 4.540842834829481056e-04 9.988372093023255571e-01 1.000000000000000000e+00
9.699398797595190080e-01 9.995930232558138950e-01 4.540842834829481056e-04 9.988372093023255571e-01 1.000000000000000000e+00
9.719438877755510742e-01 9.996511627906976560e-01 3.856540453901574845e-04 9.988372093023255571e-01 1.000000000000000000e+00
9.739478957915831403e-01 9.997093023255814170e-01 2.906976744185829631e-04 9.994186046511628341e-01 1.000000000000000000e+00
9.759519038076150954e-01 9.997674418604652891e-01 2.848243886956971387e-04 9.994186046511628341e-01 1.000000000000000000e+00
9.779559118236471615e-01 9.997674418604652891e-01 2.848243886956971387e-04 9.994186046511628341e-01 1.000000000000000000e+00
9.799599198396792277e-01 9.997674418604652891e-01 2.848243886956971387e-04 9.994186046511628341e-01 1.000000000000000000e+00
9.819639278557112938e-01 9.998255813953489390e-01 2.664288194741568582e-04 9.994186046511628341e-01 1.000000000000000000e+00
9.839679358717433599e-01 9.998255813953489390e-01 2.664288194741568582e-04 9.994186046511628341e-01 1.000000000000000000e+00
9.859719438877754261e-01 9.998837209302327000e-01 2.325581395348663596e-04 9.994186046511628341e-01 1.000000000000000000e+00
9.879759519038074922e-01 9.999418604651163500e-01 1.744186046511497833e-04 9.994186046511628341e-01 1.000000000000000000e+00
9.899799599198395583e-01 1.000000000000000000e+00 0.000000000000000000e+00 1.000000000000000000e+00 1.000000000000000000e+00
9.919839679358716245e-01 1.000000000000000000e+00 0.000000000000000000e+00 1.000000000000000000e+00 1.000000000000000000e+00
9.939879759519036906e-01 1.000000000000000000e+00 0.000000000000000000e+00 1.000000000000000000e+00 1.000000000000000000e+00
9.959919839679357567e-01 1.000000000000000000e+00 0.000000000000000000e+00 1.000000000000000000e+00 1.000000000000000000e+00
9.979959919839678228e-01 1.000000000000000000e+00 0.000000000000000000e+00 1.000000000000000000e+00 1.000000000000000000e+00
1.000000000000000000e+00 1.000000000000000000e+00 0.000000000000000000e+00 1.000000000000000000e+00 1.000000000000000000e+00
