# signal_efficiencies		0sq-mean	0sq-std	0sq-min	0sq-max	1sq-mean	1sq-std	1sq-min	1sq-max	2sq-mean	2sq-std	2sq-min	2sq-max	all-mean	all-std	all-min	all-max
1.000000000000000021e-02 7.211240414065153703e-02 3.227042362525871233e-02 4.961712169137855177e-02 1.622010049885858340e-01 4.818144200437721875e-02 4.355928803018789541e-02 0.000000000000000000e+00 9.608727229197164266e-02 2.277845850062965860e-01 2.109448814188283339e-01 0.000000000000000000e+00 5.045699089192371423e-01 6.525835935174126856e-01 4.131530915660914238e-01 0.000000000000000000e+00 9.979668791998729249e-01
1.497487437185929596e-02 8.653906497464293468e-02 3.068341590036355662e-02 6.025404269764655929e-02 1.674792191384740780e-01 9.050400548279803614e-02 6.237479983135496564e-02 0.000000000000000000e+00 1.438894831306911926e-01 4.811191606210096228e-01 3.278497240740923524e-01 0.000000000000000000e+00 7.555870997886062757e-01 1.061469131591401993e+00 5.570491206921129868e-01 0.000000000000000000e+00 1.494442864329457832e+00
1.994974874371859344e-02 9.783541940450796170e-02 2.917490418477335090e-02 7.327800977578718955e-02 1.714342631045351339e-01 1.279521025983012539e-01 7.194236295133615844e-02 0.000000000000000000e+00 1.916916939694107702e-01 7.006191236080638873e-01 3.810118106531900639e-01 0.000000000000000000e+00 1.006604290657975520e+00 1.345430387658964388e+00 7.234222144270820998e-01 0.000000000000000000e+00 1.990918849459042850e+00
2.492462311557788746e-02 1.092875585726829912e-01 3.317956925204291335e-02 7.915239922084851831e-02 1.942097780981816013e-01 1.675309452018528544e-01 8.767794483905276548e-02 0.000000000000000000e+00 2.394939048081303201e-01 8.989041340296799465e-01 4.714006827546359246e-01 0.000000000000000000e+00 1.257621481527344542e+00 1.758090584420375135e+00 6.142061517224679523e-01 4.996735518841733392e-01 2.487394834588627646e+00
2.989949748743718494e-02 1.168612294934231466e-01 3.313712982322544048e-02 8.666615782348748021e-02 2.037293486720088420e-01 2.002422071353715527e-01 1.050589471638298522e-01 0.000000000000000000e+00 2.872961156468498700e-01 1.065987670833211665e+00 5.563658722630769882e-01 0.000000000000000000e+00 1.508638672396714009e+00 2.263365643176306730e+00 5.179269968827797666e-01 1.491935409859106221e+00 2.983870819718212442e+00
3.487437185929648242e-02 1.227369548363161089e-01 3.191527260256458304e-02 9.516289150637265160e-02 2.042362833807402633e-01 2.333419770358181322e-01 1.042148372760370589e-01 0.000000000000000000e+00 3.350983264855694754e-01 1.172160782792897038e+00 6.370278690903015129e-01 0.000000000000000000e+00 1.759655863266083253e+00 2.373523208063478496e+00 6.185507886507645159e-01 1.420845633300481081e+00 3.480346804847797682e+00
3.984924623115577991e-02 1.297067164680051898e-01 3.323564945073773785e-02 1.000113659335163246e-01 2.154529262243694843e-01 3.195216998335091430e-01 5.868301021275330182e-02 2.210677282970305857e-01 3.829005373242889698e-01 1.322970771890070063e+00 6.792901713559890142e-01 0.000000000000000000e+00 2.010673054135452276e+00 2.531178020253575411e+00 5.629909546382927399e-01 1.503097730064886006e+00 3.818676998463440775e+00
4.482412060301507739e-02 1.372985796947749915e-01 3.662362490784359242e-02 1.080250221321613496e-01 2.338443854856830650e-01 3.382269637487034242e-01 7.231080842965557920e-02 2.153513740815042599e-01 4.307027481630085752e-01 1.790501839150653307e+00 3.660544472606848121e-01 1.283019349670773357e+00 2.261690245004821520e+00 2.473432324149805961e+00 4.266791351586611269e-01 1.690748014146126632e+00 3.429373873592456157e+00
4.979899497487437487e-02 1.427511085020108927e-01 3.808284942406555545e-02 1.110972576614032842e-01 2.432325025878900038e-01 3.444931146878380535e-01 7.660100399061389731e-02 2.308596835561963767e-01 4.785049590017281251e-01 1.900131954160948711e+00 4.399589946126862272e-01 1.256353717937095160e+00 2.512707435874190320e+00 2.408349066440437447e+00 3.934948056451358367e-01 1.878398298227367036e+00 3.040070748721471539e+00
5.477386934673367236e-02 1.470911016405820060e-01 3.436479047336106485e-02 1.172143191821075070e-01 2.360440864364710678e-01 3.614737666530902227e-01 9.379809190495702609e-02 2.148640023462367599e-01 5.263071698404476750e-01 1.999264950950218278e+00 4.636140130195187115e-01 1.299519103807083020e+00 2.763724626743559565e+00 2.444637140714523760e+00 3.598424409083031406e-01 1.932611484857208017e+00 3.155941339295131876e+00
5.974874371859296984e-02 1.530002832033826587e-01 3.636757991394466011e-02 1.230907318084180635e-01 2.488497724674235412e-01 3.741604928924054385e-01 8.377717317125431273e-02 2.343791732015371720e-01 5.725003616020830632e-01 2.025416899284059991e+00 4.986332849698265068e-01 1.230763193230397290e+00 3.001887904414182628e+00 2.583831049764839349e+00 3.483933518102279026e-01 1.987575576831907220e+00 3.069240030483758819e+00
6.472361809045226733e-02 1.577149907442085275e-01 3.607986999802975658e-02 1.278393207774883855e-01 2.521594699500583903e-01 3.868344079264061097e-01 8.146404575836135864e-02 2.350604869463878699e-01 5.512469655352553177e-01 2.083706136332267533e+00 4.480451736366193871e-01 1.263459636230845895e+00 3.093420275694731103e+00 2.591049066724615546e+00 2.875925339828250271e-01 2.153067571875102448e+00 3.169167882646850565e+00
6.969849246231155093e-02 1.615090564393199535e-01 3.428923367602075556e-02 1.330063437383208758e-01 2.499996820080065685e-01 3.900081371543001607e-01 7.718597916439265405e-02 2.531280243747204284e-01 5.034447546965358233e-01 2.081600448309774087e+00 3.923792642606074299e-01 1.329216462879345695e+00 2.904046687007884486e+00 2.620961166111190899e+00 2.884307021494903478e-01 2.199578736670621204e+00 3.110674080907070760e+00
7.467336683417084842e-02 1.659597083417439778e-01 3.337853963918459288e-02 1.373568882968528582e-01 2.507441913599154359e-01 3.724095538187850996e-01 6.148011275031397410e-02 2.711955618030530424e-01 4.556425438578163289e-01 2.051412775645248932e+00 3.228508166918144240e-01 1.424092043142543451e+00 2.714673098321037426e+00 2.624896437903019741e+00 3.047715010595023477e-01 2.319226337489999512e+00 3.332704891296256910e+00
7.964824120603014590e-02 1.699782661371207204e-01 3.295011935015431520e-02 1.402682728587908434e-01 2.533629207488283797e-01 3.637465542101429028e-01 5.545898153369333700e-02 2.705808529900594617e-01 4.418566826617824073e-01 1.987023034127777255e+00 3.124443051294260032e-01 1.518967623405741429e+00 2.525299509634190365e+00 2.615243834088520458e+00 3.991685393661649761e-01 2.174858688841843524e+00 3.554735701685441729e+00
8.462311557788944338e-02 1.737623085436357517e-01 3.202546369393868830e-02 1.453659987487167793e-01 2.541552892934786367e-01 3.684999569477044878e-01 5.613520437081825909e-02 2.710401449575882693e-01 4.694553019573763919e-01 2.016554466353750019e+00 2.904041800396816031e-01 1.613843203668938964e+00 2.465186213534315662e+00 2.647599144968544316e+00 3.424653765597611144e-01 2.234098400281288033e+00 3.447700355155634000e+00
8.959798994974874087e-02 1.780051798922840378e-01 3.202290652271840010e-02 1.489958923428863768e-01 2.582561261032097488e-01 3.846324244148814908e-01 5.694049824132179499e-02 2.869742152371614896e-01 4.970539212529703210e-01 2.030410496250792729e+00 2.836414137567704885e-01 1.694661413568405717e+00 2.610111056253969775e+00 2.642428351829577693e+00 3.429591570582188331e-01 2.107551240061407594e+00 3.452781224741036326e+00
9.457286432160803835e-02 1.820188545889369069e-01 3.172290215345066611e-02 1.525862885262963820e-01 2.626885248800439054e-01 3.984041331885742054e-01 5.829097425957086714e-02 3.029082855167345989e-01 5.073818414846600344e-01 2.101107172843652116e+00 3.315761570196405494e-01 1.590620717899503989e+00 2.755035898973623887e+00 2.647684567685697488e+00 2.661482449193256494e-01 2.184000108702215392e+00 3.146019542134272040e+00
9.954773869346733584e-02 1.856024511493397089e-01 3.104204923835598637e-02 1.577095816662097971e-01 2.642728602886891265e-01 4.070877441689865206e-01 4.881339510503609341e-02 3.188423557963078747e-01 4.782635336944617843e-01 2.163882195756770432e+00 2.811304857524414280e-01 1.674293114855960551e+00 2.511439672283941160e+00 2.671350645575812255e+00 2.799288508532732367e-01 2.221429471621092055e+00 3.311511537177467268e+00
1.045226130653266333e-01 1.897219832019571284e-01 2.991328105499326331e-02 1.613601705787595653e-01 2.645759848557783234e-01 4.117323780008896317e-01 4.587427766883086372e-02 3.347764260758810395e-01 5.021646391138215870e-01 2.150297169149352428e+00 2.383764344701758131e-01 1.757965511812416892e+00 2.588321808815053249e+00 2.666571422060572516e+00 2.842521271530594751e-01 2.276233125432859161e+00 3.330363965167464801e+00
1.094974874371859308e-01 1.930475156087148314e-01 2.977772664969869157e-02 1.650291538127757474e-01 2.677511571053148298e-01 4.151094024273841998e-01 5.451722300719150094e-02 3.421843789964741367e-01 5.260657445331813342e-01 2.154412147312387393e+00 2.410178083482506506e-01 1.841637908768873233e+00 2.546379801519670139e+00 2.704542391429264558e+00 2.530335931291072260e-01 2.302123135319452008e+00 3.239993114897842919e+00
1.144723618090452283e-01 1.973976079054573229e-01 3.082813071191158050e-02 1.692583839586384864e-01 2.752634100517753479e-01 4.244784717657208439e-01 6.054952194628747397e-02 3.478295766876192130e-01 5.462648144385121585e-01 2.165862227835434251e+00 2.296437473998928780e-01 1.826509730606149295e+00 2.583074832829644230e+00 2.695955266928771188e+00 2.531081433370765410e-01 2.284792513384231949e+00 3.297813931612069371e+00
1.194472361809045258e-01 2.004169331573443791e-01 2.942477582069739916e-02 1.738110144307366267e-01 2.744540710031647679e-01 4.187563731169176018e-01 6.204778150159191707e-02 3.629459630318133678e-01 5.346714036794447678e-01 2.147705776434683855e+00 2.514018602795964341e-01 1.905888336106591474e+00 2.695333133290634287e+00 2.694237056752670778e+00 2.403034164924700844e-01 2.355224389388220096e+00 3.306134801956666536e+00
1.244221105527638233e-01 2.036646318497038199e-01 2.986881625181273675e-02 1.758950021900116678e-01 2.780886018341667820e-01 4.198192445868634826e-01 6.288211926019589282e-02 3.468380799968954209e-01 5.346609019101853377e-01 2.157667919855151162e+00 2.676172490562466200e-01 1.886185229904641103e+00 2.807591433751623899e+00 2.711373127999249899e+00 2.734073252315973312e-01 2.305763144097252582e+00 3.377949144075178545e+00
1.293969849246231207e-01 2.067594061675405714e-01 2.907300032314476257e-02 1.802252262870219224e-01 2.788911511994322523e-01 4.196118351707543437e-01 5.554098368433660338e-02 3.448405631844019825e-01 5.075915651757428870e-01 2.175039444408960687e+00 3.207686587724730143e-01 1.813804311138479175e+00 2.919849734212613512e+00 2.730252082943840808e+00 3.023292773317806104e-01 2.282786501608858210e+00 3.451248788292677450e+00
1.343718592964824043e-01 2.089062562550773328e-01 2.783943054751695373e-02 1.839869255246750490e-01 2.771727544024634171e-01 4.164799720615365852e-01 5.207119427687881275e-02 3.450723595976231128e-01 5.271067360310430772e-01 2.169422807764858074e+00 2.797244002806171803e-01 1.812031134817285949e+00 2.785700744161384357e+00 2.748128865037771984e+00 3.502746233406607845e-01 2.266681146820784143e+00 3.583937576658103641e+00
1.393467336683417157e-01 2.114769257666153091e-01 2.697845975143651348e-02 1.871084753658043276e-01 2.769862938432571253e-01 4.116821325597530001e-01 4.990861983665187407e-02 3.435494155739513000e-01 5.060735483713769689e-01 2.184227016673522481e+00 2.746252663754785162e-01 1.856107825631547081e+00 2.870400618021776484e+00 2.738709025960816223e+00 3.292764033820517744e-01 2.255906641875667251e+00 3.476585623142270709e+00
1.443216080402010271e-01 2.143929747589937984e-01 2.636909984625361927e-02 1.902318551149138892e-01 2.787185042144271208e-01 4.116946947110063926e-01 5.424205630108885900e-02 3.268593942323662627e-01 5.241410857997096384e-01 2.168727315183285320e+00 2.444941962521966772e-01 1.731282124672718581e+00 2.650442540962118176e+00 2.714001015793643390e+00 3.090138561892254998e-01 2.222403140004821864e+00 3.354597353817705851e+00
1.492964824120603107e-01 2.166236497921339432e-01 2.609285919222402092e-02 1.925922438718682128e-01 2.799339490599834224e-01 4.171133775664775389e-01 5.145242417678728281e-02 3.381264833789555113e-01 5.105694816556045623e-01 2.162970760018643634e+00 2.004199962595189233e-01 1.775557208069026505e+00 2.511017084420524625e+00 2.703020963564082280e+00 2.773063931694303985e-01 2.272121104545801629e+00 3.226910715938574370e+00
1.542713567839196220e-01 2.193584451576302552e-01 2.659573820079204690e-02 1.936599940970875899e-01 2.829839412157541534e-01 4.200777923723794105e-01 4.683797851928676176e-02 3.431031252166584222e-01 4.941171288716130205e-01 2.189813261353795504e+00 2.019813463423886235e-01 1.818112265268768013e+00 2.594689481376981188e+00 2.688474022962254573e+00 2.589191266663318780e-01 2.320999724287183152e+00 3.159057107310584644e+00
1.592462311557789056e-01 2.220677995440273611e-01 2.695198211240516437e-02 1.971202207685342211e-01 2.868616784170610057e-01 4.222892403187618049e-01 4.740045701680754842e-02 3.510413104944882789e-01 5.003748043878920582e-01 2.197379442313100562e+00 2.105345546420880343e-01 1.829202629776306654e+00 2.678361878333437751e+00 2.710109456997999100e+00 2.865048987371804912e-01 2.285326273645132744e+00 3.243991218969182189e+00
1.642211055276382170e-01 2.234045868697061010e-01 2.613824228919829629e-02 1.979943183648215088e-01 2.858091827598090440e-01 4.263838622380838883e-01 4.816003024629812029e-02 3.540632464407102997e-01 4.989934401295608724e-01 2.197269071614820657e+00 2.086953467608766433e-01 1.852828918719771290e+00 2.684890557166245362e+00 2.726476545672448459e+00 2.761188415534305829e-01 2.341246059745286878e+00 3.214092900513233708e+00
1.691959798994975006e-01 2.256353043682421400e-01 2.548561329823736954e-02 2.003175158860940053e-01 2.850077112663438328e-01 4.213444619547632719e-01 3.788249834984767223e-02 3.590824903907502974e-01 4.746867848317599670e-01 2.211910121578645416e+00 2.107430828020023239e-01 1.862952318744255598e+00 2.699674391111020366e+00 2.706225684036390078e+00 2.775568154072690086e-01 2.364400703906778922e+00 3.191002558088569696e+00
1.741708542713567842e-01 2.281498779383264730e-01 2.543254047151766867e-02 2.019321841161327846e-01 2.866253154394819980e-01 4.241633151511517430e-01 3.623100047309192606e-02 3.652007825668538432e-01 4.831152246390340022e-01 2.211520844354605497e+00 1.833222991390700829e-01 1.917728760548734979e+00 2.567815619244799841e+00 2.707666235018087342e+00 2.843581462672002402e-01 2.330556127369701080e+00 3.173445049926071349e+00
1.791457286432160956e-01 2.302201560890196341e-01 2.497730429922420670e-02 2.043187099692901909e-01 2.870543281910501454e-01 4.295675903736738133e-01 3.819721014473673876e-02 3.750644721222430311e-01 4.885299759148296617e-01 2.220186677715378032e+00 1.934991202558289380e-01 1.905721321864880968e+00 2.609379112603870343e+00 2.713784931470976769e+00 2.858510798358698812e-01 2.308059288598900860e+00 3.160440341062360936e+00
1.841206030150753792e-01 2.322790656027819978e-01 2.480268821674287000e-02 2.075878124724130080e-01 2.883824835997947922e-01 4.325271520323996088e-01 4.152124611714269609e-02 3.619315914625426123e-01 4.906779897117083955e-01 2.210188997272448663e+00 2.027685091183833443e-01 1.868642017650952392e+00 2.681841533963697621e+00 2.719292331087025172e+00 2.680954582874821579e-01 2.341859454028487164e+00 3.151222423045360266e+00
1.890954773869346905e-01 2.340098751690899426e-01 2.466127008402550780e-02 2.090281408672469976e-01 2.890525688200185073e-01 4.333403063190873761e-01 3.964925215600348385e-02 3.633933724971751267e-01 4.970002481163378616e-01 2.217814310383714016e+00 1.941274213645039215e-01 1.908237756043305700e+00 2.660595639182180339e+00 2.731290870126048986e+00 2.731785455133942664e-01 2.358887792983116682e+00 3.236367352052317514e+00
1.940703517587939742e-01 2.361044689835700150e-01 2.500068716154308854e-02 2.114954230118067380e-01 2.929341484146407715e-01 4.307603517164024787e-01 3.399946764084500750e-02 3.729538146649190034e-01 4.983804984166120278e-01 2.229560095480292325e+00 1.917188152209698682e-01 1.958441194217179326e+00 2.715869286819603712e+00 2.718153374005428891e+00 2.562869327294509114e-01 2.420947291124314393e+00 3.168843307674831689e+00
1.990452261306532855e-01 2.379604808455716147e-01 2.475218252608082925e-02 2.137198697086495069e-01 2.948302167635656335e-01 4.261572088524349655e-01 3.889336863818581430e-02 3.592874633737888623e-01 5.111561766515277938e-01 2.221236387796971190e+00 1.965336571514371133e-01 1.940970535872123870e+00 2.684164295067789752e+00 2.713425759352899203e+00 2.477804094578743010e-01 2.409327799219333599e+00 3.102244088596355365e+00
2.040201005025125691e-01 2.393539046389920322e-01 2.394002153621553261e-02 2.143744387845455956e-01 2.940849740995657990e-01 4.243559815547240932e-01 3.409167914355936552e-02 3.626209365724384903e-01 4.905472592397598919e-01 2.238727890776003981e+00 2.164459308389379832e-01 1.911592443593624013e+00 2.751251461240905360e+00 2.701164275975239892e+00 2.497636271913901418e-01 2.399511507192741089e+00 3.069465433422137401e+00
2.089949748743718805e-01 2.411418818193852565e-01 2.385542529292888556e-02 2.171342084341404133e-01 2.956969644647292061e-01 4.255806681796087676e-01 4.007841506915450769e-02 3.549986648535196632e-01 5.020439264601885831e-01 2.247270784675950317e+00 2.377609717045307269e-01 1.871324360623297212e+00 2.818338627414021413e+00 2.701452184254379496e+00 2.508760358927340506e-01 2.408359638555679805e+00 3.075197806104452702e+00
2.139698492462311641e-01 2.430669004711651371e-01 2.367501551035430460e-02 2.194276745204909729e-01 2.970717114996671571e-01 4.291241495902406444e-01 3.744713471887140682e-02 3.634095210364532980e-01 4.957277905735113510e-01 2.266278199873933197e+00 2.521461257956678637e-01 1.908529769090688832e+00 2.865845001798461134e+00 2.690899852766466260e+00 2.455474920749414480e-01 2.433455148854342998e+00 3.047793269216456213e+00
2.189447236180904754e-01 2.450175760253736623e-01 2.382246219808412460e-02 2.204451056264686848e-01 2.992507827002639509e-01 4.261835632014361330e-01 3.630522343933746676e-02 3.556037451570603913e-01 4.837248081061866212e-01 2.241411180308996443e+00 2.430843954820504360e-01 1.867333154801493533e+00 2.761822981358185825e+00 2.695541602369659451e+00 2.399678657895595035e-01 2.384025896036289893e+00 3.030044032840806700e+00
2.239195979899497591e-01 2.473139629776784365e-01 2.383198384479786117e-02 2.226120644610447286e-01 3.012155171665238385e-01 4.254107119195439379e-01 3.457725498608842790e-02 3.579041055903744994e-01 4.695137585452686113e-01 2.257722378740349534e+00 2.509739082015989831e-01 1.883051519383685202e+00 2.789528389672368824e+00 2.677779087848642270e+00 2.341351808998914097e-01 2.423811105124119347e+00 3.040964525450021494e+00
2.288944723618090704e-01 2.490276531884675071e-01 2.358206461457583794e-02 2.242327069792666161e-01 3.018099946080238793e-01 4.260951413499650675e-01 3.599989910095734158e-02 3.567872871835570114e-01 4.799450561431100604e-01 2.226745506699786326e+00 2.388854186115998146e-01 1.873548126652259338e+00 2.694425157405979654e+00 2.665498500903733969e+00 2.435701085238567432e-01 2.407854156581273664e+00 3.025617372241412362e+00
2.338693467336683540e-01 2.503714468857513031e-01 2.338301407103160479e-02 2.263838032585417381e-01 3.036100319307359907e-01 4.228345259734657691e-01 3.647571400889428050e-02 3.477859938934908524e-01 4.685708305453791800e-01 2.222766242674676374e+00 2.255232903388364740e-01 1.842283026987076910e+00 2.637737782059163649e+00 2.646181516840386827e+00 2.323738022322027752e-01 2.369755628492764554e+00 3.064611548374596151e+00
2.388442211055276654e-01 2.521116417083263395e-01 2.331629397512953797e-02 2.277848713193841024e-01 3.052678389615328669e-01 4.205696632360861331e-01 3.724685680097028495e-02 3.499825369872391345e-01 4.785382805290475106e-01 2.211518229884477993e+00 2.138148791101864010e-01 1.859565325900310873e+00 2.561398047855293125e+00 2.644834902397112053e+00 2.387028909015936340e-01 2.383586219516078408e+00 3.051869425978855688e+00
2.438190954773869490e-01 2.535097836860667475e-01 2.338074426870528910e-02 2.285654975662597121e-01 3.063225125081615596e-01 4.190286298922326624e-01 3.320132104636223241e-02 3.557639573732699900e-01 4.685582363423581587e-01 2.192673875777786385e+00 2.059809643509331323e-01 1.876095038357847855e+00 2.526093065424733997e+00 2.631802982779905875e+00 2.227322568552328463e-01 2.385982061396910492e+00 3.041542272536296387e+00
2.487939698492462326e-01 2.550927836379555669e-01 2.331886493205997599e-02 2.298631007077442667e-01 3.085043495892501042e-01 4.188812953377301085e-01 3.508877681611078519e-02 3.563686221536520593e-01 4.688339368338857449e-01 2.209191921978804984e+00 2.056746747497563421e-01 1.914374801094332890e+00 2.562451038554960814e+00 2.600648684377767417e+00 2.056192382387747875e-01 2.367334544205894620e+00 2.989037974412111609e+00
2.537688442211055162e-01 2.564568380190591634e-01 2.306348628976655907e-02 2.313736684299441126e-01 3.088935313258669990e-01 4.182016984355918510e-01 3.708729342907375603e-02 3.519520895018929396e-01 4.760450192618974619e-01 2.209389231566031064e+00 1.981763596699428753e-01 1.930337778749196875e+00 2.518682518887024546e+00 2.578226537910154104e+00 1.856903615271724151e-01 2.403770164114609642e+00 2.944005180503486585e+00
2.587437185929647998e-01 2.578903696049775762e-01 2.294959635002143464e-02 2.332005732259484487e-01 3.095654638700960914e-01 4.205114755917335745e-01 3.675109227783831395e-02 3.556694554096045957e-01 4.784689924343885625e-01 2.212355219335927714e+00 2.113602380419983551e-01 1.884388927180550954e+00 2.560380366771492611e+00 2.562703720409530650e+00 1.778560087501398213e-01 2.381151152067635390e+00 2.905175665979390587e+00
2.637185929648241389e-01 2.591161208146264272e-01 2.215411977612779387e-02 2.345338341429044349e-01 3.086710677390018254e-01 4.234186471777876548e-01 3.819043696874357963e-02 3.620000035809527450e-01 4.876685321995865019e-01 2.225717854826136044e+00 2.206969418016450080e-01 1.900920949036723817e+00 2.609608888098037927e+00 2.545674331356519549e+00 1.803157848560377752e-01 2.362794685517069393e+00 2.906363641008211651e+00
2.686934673366834225e-01 2.601227778344457064e-01 2.236817012312313294e-02 2.350432088066726766e-01 3.109130991080388262e-01 4.255679346348401060e-01 3.582458719050959223e-02 3.688288908436269664e-01 4.879147607540123555e-01 2.229045505772838887e+00 2.000327805702984685e-01 1.936780547732347646e+00 2.519552771770608324e+00 2.530861806588833751e+00 1.829778463231782615e-01 2.351806355027056927e+00 2.891505416031777465e+00
2.736683417085427061e-01 2.614115810912529536e-01 2.212033489717125587e-02 2.356989854277880547e-01 3.104182980019345450e-01 4.226285136522084374e-01 3.573954630923448922e-02 3.718822272262116146e-01 4.853855347172291168e-01 2.213596240364821277e+00 2.085534696713560177e-01 1.953263447540577680e+00 2.521072180757419456e+00 2.503316273150923532e+00 1.799025196252058145e-01 2.350573330660984173e+00 2.832038899784440567e+00
2.786432160804020453e-01 2.627174896972150897e-01 2.168021362466066373e-02 2.373882128803613822e-01 3.100930384730644640e-01 4.211650564508843675e-01 4.001865303870009993e-02 3.686267119203051057e-01 4.888253406575416293e-01 2.212691161439575005e+00 2.015719513882137104e-01 1.949701604792167586e+00 2.493955523608395453e+00 2.487319473950427628e+00 1.672252684528041933e-01 2.309301305092304357e+00 2.794775998083045998e+00
2.836180904522613289e-01 2.644292501962952624e-01 2.141436528168865969e-02 2.393672420268407042e-01 3.107313510372519683e-01 4.234278156883520827e-01 4.090462288792944684e-02 3.743362270443523765e-01 4.942149135775315005e-01 2.207155047613725607e+00 1.995652711972651649e-01 1.940122181732478746e+00 2.491140977522248612e+00 2.462186931769355880e+00 1.604487095851838685e-01 2.295769398980574749e+00 2.749141691546200583e+00
2.885929648241206125e-01 2.661471457926040118e-01 2.144830399394471315e-02 2.414534779800862618e-01 3.125814533789178506e-01 4.218635070789338859e-01 4.113916364071794340e-02 3.672942900980082359e-01 4.902037346125904249e-01 2.196837299572336200e+00 1.942788172522326995e-01 1.928722109398377960e+00 2.497282237995591903e+00 2.447303744449299323e+00 1.582188392144141809e-01 2.276060184598965641e+00 2.728438658915644854e+00
2.935678391959798961e-01 2.678104142860110448e-01 2.131102150618610289e-02 2.434403284354525188e-01 3.131195785298979684e-01 4.202925007327515949e-01 3.933999238752082517e-02 3.643596521681528033e-01 4.910405654291113975e-01 2.206754369356146661e+00 2.043484670072950316e-01 1.912291954854173470e+00 2.540331331076135069e+00 2.416508090875510995e+00 1.551196532046949239e-01 2.249577037659713064e+00 2.663372548326019551e+00
2.985427135678392352e-01 2.692108887812435514e-01 2.116435036389334792e-02 2.455045872613583757e-01 3.143780920051753025e-01 4.219977530621411566e-01 3.845147795208585934e-02 3.695823957562642814e-01 4.848845191595354542e-01 2.224218614481392020e+00 2.036892271134315424e-01 1.928692116695231551e+00 2.546207544795886069e+00 2.395887908335799121e+00 1.467644388061226934e-01 2.226669152370725158e+00 2.633404777875384184e+00
3.035175879396985188e-01 2.705335616022690459e-01 2.064718584256641093e-02 2.474978518724778309e-01 3.136065981450802953e-01 4.217536094326779228e-01 3.366915262122156111e-02 3.734090243968894440e-01 4.731054258152984637e-01 2.221591585658563961e+00 1.958315809192205104e-01 1.914323021276502557e+00 2.516323642935275995e+00 2.378060556595609221e+00 1.525729014275033768e-01 2.191711097437298861e+00 2.636410451551062906e+00
3.084924623115578024e-01 2.718617756523381002e-01 2.083073610317282692e-02 2.492433591898841061e-01 3.150003352284918567e-01 4.204001687334287807e-01 3.410180810443920463e-02 3.734566069782284670e-01 4.710279292390889272e-01 2.211114746622640403e+00 1.839379937761611850e-01 1.945700170135173712e+00 2.502229624744061631e+00 2.360393094720792728e+00 1.539229383691016195e-01 2.187903131507893395e+00 2.625928664391746548e+00
3.134673366834170860e-01 2.732238095872916994e-01 2.079752682540987260e-02 2.508914498712115360e-01 3.170977720184192106e-01 4.201330579438916080e-01 3.395236959034830804e-02 3.765027666817330476e-01 4.703988274732350261e-01 2.198055401990226976e+00 1.818010577971822250e-01 1.977077318993844646e+00 2.498400557571904823e+00 2.340283539951235614e+00 1.442031018724906077e-01 2.181945540140732831e+00 2.588999664527322331e+00
3.184422110552764251e-01 2.741804694484369920e-01 2.034121147062111640e-02 2.525772491481296234e-01 3.176651912901233832e-01 4.202597685116830073e-01 3.495598076266141774e-02 3.824780430365730677e-01 4.778642785665102588e-01 2.210991291807430592e+00 1.792287677336273921e-01 1.992944934836773374e+00 2.509343118612046730e+00 2.317145401631612422e+00 1.369517234547877049e-01 2.167929436105277663e+00 2.528239517617967280e+00
3.234170854271357087e-01 2.749868602135612794e-01 1.988883720811129505e-02 2.537036789196220332e-01 3.180128069533817992e-01 4.185516806957491620e-01 3.351203909892998961e-02 3.817265355733232002e-01 4.684923305416016093e-01 2.207083675578672022e+00 1.825284516557425518e-01 1.978927344511685282e+00 2.548545417608826025e+00 2.297603336781813610e+00 1.243539384995297203e-01 2.161357739369345943e+00 2.482765687874132876e+00
3.283919597989949923e-01 2.763908761613945164e-01 1.971507377510986134e-02 2.555336186149493871e-01 3.189122915024962812e-01 4.153214758622489344e-01 3.413996214060886769e-02 3.697382101011553734e-01 4.652425897620534601e-01 2.193136650713372049e+00 1.698539431186279203e-01 2.000487760600717646e+00 2.497971759232871847e+00 2.276682528404732953e+00 1.186814071823589223e-01 2.156267581874448336e+00 2.463326678300137740e+00
3.333668341708542759e-01 2.775452725824036349e-01 1.936838721120099846e-02 2.569737916730958083e-01 3.193120220075295057e-01 4.167050453037469682e-01 3.561025091217552563e-02 3.698772533474151136e-01 4.722906412366429940e-01 2.187125480921708220e+00 1.793409170369033856e-01 1.982337010826307644e+00 2.480075041656603752e+00 2.258189480178056208e+00 1.156742095511640867e-01 2.114175149202427217e+00 2.432863347478117166e+00
3.383417085427135595e-01 2.788918579005635889e-01 1.911382389406133045e-02 2.588750058428229694e-01 3.200110742306473965e-01 4.153786703536518354e-01 3.585101496674439336e-02 3.704896161537191146e-01 4.793386927112325835e-01 2.187369940276350455e+00 1.872147094831212999e-01 1.985435876897705176e+00 2.517085507306890957e+00 2.237175288433021159e+00 1.205072543467633761e-01 2.082062642374655326e+00 2.405683851930029871e+00
3.433165829145728987e-01 2.800972320900940171e-01 1.897061200817484403e-02 2.592554838231016512e-01 3.205859964310606158e-01 4.165697543043124784e-01 3.488275181357969323e-02 3.711479793983282205e-01 4.665257760575611812e-01 2.181735175239355673e+00 1.862919342352522822e-01 1.994738731898733297e+00 2.517056240399882405e+00 2.219052737602243752e+00 1.165359445448692632e-01 2.069834530558773977e+00 2.392951953475657589e+00
3.482914572864321823e-01 2.812818627432724927e-01 1.912054932816679292e-02 2.601360546933118578e-01 3.218983173018223343e-01 4.160962754301866795e-01 3.621240605671967316e-02 3.762389361212434280e-01 4.686229992796772104e-01 2.179020769949384650e+00 1.708206514203139403e-01 1.989834094697733535e+00 2.460815656682583175e+00 2.200315938362029211e+00 1.123767214301179956e-01 2.041186665629281194e+00 2.381601793877750062e+00
3.532663316582914659e-01 2.820644363536558008e-01 1.893477335850786772e-02 2.607484089654312220e-01 3.225815146430193736e-01 4.177273213562893162e-01 3.600701050302344136e-02 3.748531695098963334e-01 4.662621679875614267e-01 2.176800688265975392e+00 1.772048174223301575e-01 1.944840332754992129e+00 2.471848923658960917e+00 2.186219976981345958e+00 1.062118266687395035e-01 2.038838296170210729e+00 2.360836685482675890e+00
3.582412060301507495e-01 2.826524181150662507e-01 1.887738112369874779e-02 2.607486420850750330e-01 3.235311846216774589e-01 4.156074254525086720e-01 3.686810008852810239e-02 3.752048596927927693e-01 4.641518207733937862e-01 2.180743883576762965e+00 1.819874576861766347e-01 1.962717805870630938e+00 2.482898410144942947e+00 2.167939405878510861e+00 1.061323652898202990e-01 2.017120027965358720e+00 2.333111634744486018e+00
3.632160804020100886e-01 2.835945000826484153e-01 1.843385705615794776e-02 2.625808890646167404e-01 3.233903678229546608e-01 4.135418016271659170e-01 3.600805378450960131e-02 3.720399662366437044e-01 4.663767792018736480e-01 2.164654296692689606e+00 1.840157013937873121e-01 1.964838177620263693e+00 2.471183921591829424e+00 2.144374840899330170e+00 1.029267895348312395e-01 2.009963959254940313e+00 2.306389854020477248e+00
3.681909547738693722e-01 2.846572417639267050e-01 1.815215881954825722e-02 2.635061061587976039e-01 3.236849037002301754e-01 4.101977706828806025e-01 2.941822196734448017e-02 3.771356990337421111e-01 4.556599787497105369e-01 2.149778387353325382e+00 1.719013446139137091e-01 1.958272870376244423e+00 2.482563972476861558e+00 2.131189582315498932e+00 1.008105186787061069e-01 2.007280985585500499e+00 2.289630121852938238e+00
3.731658291457286558e-01 2.854019592836410935e-01 1.824063261072729480e-02 2.643895955956100940e-01 3.237819721550076468e-01 4.091202690274868270e-01 3.013441312345308334e-02 3.744682192742957993e-01 4.517492691676698313e-01 2.134404855221444297e+00 1.662741948433451578e-01 1.931796668348831236e+00 2.416445826731867808e+00 2.117837476943541741e+00 1.023116946111352205e-01 1.991568625085433641e+00 2.279094671975030018e+00
3.781407035175879394e-01 2.864802812450481517e-01 1.842265825991554890e-02 2.662258546932504411e-01 3.248955508041700413e-01 4.076608886285735811e-01 2.900145812055126768e-02 3.747618429049625610e-01 4.541813592946524203e-01 2.127373030458248770e+00 1.656289834384651327e-01 1.927355097954429608e+00 2.403834146399201455e+00 2.107793212109914993e+00 1.111916706406540639e-01 1.965384259238332598e+00 2.283519483607782341e+00
3.831155778894472785e-01 2.874540936619853215e-01 1.846504392485555715e-02 2.675272221046764431e-01 3.258860456829553720e-01 4.044787107146052274e-01 2.551027230973022808e-02 3.738545136029942650e-01 4.566032493779830226e-01 2.111036864217881170e+00 1.488485264813338982e-01 1.933085922412192348e+00 2.397697993245315295e+00 2.088024403143525554e+00 1.003326759470377499e-01 1.960076123258445158e+00 2.237456051261235590e+00
3.880904522613065621e-01 2.886137309335589096e-01 1.843834744602661571e-02 2.686801053239158410e-01 3.273596040452837475e-01 4.015821245819254370e-01 2.338462776450437111e-02 3.701140955537140509e-01 4.555766134904914999e-01 2.099966259135224167e+00 1.381832406496647236e-01 1.938894681917651797e+00 2.392306961073324523e+00 2.070456335781641677e+00 9.837250751821047245e-02 1.945850280962626355e+00 2.239821929064372608e+00
3.930653266331658457e-01 2.895366018044304157e-01 1.841792771117173669e-02 2.691570794931578692e-01 3.282535796436702458e-01 4.019992929709825802e-01 2.399661055941209459e-02 3.718867741007775285e-01 4.580112480513504614e-01 2.089856716304304918e+00 1.345730576746504703e-01 1.943233603071389259e+00 2.405091623488254005e+00 2.056679630773396106e+00 1.007364157067156402e-01 1.932938928014349189e+00 2.224337423557191773e+00
3.980402010050251294e-01 2.903877838401162093e-01 1.834706164688243088e-02 2.702868854378299157e-01 3.296420227210800635e-01 3.997943905296293954e-01 2.416385751153223016e-02 3.732485697518551637e-01 4.571342715578305405e-01 2.080072595242958844e+00 1.380141692855823277e-01 1.932575217478752716e+00 2.417818734562835914e+00 2.039712959939896209e+00 9.768481823236947748e-02 1.917403805802282868e+00 2.200751603846964333e+00
4.030150753768844685e-01 2.913536044569005612e-01 1.808896329689842902e-02 2.710956389052250337e-01 3.288662482191510583e-01 3.968282437822326925e-01 2.428131369819740495e-02 3.675578202731150657e-01 4.501645553193690530e-01 2.066981518466881163e+00 1.337336068248838328e-01 1.930105949248124952e+00 2.380023299819336913e+00 2.017583549899793383e+00 9.539458355801271050e-02 1.902435039053850030e+00 2.176057009648879603e+00
4.079899497487437521e-01 2.919159735282411128e-01 1.796715807231626105e-02 2.714276134735811308e-01 3.290616901382040771e-01 3.958731496191387755e-01 2.287066541606827888e-02 3.720950053363367704e-01 4.446271207318502894e-01 2.065627254147273550e+00 1.308102225471064473e-01 1.945188980194198169e+00 2.393067518306706276e+00 1.999307223000681422e+00 9.100624539035814808e-02 1.878091140807760961e+00 2.152192944656349916e+00
4.129648241206030357e-01 2.923716315288419354e-01 1.754680797513524793e-02 2.715040560780582202e-01 3.282152534654938503e-01 3.944767246064462829e-01 2.304000877507155279e-02 3.690718836691310178e-01 4.464423440713496949e-01 2.052297855411750138e+00 1.338574551295454995e-01 1.910121208660567005e+00 2.359321395213673789e+00 1.982375117136654596e+00 8.430945412036904008e-02 1.870977544367868228e+00 2.127826336675272323e+00
4.179396984924623193e-01 2.931742197720142440e-01 1.712281590262537331e-02 2.728600619667198579e-01 3.282915122974803812e-01 3.911424682048646462e-01 2.342238063911098594e-02 3.608456571900859333e-01 4.493943896660095860e-01 2.038060667970117201e+00 1.326786813390143371e-01 1.878666535561626549e+00 2.372583065816476378e+00 1.966782801802253733e+00 8.441291063772909942e-02 1.849561074440315256e+00 2.109599365692992112e+00
4.229145728643216029e-01 2.938120725875238981e-01 1.726290953863526476e-02 2.738170613007266940e-01 3.299521134770328490e-01 3.877785697262315923e-01 2.165623903289498609e-02 3.577862614133315855e-01 4.433828312294636476e-01 2.023450737503307284e+00 1.255007520296924639e-01 1.871553822449861793e+00 2.342259187304360335e+00 1.946951110286961661e+00 8.311666975364290222e-02 1.845930539028106887e+00 2.086725324236084145e+00
4.278894472361809420e-01 2.948574352559399925e-01 1.738881012189176511e-02 2.752563603193761699e-01 3.310409826065353056e-01 3.859336709808988686e-01 2.096425043537689104e-02 3.565505069712878172e-01 4.384370663823224379e-01 2.012794110757623933e+00 1.206627607370247962e-01 1.872091633122633825e+00 2.328111076860963191e+00 1.930645783269282045e+00 8.173471116293511141e-02 1.834874415279335036e+00 2.053872146929729858e+00
4.328643216080402256e-01 2.957086491757244806e-01 1.720338309359198056e-02 2.762689854349063556e-01 3.318691051195871156e-01 3.845393651210659014e-01 2.423724697748745951e-02 3.508108335437518099e-01 4.433802253960221762e-01 1.997001999822393348e+00 1.263604244218642647e-01 1.852532081964980204e+00 2.328261741730739409e+00 1.917109608143677146e+00 8.063373300801603138e-02 1.834859532542251870e+00 2.027846158299862811e+00
4.378391959798995092e-01 2.964444294434288585e-01 1.704139604209125441e-02 2.773935688175647729e-01 3.323345289651808976e-01 3.821151451741943150e-01 2.158528246327487757e-02 3.529472159962715461e-01 4.314487837376865254e-01 1.981201258743506610e+00 1.155854004151951608e-01 1.834644753992431543e+00 2.266596333331991175e+00 1.902672460329990045e+00 8.520584348649622164e-02 1.802571160023428432e+00 2.032734128714954736e+00
4.428140703517587928e-01 2.969752222255806484e-01 1.708829125475939612e-02 2.778723864988854042e-01 3.328230853321073601e-01 3.802838713185122121e-01 2.133541369928184869e-02 3.518036484739138214e-01 4.284138477321318139e-01 1.977344485487784187e+00 1.131858802725096425e-01 1.843873137719555633e+00 2.256990448262383264e+00 1.886012325880289442e+00 8.587527561270624776e-02 1.794940714868022313e+00 2.007515620100242870e+00
4.477889447236181319e-01 2.977867298406314811e-01 1.705451468731973910e-02 2.783704854087639124e-01 3.332997649214822777e-01 3.782309399759772317e-01 2.145406340758899619e-02 3.489935802516658803e-01 4.260289838322605105e-01 1.966115112584449154e+00 1.072499053963065219e-01 1.828191535933085810e+00 2.227811803889012676e+00 1.870880917258924026e+00 8.535021460520234027e-02 1.781085330153673540e+00 1.990687220946691927e+00
4.527638190954774156e-01 2.987951321187413689e-01 1.687934143979060581e-02 2.799122247241578321e-01 3.336701243881515788e-01 3.765381795442357404e-01 2.135220242064715668e-02 3.454676455197391305e-01 4.210640347590204891e-01 1.948892674739240549e+00 1.088927686757070884e-01 1.806680619352523332e+00 2.208519166563983838e+00 1.858001500672935347e+00 8.169390108222518432e-02 1.769742084060927034e+00 1.971634951207466457e+00
4.577386934673366992e-01 2.995902753908734617e-01 1.703125603022326295e-02 2.807079104340108877e-01 3.339193228513144263e-01 3.731875531341846686e-01 1.973563975296753481e-02 3.451176537624031093e-01 4.174668559685542069e-01 1.931812739341786767e+00 1.084632189133183100e-01 1.775666029352110264e+00 2.192186420411617043e+00 1.839719967650094379e+00 7.986022266014587701e-02 1.756935955983668363e+00 1.959436710066718268e+00
4.627135678391959828e-01 2.999792281817667550e-01 1.706205294421266408e-02 2.806079446832175361e-01 3.342982612134953735e-01 3.693871200834582535e-01 1.862748197900769218e-02 3.425817781332304302e-01 4.050977674329114819e-01 1.918988144554891973e+00 1.016289698530597752e-01 1.770844567612599674e+00 2.149277921701999716e+00 1.825748237280470310e+00 8.047835800771259429e-02 1.735596256060839560e+00 1.952422901942482580e+00
4.676884422110553219e-01 3.008509380167128655e-01 1.712578852815688224e-02 2.811766493579578308e-01 3.351349514678157449e-01 3.677955548203904468e-01 1.892380269538692511e-02 3.398927562648856870e-01 4.035632954813109796e-01 1.899997110376755005e+00 9.975574299958946123e-02 1.760298089087979578e+00 2.119176560922791719e+00 1.808692890393456709e+00 7.714468811100691492e-02 1.725657021694276594e+00 1.930223690889621313e+00
4.726633165829146055e-01 3.014264902361907805e-01 1.674169255351985394e-02 2.816378343884893831e-01 3.341433322887937263e-01 3.648352129857673765e-01 1.870805670340787430e-02 3.397847399459098527e-01 4.014628130274230933e-01 1.894423783953266494e+00 1.021497743609501019e-01 1.753425752344470290e+00 2.116008827039713491e+00 1.792687763750307139e+00 8.339692644479619610e-02 1.705260278069159474e+00 1.936023529449742098e+00
4.776381909547738891e-01 3.024257032687728275e-01 1.662982827378852585e-02 2.829882982334886998e-01 3.347691190299483255e-01 3.622146301423113668e-01 1.919488717489878024e-02 3.374263899027711844e-01 3.994642737421862377e-01 1.883720821496070119e+00 1.128449568431822703e-01 1.726699956033791672e+00 2.130175605355447921e+00 1.779516281255220544e+00 8.291758362160639440e-02 1.686683655671538995e+00 1.922237001007316870e+00
4.826130653266331727e-01 3.028856590623472123e-01 1.663118577687204558e-02 2.835914983042044368e-01 3.351447125688299944e-01 3.586647702408700678e-01 1.972891208760672865e-02 3.331328262816710128e-01 3.975074582785715904e-01 1.866485601815275119e+00 1.112887812559088807e-01 1.709139848363820713e+00 2.119500172583599795e+00 1.763634424091216513e+00 8.577708276130482923e-02 1.661590443438879516e+00 1.908955488345040141e+00
4.875879396984924563e-01 3.034735555955201391e-01 1.666737920917731389e-02 2.841466309642980970e-01 3.361094224088486127e-01 3.561065210670882886e-01 1.939242772614457530e-02 3.304851949350083862e-01 3.950467255762775132e-01 1.855007668240378660e+00 1.082759377631899167e-01 1.708027964792887543e+00 2.109622980608673704e+00 1.744213370802756291e+00 8.621991618309918226e-02 1.637867380422636909e+00 1.881291200439038969e+00
4.925628140703517954e-01 3.042063222167392111e-01 1.683575878576170845e-02 2.848073989086840063e-01 3.372079773639200528e-01 3.526632600269995477e-01 1.588424927872138931e-02 3.297568884263102351e-01 3.831116386514087924e-01 1.843832981314223574e+00 1.056413127375906147e-01 1.698932334353507212e+00 2.093020164071064837e+00 1.729107877322358933e+00 8.439303012362769918e-02 1.624164497237207128e+00 1.865116282383226354e+00
4.975376884422110790e-01 3.050813561359281278e-01 1.689910301759610378e-02 2.853739388375714503e-01 3.379707426703821294e-01 3.482554073264704231e-01 1.536856505272491021e-02 3.268021930886401138e-01 3.749984277747514527e-01 1.831194560226098389e+00 9.698846527021506847e-02 1.700352595177724968e+00 2.042955267102137817e+00 1.713680004027104076e+00 8.445402128641830986e-02 1.607892982582793229e+00 1.862089675237237341e+00
5.025125628140703071e-01 3.057737278636825096e-01 1.665215572733127342e-02 2.862618421281048486e-01 3.382685269311388465e-01 3.464650465464459428e-01 1.401858988596911895e-02 3.286300159404091370e-01 3.710714235251636461e-01 1.817158738372368187e+00 8.955690253005442469e-02 1.694120357906961027e+00 2.010803851125931629e+00 1.698600972683607768e+00 8.341461305793623771e-02 1.597263140255634539e+00 1.838010849415483428e+00
5.074874371859295907e-01 3.063390276570893134e-01 1.621117321031115624e-02 2.875897164800436667e-01 3.383898233012330725e-01 3.438701020582090040e-01 1.433182625604990587e-02 3.258120568040758780e-01 3.675655722606925302e-01 1.807024817093417779e+00 8.848602176979225575e-02 1.688012338340877827e+00 1.999515240244835956e+00 1.685454558927420576e+00 8.170193024290009487e-02 1.578056244484265402e+00 1.816146925175323723e+00
5.124623115577889854e-01 3.068062896149454377e-01 1.615671938789424097e-02 2.886930628496552353e-01 3.389401101018877926e-01 3.422917397525915839e-01 1.427668183874811723e-02 3.242477417174652876e-01 3.665794251848198959e-01 1.789395878431780051e+00 8.466632173778033954e-02 1.652233694725889768e+00 1.960237323237729257e+00 1.671193750897825181e+00 8.330060330153792048e-02 1.550337040469711214e+00 1.800814897435503825e+00
5.174371859296482690e-01 3.074899988248860350e-01 1.602832847021368190e-02 2.895031538955248895e-01 3.390988696553957626e-01 3.389444035551000267e-01 1.396588612202391728e-02 3.206263217193954795e-01 3.626178913381960522e-01 1.776066340433172908e+00 7.997342026161255446e-02 1.629754888749068709e+00 1.922164561335933497e+00 1.656354918452272784e+00 8.216880849791668995e-02 1.537807187262113295e+00 1.780290244990355708e+00
5.224120603015075526e-01 3.081834675382498223e-01 1.606324938548522874e-02 2.902887139346487233e-01 3.400605223016064937e-01 3.363536855249176227e-01 1.329251275684787716e-02 3.173010353905013625e-01 3.603070591450985294e-01 1.765078942423565778e+00 7.833127194594040332e-02 1.620852262897659379e+00 1.912307555098215373e+00 1.637721448485114362e+00 7.897940104974494890e-02 1.521142233700890412e+00 1.761034703506730414e+00
5.273869346733668362e-01 3.087051749832264713e-01 1.599045223570503063e-02 2.915759340952180367e-01 3.407443042400306044e-01 3.326753996718703199e-01 1.356452652806196778e-02 3.112744390374455050e-01 3.573415314210299232e-01 1.749941016415347494e+00 8.281887950457311742e-02 1.603352101442313771e+00 1.910512345705041248e+00 1.622595184448839545e+00 7.898368453368342923e-02 1.508518004008175817e+00 1.746691686337973337e+00
5.323618090452261198e-01 3.093246621731479684e-01 1.604938572772376948e-02 2.924918029106861050e-01 3.416594906429427092e-01 3.313492739115601049e-01 1.408523759337738240e-02 3.105440264977175069e-01 3.575645301226166861e-01 1.740160245205988998e+00 8.760467267824471882e-02 1.580433931748359777e+00 1.908954793893309798e+00 1.607739009060477287e+00 7.948329722038091627e-02 1.498613034971468805e+00 1.735477205925824995e+00
5.373366834170854034e-01 3.099429777378663320e-01 1.598890056408076854e-02 2.932732327425158769e-01 3.422546255040732066e-01 3.294851478269277267e-01 1.353544286447026443e-02 3.088663604102057092e-01 3.548423135409701223e-01 1.725103883842763253e+00 8.396725724382726741e-02 1.575875783548072562e+00 1.892576397153166834e+00 1.590666015452805393e+00 7.603890672674704088e-02 1.481597306815325421e+00 1.705777962026830741e+00
5.423115577889447980e-01 3.103826869002889177e-01 1.595233960397522341e-02 2.935089357309872971e-01 3.428640964291448934e-01 3.256489494294599885e-01 1.156745939243517159e-02 3.068812323800860775e-01 3.431881570961159422e-01 1.714839995854787302e+00 7.832358802965860844e-02 1.568011445559670092e+00 1.866169027299779737e+00 1.578995183548330239e+00 7.676668661684235562e-02 1.473738925885653028e+00 1.689575816221166260e+00
5.472864321608040816e-01 3.110954347071362980e-01 1.588603623126383022e-02 2.944814933242473343e-01 3.437428514020904879e-01 3.236478263061880467e-01 1.150334471601109805e-02 3.062332624492207223e-01 3.413518144385712660e-01 1.703824352807394193e+00 7.927467836269742885e-02 1.552986511485872079e+00 1.849198774725755445e+00 1.563588982974433383e+00 7.815420518249449611e-02 1.453123777257908644e+00 1.675959979877888140e+00
5.522613065326633652e-01 3.112082695359578710e-01 1.571991619325518660e-02 2.943500893813930652e-01 3.429807352931493747e-01 3.208101926521337299e-01 1.017603147615486758e-02 3.059194607632656493e-01 3.379348161984056520e-01 1.690285455425089678e+00 7.482482691176849110e-02 1.545696709588163964e+00 1.821621041679207353e+00 1.549770238915869403e+00 7.809487893405488157e-02 1.434290256711383771e+00 1.665688170791907785e+00
5.572361809045226488e-01 3.115560742455695808e-01 1.581580949620985457e-02 2.948830303742568382e-01 3.434830335776556387e-01 3.185607014724677888e-01 1.085252210244913411e-02 3.019483185303470374e-01 3.363035926150423904e-01 1.682106480478977151e+00 7.206557923600952209e-02 1.538503872502240410e+00 1.814909747293558029e+00 1.537761915136229174e+00 7.827740133135697997e-02 1.418477399503422998e+00 1.649843716031400120e+00
5.622110552763819324e-01 3.118670052959993111e-01 1.533985334589814918e-02 2.954529995525494446e-01 3.426929719870067670e-01 3.171187102071466590e-01 1.086314951023168059e-02 3.017523641872735807e-01 3.337464283923384234e-01 1.671992995195951126e+00 7.094223693086897098e-02 1.530983508564362161e+00 1.808644344197363418e+00 1.524258637471853195e+00 7.593837681549728269e-02 1.406696772075916035e+00 1.638870620612764561e+00
5.671859296482412161e-01 3.119768019642649159e-01 1.517048425930412649e-02 2.957250795475500627e-01 3.427136494270371370e-01 3.139564021158783858e-01 1.033182341653669269e-02 2.992032465529577689e-01 3.347868387673200719e-01 1.664884150323925338e+00 7.157737122186143275e-02 1.524494184186926171e+00 1.814760125564316651e+00 1.510821301427940355e+00 7.683563727570932866e-02 1.397773735489562741e+00 1.618530588595720410e+00
5.721608040201004997e-01 3.125462645822481011e-01 1.492644230004474409e-02 2.968738487439385176e-01 3.429149944915528270e-01 3.107398536814399148e-01 1.142113131262042364e-02 2.944256754088214745e-01 3.348557566745496428e-01 1.652655544724949355e+00 7.499726892722946570e-02 1.504478823480796867e+00 1.813307910182310856e+00 1.498732332017809199e+00 7.754218317178920850e-02 1.385467561180154794e+00 1.604142166217336518e+00
5.771356783919597833e-01 3.128985431176332099e-01 1.508335085722360518e-02 2.964348020418050567e-01 3.434335650288223851e-01 3.078659839648552610e-01 1.248101973575531376e-02 2.895165093575458592e-01 3.335939389960185797e-01 1.640326563779443747e+00 7.206412484319359157e-02 1.503777685826783950e+00 1.799684865206046425e+00 1.485563762565215606e+00 7.749657763469458560e-02 1.371545563311127314e+00 1.591259013736710859e+00
5.821105527638190669e-01 3.133669217473064594e-01 1.484524364101647530e-02 2.972345083737054083e-01 3.437030067288794344e-01 3.042300847762063887e-01 1.255348740283386208e-02 2.850942528595105108e-01 3.299020179414673959e-01 1.625036832925415009e+00 7.330591567288312349e-02 1.489437739466519250e+00 1.792608224743612366e+00 1.473237179867400659e+00 7.767849715713523451e-02 1.360140159478196109e+00 1.584970057996610837e+00
5.870854271356784615e-01 3.135591057184285990e-01 1.435168563917657222e-02 2.976921027120696395e-01 3.429044317939851094e-01 3.024525329256833039e-01 1.272588557897146380e-02 2.815804945350966482e-01 3.267826822248628971e-01 1.613199089383693163e+00 7.655151611717719851e-02 1.471188975581300129e+00 1.790796934924939965e+00 1.460107080814991631e+00 7.613259632423542700e-02 1.348470964720747789e+00 1.573008184509433027e+00
5.920603015075377451e-01 3.140928304831475115e-01 1.458401879482929681e-02 2.975451408187292923e-01 3.438555750102083586e-01 3.006769915686438588e-01 1.279255299525304014e-02 2.800411236192628106e-01 3.231104171254564061e-01 1.602323084697706790e+00 7.492485708620212626e-02 1.462061342602248848e+00 1.774848654287001226e+00 1.447662299662271446e+00 7.607619940786408685e-02 1.341850044654246510e+00 1.566183661076954836e+00
5.970351758793970287e-01 3.144765798654327038e-01 1.449141742752851902e-02 2.981590884448317991e-01 3.443568102268547704e-01 2.992634338231584534e-01 1.330798009989053038e-02 2.799911401912140163e-01 3.247794091172079844e-01 1.585589947602845884e+00 7.193415749990816899e-02 1.454756504565370090e+00 1.749555013344917587e+00 1.433909726289388953e+00 7.514519038633030168e-02 1.329840220873602208e+00 1.546561708253653356e+00
6.020100502512563123e-01 3.148752169377711518e-01 1.423611127441376696e-02 2.983144534260526726e-01 3.442840853961896541e-01 2.969405905434028270e-01 1.315909655441365594e-02 2.768125982363160986e-01 3.233982459055740333e-01 1.572899711912502108e+00 7.149720284808364079e-02 1.446457886779722424e+00 1.732400105067223972e+00 1.422096905435668912e+00 7.314395421542430054e-02 1.324766441033738973e+00 1.538404168797740557e+00
6.069849246231155959e-01 3.153316040630271266e-01 1.441421762401608013e-02 2.981587303358724239e-01 3.449426750561347954e-01 2.948524931755943657e-01 1.337549757244820524e-02 2.758521482037167849e-01 3.210536158108803217e-01 1.563783388542624886e+00 7.226877124388141060e-02 1.453475670883297877e+00 1.732824089946653601e+00 1.409650200764239525e+00 7.452681714014923464e-02 1.310503868829002050e+00 1.526579677858133088e+00
6.119597989949748795e-01 3.157007531751395701e-01 1.453106772300734664e-02 2.991296430296504494e-01 3.460385255152088058e-01 2.926146310879209067e-01 1.359208981583765255e-02 2.747850463367539353e-01 3.203124415028724692e-01 1.551008684617606104e+00 7.136378620632900793e-02 1.446684512758916075e+00 1.715876426645390085e+00 1.399395554948531961e+00 7.449788139895639760e-02 1.299060333190636740e+00 1.511856474078591583e+00
6.169346733668341631e-01 3.159863076147212402e-01 1.425771187901036380e-02 2.994537151905224404e-01 3.452901307177930756e-01 2.911002703434559802e-01 1.371624347438657986e-02 2.731334895412670383e-01 3.174263699370034608e-01 1.539600893106562784e+00 7.125522021233142433e-02 1.440016651573827522e+00 1.701466622503525983e+00 1.387422730377654734e+00 7.358075268371001842e-02 1.285944893940055733e+00 1.499530747326570213e+00
6.219095477386934467e-01 3.164165050753228181e-01 1.414684725148435303e-02 2.999921071966252795e-01 3.457223742246723353e-01 2.890323451449079428e-01 1.253809776005013719e-02 2.735823952369697554e-01 3.130677771514155383e-01 1.525491169461076435e+00 7.070982753469906568e-02 1.424750742395353598e+00 1.688277192216948164e+00 1.374921814242377360e+00 7.331784050391340624e-02 1.269404842184039595e+00 1.488228348661879030e+00
6.268844221105528414e-01 3.165265951117808285e-01 1.399913342877454232e-02 2.997910193707857829e-01 3.455158742292904206e-01 2.866299810015929816e-01 1.230433964221424627e-02 2.715653621953620367e-01 3.087501745788713836e-01 1.514515618040268574e+00 6.979898136599059499e-02 1.408943430992622980e+00 1.677593250829136462e+00 1.363751722292742885e+00 7.337488737409809947e-02 1.259484177336648525e+00 1.478277491299379687e+00
6.318592964824121250e-01 3.169317664468948026e-01 1.384191055517313904e-02 3.009599111083392509e-01 3.462183554567716537e-01 2.841817678222485211e-01 1.224877695156017902e-02 2.685055123656090448e-01 3.053277047124539068e-01 1.499039376650796562e+00 6.976865242764400399e-02 1.384853368421967712e+00 1.657804779431166109e+00 1.354558917492751036e+00 7.164241926411193950e-02 1.254351061216607777e+00 1.469564446491229193e+00
6.368341708542714086e-01 3.172768647015189458e-01 1.378330967144783016e-02 3.013607548994727825e-01 3.461570802019892645e-01 2.818734518566418656e-01 1.174691297180000503e-02 2.667188410109914698e-01 3.030522104391543681e-01 1.487370306016932764e+00 7.200123938975738769e-02 1.368533981350160467e+00 1.646883144505439267e+00 1.344816828725685642e+00 7.034742782153077800e-02 1.244274355875648164e+00 1.460797242776492366e+00
6.418090452261306922e-01 3.176870122670483743e-01 1.388467047198290935e-02 3.016443453694906962e-01 3.470010289627089017e-01 2.791080027776751127e-01 1.112843213937385160e-02 2.637467889012729549e-01 2.986627417392386796e-01 1.471396627792241230e+00 7.276223345994235758e-02 1.346648846530904775e+00 1.624179718419895613e+00 1.334385545243265803e+00 7.019917433664792095e-02 1.237757983718467569e+00 1.448296504532326834e+00
6.467839195979899758e-01 3.178999925009895478e-01 1.370304162094703078e-02 3.018879596195438997e-01 3.466967771815079868e-01 2.772105546686973732e-01 1.082693496049150911e-02 2.623433476471089820e-01 2.941237139556805991e-01 1.457541106578024381e+00 7.313288876305816533e-02 1.332377697474680822e+00 1.615291798977181559e+00 1.321635903792001132e+00 6.980669378143758430e-02 1.220226221900984509e+00 1.436730650669107101e+00
6.517587939698492594e-01 3.180927618953354741e-01 1.351956964967882327e-02 3.024508987990354170e-01 3.457136791035442247e-01 2.751886268222266674e-01 1.105824730706824605e-02 2.564980733151155934e-01 2.932476850221239495e-01 1.446368514918698001e+00 6.935732145853093500e-02 1.329081241718991668e+00 1.594426701494788823e+00 1.310406835556163774e+00 6.887120094358922806e-02 1.208788027184694247e+00 1.424848760576854945e+00
6.567336683417085430e-01 3.180737250910449232e-01 1.314982179242971463e-02 3.029580910505407232e-01 3.446946910439407930e-01 2.720540065983256817e-01 1.036921837275358790e-02 2.543957088095009089e-01 2.935235376817754704e-01 1.430858517136791352e+00 6.733628942025451924e-02 1.307881036587418500e+00 1.562416386084194864e+00 1.300068482220076760e+00 6.755641412659826872e-02 1.198164705094166615e+00 1.414467874184491825e+00
6.617085427135678266e-01 3.181345360504274078e-01 1.301832791266652536e-02 3.033253213689953709e-01 3.443747302540242083e-01 2.689415757121093598e-01 1.052421772732577143e-02 2.522034867088671639e-01 2.901272552885623135e-01 1.421841335069743861e+00 6.819046840364886841e-02 1.307568020777134077e+00 1.559676056585404869e+00 1.290738905535522507e+00 6.669127840004131225e-02 1.188441602035369415e+00 1.404787944375792463e+00
6.666834170854271102e-01 3.182534340557512942e-01 1.317907867496505986e-02 3.032979321933398364e-01 3.449239163126892604e-01 2.660616041097889073e-01 1.055610349205408569e-02 2.503050698460008716e-01 2.875139880789149838e-01 1.410161619801368893e+00 6.990762885695477047e-02 1.300239188869467100e+00 1.563329431684800319e+00 1.281955350796664117e+00 6.581075119673165941e-02 1.183463437661329776e+00 1.393585374449911152e+00
6.716582914572865048e-01 3.185636998903178529e-01 1.310094331137831927e-02 3.034446324979945264e-01 3.444968919911250427e-01 2.635078824253930252e-01 1.075223104621924990e-02 2.457374491889521007e-01 2.854280644172267900e-01 1.395322761814019596e+00 6.606253496090300215e-02 1.288105899531179821e+00 1.540749825622255598e+00 1.270820248334102009e+00 6.531764200883506677e-02 1.176313954429029529e+00 1.379065585554907658e+00
6.766331658291457885e-01 3.187931133636385805e-01 1.294863316417654148e-02 3.038418464717895784e-01 3.438126548597358889e-01 2.613600025850151831e-01 1.062003156772867336e-02 2.426950372288207980e-01 2.821954608817604515e-01 1.378381735219439630e+00 6.867840971926858495e-02 1.273824746946111031e+00 1.528576710748796863e+00 1.262205288684111526e+00 6.444831119900260030e-02 1.171462446943966507e+00 1.366698248641258440e+00
6.816080402010050721e-01 3.190509347955458042e-01 1.290510732970120630e-02 3.038664477680316778e-01 3.440399256822143093e-01 2.587785548376189126e-01 1.071165306803878794e-02 2.399358526413616632e-01 2.813202057111567900e-01 1.365915266462160105e+00 6.387032588840980962e-02 1.268247808015568134e+00 1.506405907176728620e+00 1.251252955775104203e+00 6.220891420088035112e-02 1.164969204073396991e+00 1.349044709438256717e+00
6.865829145728643557e-01 3.191353261346763781e-01 1.302744363005870626e-02 3.041026193931579136e-01 3.439530474977153807e-01 2.559358789959668146e-01 1.101012445753446652e-02 2.374977368462102556e-01 2.811489369349325917e-01 1.352026930708118746e+00 6.566523632563674162e-02 1.248355946240634395e+00 1.498017800838605140e+00 1.241928806183944856e+00 6.189546891335577505e-02 1.158732285106938154e+00 1.345062345093583023e+00
6.915577889447236393e-01 3.194252172497994424e-01 1.280643742262667882e-02 3.043984794896132384e-01 3.440103136647841842e-01 2.544176557409394968e-01 1.106310037246278216e-02 2.364700629042352231e-01 2.803124961330074050e-01 1.338875688327712199e+00 6.875924180635305250e-02 1.233345834210548997e+00 1.484669410816567003e+00 1.231811233212564138e+00 6.231465832507981917e-02 1.149426807303188802e+00 1.338339492673253472e+00
6.965326633165829229e-01 3.196616727127482571e-01 1.276714428442844024e-02 3.046773357328586007e-01 3.445081308390304242e-01 2.517752739016534402e-01 1.109917994890986456e-02 2.327210221518731803e-01 2.767043553944717460e-01 1.326581762659758912e+00 7.349903036054926397e-02 1.210177553759308022e+00 1.477451654588781693e+00 1.223197544091502165e+00 6.088727714212836817e-02 1.146199590440809102e+00 1.328696660085513459e+00
7.015075376884422065e-01 3.197216916558127120e-01 1.250147199676420774e-02 3.047169059489069354e-01 3.437754579458143778e-01 2.487547383378128085e-01 1.218874276731483561e-02 2.294724312172463643e-01 2.766993481533001620e-01 1.313941818187265298e+00 7.264505614700060565e-02 1.203593963809225897e+00 1.462193607041527788e+00 1.213625684318170972e+00 6.202438422896189296e-02 1.134583355859817511e+00 1.317914545918873692e+00
7.064824120603014901e-01 3.196712524438951042e-01 1.214476966466001423e-02 3.055291928382355415e-01 3.430394971247458513e-01 2.460967988210825685e-01 1.275889745506831631e-02 2.254180214522487902e-01 2.764105805048220343e-01 1.298715538182062978e+00 7.490415738710200222e-02 1.185773145308453680e+00 1.463678575232704171e+00 1.205674771827361491e+00 6.036269941485640500e-02 1.127352402129444542e+00 1.309056961976080347e+00
7.114572864321608847e-01 3.199919846736705153e-01 1.211855088229084852e-02 3.057618457722635075e-01 3.432487728103166269e-01 2.436293753840388931e-01 1.237808449845119625e-02 2.232307353491999047e-01 2.736317734909718968e-01 1.283687371893306839e+00 7.614894097350882740e-02 1.176665647039653262e+00 1.455330542201877853e+00 1.197171501761156831e+00 5.931672830553427062e-02 1.121772134081676642e+00 1.298160837372217324e+00
7.164321608040201683e-01 3.203928357960579842e-01 1.192024977160692327e-02 3.063087600043786218e-01 3.429894881513455007e-01 2.411467876967667012e-01 1.196471396735609635e-02 2.208881596064118380e-01 2.695878886554359255e-01 1.267557366247340056e+00 7.672487261570974659e-02 1.164392942562867850e+00 1.441808844076599039e+00 1.188202784360882003e+00 5.995135212932690971e-02 1.114350310503960717e+00 1.290165979620748749e+00
7.214070351758794519e-01 3.204580596780169932e-01 1.158533588528012047e-02 3.068489343801827918e-01 3.425516034198472504e-01 2.379179755066690161e-01 1.199086054093573446e-02 2.195823088649432042e-01 2.675077895516649318e-01 1.253880433184869414e+00 7.586325214957968799e-02 1.154832677226308224e+00 1.427521719526656740e+00 1.180248439158710916e+00 5.840405164872259497e-02 1.106799720538975240e+00 1.276301843146669501e+00
7.263819095477387355e-01 3.204493554126950916e-01 1.145005830467078940e-02 3.071219768709149145e-01 3.425752981508797812e-01 2.341915066439136106e-01 1.225789496365233162e-02 2.166302924803708563e-01 2.638510153302816574e-01 1.238229254762448939e+00 7.396648749698830905e-02 1.141509177702250577e+00 1.401830247546609121e+00 1.170891229415770507e+00 5.830335020636366605e-02 1.104884275595725551e+00 1.266018404935202346e+00
7.313567839195980191e-01 3.205734504738509960e-01 1.149619661037929591e-02 3.073077888213624487e-01 3.429199717062188513e-01 2.313025226698549874e-01 1.265857809724524330e-02 2.121481504603850987e-01 2.608238919643658393e-01 1.225709130855632045e+00 7.434831905399179319e-02 1.126433560275621693e+00 1.397150142756934388e+00 1.162531168623383682e+00 5.859866202488882986e-02 1.094929324507481150e+00 1.260646775290642507e+00
7.363316582914573027e-01 3.206521112262711304e-01 1.148481135402728420e-02 3.070621789435578064e-01 3.428576453976724392e-01 2.286453630198458098e-01 1.247637063439725920e-02 2.096174086598263098e-01 2.556446250634692441e-01 1.212312445769800906e+00 7.503250007291421830e-02 1.107913706667857934e+00 1.384525805663359588e+00 1.154873891697262289e+00 5.802694737275004844e-02 1.085240565232175491e+00 1.251267584194924343e+00
7.413065326633165864e-01 3.207635173632948367e-01 1.115010630580531154e-02 3.074261870471544089e-01 3.424871089757071663e-01 2.258498520778575158e-01 1.151085086885605263e-02 2.075856891152530470e-01 2.491100358957688832e-01 1.197516931974976107e+00 7.429002318848840214e-02 1.096333498113373883e+00 1.367174887519973181e+00 1.145478863092502575e+00 5.719185883830610329e-02 1.077364251194985689e+00 1.243959656023109872e+00
7.462814070351758700e-01 3.210811452685187195e-01 1.120078293855230299e-02 3.075734058394625769e-01 3.428521874712919248e-01 2.228408859029576694e-01 1.190244069085149084e-02 2.028687769057184731e-01 2.430562161267238175e-01 1.184268700190600043e+00 7.310714801318334011e-02 1.082903104672516603e+00 1.350758084738334253e+00 1.138235026480333811e+00 5.656001266429671465e-02 1.072208297857762949e+00 1.236630474811574620e+00
7.512562814070351536e-01 3.210859841723819885e-01 1.095588575602877979e-02 3.080746667320217180e-01 3.430341603907360315e-01 2.204835273669144835e-01 1.204234474173305168e-02 2.009578675978582474e-01 2.420172862453734697e-01 1.171186431821606533e+00 7.515790699821704723e-02 1.063391491244104703e+00 1.337390621645919486e+00 1.130439877745921251e+00 5.515489596951124451e-02 1.066397018655348417e+00 1.229856241137530226e+00
7.562311557788945482e-01 3.212275107486702863e-01 1.083108385956749707e-02 3.083663975219909092e-01 3.430443896621935274e-01 2.174632762100271177e-01 1.107855376633359000e-02 1.991288189636070127e-01 2.376276788775386062e-01 1.156678666698772506e+00 7.370782049373801603e-02 1.048791390422945335e+00 1.317185021598122452e+00 1.124136787778545088e+00 5.442728163672373026e-02 1.060837724153060213e+00 1.221802077842951917e+00
7.612060301507538318e-01 3.211672337812713218e-01 1.071999739366481276e-02 3.082526367967251546e-01 3.425694575127811725e-01 2.139730868623155868e-01 1.123593148995719222e-02 1.957048024696988464e-01 2.334112670975673209e-01 1.140720761201654998e+00 7.239214766310314575e-02 1.037977864903551595e+00 1.297184670144329921e+00 1.116344604937844043e+00 5.384695699618498310e-02 1.054230527474688595e+00 1.215940235547880999e+00
7.661809045226131154e-01 3.211940818590452995e-01 1.069868141576276258e-02 3.085840398391351269e-01 3.426276657315287522e-01 2.109736825874419797e-01 1.222113196822476391e-02 1.926851448951381884e-01 2.297194740511830369e-01 1.126234995217512358e+00 6.924265540869195545e-02 1.029986746869999248e+00 1.280754015156868819e+00 1.108588861577007645e+00 5.364460374203912363e-02 1.048446222604873856e+00 1.210281631405273561e+00
7.711557788944723990e-01 3.212261373953105847e-01 1.063419245052891343e-02 3.088841199806841575e-01 3.427414757071207685e-01 2.081437501774903998e-01 1.214910658824194974e-02 1.877259261784159083e-01 2.255684019706150900e-01 1.110294878421747455e+00 6.584770091535159520e-02 1.018191980539456587e+00 1.257640787625994294e+00 1.100295807319630281e+00 5.175415631068510519e-02 1.042667007405494672e+00 1.198364369538332586e+00
7.761306532663316826e-01 3.212483241936398004e-01 1.036550961864764371e-02 3.093978624660529975e-01 3.421907230706798808e-01 2.053691394717072627e-01 1.233402288773051241e-02 1.868693678070539876e-01 2.223874034389119736e-01 1.096407758543249455e+00 6.565854769799958635e-02 1.004454089256646920e+00 1.242739896015411238e+00 1.092407838015375443e+00 5.100970600966137775e-02 1.036034079112730932e+00 1.187692327905873757e+00
7.811055276381909662e-01 3.210697457755194995e-01 1.013207454806091742e-02 3.098067113676479800e-01 3.410544073157356637e-01 2.028843197812401355e-01 1.202077441521309971e-02 1.842325272912298251e-01 2.197048465843447762e-01 1.081821182976802520e+00 6.372162145004547917e-02 9.909130962008579901e-01 1.220410885490202491e+00 1.084738038626744894e+00 5.051657951716073680e-02 1.031434218558412441e+00 1.177868561317831242e+00
7.860804020100502498e-01 3.213955882952488352e-01 1.012799111601369283e-02 3.100629851444226537e-01 3.411337057171497378e-01 1.995520563482734988e-01 1.262257443184205442e-02 1.798809456120294692e-01 2.168378255013218014e-01 1.066537857827231095e+00 6.193642612207640036e-02 9.811915001449403873e-01 1.197047234346487743e+00 1.076912647280924062e+00 4.903222803529400792e-02 1.024440314159716481e+00 1.169756904634566608e+00
7.910552763819095334e-01 3.214485861422317070e-01 9.961578168278285850e-03 3.101782695771385101e-01 3.406197847082223507e-01 1.967071395408211409e-01 1.300589178981481284e-02 1.780902245648528226e-01 2.150296260070172216e-01 1.051653407736981904e+00 6.163392858025584786e-02 9.667269733308319068e-01 1.179352259020948424e+00 1.069369548240567847e+00 4.759785847921444574e-02 1.018798864360048961e+00 1.156979065413335173e+00
7.960301507537689281e-01 3.214998861102256744e-01 9.914026032271169506e-03 3.102672221906917494e-01 3.403960653563219974e-01 1.944774237217195834e-01 1.371234526371871085e-02 1.748778101846897026e-01 2.138812604221931035e-01 1.038433929515428122e+00 6.320241770804153891e-02 9.531055145527618233e-01 1.166238573307057713e+00 1.062273415807214461e+00 4.706282948125417587e-02 1.012433026537101100e+00 1.152720772357231471e+00
8.010050251256282117e-01 3.212322730903904300e-01 9.912301231165029924e-03 3.101714836634245076e-01 3.395003037706442184e-01 1.919447681793965965e-01 1.343102134113432870e-02 1.726915265003591826e-01 2.111261605316844259e-01 1.022396323858612455e+00 6.254469337421245112e-02 9.367896702108835516e-01 1.153492160154563129e+00 1.055273638711188955e+00 4.603296328629989664e-02 1.004388868239451948e+00 1.143940534683529187e+00
8.059798994974874953e-01 3.213042856541782344e-01 9.756792296568025588e-03 3.104383457931302881e-01 3.393121805417432801e-01 1.890948115430451382e-01 1.301637696069558349e-02 1.701296827214080487e-01 2.074666319660498637e-01 1.008273687874712277e+00 6.246438935469870307e-02 9.279529847360101780e-01 1.145123640180849334e+00 1.047785326185456611e+00 4.560228848740709856e-02 9.945896773798655888e-01 1.136938667828092386e+00
8.109547738693467789e-01 3.214913105417727124e-01 9.586369957531438654e-03 3.107622971953376556e-01 3.390350785487153407e-01 1.854973382689195094e-01 1.303801383883992915e-02 1.652789306905741717e-01 2.028422600487382044e-01 9.951743106559242102e-01 6.374844849840710648e-02 9.163701562882874407e-01 1.135069933429385225e+00 1.041299072600015307e+00 4.433530606617004655e-02 9.915482767285517252e-01 1.128031395866992082e+00
8.159296482412060625e-01 3.212337906584189495e-01 9.416582167834971345e-03 3.105080951257599975e-01 3.382513865176456913e-01 1.820143635832811024e-01 1.344430957041630598e-02 1.594197716579333624e-01 2.001869911280008130e-01 9.796414110653681728e-01 6.280693982398993791e-02 9.026324003457205647e-01 1.113111866586614873e+00 1.033832927578859140e+00 4.449705040425531305e-02 9.843916357166770936e-01 1.121617585489877555e+00
8.209045226130653461e-01 3.212001044081039813e-01 9.157700430137475506e-03 3.107231127680137317e-01 3.377779193387547285e-01 1.792564326886142700e-01 1.344402806469631104e-02 1.575275467199815094e-01 1.982635924838234975e-01 9.666125985448754676e-01 5.973303588322598223e-02 8.935277823486539317e-01 1.093214865651582546e+00 1.027937421838597931e+00 4.268316743093851506e-02 9.805234922042588286e-01 1.114269207808126660e+00
8.258793969849246297e-01 3.210613916544567958e-01 8.926436925135481509e-03 3.107587858576933426e-01 3.370594709496919639e-01 1.759479751801728276e-01 1.331296255022502463e-02 1.538615233677060878e-01 1.966158929152553858e-01 9.510874575667340736e-01 5.891765107436642418e-02 8.717928700854903346e-01 1.073265988218295108e+00 1.020509422483462325e+00 4.127423940574140998e-02 9.739862048171670228e-01 1.103394440306724622e+00
8.308542713567839133e-01 3.210082083542465936e-01 8.815349594552018830e-03 3.108379462818636751e-01 3.368746917317403389e-01 1.725094542644295958e-01 1.299830732254252455e-02 1.504051256937626868e-01 1.944432487771167728e-01 9.337633680089109101e-01 5.823092668918734144e-02 8.602046767890696444e-01 1.056831925781281267e+00 1.012559642419101014e+00 3.951490790248342322e-02 9.687816895372002302e-01 1.089002369704952677e+00
8.358291457286431969e-01 3.207048240149826257e-01 8.845525741548820528e-03 3.102761019612706450e-01 3.368170526169909085e-01 1.694858928545923404e-01 1.284393739052623259e-02 1.478739356988847675e-01 1.902787556411943137e-01 9.200444858341562115e-01 5.839650241286259424e-02 8.478986780569749415e-01 1.044995548096077975e+00 1.005496325826173321e+00 3.885371022326172125e-02 9.599098666744647623e-01 1.080899708165298456e+00
8.408040201005025915e-01 3.206009602627856170e-01 8.835347080674587142e-03 3.102843138127586720e-01 3.364549436534295945e-01 1.669911486525949007e-01 1.213391894550969359e-02 1.473174029733843871e-01 1.881737218326183514e-01 9.052417014186315836e-01 5.800991092487162853e-02 8.328160507366889620e-01 1.032667829199680254e+00 9.982671079134831649e-01 3.795107659220847696e-02 9.524325389686333354e-01 1.069912461060150477e+00
8.457788944723618751e-01 3.204325041608753755e-01 8.595535005166117168e-03 3.106007365078539140e-01 3.351088733522917251e-01 1.640169281520852951e-01 1.187718722528863062e-02 1.459237509644368547e-01 1.860454861480722588e-01 8.914186167388384874e-01 5.563550313261706598e-02 8.247517209976472641e-01 1.015663129004282572e+00 9.914438639244753659e-01 3.704693334262312149e-02 9.454028585359128822e-01 1.062036214656628674e+00
8.507537688442211588e-01 3.203224682101534215e-01 8.417002486656150959e-03 3.106046964895372020e-01 3.347961907953058702e-01 1.618668945343937626e-01 1.157620207457863565e-02 1.442988931103401373e-01 1.837328081317291251e-01 8.756284402584441073e-01 5.378184629762519653e-02 8.074905619478510710e-01 9.987590916698094734e-01 9.847561058255968058e-01 3.718462598917603168e-02 9.377711087846539728e-01 1.055049691413383117e+00
8.557286432160804424e-01 3.203464933086531685e-01 8.310885568667072260e-03 3.107120505254355458e-01 3.348503227804266458e-01 1.589454848060938841e-01 1.116316661266743455e-02 1.426335094807520687e-01 1.802348203177309982e-01 8.589625603120619735e-01 5.567965614784291251e-02 7.882943535839352922e-01 9.859158381089124790e-01 9.772610102765938445e-01 3.552238012996047911e-02 9.313524477798467149e-01 1.041784513688128078e+00
8.607035175879397260e-01 3.203019186167527788e-01 8.454326700408148001e-03 3.108660704843776434e-01 3.350644793599004134e-01 1.560828649378863120e-01 9.644045301503208212e-03 1.413393058666721214e-01 1.728190011230278378e-01 8.449103911807671619e-01 5.460077276695603221e-02 7.731400681815867593e-01 9.691722620507395858e-01 9.704893190328821584e-01 3.337794651776985339e-02 9.271497673630423320e-01 1.033281874445426185e+00
8.656783919597990096e-01 3.199306416053023239e-01 8.246245177627691339e-03 3.110102188875496498e-01 3.343716926528733646e-01 1.537795623985347970e-01 9.332538023767813704e-03 1.401482414120108211e-01 1.691493794934524619e-01 8.297175882796823387e-01 5.208840028975881414e-02 7.619913150097221699e-01 9.444998832453130877e-01 9.643232149887441818e-01 3.199357967388658658e-02 9.242165635432495474e-01 1.022975983837455027e+00
8.706532663316582932e-01 3.197536424587580361e-01 8.163442973172578901e-03 3.108288971358768027e-01 3.346084768198025472e-01 1.516647787280477611e-01 9.061240144450427234e-03 1.386765980347797189e-01 1.673477913149255536e-01 8.139640513462500504e-01 5.022986472857320778e-02 7.547420908180572097e-01 9.239240384104463466e-01 9.577679984760243403e-01 3.152533487566688830e-02 9.179706830358294045e-01 1.016333295762823496e+00
8.756281407035175768e-01 3.195604309789756847e-01 7.871104769664689915e-03 3.110693492290528828e-01 3.339339148190104134e-01 1.491490268307233413e-01 9.087220320128670120e-03 1.352221384862750120e-01 1.647229947778298675e-01 7.998581843999066354e-01 4.727876895712002092e-02 7.445184732149605633e-01 9.057368302968303864e-01 9.510253160237516212e-01 3.050279410357475268e-02 9.146088338361152426e-01 1.009079521324504292e+00
8.806030150753769714e-01 3.193742023443435496e-01 7.613977713219818345e-03 3.108126524173954741e-01 3.330163364501962375e-01 1.459865159976158344e-01 9.106608863170655155e-03 1.343013729648669941e-01 1.620032059115053269e-01 7.845500157762125282e-01 4.571275584532779462e-02 7.333719884722651461e-01 8.854336308503026887e-01 9.448242446291370555e-01 2.922560727964510288e-02 9.094566927995757499e-01 1.001742256327368574e+00
8.855778894472362550e-01 3.192180922364302731e-01 7.427940035780651942e-03 3.110824807497152844e-01 3.322388688950431712e-01 1.425606268636664120e-01 9.175692858227823059e-03 1.306781474833882406e-01 1.598904110558191649e-01 7.697469414444675362e-01 4.726723834234303895e-02 7.168797527103756284e-01 8.731713039114317176e-01 9.383284332720478460e-01 2.808121736641996935e-02 9.037894511142224863e-01 9.921689919255497481e-01
8.905527638190955386e-01 3.187527521995472957e-01 7.196881501498401425e-03 3.110358823295800712e-01 3.315659238339843107e-01 1.396721845342675516e-01 8.495027222964256913e-03 1.291864046802343180e-01 1.540948108308929365e-01 7.552801924061915972e-01 4.585821565823275381e-02 7.017122930089229049e-01 8.561264613575633176e-01 9.316470544766712880e-01 2.745580059623244432e-02 8.978042218467902069e-01 9.846965919752375118e-01
8.955276381909548222e-01 3.184399571175736132e-01 7.017475598324933450e-03 3.109369721489322336e-01 3.311705451264115863e-01 1.370799091145629145e-01 8.660126813323426598e-03 1.262313937951890508e-01 1.518573669101730694e-01 7.399494713925079958e-01 4.481777738775960529e-02 6.900853623837130968e-01 8.358533651479558291e-01 9.252043155273804720e-01 2.661432517422056970e-02 8.910613847309375446e-01 9.758709318275353706e-01
9.005025125628141058e-01 3.182802420363616824e-01 6.897469747579387973e-03 3.111793819872215039e-01 3.309071524105930973e-01 1.339561080259209780e-01 8.562156726403057083e-03 1.239078832256922114e-01 1.486697800207727183e-01 7.242955780571030955e-01 4.365272831041262097e-02 6.692587201431949850e-01 8.159772106898370847e-01 9.190759153309671081e-01 2.633454399695916298e-02 8.860650923973062421e-01 9.675616801438913228e-01
9.054773869346733894e-01 3.178666515381230462e-01 6.628073111079310631e-03 3.105374786057081837e-01 3.296027637928892196e-01 1.311180261760747645e-01 8.724668537867175805e-03 1.203169954276184783e-01 1.460080776064600627e-01 7.108578417446109743e-01 4.435664913581140179e-02 6.553885228465322621e-01 8.061072320529903967e-01 9.126758386951262514e-01 2.611687126069215173e-02 8.800604902284755449e-01 9.581848213545096637e-01
9.104522613065326730e-01 3.175220745851235482e-01 6.433512094510110413e-03 3.104167704737128552e-01 3.291409366502748846e-01 1.280751462398620477e-01 8.988670477158343039e-03 1.178360994211180984e-01 1.430192135119704444e-01 6.944563611262940528e-01 4.184875167726070239e-02 6.459860592484346631e-01 7.833592295315203735e-01 9.060919593271801187e-01 2.475550934477483561e-02 8.755335342774022145e-01 9.492752079213492289e-01
9.154271356783919567e-01 3.170001593916133009e-01 6.535539946806863745e-03 3.093012616040878848e-01 3.290170787244450223e-01 1.251400618712478208e-01 8.894924975084020705e-03 1.157994596439169133e-01 1.402134211890553872e-01 6.811506241061945355e-01 4.013282554585781425e-02 6.376795618471027272e-01 7.685374616886423427e-01 8.994674693935514886e-01 2.349863500992177556e-02 8.705957153281080885e-01 9.400927430117497208e-01
9.204020100502512403e-01 3.162973388265640229e-01 6.207630793113285556e-03 3.091405713333129635e-01 3.284449659267997812e-01 1.226194860423179406e-01 8.526067173162199878e-03 1.137774613379698013e-01 1.360761600976251595e-01 6.659205116258322121e-01 3.906393232624482542e-02 6.254516590229614037e-01 7.496221433865625228e-01 8.931086336387377145e-01 2.289699027722635200e-02 8.655649790128659982e-01 9.334064674457049904e-01
9.253768844221106349e-01 3.157584015502969965e-01 5.866923287423536811e-03 3.087515109709415007e-01 3.271613199392803817e-01 1.198890389973880782e-01 8.113699455526755464e-03 1.116791556640684968e-01 1.330863652676960995e-01 6.524536867278662999e-01 3.594856691673984500e-02 6.167713344482780302e-01 7.271636150245641694e-01 8.861225343986118830e-01 2.258635399972839380e-02 8.578929253035362246e-01 9.235017501303038889e-01
9.303517587939699185e-01 3.153512632616891076e-01 5.475140770592292969e-03 3.086231278217158591e-01 3.260517733478183744e-01 1.176874748692389172e-01 8.477576207043006559e-03 1.090344017659111292e-01 1.311028757433342906e-01 6.378344201279728676e-01 3.504085037842978589e-02 6.004039867665129648e-01 7.112853002988381856e-01 8.796792959032684323e-01 2.181396402272672841e-02 8.532248797817072461e-01 9.154165527906017452e-01
9.353266331658292021e-01 3.146743866537530243e-01 5.165437032287486206e-03 3.082350303933488189e-01 3.249669771879130642e-01 1.148670487692708964e-01 7.276342634751054549e-03 1.071856571112585615e-01 1.261280429473957965e-01 6.236662767848908384e-01 3.389661855625333842e-02 5.864875386450213446e-01 6.948036360702467551e-01 8.739270909667519183e-01 2.114375660261493331e-02 8.483707542483055475e-01 9.091121107919920563e-01
9.403015075376884857e-01 3.142633319624562604e-01 5.270262290543766513e-03 3.072776957825060218e-01 3.244489812477373558e-01 1.127106351218507552e-01 6.904804941578962865e-03 1.056436271425255785e-01 1.233592158609237432e-01 6.077972857457781819e-01 3.359375028344772224e-02 5.738769410935720128e-01 6.794198039676138112e-01 8.667596511637236656e-01 2.006740001390879685e-02 8.445826802661942079e-01 9.012508684985611751e-01
9.452763819095477693e-01 3.137000124148708324e-01 4.918799874062771554e-03 3.069719577758343032e-01 3.225706618390185576e-01 1.101063365205219025e-01 6.581151566495161906e-03 1.025331485159236694e-01 1.205865910474189923e-01 5.936214713345739913e-01 2.921622613646401509e-02 5.621747166009394281e-01 6.542374425675842042e-01 8.602400597230289714e-01 1.870611345606602513e-02 8.391840156796415151e-01 8.907592649466588020e-01
9.502512562814070529e-01 3.129843181268264218e-01 4.730228635646864521e-03 3.067095295994011761e-01 3.221287042446546178e-01 1.072323164697772946e-01 6.415509958800125895e-03 9.970447826097339483e-02 1.184724782368787727e-01 5.768138570663332576e-01 2.581574710766290290e-02 5.466056877988818563e-01 6.282007170070385005e-01 8.532577247621233596e-01 1.776754518468339969e-02 8.325417988538975633e-01 8.822045522065803391e-01
9.552261306532663365e-01 3.123175232442546023e-01 4.227630913636891419e-03 3.067438473054795445e-01 3.202112490495952479e-01 1.041841332983935581e-01 5.729364236246926347e-03 9.779175113774137007e-02 1.146756275552108656e-01 5.608085161379446903e-01 2.388751357539476913e-02 5.314075326018651291e-01 6.081383633517288834e-01 8.459609660884099824e-01 1.647120215478390173e-02 8.278761311557494285e-01 8.725497114355788009e-01
9.602010050251256201e-01 3.114964389339329176e-01 4.079009597109954123e-03 3.061110095924471919e-01 3.187822330012968219e-01 1.014788027820856253e-01 4.994420173365867084e-03 9.460896216166575501e-02 1.095139732372663460e-01 5.454694844363329187e-01 2.141997357979066527e-02 5.184031162716142838e-01 5.832800774281600154e-01 8.383237257915829854e-01 1.574655786251685438e-02 8.209554851784109930e-01 8.659141029215914331e-01
9.651758793969849037e-01 3.104786523015987676e-01 3.542501260008401511e-03 3.057016062263420708e-01 3.170165671304935873e-01 9.842080065062841499e-02 3.554624947548648637e-03 9.250352851788611053e-02 1.041243145854499064e-01 5.295236239920515509e-01 1.851827384310302665e-02 5.063495522900991475e-01 5.638112008954592191e-01 8.295804641760786691e-01 1.469399482753381246e-02 8.134296940219797323e-01 8.561949011360374673e-01
9.701507537688442984e-01 3.094913381137153197e-01 2.957117276912048839e-03 3.050817920595743082e-01 3.143225281650947056e-01 9.571797596121515983e-02 3.260029245799985625e-03 9.046432294505793448e-02 1.003884508983767382e-01 5.133326126555154412e-01 1.577269223468807935e-02 4.928865251863280283e-01 5.414940761048062656e-01 8.217399525413595640e-01 1.285543577435339577e-02 8.060479085916705255e-01 8.456662644953405472e-01
9.751256281407035820e-01 3.084169771165390928e-01 2.886389066735838265e-03 3.046571834584291261e-01 3.131454676961748507e-01 9.316923184085297571e-02 3.085430452431728050e-03 8.909837366363766720e-02 9.884528682905692476e-02 4.990065675649888455e-01 1.445672863620856355e-02 4.768047333943949417e-01 5.232910537814007279e-01 8.135826576207234595e-01 1.168715148011694772e-02 7.981256757774862765e-01 8.339333242692223980e-01
9.801005025125628656e-01 3.073768330185481235e-01 2.738673050642183651e-03 3.037699265607862742e-01 3.116833705065994997e-01 8.939012155833812867e-02 2.064927486533447466e-03 8.717340197534656498e-02 9.338667734340116988e-02 4.820355666731456212e-01 1.310448840775445441e-02 4.603892051222811532e-01 5.039220314896373232e-01 8.044594052308173815e-01 9.843740419248870124e-03 7.910908191736403250e-01 8.223930163482595646e-01
9.850753768844221492e-01 3.056174752559926988e-01 2.390133187306462889e-03 3.030392158940774516e-01 3.094312076358331498e-01 8.694082118360323130e-02 1.672571306209189165e-03 8.558707737013561412e-02 9.064569623238692697e-02 4.653814866321813182e-01 1.090065412399513108e-02 4.506005517598900556e-01 4.848851161041639601e-01 7.946473972476050252e-01 8.253471518705529988e-03 7.832284545202858883e-01 8.092643917301451939e-01
9.900502512562814328e-01 3.035179158900861429e-01 1.802214650092341403e-03 3.010327926116551089e-01 3.065283705794614177e-01 8.271059334898700488e-02 1.815504053567053690e-03 8.084467357030855617e-02 8.764005316181920635e-02 4.464229027412940920e-01 8.546520545676285566e-03 4.346241801967277718e-01 4.623040064874260335e-01 7.839474196722855392e-01 6.835538916181950128e-03 7.753689918343680265e-01 7.943415254997037156e-01
9.950251256281407164e-01 3.012558756554423178e-01 1.753900488911021554e-03 2.991738658296139719e-01 3.042083493005577344e-01 7.959520526145721919e-02 2.036531821788476523e-03 7.785386016419945654e-02 8.501627517577918514e-02 4.230639017342884278e-01 7.257899474596490527e-03 4.135181990800150253e-01 4.368525234220656528e-01 7.692899487217819132e-01 4.939226085794568184e-03 7.627806894345208200e-01 7.767931443709267247e-01
1.000000000000000000e+00 2.974706003252588493e-01 1.363017600678614817e-04 2.972955705688659633e-01 2.977711169734271746e-01 7.335415889086217833e-02 9.739554435587909152e-04 7.226241188419012251e-02 7.523828444384161873e-02 3.817254387147244188e-01 2.991341630865686305e-03 3.785954707214966297e-01 3.884180969860085986e-01 7.471899331004532296e-01 3.423642634775475092e-04 7.467502914288837168e-01 7.479447741301044061e-01
