# signal_efficiencies		0sq-mean	0sq-std	0sq-min	0sq-max	1sq-mean	1sq-std	1sq-min	1sq-max	2sq-mean	2sq-std	2sq-min	2sq-max	all-mean	all-std	all-min	all-max
1.000000000000000021e-02 2.280394446350160198e-01 1.020480397143255225e-01 1.569031154865022926e-01 5.129246145322647887e-01 1.523630976851405028e-01 1.377465634307030729e-01 0.000000000000000000e+00 3.038546345954180605e-01 7.203181044961369794e-01 6.670662860376287417e-01 0.000000000000000000e+00 1.595590150968497545e+00 2.063650519172516073e+00 1.306504791688951839e+00 0.000000000000000000e+00 3.155848367681713729e+00
1.497487437185929596e-02 2.736605519011731658e-01 9.702948063937495704e-02 1.905400131575993583e-01 5.296157932240411759e-01 2.861987946940087735e-01 1.972464360641682235e-01 0.000000000000000000e+00 4.550184980373596644e-01 1.521432373510781089e+00 1.036751858331869558e+00 0.000000000000000000e+00 2.389376205972925771e+00 3.356660121789819762e+00 1.761543989981108282e+00 0.000000000000000000e+00 4.725843284267088329e+00
1.994974874371859344e-02 3.093827611560794888e-01 9.225914774106172556e-02 2.317254132955719470e-01 5.421227404028996499e-01 4.046200756181804747e-01 2.275017271807356356e-01 0.000000000000000000e+00 6.061823614793012682e-01 2.215552202872528742e+00 1.204865137088887428e+00 0.000000000000000000e+00 3.183162260977354219e+00 4.254624458205626070e+00 2.287661907552300811e+00 0.000000000000000000e+00 6.295838200852464261e+00
2.492462311557788746e-02 3.455976050087387064e-01 1.049230106197449885e-01 2.503018638048182809e-01 6.141452426661379027e-01 5.297793653987120654e-01 2.772620062540119834e-01 0.000000000000000000e+00 7.573462249212429276e-01 2.842584461675059515e+00 1.490699848063106847e+00 0.000000000000000000e+00 3.976948315981782223e+00 5.559570579664923073e+00 1.942290392329950377e+00 1.580106510500306483e+00 7.865833117437838418e+00
2.989949748743718494e-02 3.695476553668620712e-01 1.047888053620851384e-01 2.740624547778414133e-01 6.442487680261479444e-01 6.332214582469948283e-01 3.322255616169892400e-01 0.000000000000000000e+00 9.085100883631844759e-01 3.370948997490788912e+00 1.759383368737622355e+00 0.000000000000000000e+00 4.770734370986210671e+00 7.157390610209072079e+00 1.637828971840512349e+00 4.717914017011606731e+00 9.435828034023213462e+00
3.487437185929648242e-02 3.881283303559777131e-01 1.009249535692739036e-01 3.009314858876294130e-01 6.458518363307332866e-01 7.378921211598905572e-01 3.295562517760948218e-01 0.000000000000000000e+00 1.059673951805126135e+00 3.706697857551458419e+00 2.014458999328927469e+00 0.000000000000000000e+00 5.564520425990639119e+00 7.505739416750321524e+00 1.956029340629845237e+00 4.493108404733903605e+00 1.100582295060858762e+01
3.984924623115577991e-02 4.101686518605668352e-01 1.051003517792554187e-01 3.162637082544835776e-01 6.813219754172296083e-01 1.010416333322532445e+00 1.855719722272225758e-01 6.990775385778730255e-01 1.210837815247067795e+00 4.183600917003684749e+00 2.148104133650993841e+00 0.000000000000000000e+00 6.358306480995066678e+00 8.004287707357105930e+00 1.780333718729542714e+00 4.753212372833989896e+00 1.207571696363977942e+01
4.482412060301507739e-02 4.341762313416347996e-01 1.158140708804600433e-01 3.416051142277285457e-01 7.394808761771783923e-01 1.069567571529104866e+00 2.286668540858151633e-01 6.810008393445047270e-01 1.362001678689009454e+00 5.662063966436507556e+00 1.157565800977747639e+00 4.057263427027648639e+00 7.152092535999495126e+00 7.821679782597283470e+00 1.349277897172198371e+00 5.346614674108346676e+00 1.084463238882652369e+01
4.979899497487437487e-02 4.514186413801813957e-01 1.204285439692787257e-01 3.513203760086258676e-01 7.691687091605320381e-01 1.089382880659173436e+00 2.422336436659871806e-01 7.300424199433011019e-01 1.513165542130951113e+00 6.008744830015255722e+00 1.391272500053838179e+00 3.972939295501961343e+00 7.945878591003924463e+00 7.615868450691968050e+00 1.244339833283911512e+00 5.940016975382703457e+00 9.613547814013267967e+00
5.477386934673367236e-02 4.651429047275689177e-01 1.086710092102768643e-01 3.706642230014244865e-01 7.464369413529063912e-01 1.143080417023984996e+00 2.966156105974661616e-01 6.794596345938707094e-01 1.664329405572892773e+00 6.322230891147506249e+00 1.466076236312636061e+00 4.109440230931171278e+00 8.739664646008352022e+00 7.730621417299440523e+00 1.137921712064786872e+00 6.111454124348789207e+00 9.979962794054870301e+00
5.974874371859296984e-02 4.838293775734922031e-01 1.150043855162555112e-01 3.892470713715376895e-01 7.869320762117177903e-01 1.183199367991242923e+00 2.649266831515151854e-01 7.411720234239561611e-01 1.810405103932586135e+00 6.404930613133491768e+00 1.576816897676455165e+00 3.892014950909984172e+00 9.492803058458639143e+00 8.170791206320762612e+00 1.101716513380666562e+00 6.285265844511821243e+00 9.705789182093305101e+00
6.472361809045226733e-02 4.987385919040733806e-01 1.140945668765488696e-01 4.042634281857508394e-01 7.973982586229695357e-01 1.223277806370135723e+00 2.576119320086007192e-01 7.433265266588633402e-01 1.743195964347746374e+00 6.589257365279297396e+00 1.416843243337344349e+00 3.995410182177270286e+00 9.782253831341357397e+00 8.193616580103380898e+00 9.094474454451030310e-01 6.808597483373613812e+00 1.002178879661726008e+01
6.969849246231155093e-02 5.107364810929353460e-01 1.084320776379736756e-01 4.206029894643684708e-01 7.905684094631177938e-01 1.233314019406928752e+00 2.440834975897808734e-01 8.004610966427354590e-01 1.592032100905805159e+00 6.582598595086480486e+00 1.240812181684623816e+00 4.203351526091386958e+00 9.183401962411027242e+00 8.288206943762283174e+00 9.120979659140127094e-01 6.955678700754892141e+00 9.836815154117237725e+00
7.467336683417084842e-02 5.248106781771568752e-01 1.055522102300382042e-01 4.343606193313813146e-01 7.929227547544459576e-01 1.177662412474417941e+00 1.944171870949510383e-01 8.575956666266075779e-01 1.440868237463863721e+00 6.487136792206977809e+00 1.020943925191641011e+00 4.503374454053209242e+00 8.584550093480693533e+00 8.300651365836277051e+00 9.637721092564477399e-01 7.334037635918755349e+00 1.053893822568003991e+01
7.964824120603014590e-02 5.375184737195721763e-01 1.041974263208748364e-01 4.435672256917568279e-01 8.012039041990315358e-01 1.150267602341961348e+00 1.753766983596891371e-01 8.556517866797695993e-01 1.397273516577463459e+00 6.283518551062261537e+00 9.880356461576164095e-01 4.803397382015031525e+00 7.985698224550361601e+00 8.270127152431227202e+00 1.262281754679665857e+00 6.877507045747655035e+00 1.124106129724284031e+01
8.462311557788944338e-02 5.494846664868244801e-01 1.012734083958757997e-01 4.596876503911316303e-01 8.037095935463990370e-01 1.165299181628735248e+00 1.775151027308249641e-01 8.571041954081806136e-01 1.484548013827412083e+00 6.376905139463231009e+00 9.183386509590006908e-01 5.103420309976853808e+00 7.795603291214641573e+00 8.372443629214929572e+00 1.082970609676084273e+00 7.064839461827431499e+00 1.090258581206324884e+01
8.959798994974874087e-02 5.629018037676234432e-01 1.012653219104526908e-01 4.711663818127623804e-01 8.166775781778080612e-01 1.216314523103582790e+00 1.800616655473888106e-01 9.074921498888279814e-01 1.571822511077360929e+00 6.420721753265274501e+00 8.969529062216116122e-01 5.358989929676734931e+00 8.253895883750420381e+00 8.356092145586224262e+00 1.084532080715383984e+00 6.664662204106353904e+00 1.091865293244739554e+01
9.457286432160803835e-02 5.755941575960318302e-01 1.003166247955643853e-01 4.825202114547137988e-01 8.306940538107482341e-01 1.259864490100975676e+00 1.843322456904908369e-01 9.578801043694752382e-01 1.604482262502034073e+00 6.644284274303021043e+00 1.048535873987691325e+00 5.029984362014592314e+00 8.712188476286197414e+00 8.372713759565055369e+00 8.416346492014060710e-01 6.906414753554328101e+00 9.948587316544363901e+00
9.954773869346733584e-02 5.869264849420499086e-01 9.816357883230000803e-02 4.987214868975557991e-01 8.357041622797208857e-01 1.287324479113926667e+00 1.543615088576281991e-01 1.008268058850122273e+00 1.512402088275183631e+00 6.842796326877734536e+00 8.890126546872302304e-01 5.294579713682734834e+00 7.941869570524102251e+00 8.447552468980770612e+00 8.852127514899120753e-01 7.024776791747025406e+00 1.047191895540615469e+01
1.045226130653266333e-01 5.999535891223894968e-01 9.459410042254320916e-02 5.102656626621704383e-01 8.366627263264752035e-01 1.302012100920215909e+00 1.450672034485049888e-01 1.058656013330769419e+00 1.587984019996154350e+00 6.799836700724304350e+00 7.538124734356282941e-01 5.559175065350877354e+00 8.184992233342452295e+00 8.432439237225576534e+00 8.988841515514612857e-01 7.198081161891576762e+00 1.053153556727885487e+01
1.094974874371859308e-01 6.104698459604455119e-01 9.416543975494272301e-02 5.218680063786320655e-01 8.467035025983710161e-01 1.312691189821962423e+00 1.723985964100592516e-01 1.082082017359140114e+00 1.663565951717125069e+00 6.812849404241349660e+00 7.621652310424169574e-01 5.823770417019019874e+00 8.052359960649644322e+00 8.552513985395126639e+00 8.001624788243110187e-01 7.279952561777490061e+00 1.024575784634081010e+01
1.144723618090452283e-01 6.242260456501048660e-01 9.748710905502869228e-02 5.352420063886044188e-01 8.704593322684972545e-01 1.342318788487153469e+00 1.914744005846197306e-01 1.099933699905082385e+00 1.727441019234931874e+00 6.849057738086509417e+00 7.261972922000317077e-01 5.775930917175989165e+00 8.168399838400354440e+00 8.525359113422132040e+00 8.003982272815332033e-01 7.225148323194917843e+00 1.042860332332889861e+01
1.194472361809045258e-01 6.337739904429293691e-01 9.304931123325405062e-02 5.496386880255221818e-01 8.678999774755740138e-01 1.324223923760762922e+00 1.962123133054928248e-01 1.147735910743801879e+00 1.690779435386377205e+00 6.791641997433982780e+00 7.950024864869397190e-01 6.026948108045358410e+00 8.523391754116612873e+00 8.519925655766774852e+00 7.599061256362755756e-01 7.447873471246079013e+00 1.045491622573277368e+01
1.244221105527638233e-01 6.440441154647358335e-01 9.445349036878161741e-02 5.562288359607420185e-01 8.793933731276448729e-01 1.327585018465803568e+00 1.988507209605610837e-01 1.096798312069875658e+00 1.690746225876055941e+00 6.823145061019920021e+00 8.462800481662857699e-01 5.964641415467005103e+00 8.878383669832869529e+00 8.574114671052887715e+00 8.645898767062707435e-01 7.291463280218343890e+00 1.068201311549383448e+01
1.293969849246231207e-01 6.538306511532938625e-01 9.193689943594872405e-02 5.699222068862405122e-01 8.819312570566062437e-01 1.326929132302732350e+00 1.756360119287539712e-01 1.090481609277916819e+00 1.605145467045153040e+00 6.878078645039499506e+00 1.014359563718365331e+00 5.735752853030309240e+00 9.233375585549127962e+00 8.633815168521495664e+00 9.560491197211405945e-01 7.218804756971619163e+00 1.091380694290112174e+01
1.343718592964824043e-01 6.606195872248420420e-01 8.803600929222205052e-02 5.818177443497434265e-01 8.764972092542470117e-01 1.317025311557747935e+00 1.646635744000614077e-01 1.091214613897153463e+00 1.666857855875238270e+00 6.860317280454573563e+00 8.845662220113933438e-01 5.730145577162260473e+00 8.809159231175975435e+00 8.690346517172830687e+00 1.107665616314066126e+00 7.167875153316209058e+00 1.133340573410392338e+01
1.393467336683417157e-01 6.687487579928543813e-01 8.531338057771944983e-02 5.916889516774486157e-01 8.759075691933663199e-01 1.301853210884184264e+00 1.578249135592806329e-01 1.086398642033409079e+00 1.600345076416947343e+00 6.907132299562905864e+00 8.684413447769658845e-01 5.869528311858347003e+00 9.077003750103772362e+00 8.660558370497389191e+00 1.041263414435654289e+00 7.133803177028890552e+00 1.099392904972536655e+01
1.443216080402010271e-01 6.779701145774092996e-01 8.338641536255730902e-02 6.015659456822800566e-01 8.813852993528292767e-01 1.301892935894456427e+00 1.715284428825287755e-01 1.033620160397181076e+00 1.657479646400819684e+00 6.858117939801050333e+00 7.731585348491450960e-01 5.474794786301385052e+00 8.381435236844421155e+00 8.582424781918527756e+00 9.771876141096723645e-01 7.027855801525305424e+00 1.060816827083769276e+01
1.492964824120603107e-01 6.850241284018037113e-01 8.251286571348917520e-02 6.090301503177092401e-01 8.852288734350987065e-01 1.319028315635850435e+00 1.627068515357619205e-01 1.069249824700565954e+00 1.614562465803267566e+00 6.839914114004376877e+00 6.337836768225069140e-01 5.614804893427622012e+00 7.940533230364163586e+00 8.547702808045505307e+00 8.769198121415592295e-01 7.185077810102289853e+00 1.020438766837050437e+01
1.542713567839196220e-01 6.936723106912447978e-01 8.410310876805145164e-02 6.124066730015602644e-01 8.948737954929811833e-01 1.328402618352026110e+00 1.481146931189868121e-01 1.084987348006593244e+00 1.562535558137241765e+00 6.924797556319566283e+00 6.387210993092679034e-01 5.749375800137552339e+00 8.205128582032306994e+00 8.501701342756547319e+00 8.187741700472478401e-01 7.339645577370327523e+00 9.989815717644404458e+00
1.592462311557789056e-01 7.022400415408275309e-01 8.522965093131666670e-02 6.233488705037947275e-01 9.071362772166777777e-01 1.335395830789496419e+00 1.498934063060219646e-01 1.110090093972951886e+00 1.582324065626953713e+00 6.948723921339968967e+00 6.657687188381742338e-01 5.784446612062865256e+00 8.469723933700450402e+00 8.570118592475829189e+00 9.060080408053899914e-01 7.226836221343851285e+00 1.025840096152863623e+01
1.642211055276382170e-01 7.064673342372178588e-01 8.265637966720022767e-02 6.261130098053410142e-01 9.038079937123258967e-01 1.348344162211804420e+00 1.522953877609019846e-01 1.119646294506149387e+00 1.577955808292277995e+00 6.948374898546464173e+00 6.599526328430137534e-01 5.859159497781466719e+00 8.490369428923852269e+00 8.621875871353035237e+00 8.731644441959853786e-01 7.403670111689763189e+00 1.016385417699878602e+01
1.691959798994975006e-01 7.135214823489850478e-01 8.059258558870621703e-02 6.334596054270196230e-01 9.012735183132789540e-01 1.332408179275213378e+00 1.197949782430887816e-01 1.135518537520296301e+00 1.501091415250628724e+00 6.994673963768474501e+00 6.664281427797869028e-01 5.891172499523840145e+00 8.537120016739050854e+00 8.557837024002168391e+00 8.777117167898859096e-01 7.476891525650795955e+00 1.009083610298363531e+01
1.741708542713567842e-01 7.214732621745123531e-01 8.042475457440850795e-02 6.385656346994547095e-01 9.063888318529887966e-01 1.341322175765447433e+00 1.145724834016086519e-01 1.154866276187171747e+00 1.527744482163245543e+00 6.993442961099280986e+00 5.797160111781861636e-01 6.064390817745659135e+00 8.120145968169262929e+00 8.562392446189923234e+00 8.992194134276602080e-01 7.369865577349737684e+00 1.003531438715314472e+01
1.791457286432160956e-01 7.280200565207841645e-01 7.898517139666434705e-02 6.461124920903085211e-01 9.077454892932000918e-01 1.358411994571029791e+00 1.207901843214579385e-01 1.186058001315015042e+00 1.544867429158062189e+00 7.020846732342794105e+00 6.118979452472426139e-01 6.026419962639866235e+00 8.251581274697208812e+00 8.581741463292248184e+00 9.039404838999793856e-01 7.298724326680426699e+00 9.994189886836437609e+00
1.841206030150753792e-01 7.345309000804627342e-01 7.843298685992747266e-02 6.564503019047344123e-01 9.119454854715051129e-01 1.367770950288309528e+00 1.313017090185934488e-01 1.144528186191186681e+00 1.551660045201664895e+00 6.989231290824615250e+00 6.412103265707121968e-01 5.909164907269571998e+00 8.480727570965099105e+00 8.599157390063696838e+00 8.477922785351089674e-01 7.405609834728402063e+00 9.965040270618013452e+00
1.890954773869346905e-01 7.400042005060042394e-01 7.798578345809259460e-02 6.610050202110243633e-01 9.140644809938276438e-01 1.370342369923372328e+00 1.253819443353127450e-01 1.149150743701063293e+00 1.571652781716436742e+00 7.013344648128159164e+00 6.138848078070650027e-01 6.034377626225582603e+00 8.413542152527218931e+00 8.637100102021458170e+00 8.638664117142976773e-01 7.459458170594402304e+00 1.023429217749333731e+01
1.940703517587939742e-01 7.466278877326614216e-01 7.905911449980601580e-02 6.688072514180978256e-01 9.263391134320668741e-01 1.362183837119053331e+00 1.075157569782619199e-01 1.179383516389451714e+00 1.576017516406434948e+00 7.050488081940206264e+00 6.062681264072222742e-01 6.193134837226468292e+00 8.588332773647060492e+00 8.595555691528673492e+00 8.104504419634184220e-01 7.655707535167573852e+00 1.002076240043419375e+01
1.990452261306532855e-01 7.524971125808768146e-01 7.827327384263552124e-02 6.758415695137591772e-01 9.323350080140243579e-01 1.347627421273765780e+00 1.229916307732284719e-01 1.136166719005497372e+00 1.616417758282208128e+00 7.024166207083467839e+00 6.214939934811812838e-01 6.137887764633465970e+00 8.488072786514479162e+00 8.580605661327094680e+00 7.835504534560099321e-01 7.618963475493945481e+00 9.810157177757670155e+00
2.040201005025125691e-01 7.569035055139572421e-01 7.570499528792429267e-02 6.779114986795022890e-01 9.299783437862534363e-01 1.341931440429328770e+00 1.078073553533060169e-01 1.146708086832357143e+00 1.551246639150719142e+00 7.079479196196833968e+00 6.844621317263238636e-01 6.044986079722800554e+00 8.700221033387725456e+00 8.541831446361396019e+00 7.898219385899565292e-01 7.587921634512562186e+00 9.706501968769876143e+00
2.089949748743718805e-01 7.625575858084052694e-01 7.543747847764477321e-02 6.866386565896267502e-01 9.350759049064164552e-01 1.345804239583908934e+00 1.267390766281429881e-01 1.122604347255886870e+00 1.587602293068270720e+00 7.106494198729822465e+00 7.518662092811637665e-01 5.917647220527928908e+00 8.912369280260973525e+00 8.542741892280693250e+00 7.933396837751938158e-01 7.615901882655818689e+00 9.724629322842924140e+00
2.139698492462311641e-01 7.686450292863364897e-01 7.486697265253326738e-02 6.938912331588469318e-01 9.394232367433832387e-01 1.357009711687971576e+00 1.184182375588026942e-01 1.149201809866067236e+00 1.567628917655243814e+00 7.166600923187948169e+00 7.973560607016467738e-01 6.035301052561800716e+00 9.062597626692484809e+00 8.509372490153774393e+00 7.764893486989595806e-01 7.695260854243807458e+00 9.637968568054750662e+00
2.189447236180904754e-01 7.748136070136467657e-01 7.533324001920709001e-02 6.971086328160405188e-01 9.463140649209466071e-01 1.347710761042860472e+00 1.148071970296382222e-01 1.124517779182381716e+00 1.529672154343430179e+00 7.087964502742778450e+00 7.687003533684232393e-01 5.905025919520506150e+00 8.733651115288621369e+00 8.524050991228053320e+00 7.588450211446079452e-01 7.538951832298462996e+00 9.581840554378986852e+00
2.239195979899497591e-01 7.820754201720220289e-01 7.536335010989796135e-02 7.039611583291250918e-01 9.525271008317631738e-01 1.345266790699499948e+00 1.093428809924529982e-01 1.131792157590986392e+00 1.484732869789393339e+00 7.139545041152819849e+00 7.936491831910661432e-01 5.954731752693152025e+00 8.821263309066406322e+00 8.467880988369818951e+00 7.404004520192088989e-01 7.664763710202034730e+00 9.616374184195141339e+00
2.288944723618090704e-01 7.874945844420495611e-01 7.457303611132039267e-02 7.090860799596170327e-01 9.544070035644928174e-01 1.347431146597282581e+00 1.138416766952730502e-01 1.128260467692642433e+00 1.517719529149615498e+00 7.041587570717051214e+00 7.554220226154336748e-01 5.924679386162758021e+00 8.520520482260598882e+00 8.429046362620180588e+00 7.702363128697800043e-01 7.614303408300537868e+00 9.567842224456374112e+00
2.338693467336683540e-01 7.917440332308454121e-01 7.394358302422608664e-02 7.158884436684401775e-01 9.600992213775747519e-01 1.337120175433776925e+00 1.153463355490171316e-01 1.099795879008842459e+00 1.481751069640195428e+00 7.029004032986534867e+00 7.131672628861696062e-01 5.825810459948612241e+00 8.341259261587781637e+00 8.367960695454831566e+00 7.348304836072800938e-01 7.493825284040946499e+00 9.691152636519010599e+00
2.388442211055276654e-01 7.972470124426149773e-01 7.373259555547068134e-02 7.203190098976174349e-01 9.653416675159335325e-01 1.329958050596013575e+00 1.177849031731990070e-01 1.106741958163799611e+00 1.513270914052395888e+00 6.993434693418802972e+00 6.761420156217446964e-01 5.880461887718284153e+00 8.099851825531690253e+00 8.363702326684004262e+00 7.548448193157197839e-01 7.537561453060896532e+00 9.650858507523830454e+00
2.438190954773869490e-01 8.016683255845670208e-01 7.393640527903655446e-02 7.227875668390530972e-01 9.686768381112080828e-01 1.325084875279171293e+00 1.049917958329896484e-01 1.125024414694587138e+00 1.481711243273335032e+00 6.933843613406908801e+00 6.513690019868954018e-01 5.932733428151760080e+00 7.988207668298898945e+00 8.322491778409400354e+00 7.043412400521881223e-01 7.545137770317947634e+00 9.618201180899292879e+00
2.487939698492462326e-01 8.066742109684726936e-01 7.374072563513711653e-02 7.268909482651340070e-01 9.755764127708614897e-01 1.324618962508897102e+00 1.109604550482212737e-01 1.126936532621479969e+00 1.482583084778589910e+00 6.986078261898019726e+00 6.504004292235520124e-01 6.053784666689892902e+00 8.103181674497614395e+00 8.223973236554099842e+00 6.502251235833172993e-01 7.486169143287193073e+00 9.452168011878363529e+00
2.537688442211055162e-01 8.109877296650914724e-01 7.293314745972852287e-02 7.316677828272181161e-01 9.768071134823107515e-01 1.322469888407345584e+00 1.172803194868695664e-01 1.112970230081417933e+00 1.505386529646324245e+00 6.986702209597841495e+00 6.266886749577543769e-01 6.104264034317636423e+00 7.964773462533059956e+00 8.153068183686544401e+00 5.872044819659673065e-01 7.601388690158908723e+00 9.309761813726153079e+00
2.587437185929647998e-01 8.155209545743871136e-01 7.257299584755451394e-02 7.374449630508770337e-01 9.789319507560663158e-01 1.329774045108179426e+00 1.162171580969947604e-01 1.124725573246045718e+00 1.513051805858540044e+00 6.996081486462918164e+00 6.683797590080827744e-01 5.958961007491714312e+00 8.096633635375214411e+00 8.103980724681450809e+00 5.624300831972792736e-01 7.529861093667682859e+00 9.186972107391421005e+00
2.637185929648241389e-01 8.193971202415839539e-01 7.005747804874343232e-02 7.416611042637426543e-01 9.761036218513662321e-01 1.338967328869035134e+00 1.207687656583265323e-01 1.144744524304920130e+00 1.542143304941856696e+00 7.038337850154578135e+00 6.979050087268234837e-01 6.011239850884904534e+00 8.252307888609269781e+00 8.050129068112799047e+00 5.702085782259752600e-01 7.471812849575200310e+00 9.190728814285897386e+00
2.686934673366834225e-01 8.225804492468101747e-01 7.073436467919810844e-02 7.432718883836325618e-01 9.831935475630686483e-01 1.345763972579752110e+00 1.132872917573028854e-01 1.166339361939483066e+00 1.542921947998812993e+00 7.048860806404174006e+00 6.325591932988184896e-01 6.124637858742679519e+00 7.967525443785514305e+00 8.003287751949253348e+00 5.786267557335099676e-01 7.437064697544085945e+00 9.143742981373167211e+00
2.736683417085427061e-01 8.266560029941640853e-01 6.995064088076767550e-02 7.453456361426465948e-01 9.816288490790082699e-01 1.336468707272545853e+00 1.130183688782454843e-01 1.175994859371110035e+00 1.534923833005177096e+00 7.000005939538388233e+00 6.595039780923327433e-01 6.176761364581041747e+00 7.972330236881166599e+00 7.916181126921129518e+00 5.689017188187918128e-01 7.433165532136810860e+00 8.955693345516172243e+00
2.786432160804020453e-01 8.307856486050196887e-01 6.855885521294251272e-02 7.506874423788625350e-01 9.806002881371056468e-01 1.331840849258185910e+00 1.265500924943108452e-01 1.165700016046905541e+00 1.545801454485541848e+00 6.997143828672392374e+00 6.374264787914949437e-01 6.165497828828709892e+00 7.886579837760362643e+00 7.865594806175202791e+00 5.288127306439630582e-01 7.302651927691075961e+00 8.837857703912803231e+00
2.836180904522613289e-01 8.361987105908195161e-01 6.771816893696941397e-02 7.569456820375958239e-01 9.826188096990404741e-01 1.338996322245169734e+00 1.293517751561114038e-01 1.183755088174073933e+00 1.562844780528273914e+00 6.979637099596759597e+00 6.310807988525558576e-01 6.135205033289754084e+00 7.877679461548625639e+00 7.786118729492760515e+00 5.073833699240705153e-01 7.259860283294457872e+00 8.693549355814058188e+00
2.885929648241206125e-01 8.416311734575285808e-01 6.782549256855155417e-02 7.635429393863846226e-01 9.884693470031156171e-01 1.334049544075997629e+00 1.300934581390536526e-01 1.161486528284335407e+00 1.550160318896503853e+00 6.947009515462228890e+00 6.143635636406700185e-01 6.099154839223323243e+00 7.897099832348753345e+00 7.739053958718443482e+00 5.003319006655145840e-01 7.197534274956026934e+00 8.628080618228715082e+00
2.935678391959798961e-01 8.468908902570910779e-01 6.739136722438014704e-02 7.698259121954844630e-01 9.901710481464347513e-01 1.329081585803482568e+00 1.244039790782512644e-01 1.152206388318070651e+00 1.552806610292928324e+00 6.978370043693902680e+00 6.462065921068242957e-01 6.047198128555071328e+00 8.033233017687866351e+00 7.641669551391768955e+00 4.905314139822730124e-01 7.113787211019070966e+00 8.422323510277097469e+00
2.985427135678392352e-01 8.513195794670005423e-01 6.692755234771641248e-02 7.763536717654521135e-01 9.941508171943252981e-01 1.334474067149661547e+00 1.215942497283380996e-01 1.168722153691543530e+00 1.533339482699685563e+00 7.033596835905170153e+00 6.441218925177680799e-01 6.099059993968196203e+00 8.051815237060209185e+00 7.576462808797844950e+00 4.641099061437505835e-01 7.041346117128006732e+00 8.327557099255999518e+00
3.035175879396985188e-01 8.555022381806415277e-01 6.529213453529257583e-02 7.826569279159995007e-01 9.917111393955897469e-01 1.333702017204337453e+00 1.064712091708884950e-01 1.180823015955552835e+00 1.496090718960166432e+00 7.025289441346123098e+00 6.192738334963072688e-01 6.053620924528721581e+00 7.957314041807738825e+00 7.520087772649875824e+00 4.824778777312664357e-01 6.930799040969093383e+00 8.337061873974356274e+00
3.084924623115578024e-01 8.597024197990963401e-01 6.587257142392637099e-02 7.881767067114935355e-01 9.961185230386103706e-01 1.329422061916738951e+00 1.078393859400170740e-01 1.180973485289534830e+00 1.489521097948143247e+00 6.992158767313644496e+00 5.816630085745447820e-01 6.152844181404274693e+00 7.912744842939653189e+00 7.464218352651267985e+00 4.867470693920843416e-01 6.918757195379851233e+00 8.303915552601809580e+00
3.134673366834170860e-01 8.640095492839915403e-01 6.576755446674628636e-02 7.933884270549870221e-01 1.002751200543013033e+00 1.328577383434195625e+00 1.073668198653386086e-01 1.190606288069232077e+00 1.487531703488010892e+00 6.950861493526121926e+00 5.749054236670086970e-01 6.252067438279827805e+00 7.900636269361855923e+00 7.400626356847564757e+00 4.560102475783621157e-01 6.899917637291066441e+00 8.187135801318177641e+00
3.184422110552764251e-01 8.670347733912709964e-01 6.432455861430590172e-02 7.987193924479131235e-01 1.004545537829871771e+00 1.328978077432029670e+00 1.105405170550398108e-01 1.209501770999475090e+00 1.511139532703354771e+00 6.991768368909464293e+00 5.667711282635568004e-01 6.302245245380055927e+00 7.935239685684127409e+00 7.327457138941535497e+00 4.330793756026333763e-01 6.855594824617149641e+00 7.994995346118177970e+00
3.234170854271357087e-01 8.695848048931896779e-01 6.289402558993600900e-02 8.022814761500519642e-01 1.005644795076118703e+00 1.323576629490096135e+00 1.059743725892356020e-01 1.207125295736990234e+00 1.481502830831927131e+00 6.979411401404748361e+00 5.772056450160787389e-01 6.257917732645636555e+00 8.059208240028883807e+00 7.265659703833454941e+00 3.932416816710154750e-01 6.834813294839714004e+00 7.851194470196950270e+00
3.283919597989949923e-01 8.740246931595431201e-01 6.234453736760138531e-02 8.080682535680412393e-01 1.008489214971450165e+00 1.313361824907350650e+00 1.079600395962416054e-01 1.169214881913526183e+00 1.471226248163423289e+00 6.935307036247399637e+00 5.371253298155473921e-01 6.326097754787918248e+00 7.899280289953615863e+00 7.199502298869947303e+00 3.753035626101206002e-01 6.818716803506860380e+00 7.789722924485307232e+00
3.333668341708542759e-01 8.776752151726784357e-01 6.124821819147197727e-02 8.126224806565942593e-01 1.009753273817604935e+00 1.317737055643491306e+00 1.126095009325632917e-01 1.169654575264970742e+00 1.493514143889234758e+00 6.916298048303739954e+00 5.671257754999105005e-01 6.268700044260995696e+00 7.842685899771841385e+00 7.141022145594311255e+00 3.657939687212818924e-01 6.685608844005987095e+00 7.693389413972512969e+00
3.383417085427135595e-01 8.819334918418064717e-01 6.044321830058270451e-02 8.186346477527177701e-01 1.011963871046061225e+00 1.313542689769799043e+00 1.133708637236980898e-01 1.171591036487263926e+00 1.515802039615046670e+00 6.917071096659746843e+00 5.920248934533878238e-01 6.278499519210429369e+00 7.959723268490173531e+00 7.074569436492495811e+00 3.810773983089987271e-01 6.584060181052517891e+00 7.607440302386149433e+00
3.433165829145728987e-01 8.857452197135019523e-01 5.999034255317334946e-02 8.198378247699389387e-01 1.013781934676762697e+00 1.317309227938357807e+00 1.103089467852810535e-01 1.173672963867967267e+00 1.475284039519541901e+00 6.899252405062959781e+00 5.891068219016951657e-01 6.307917729755966540e+00 7.959630718403958305e+00 7.017260898855059104e+00 3.685190140408610149e-01 6.545391496231116157e+00 7.567178504332354727e+00
3.482914572864321823e-01 8.894913507635990868e-01 6.046448599060936374e-02 8.226224343609996881e-01 1.017931857649345240e+00 1.315811956272148198e+00 1.145136826941107328e-01 1.189771982581725673e+00 1.481916041663225547e+00 6.890668701853840616e+00 5.401823298818688723e-01 6.292407905104013821e+00 7.781782376919913702e+00 6.958009937194669092e+00 3.553663957014273622e-01 6.454798992953057812e+00 7.531286148196545405e+00
3.532663316582914659e-01 8.919660658091513872e-01 5.987701079196074833e-02 8.245588685958316066e-01 1.020092317338898935e+00 1.320969776366970994e+00 1.138641649231593167e-01 1.185389803784455687e+00 1.474450437608741948e+00 6.883648187142645369e+00 5.603708354088510202e-01 6.150125136865548292e+00 7.816672630597985005e+00 6.913434593421937890e+00 3.358712867202311436e-01 6.447372796674819106e+00 7.465621109807828226e+00
3.582412060301507495e-01 8.938254273978462061e-01 5.969552060995677450e-02 8.245596057848733063e-01 1.023095437496942095e+00 1.314266076908563452e+00 1.165871692828042705e-01 1.186501945793129842e+00 1.467776933758180524e+00 6.896117665583632927e+00 5.754948718718346790e-01 6.206658670719394699e+00 7.851614174868940310e+00 6.855626351808322916e+00 3.356200077768285439e-01 6.378693602313070699e+00 7.377946801231415108e+00
3.632160804020100886e-01 8.968045521579783852e-01 5.829297435942547290e-02 8.303536794761888773e-01 1.022650135680164274e+00 1.307734000831370258e+00 1.138674640688961820e-01 1.176493673919936533e+00 1.474812870091365857e+00 6.845237924418786868e+00 5.819087416377888289e-01 6.213363874934510811e+00 7.814569709417129140e+00 6.781108654403074532e+00 3.254830871788497726e-01 6.356064126095483324e+00 7.293445111007966553e+00
3.681909547738693722e-01 9.001652364352146218e-01 5.740216631888587356e-02 8.332794728239232285e-01 1.023581539904991233e+00 1.297159246481345063e+00 9.302858612920807124e-02 1.192607795906388102e+00 1.440923371433008082e+00 6.798196168640226134e+00 5.435997818254854064e-01 6.192602550504605396e+00 7.850556590102446108e+00 6.739413205739881896e+00 3.187908511276591472e-01 6.347579818397795393e+00 7.240446184384149220e+00
3.731658291457286558e-01 9.025202400109437750e-01 5.768194501224175458e-02 8.360733117329499642e-01 1.023888497311041146e+00 1.293751887067698725e+00 9.529338142258059197e-02 1.184172484254139679e+00 1.428556621886314382e+00 6.749580791421696979e+00 5.258051718155950516e-01 6.108877448307212354e+00 7.641472654881297011e+00 6.697190141205927816e+00 3.235379862427623654e-01 6.297892971799920581e+00 7.207130166595416831e+00
3.781407035175879394e-01 9.059301934599700568e-01 5.825756065624738966e-02 8.418800728556989910e-01 1.027409942196127579e+00 1.289136921034527372e+00 9.171066312692806310e-02 1.185101003701894529e+00 1.436247566162387246e+00 6.727344209062825264e+00 5.237648342038565552e-01 6.094831969472931377e+00 7.601591019908121361e+00 6.665427386909735574e+00 3.516189360637409500e-01 6.215090736635958457e+00 7.221122649572124352e+00
3.831155778894472785e-01 9.090096587112450610e-01 5.839159589759863184e-02 8.459953579485224306e-01 1.030542162023821762e+00 1.279073990906504532e+00 8.067056422987189945e-02 1.182231776519864219e+00 1.443906255068287070e+00 6.675684715508113598e+00 4.707003700409033153e-01 6.112954427630061360e+00 7.582186799870213711e+00 6.602912923947184431e+00 3.172797797322306490e-01 6.198304936809623911e+00 7.075457286511961819e+00
3.880904522613065621e-01 9.126767537490408921e-01 5.830717421899263286e-02 8.496410947975061578e-01 1.035201962713966806e+00 1.269914181288378296e+00 7.394868597104542474e-02 1.170403536082934792e+00 1.440659747336145768e+00 6.640676388370680527e+00 4.369737749161061169e-01 6.131323338047465654e+00 7.565138859267480420e+00 6.547357816996367319e+00 3.110811828995833639e-01 6.153318873520476906e+00 7.082938849035510742e+00
3.930653266331658457e-01 9.155951276872180689e-01 5.824260134763450947e-02 8.511494195573778843e-01 1.038028961777480275e+00 1.271233383565621322e+00 7.588394549178946458e-02 1.176009237850973443e+00 1.448358737818623565e+00 6.608707206921951460e+00 4.255573739450984050e-01 6.145044211481161867e+00 7.605567511615006104e+00 6.503792050518060641e+00 3.185565169547817654e-01 6.112489590529591510e+00 7.033972543191397087e+00
3.980402010050251294e-01 9.182868016234037034e-01 5.801850317566835391e-02 8.547221796565395158e-01 1.042419604303588709e+00 1.264260869832479539e+00 7.641282679221013396e-02 1.180315613816090625e+00 1.445585494644672453e+00 6.577767099465272160e+00 4.364391243184935765e-01 6.111339436828107985e+00 7.645814170644635865e+00 6.450138726373853437e+00 3.089065184338308789e-01 6.063363220610388460e+00 6.959387632424986592e+00
4.030150753768844685e-01 9.213409945835909776e-01 5.720232452938766449e-02 8.572796826790666236e-01 1.039966389926810342e+00 1.254881090236406038e+00 7.678425586735013186e-02 1.162319883869856074e+00 1.423545316686073425e+00 6.536369479828732842e+00 4.229027972760715515e-01 6.103530925065428825e+00 7.526294511698917944e+00 6.380159387371333146e+00 3.016641604865694659e-01 6.016027823921548112e+00 6.881296468865460092e+00
4.079899497487437521e-01 9.231193617346609148e-01 5.681714258879967672e-02 8.583294784403234789e-01 1.040584431541292210e+00 1.251860817301096773e+00 7.232339431841824928e-02 1.176667722835331498e+00 1.406034410995318895e+00 6.532086920024873677e+00 4.136582444823688198e-01 6.151227656873824223e+00 7.567543952415880959e+00 6.322364567108335720e+00 2.877870167337308049e-01 5.939045658336528533e+00 6.805831669258776806e+00
4.129648241206030357e-01 9.245602788506379621e-01 5.548787886703451799e-02 8.585712111807464186e-01 1.037907763760433255e+00 1.247444933679358714e+00 7.285890503949217500e-02 1.167107772723155801e+00 1.411774651210033982e+00 6.489935660180051968e+00 4.232944400031528054e-01 6.040333626361134911e+00 7.460829341241491441e+00 6.268820546994916754e+00 2.666099033058337842e-01 5.916550491231203246e+00 6.728777689186134836e+00
4.179396984924623193e-01 9.270982857223352136e-01 5.414709820804812501e-02 8.628592783095176966e-01 1.038148915361214897e+00 1.236901089147364186e+00 7.406807104302101652e-02 1.141094160500985888e+00 1.421109839045825440e+00 6.444913720389746636e+00 4.195668299789642175e-01 5.940865216312456454e+00 7.502766425925247340e+00 6.219513316542640169e+00 2.669370615394804913e-01 5.848825666819633007e+00 6.671138946036332840e+00
4.229145728643216029e-01 9.291153534312972528e-01 5.459011318353393372e-02 8.658855759242437555e-01 1.043400197373762994e+00 1.226263508137308111e+00 6.848304089699028263e-02 1.131419501582542342e+00 1.402099622099139742e+00 6.398713063657940125e+00 3.968682244778273804e-01 5.918372842535935874e+00 7.406873902336721827e+00 6.156800001500481123e+00 2.628379879495376104e-01 5.837344905791156613e+00 6.598804875739387121e+00
4.278894472361809420e-01 9.324210804444034162e-01 5.498824578536818525e-02 8.704370390572212512e-01 1.046843503896835781e+00 1.220429426049670196e+00 6.629478081396751599e-02 1.127511702917013636e+00 1.386459740410579178e+00 6.365013850967313758e+00 3.815691526929355093e-01 5.920073549211843478e+00 7.362133648747972714e+00 6.105238030130734295e+00 2.584678511708646820e-01 5.802382372652358455e+00 6.494914007077952078e+00
4.328643216080402256e-01 9.351128552069623012e-01 5.440187403618428064e-02 8.736392408381878916e-01 1.049462257219741845e+00 1.216020243777678367e+00 7.664490466089225740e-02 1.109361261860454251e+00 1.402091381730261821e+00 6.315074811349932205e+00 3.995867472786563401e-01 5.858220817543073444e+00 7.362610092899838143e+00 6.062432885926905435e+00 2.549862525472307295e-01 5.802335309305358457e+00 6.412612604649925885e+00
4.378391959798995092e-01 9.374395967103167360e-01 5.388962600198710096e-02 8.771954857461652377e-01 1.050934056649173165e+00 1.208354187196352125e+00 6.825865652203837175e-02 1.116117096363633321e+00 1.364360850320504470e+00 6.265108480822063619e+00 3.655131295745888687e-01 5.801656119895377550e+00 7.167606949515317183e+00 6.016778615919134765e+00 2.694445353731503845e-01 5.700230510205888557e+00 6.428069724297135856e+00
4.428140703517587928e-01 9.391181108674935274e-01 5.403792168537628615e-02 8.787096402030990516e-01 1.052479007534037336e+00 1.202563190792877768e+00 6.746850211168935185e-02 1.112500818334787089e+00 1.354763539990097909e+00 6.252912292915157266e+00 3.579251806322497620e-01 5.830838831595124283e+00 7.137230473753549909e+00 5.964094644933442879e+00 2.715614656308636965e-01 5.676100923953806721e+00 6.348321797882070960e+00
4.477889447236181319e-01 9.416843232696254784e-01 5.393111080072475472e-02 8.802847672583620220e-01 1.053986400750575925e+00 1.196071251870520102e+00 6.784370543365460249e-02 1.103614602372023468e+00 1.347221938156992982e+00 6.217401897845241443e+00 3.391539798899122493e-01 5.781249252590114018e+00 7.044959498497643580e+00 5.916244929483221782e+00 2.699010769366085305e-01 5.632286350398583608e+00 6.295105727182397359e+00
4.527638190954774156e-01 9.448731712661551096e-01 5.337716435340417870e-02 8.851601750532355206e-01 1.055157580218256008e+00 1.190718273373206681e+00 6.752159271020562181e-02 1.092464617738039934e+00 1.331521390618812362e+00 6.162939767393700308e+00 3.443491697370715254e-01 5.713225761637655609e+00 6.983950822478973919e+00 5.875516638137347591e+00 2.583387983643261610e-01 5.596415856685699630e+00 6.234857160210545146e+00
4.577386934673366992e-01 9.473876350722516548e-01 5.385756046898307337e-02 8.876763541980190464e-01 1.055945614951264266e+00 1.180122662329132099e+00 6.240957269994025503e-02 1.091357846622573069e+00 1.320146112490089507e+00 6.108928269249211951e+00 3.429908141195386340e-01 5.615149016540066818e+00 6.932302144192141746e+00 5.817705354665586803e+00 2.525401980542513747e-01 5.555919323953729894e+00 6.196282934757809002e+00
4.627135678391959828e-01 9.486176117937537011e-01 5.395494886209380864e-02 8.873602347375030286e-01 1.057143923268569763e+00 1.168104637793854206e+00 5.890527012740516544e-02 1.083338703771474565e+00 1.281031620137181637e+00 6.068373339653904353e+00 3.213790209922570140e-01 5.599902215791856541e+00 6.796613557291357743e+00 5.773522863843828290e+00 2.544949136548220192e-01 5.488437267613070603e+00 6.174103326013829829e+00
4.676884422110553219e-01 9.513742003309528794e-01 5.415649847535840278e-02 8.891586368256679807e-01 1.059789770168287681e+00 1.163071666517754954e+00 5.984231850905627481e-02 1.074835269989503628e+00 1.276179193764480413e+00 6.008318416528886097e+00 3.154553575610996030e-01 5.566551322360005827e+00 6.701424696558597738e+00 5.719589121396603026e+00 2.439529238140942247e-01 5.457006648816511429e+00 6.103903256828004942e+00
4.726633165829146055e-01 9.531942562568683774e-01 5.294188035540308562e-02 8.906170319449219219e-01 1.056653994991071821e+00 1.153710243667664725e+00 5.916006977835009534e-02 1.074493692397072930e+00 1.269536885024975303e+00 5.990694010887060550e+00 3.230259494528733843e-01 5.544819085402851400e+00 6.691407442466783095e+00 5.668976466964805283e+00 2.637242374230845954e-01 5.392506482110621668e+00 6.122243956739257698e+00
4.776381909547738891e-01 9.563540453075518588e-01 5.258813444263792797e-02 8.948875735928282227e-01 1.058632906422654729e+00 1.145423233085183234e+00 6.069956290263495841e-02 1.067035934740798719e+00 1.263216948890301783e+00 5.956848271811050033e+00 3.568470860878606432e-01 5.460304696779381572e+00 6.736206729051188447e+00 5.627324582119293872e+00 2.622084223217493459e-01 5.333762044101242772e+00 6.078647125834499398e+00
4.826130653266331727e-01 9.578085532382368816e-01 5.259242724431251875e-02 8.967950597010644342e-01 1.059820637479963468e+00 1.134197590422128199e+00 6.238829795406468370e-02 1.053458494419281744e+00 1.257028955064641185e+00 5.902345721646377719e+00 3.519260267929264496e-01 5.404774760584480475e+00 6.702448046484143163e+00 5.577101740007579522e+00 2.712509525704881463e-01 5.254410339636038429e+00 6.036647295049339057e+00
4.875879396984924563e-01 9.596676453115799976e-01 5.270688092673630337e-02 8.985505433105086537e-01 1.062871317855599074e+00 1.126107696210733478e+00 6.132424097481683350e-02 1.045085948959369126e+00 1.249247435012530660e+00 5.866049308717586896e+00 3.423985791223174147e-01 5.401258676007411275e+00 6.671213622956639000e+00 5.515686977056542872e+00 2.726513148074045656e-01 5.179391427429010264e+00 5.949165135419725914e+00
4.925628140703517954e-01 9.619848568279781853e-01 5.323934390019773033e-02 9.006400750195955318e-01 1.066345253648488756e+00 1.115219148745533406e+00 5.023040664264640659e-02 1.042782841557157836e+00 1.211505376257850708e+00 5.830711845891629608e+00 3.340671632609441000e-01 5.372495767063810490e+00 6.618710907123884546e+00 5.467919212477663216e+00 2.668741938338651809e-01 5.136059106051828138e+00 5.898015553396775523e+00
4.975376884422110790e-01 9.647519570425189261e-01 5.343965594942824693e-02 9.024316315803097011e-01 1.068757329337065576e+00 1.101280294621336919e+00 4.859966993507641025e-02 1.033439274498239691e+00 1.185849150750362124e+00 5.790745649224851022e+00 3.067044570180179619e-01 5.376987026139847359e+00 6.460391801880414953e+00 5.419131993412170445e+00 2.670670648254253599e-01 5.084604058763073198e+00 5.888444581232908703e+00
5.025125628140703071e-01 9.669414286897286548e-01 5.265874005018462978e-02 9.052394283203532011e-01 1.069699005852406071e+00 1.095618676723023821e+00 4.433067362346252566e-02 1.039219357869133997e+00 1.173430872940504077e+00 5.746360483334696845e+00 2.832037921846681239e-01 5.357278961445643084e+00 6.358720097396077797e+00 5.371447909457652159e+00 2.637801674047015044e-01 5.050989545840785411e+00 5.812300648253691193e+00
5.074874371859295907e-01 9.687290635977168218e-01 5.126423088808710476e-02 9.094385357190000185e-01 1.070082578653814842e+00 1.087412741738494892e+00 4.532121399892118097e-02 1.030308188645040257e+00 1.162344397806993834e+00 5.714314210464366717e+00 2.798173698797869480e-01 5.337963707623946341e+00 6.323022375392454819e+00 5.329875298925132121e+00 2.583641887997584208e-01 4.990252008421802721e+00 5.743160849065418461e+00
5.124623115577889854e-01 9.702066756484917232e-01 5.109203278194726638e-02 9.129276232950507275e-01 1.071822738310210354e+00 1.082421521879789017e+00 4.514683204000487921e-02 1.025361389993187267e+00 1.159225926939321916e+00 5.658566611562191540e+00 2.677384178000110637e-01 5.224821702209144547e+00 6.198814695902933991e+00 5.284778664277192561e+00 2.634196368990013304e-01 4.902596188808929334e+00 5.694676720258704528e+00
5.174371859296482690e-01 9.723687540091383585e-01 5.068602505119754187e-02 9.154893561121065781e-01 1.072324780099607189e+00 1.071836315401388351e+00 4.416400968813170846e-02 1.013909454435203861e+00 1.146698456956141809e+00 5.616414911328831749e+00 2.528981603005544532e-01 5.153737476241381898e+00 6.078418051479974160e+00 5.237854155931638722e+00 2.598405874756155587e-01 4.862973313925352592e+00 5.629772070348692203e+00
5.224120603015075526e-01 9.745616946294342053e-01 5.079645468143331039e-02 9.179735150745490513e-01 1.075365792779561014e+00 1.063643745650747707e+00 4.203461613848322176e-02 1.003393975763678947e+00 1.139390963935512202e+00 5.581669708059671109e+00 2.477052313672217232e-01 5.125584901394633519e+00 6.047247460858300450e+00 5.178929950123078108e+00 2.497547955530876329e-01 4.810274103570953308e+00 5.568880701680580358e+00
5.273869346733668362e-01 9.762114784278275170e-01 5.056624988095957673e-02 9.220440626320357547e-01 1.077528101127866567e+00 1.052011984469942707e+00 4.289479921045174365e-02 9.843362047495581857e-01 1.130013141863080106e+00 5.533799382822598645e+00 2.618962924974884698e-01 5.070244531775053076e+00 6.041570510298939212e+00 5.131096503279356291e+00 2.497683411186536195e-01 4.770352784036848703e+00 5.523524098908406010e+00
5.323618090452261198e-01 9.781704689292768373e-01 5.075261394620608768e-02 9.249402941268352052e-01 1.080422174644684929e+00 1.047818406603539865e+00 4.454143217970109314e-02 9.820264374924690953e-01 1.130718325675354130e+00 5.502869868528028618e+00 2.770302993367761424e-01 4.997770915739915054e+00 6.036645099000145898e+00 5.084117151733195783e+00 2.513482551565344170e-01 4.739030521727408463e+00 5.488060798030673482e+00
5.373366834170854034e-01 9.801257544265201682e-01 5.056134306444619309e-02 9.274113922270195154e-01 1.082304156320825550e+00 1.041923522330369556e+00 4.280282859079978519e-02 9.767211915027087521e-01 1.122109920993073384e+00 5.455257473345676900e+00 2.655277817677667573e-01 4.983356785514410525e+00 5.984852060879418012e+00 5.030127605455456674e+00 2.404561360456193009e-01 4.685222064707739165e+00 5.394143542524993507e+00
5.423115577889447980e-01 9.815162368878201926e-01 5.044572715707008881e-02 9.281567505218976111e-01 1.084231472611701719e+00 1.029792397838083629e+00 3.657951842160264005e-02 9.704436654804872164e-01 1.085256242419403883e+00 5.422800209654829118e+00 2.476809326904208519e-01 4.958487565181671997e+00 5.901344625128246868e+00 4.993221194448354439e+00 2.427575781335873095e-01 4.660371682248744207e+00 5.342907858796950293e+00
5.472864321608040816e-01 9.837701433547477725e-01 5.023605748275105504e-02 9.312322476722910691e-01 1.087010339831409489e+00 1.023464290890114148e+00 3.637677001265784971e-02 9.683946046436509025e-01 1.079449217057036003e+00 5.387965687733670350e+00 2.506885444033919441e-01 4.910974551814597078e+00 5.847679974525996194e+00 4.944502510545446761e+00 2.471452970968185947e-01 4.595180858282176040e+00 5.299850803704093671e+00
5.522613065326633652e-01 9.841269584132190662e-01 4.971073979765002621e-02 9.308167119193448968e-01 1.084600317085650634e+00 1.014490905378156338e+00 3.217943700621489489e-02 9.674022765824320524e-01 1.068643719857325980e+00 5.345151934998295218e+00 2.366168785690515863e-01 4.887922174126421382e+00 5.760471525394809333e+00 4.900803804917464923e+00 2.469576910267157477e-01 4.535624036995579367e+00 5.267368491301980704e+00
5.572361809045226488e-01 9.852268134765258534e-01 5.001398104734337130e-02 9.325020193152661063e-01 1.086188723729486050e+00 1.007377389673952850e+00 3.431868820105851703e-02 9.548444222139221838e-01 1.063485337960915933e+00 5.319287745243126864e+00 2.278913712851271534e-01 4.865176426096375017e+00 5.739248549088256546e+00 4.862830150893040937e+00 2.475348775261843048e-01 4.485619391903411746e+00 5.217263925975279548e+00
5.622110552763819324e-01 9.862100637911522805e-01 4.850887554599290358e-02 9.343044201147653327e-01 1.083690329611219694e+00 1.002817412909470018e+00 3.435229501527474472e-02 9.542247601724082040e-01 1.055398874666077624e+00 5.287306096666172905e+00 2.243390510088589807e-01 4.841394947219287204e+00 5.719435604845211074e+00 4.820129037595932253e+00 2.401382325530951878e-01 4.448365776966639373e+00 5.182563951470032571e+00
5.671859296482412161e-01 9.865572713423695905e-01 4.797328346713346930e-02 9.351648126047346077e-01 1.083755717417897335e+00 9.928173166778824221e-01 3.267209437891854806e-02 9.461637424242700378e-01 1.058688941152289509e+00 5.264825955337762764e+00 2.263475219884716061e-01 4.820873901710934994e+00 5.738775403636401151e+00 4.777636450012092695e+00 2.429756192617763544e-01 4.420148657708748985e+00 5.118243122615424134e+00
5.721608040201004997e-01 9.883580702575184285e-01 4.720155503122384910e-02 9.387975397711633141e-01 1.084392426417400523e+00 9.826456974208083173e-01 3.611678840374915600e-02 9.310557359253026632e-01 1.058906878710706989e+00 5.226155709037110242e+00 2.371621881022181466e-01 4.757579773689729841e+00 5.734183095376132577e+00 4.739407772111976058e+00 2.452099135648334038e-01 4.381233117607970406e+00 5.072742935963193034e+00
5.771356783919597833e-01 9.894720728001239474e-01 4.769774345627982720e-02 9.374091521932359505e-01 1.086032290442629389e+00 9.735577234178179884e-01 3.946844988649966107e-02 9.155315897912968959e-01 1.054916660854682720e+00 5.187168048020497579e+00 2.278867720912162442e-01 4.755362581749743356e+00 5.691103244584222232e+00 4.697765099115663645e+00 2.450656961936990008e-01 4.337207894761833771e+00 5.032002830681168604e+00
5.821105527638190669e-01 9.909532160772400733e-01 4.694478232574301330e-02 9.399380456612997925e-01 1.086884339911437403e+00 9.620600006389296022e-01 3.969761277118674658e-02 9.015471868600251071e-01 1.043241781380770394e+00 5.138817673710814660e+00 2.318136594905452763e-01 4.710015689726664512e+00 5.668724942540822376e+00 4.658785022024146016e+00 2.456409762354614390e-01 4.301140841015757665e+00 5.012115406438462983e+00
5.870854271356784615e-01 9.915609551557619250e-01 4.538401488252737093e-02 9.413850860149284294e-01 1.084359024234850644e+00 9.564388881322291036e-01 4.024278367224042030e-02 8.904357074075004430e-01 1.033377575729586439e+00 5.101383441762024518e+00 2.420771492693688798e-01 4.652308031366748864e+00 5.662997141211143948e+00 4.617264003114913251e+00 2.407524085667468450e-01 4.264239607122124021e+00 4.974288641136200617e+00
5.920603015075377451e-01 9.932487410559112107e-01 4.611871683036444791e-02 9.409203517027221464e-01 1.087366803179134367e+00 9.508241333641584969e-01 4.045360455340879513e-02 8.855677891496462895e-01 1.021764853843517340e+00 5.066990495111643789e+00 2.369332017550053182e-01 4.623443921506878773e+00 5.612564249631694757e+00 4.577910149689982333e+00 2.405740658580034774e-01 4.243302419506066236e+00 4.952707603144379078e+00
5.970351758793970287e-01 9.944622631546149449e-01 4.582588559524810451e-02 9.428618245652596874e-01 1.088951848107224674e+00 9.463540712842520852e-01 4.208352817184919659e-02 8.854097276717490805e-01 1.027042669934033370e+00 5.014075669492030762e+00 2.274757792649933497e-01 4.600343995371710015e+00 5.532578733936224680e+00 4.534420694143090458e+00 2.376299568277918939e-01 4.205324022061975420e+00 4.890657540082373522e+00
6.020100502512563123e-01 9.957228642629857296e-01 4.501853665074987548e-02 9.433531317745468270e-01 1.088721871999873247e+00 9.390085958726086535e-01 4.161271706202103460e-02 8.753582954558672968e-01 1.022675048364836803e+00 4.973945620666184730e+00 2.260940073310216958e-01 4.574101461737879681e+00 5.478330150727434678e+00 4.497065274653800238e+00 2.313014923918151888e-01 4.189279321421762958e+00 4.864861135298998995e+00
6.069849246231155959e-01 9.971660870735714610e-01 4.558175838123135204e-02 9.428606921252975503e-01 1.090804515368735572e+00 9.324054522141317358e-01 4.229703716698934163e-02 8.723210857740704149e-01 1.015260676995028311e+00 4.945117274930750817e+00 2.285339208323453331e-01 4.596293643632500370e+00 5.479670908639905136e+00 4.457705338528624495e+00 2.356744889257477993e-01 4.144177107962184969e+00 4.827468811757815281e+00
6.119597989949748795e-01 9.983334390640752343e-01 4.595127083885990060e-02 9.459309876468056100e-01 1.094269898794350437e+00 9.253287109277440470e-01 4.298196197962553256e-02 8.689466133790498814e-01 1.012916878038524482e+00 4.904720114093398919e+00 2.256721068653068929e-01 4.574818116009096158e+00 5.426077691590264429e+00 4.425277301152673814e+00 2.355829860777929330e-01 4.107989470859642722e+00 4.780909953359663511e+00
6.169346733668341631e-01 9.992364414891266033e-01 4.508684376011178746e-02 9.469557938014135923e-01 1.091903266645496418e+00 9.205398817760865882e-01 4.337457032048301631e-02 8.637239322201825109e-01 1.003790318400129777e+00 4.868645509846168729e+00 2.253287910478339595e-01 4.553732487542387908e+00 5.380509889865044748e+00 4.387415905483075029e+00 2.326827704300709343e-01 4.066514810314233230e+00 4.741932583006408741e+00
6.219095477386934467e-01 1.000596845308247884e+00 4.473625902518340441e-02 9.486583388147257212e-01 1.093270140631053655e+00 9.140005281178188445e-01 3.964894644761374903e-02 8.651434966732256537e-01 9.900072378044942889e-01 4.824026645970898031e+00 2.236041079673378729e-01 4.505457443985140031e+00 5.338801249119452308e+00 4.347884537656847570e+00 2.318513691173134383e-01 4.014210574148155963e+00 4.706191260202737148e+00
6.268844221105528414e-01 1.000944980571146115e+00 4.426914690353005860e-02 9.480224432753415753e-01 1.092617130308832341e+00 9.064035856558243509e-01 3.890973837369825217e-02 8.587650781459278404e-01 9.763537796438519489e-01 4.789318904904847685e+00 2.207237594761806976e-01 4.455470336268961162e+00 5.305015659946225703e+00 4.312561605422492228e+00 2.320317671604812115e-01 3.982838677327233512e+00 4.674723886265783612e+00
6.318592964824121250e-01 1.002226244832717716e+00 4.377196452267290844e-02 9.517188035041624916e-01 1.094838571001184091e+00 8.986616558114539632e-01 3.873403371830412556e-02 8.490889833858300539e-01 9.655309796426807534e-01 4.740378732495545755e+00 2.206278509519909448e-01 4.379290869569718581e+00 5.242439018915543869e+00 4.283491404169189387e+00 2.265532219593179852e-01 3.966606338893779338e+00 4.647170819316924550e+00
6.368341708542714086e-01 1.003317541333878626e+00 4.358665225720224912e-02 9.529863828700813055e-01 1.094644801631864839e+00 8.913621198008057078e-01 3.714700046666528921e-02 8.434390324750602463e-01 9.583352349363845057e-01 4.703477891115151799e+00 2.276879108266652574e-01 4.327684436404901192e+00 5.207901776777402958e+00 4.252684214497721271e+00 2.224580994503343734e-01 3.934740998705961612e+00 4.619446486867666124e+00
6.418090452261306922e-01 1.004614541817725026e+00 4.390718325235119096e-02 9.538831746780553900e-01 1.097313601944215344e+00 8.826170019580560355e-01 3.519119234704171789e-02 8.340405784836408820e-01 9.444545161266325595e-01 4.652964685314493032e+00 2.300943853743319667e-01 4.258477563476196437e+00 5.136107239657804691e+00 4.219697599774382191e+00 2.219892807670471313e-01 3.914134420607966902e+00 4.579915681582529707e+00
6.467839195979899758e-01 1.005288044453574559e+00 4.333282239427824895e-02 9.546535505786976072e-01 1.096351473333456950e+00 8.766167441917070979e-01 3.423777455365832612e-02 8.296025075582397212e-01 9.301008499678035113e-01 4.609149680108784786e+00 2.312665003589977619e-01 4.213348227630767440e+00 5.108001170558734039e+00 4.179379693437891063e+00 2.207481482752549906e-01 3.858694121869147509e+00 4.543341240290097005e+00
6.517587939698492594e-01 1.005897634802878748e+00 4.275263307826977777e-02 9.564337205700369493e-01 1.093242644243757722e+00 8.702228469323405324e-01 3.496924841975908305e-02 8.111181271206210353e-01 9.273306032415560285e-01 4.573818843098313991e+00 2.193271082174294839e-01 4.202923919236817518e+00 5.042019938912928545e+00 4.143870261811195554e+00 2.177898601728797401e-01 3.822523374245166305e+00 4.505767404690792510e+00
6.567336683417085430e-01 1.005837435141949676e+00 4.158338768939573438e-02 9.580376032963826560e-01 1.090020321066895281e+00 8.603103074251861049e-01 3.279034761356616756e-02 8.044698668109847572e-01 9.282029259446700209e-01 4.524771923603330137e+00 2.129360437523030170e-01 4.135882984158256725e+00 4.940794433595062429e+00 4.111177518013560572e+00 2.136321391936251701e-01 3.788929480121517201e+00 4.472940159559476214e+00
6.617085427135678266e-01 1.006029736280298570e+00 4.116756753097181726e-02 9.591988875285684113e-01 1.089008516208812782e+00 8.504679367648865229e-01 3.328049860987029873e-02 7.975374518360235365e-01 9.174629380049889038e-01 4.496257090195034500e+00 2.156371948692765994e-01 4.134893141254113225e+00 4.932128750839538611e+00 4.081674806085167084e+00 2.108963398125203448e-01 3.758182328531168626e+00 4.442329533773428096e+00
6.666834170854271102e-01 1.006405724786373135e+00 4.167590607544351122e-02 9.591122753502627774e-01 1.090745195013405056e+00 8.413606669049489284e-01 3.338133025134807502e-02 7.915341306008943922e-01 9.091990614878707744e-01 4.459322587524724213e+00 2.210673330096901978e-01 4.111717339837370311e+00 4.943681737300572365e+00 4.053898767157609662e+00 2.081118683083238441e-01 3.742439990542496542e+00 4.406903897160339589e+00
6.716582914572865048e-01 1.007386871503736181e+00 4.142882036070395096e-02 9.595761824464119627e-01 1.089394825540973555e+00 8.332850898720962629e-01 3.400154003442799194e-02 7.770900458369854880e-01 9.026027916916974370e-01 4.412397998408918554e+00 2.089080784809564939e-01 4.073348510018544921e+00 4.872278753473586299e+00 4.018686481396563259e+00 2.065525201394148580e-01 3.719831339435244910e+00 4.360988293107309843e+00
6.766331658291457885e-01 1.008112340605359813e+00 4.094717338479082758e-02 9.608322833220506176e-01 1.087231077746124042e+00 8.264928974361434033e-01 3.358348857691136058e-02 7.674690944624331657e-01 8.923804017473109251e-01 4.358825768468561179e+00 2.171802007911341759e-01 4.028187540237325059e+00 4.833783984254583110e+00 3.991443586952146294e+00 2.038034547401857133e-01 3.704489525697089558e+00 4.321879339869500569e+00
6.816080402010050721e-01 1.008927643559792475e+00 4.080953261078929667e-02 9.609100794515682553e-01 1.087949771190855675e+00 8.183296428936600586e-01 3.387322120053311292e-02 7.587437866812301035e-01 8.896126018743638619e-01 4.319403332816227348e+00 2.019757047045925569e-01 4.010551710845146722e+00 4.763673747410650527e+00 3.956809269267265172e+00 1.967218596407754039e-01 3.683956088825441455e+00 4.266053947224941467e+00
6.865829145728643557e-01 1.009194512406236921e+00 4.119639396043747737e-02 9.616569197056705764e-01 1.087675038248858694e+00 8.093403125845034518e-01 3.481707060773474999e-02 7.510337875693192666e-01 8.890710024494259400e-01 4.275484558924306455e+00 2.076517098822381058e-01 3.947648120735116617e+00 4.737148226126485895e+00 3.927323719315073625e+00 1.957306586103514101e-01 3.664233219309527279e+00 4.253460605423128982e+00
6.915577889447236393e-01 1.010111228603472133e+00 4.049751096791665006e-02 9.625925114792265314e-01 1.087856129769664060e+00 8.045392691019822573e-01 3.498459516003951664e-02 7.477839972206745678e-01 8.864259443874445976e-01 4.233896678941285963e+00 2.174358142943456917e-01 3.900181978785753678e+00 4.694936910560579157e+00 3.895329144332554172e+00 1.970562519224251796e-01 3.634806714733538779e+00 4.232201079401711752e+00
6.965326633165829229e-01 1.010858966431579908e+00 4.037325515479450039e-02 9.634743323476399057e-01 1.089430365898631292e+00 7.961833240419733393e-01 3.509868879862640401e-02 7.359284894024191725e-01 8.750160015352296261e-01 4.195019872445746145e+00 2.324243417532022848e-01 3.826917443090278148e+00 4.672112361284913362e+00 3.868090267653383485e+00 1.925424762950334601e-01 3.624601358945116036e+00 4.201707765328758448e+00
7.015075376884422065e-01 1.011048762994419370e+00 3.953312561458800084e-02 9.635994643578575936e-01 1.087113450776202805e+00 7.866315519066962025e-01 3.854418895861859429e-02 7.256555428628231885e-01 8.750001672483337378e-01 4.155048858414611246e+00 2.297238381753377023e-01 3.806098303667424521e+00 4.623862178388446154e+00 3.837821389325912769e+00 1.961383246329464203e-01 3.587867599834370758e+00 4.167611726570208397e+00
7.064824120603014901e-01 1.010889260201375706e+00 3.840513379844500558e-02 9.661681410416288474e-01 1.084786138312978876e+00 7.782264091508613868e-01 4.034717639054170857e-02 7.128343734378027596e-01 8.740870037645719348e-01 4.106899133306692207e+00 2.368677435589690017e-01 3.749743927436516078e+00 4.628558060125463669e+00 3.812678396378272883e+00 1.908836158670593197e-01 3.565001316391101849e+00 4.139601586744847239e+00
7.114572864321608847e-01 1.011903504566490586e+00 3.832222272868216623e-02 9.669038542174782647e-01 1.085447926138275676e+00 7.704237311377222230e-01 3.914294008512868989e-02 7.059175674577347070e-01 8.652996444227544215e-01 4.059375898778463387e+00 2.408040948860073749e-01 3.720943489121067316e+00 4.602159261765732978e+00 3.785788695409535443e+00 1.875759647948684883e-01 3.547354959405893737e+00 4.105145015327638980e+00
7.164321608040201683e-01 1.013171107115869773e+00 3.769513955637979891e-02 9.686333488757238319e-01 1.084627996053586951e+00 7.625730995548523072e-01 3.783574768927477905e-02 6.985096925190634742e-01 8.525117577470454622e-01 4.008368342265831608e+00 2.426253506519236991e-01 3.682133789924280087e+00 4.559399897856623696e+00 3.757427120734282422e+00 1.895828215354583846e-01 3.523885092508371564e+00 4.079863055263945881e+00
7.214070351758794519e-01 1.013377363140698595e+00 3.663604885556837054e-02 9.703415302369250428e-01 1.083243282949441166e+00 7.523626988972271779e-01 3.791843041479556198e-02 6.943802298918030358e-01 8.459339068202541556e-01 3.965118082382763198e+00 2.399006675003364508e-01 3.651901576425195195e+00 4.514220043064296917e+00 3.732273272600191039e+00 1.846898277920756559e-01 3.500008030541007287e+00 4.036020806214439816e+00
7.263819095477387355e-01 1.013349837836922784e+00 3.620826358448588078e-02 9.712049664056436882e-01 1.083318212268048919e+00 7.405785696612225966e-01 3.876286740424825239e-02 6.850451344264186782e-01 8.343701713916941154e-01 3.915624710502233263e+00 2.339025710128500024e-01 3.609768971525003867e+00 4.432976475164951857e+00 3.702683177268580206e+00 1.843713818705572938e-01 3.493950861787685991e+00 4.003501719288595773e+00
7.313567839195980191e-01 1.013742260876553392e+00 3.635416571790588136e-02 9.717925553855366605e-01 1.084408165752148712e+00 7.314428001794726075e-01 4.002993872641541495e-02 6.708713568469157895e-01 8.247975667970850466e-01 3.876032602369166025e+00 2.351100284155091813e-01 3.562095683323529993e+00 4.418176684341315941e+00 3.676246343787166637e+00 1.853052398370630127e-01 3.462470542353260683e+00 3.986515134864904830e+00
7.363316582914573027e-01 1.013991008016663642e+00 3.631816237608869596e-02 9.710158687558382296e-01 1.084211072658991748e+00 7.230401235787475844e-01 3.945374813713522361e-02 6.628684485873544974e-01 8.084192867803301485e-01 3.833668564401930379e+00 2.372735987671587832e-01 3.503530763990108987e+00 4.378255025175867843e+00 3.652031908025968221e+00 1.834973193646139700e-01 3.431831995342212949e+00 3.956855528392466681e+00
7.413065326633165864e-01 1.014343305154979280e+00 3.525973207935063219e-02 9.721669634499617851e-01 1.083039333609531862e+00 7.141999417781418336e-01 3.640050655211326397e-02 6.564435872598228805e-01 7.877551014369329474e-01 3.786881041657844893e+00 2.349256807023478721e-01 3.466910929178174339e+00 4.323386604347629003e+00 3.622322218952493955e+00 1.808565375478788095e-01 3.406924903417936967e+00 3.933745830392621823e+00
7.462814070351758700e-01 1.015347732783914880e+00 3.541998566297910322e-02 9.726325101480350899e-01 1.084193813180327703e+00 7.046847552630536304e-01 3.763882229815876390e-02 6.415274011546364674e-01 7.686112424225960416e-01 3.744986454249378482e+00 2.311851009607129304e-01 3.424440296032878805e+00 4.271472115659860513e+00 3.599415196259923455e+00 1.788584645071457369e-01 3.390620347362767628e+00 3.910568924380056988e+00
7.512562814070351536e-01 1.015363034741501247e+00 3.464555277364674002e-02 9.742176362704908499e-01 1.084769262078240981e+00 6.972301330275171294e-01 3.808123775282855339e-02 6.354845753397821984e-01 7.653258576683203973e-01 3.703616689241782556e+00 2.376701702854742415e-01 3.362739156774371629e+00 4.229200485749592175e+00 3.574764771559401311e+00 1.744150953732964415e-01 3.372243468963969981e+00 3.889146916567867152e+00
7.562311557788945482e-01 1.015810581072017715e+00 3.425089452452058369e-02 9.751401700303939934e-01 1.084801609874851192e+00 6.876792602659947962e-01 3.503346308225094990e-02 6.297006157043278929e-01 7.514447003521055324e-01 3.657739107694875091e+00 2.330845941270490995e-01 3.316569584111412006e+00 4.165304768108146760e+00 3.554832650965535468e+00 1.721141768235040503e-01 3.354663436153087819e+00 3.863677415910074409e+00
7.612060301507538318e-01 1.015619968564589470e+00 3.389960827504946012e-02 9.747804270302814489e-01 1.083299742548668787e+00 6.766423124619687091e-01 3.553113514187401095e-02 6.188729248375941516e-01 7.381112355742317499e-01 3.607275779638261959e+00 2.289240713266418314e-01 3.282374213933773710e+00 4.102058103510303866e+00 3.530191605244439756e+00 1.702790291770832909e-01 3.333769645700734419e+00 3.845140642972940892e+00
7.661809045226131154e-01 1.015704869641152586e+00 3.383220123432518350e-02 9.758284154678061872e-01 1.083483813098452320e+00 6.671573633297224193e-01 3.864661260508675533e-02 6.093239291482028808e-01 7.264367608976858293e-01 3.561467765476180602e+00 2.189645023296438175e-01 3.257104079896501858e+00 4.050099810301519554e+00 3.505665791276468379e+00 1.696391320020352311e-01 3.315478067631316250e+00 3.827246565505037168e+00
7.711557788944723990e-01 1.015806238147369145e+00 3.362826922023889192e-02 9.767773521956868432e-01 1.083843711841771418e+00 6.582083312899459360e-01 3.841884835500196382e-02 5.936415025884229646e-01 7.133099183915569963e-01 3.511060690232458370e+00 2.082287135780651333e-01 3.219805753822520877e+00 3.977009367226246539e+00 3.479440851063799300e+00 1.636610123221417523e-01 3.297202584513013957e+00 3.789560874532833523e+00
7.761306532663316826e-01 1.015876398964076444e+00 3.277861950330990953e-02 9.784019485802479821e-01 1.082102079083275381e+00 6.494342418393838079e-01 3.900360503787564381e-02 5.909328271860349036e-01 7.032507177977237456e-01 3.467145761276603899e+00 2.076305585844840651e-01 3.176362727121068374e+00 3.929888610569508778e+00 3.454496901948858945e+00 1.613068537661088153e-01 3.276227423551308249e+00 3.755812915690121656e+00
7.811055276381909662e-01 1.015311684421866367e+00 3.204043299449362003e-02 9.796948423281464091e-01 1.078508733156517962e+00 6.415765520426734980e-01 3.801302639115201193e-02 5.825944053294174196e-01 6.947677281843946950e-01 3.421018959224471079e+00 2.015054599811846314e-01 3.133542347284253626e+00 3.859278079411975870e+00 3.430242866684219738e+00 1.597474508752368960e-01 3.261681387280497280e+00 3.724747438070046712e+00
7.860804020100502498e-01 1.016342088942739474e+00 3.202752004855390078e-02 9.805052511673277849e-01 1.078759496719796873e+00 6.310390098308070739e-01 3.991608513962675853e-02 5.688334957988839813e-01 6.857014114623192214e-01 3.372688841530892212e+00 1.958601766765111774e-01 3.102799961255444217e+00 3.785395727340240768e+00 3.405496806449255676e+00 1.550535193442919013e-01 3.239564719643147850e+00 3.699096127353603602e+00
7.910552763819095334e-01 1.016509682850290197e+00 3.150127610156744362e-02 9.808698125534702772e-01 1.077134335794174502e+00 6.220425929655627462e-01 4.112824105749869619e-02 5.631707386358040246e-01 6.799833825963519374e-01 3.325620077526605822e+00 1.949035954577563456e-01 3.057059111246282601e+00 3.729439302171056791e+00 3.381643432865499843e+00 1.505176445406759544e-01 3.221724888970697531e+00 3.658689051839080442e+00
7.960301507537689281e-01 1.016671907593045265e+00 3.135090304417884749e-02 9.811511054161233814e-01 1.076426873085512659e+00 6.149916124422938335e-01 4.336224309597338372e-02 5.530121924062105787e-01 6.763519317617565640e-01 3.283816416867504362e+00 1.998635935867701385e-01 3.013984276453486988e+00 3.687970186795551442e+00 3.359203491797910779e+00 1.488257342928837879e-01 3.201594342234934221e+00 3.645223146837312633e+00
8.010050251256282117e-01 1.015825640918849526e+00 3.134544874417276306e-02 9.808483536101285649e-01 1.073594226234286797e+00 6.069826523999042323e-01 4.247261874031382084e-02 5.460985563524615172e-01 6.676395409264685998e-01 3.233101054776366112e+00 1.977836866193534160e-01 2.962389046384380720e+00 3.647662489236142669e+00 3.337068253060989864e+00 1.455690114316174344e-01 3.176156480155420514e+00 3.617457597390795865e+00
8.059798994974874953e-01 1.016053364640567391e+00 3.085368631433994466e-02 9.816922457612423658e-01 1.072999328350174419e+00 5.979702981963214148e-01 4.116139807913805904e-02 5.379972950014428879e-01 6.560670954966144608e-01 3.188441358501788336e+00 1.975297430124230980e-01 2.934444993317254724e+00 3.621198905474593221e+00 3.313388129648507707e+00 1.442070981362809923e-01 3.145168717812424575e+00 3.595315750254373555e+00
8.109547738693467789e-01 1.016644789264502746e+00 3.031476355881098164e-02 9.827166700434227797e-01 1.072123054908034057e+00 5.865940888285010590e-01 4.122981989552971377e-02 5.226578702193206416e-01 6.414435474901899470e-01 3.147017490560695574e+00 2.015902945569071625e-01 2.897816873675457927e+00 3.589406293212554111e+00 3.292876794837078958e+00 1.402005479297769586e-01 3.135550964477153091e+00 3.567148483118741886e+00
8.159296482412060625e-01 1.015830439890324177e+00 2.977784742448443683e-02 9.819128125176289634e-01 1.069644803105730846e+00 5.755799557891748686e-01 4.251463981091538336e-02 5.041295825030268629e-01 6.330468499004023863e-01 3.097898149187841899e+00 1.986129827089431754e-01 2.854374274957433233e+00 3.519968788975178509e+00 3.269266771229099700e+00 1.407120284367629204e-01 3.112919678483457631e+00 3.546866233846637240e+00
8.209045226130653461e-01 1.015723914613497758e+00 2.895919148873809038e-02 9.825927580042701504e-01 1.068147568423100768e+00 5.668586125326817715e-01 4.251374961166588112e-02 4.981458418537280664e-01 6.269645293363224070e-01 3.056697426415765584e+00 1.888924449475616885e-01 2.825582944860942636e+00 3.457048947413975615e+00 3.250623545131277492e+00 1.349760268320834011e-01 3.100687534667811995e+00 3.523628623265156357e+00
8.258793969849246297e-01 1.015285266371459327e+00 2.822787207325798409e-02 9.827055662188332041e-01 1.065875635132383703e+00 5.563963512641210141e-01 4.209928406323484168e-02 4.865528581051719037e-01 6.217540457999704007e-01 3.007602619929624410e+00 1.863139717820644081e-01 2.756851117365420212e+00 3.393965057961253695e+00 3.227134148710788075e+00 1.305206052132174277e-01 3.080014816805510591e+00 3.489239588935947101e+00
8.308542713567839133e-01 1.015117086009310388e+00 2.787658308942622329e-02 9.829558934597562025e-01 1.065291311939392083e+00 5.455227933882443869e-01 4.110425686607932505e-02 4.756227689562028127e-01 6.148835417784389579e-01 2.952819038538164076e+00 1.841423586001200707e-01 2.720206032582435096e+00 3.341995989450872617e+00 3.201994736810005460e+00 1.249571105036342417e-01 3.063556694403667180e+00 3.443727865588397830e+00
8.358291457286431969e-01 1.014157700490811109e+00 2.797200844494422689e-02 9.811791857162522890e-01 1.065109041054468131e+00 5.359614526877689578e-01 4.061609627866246547e-02 4.676184433817587305e-01 6.017142581687868752e-01 2.909436123914455496e+00 1.846659550121641513e-01 2.681291047705872899e+00 3.304566076719638090e+00 3.179658568541493757e+00 1.228662198536763228e-01 3.035501527159867319e+00 3.418105000013644368e+00
8.408040201005025915e-01 1.013829254467537355e+00 2.793982069305121427e-02 9.812051538707616816e-01 1.063963951968451616e+00 5.280723788299578336e-01 3.837082081167911968e-02 4.658585323767562847e-01 5.950575567820276524e-01 2.862625609448953501e+00 1.834434453860791792e-01 2.633595592274287078e+00 3.265582406652724590e+00 3.156797774235704512e+00 1.200118416868800608e-01 3.011856140797958492e+00 3.383360273946285357e+00
8.457788944723618751e-01 1.013296549499747234e+00 2.718146832403206883e-02 9.822057702906317189e-01 1.059707303926146871e+00 5.186670677847816657e-01 3.755896382816754225e-02 4.614514177628126768e-01 5.883274846212147580e-01 2.818913177571427564e+00 1.759349086685029206e-01 2.608093942496284345e+00 3.211808823106958144e+00 3.135220782199386935e+00 1.171526896871240842e-01 2.989626339407443822e+00 3.358453395898446381e+00
8.507537688442211588e-01 1.012948585270963875e+00 2.661689892913452621e-02 9.822182928522432688e-01 1.058718514861466176e+00 5.118680645069445534e-01 3.660716521003488239e-02 4.563131660698535041e-01 5.810141545949703001e-01 2.768980255237361021e+00 1.700731310695896281e-01 2.553509364844500418e+00 3.158353563477501069e+00 3.114072234166693320e+00 1.175881120672880031e-01 2.965492627661042047e+00 3.336360069524083816e+00
8.557286432160804424e-01 1.013024559303232985e+00 2.628132777001161366e-02 9.825577761216937045e-01 1.058889695228713901e+00 5.026297557869432442e-01 3.530103239597574133e-02 4.510467606223969583e-01 5.699525458752225937e-01 2.716278115395867943e+00 1.760745327621805745e-01 2.492805623975351992e+00 3.117739629657998446e+00 3.090370660951253345e+00 1.123316291209831286e-01 2.945195039357346278e+00 3.294411894345346425e+00
8.607035175879397260e-01 1.012883601750827589e+00 2.673492845646573829e-02 9.830448299970762083e-01 1.059566917795762064e+00 4.935773569281561857e-01 3.049714901059541808e-02 4.469541294458826974e-01 5.465016665039649224e-01 2.671841254875066074e+00 1.726628039488750932e-01 2.444883565791689417e+00 3.064791793137907838e+00 3.068956693009706527e+00 1.055503346154386124e-01 2.931904996962459098e+00 3.267524188215679803e+00
8.656783919597990096e-01 1.011709520751784108e+00 2.607691690548317662e-02 9.835006672721758880e-01 1.057376133868868529e+00 4.862936747633558876e-01 2.951207650523291273e-02 4.431876529290865729e-01 5.348973040034878945e-01 2.623797393665624256e+00 1.647179845902124184e-01 2.409628112697570046e+00 2.986770880818295559e+00 3.049457759940654267e+00 1.011725822715487111e-01 2.922629392050407393e+00 3.234934100577953497e+00
8.706532663316582932e-01 1.011149800304798063e+00 2.581507334412218996e-02 9.829272775475583757e-01 1.058124911150230663e+00 4.796061416060860561e-01 2.865415728221651359e-02 4.385339079535341411e-01 5.292001819537091034e-01 2.573980335752394488e+00 1.588407791044465778e-01 2.386704052982716817e+00 2.921704346357905990e+00 3.028728345204914962e+00 9.969186220664853770e-02 2.902878183653711641e+00 3.213928076476078921e+00
8.756281407035175768e-01 1.010538811958594296e+00 2.489061877395546199e-02 9.836876538301498885e-01 1.055991758804727398e+00 4.716506355826506902e-01 2.873631381137103577e-02 4.276099476953423295e-01 5.208998465019639701e-01 2.529373667830665529e+00 1.495085948733628212e-01 2.354374135430339798e+00 2.864191344439384945e+00 3.007406111116482261e+00 9.645830436645037864e-02 2.892247083032600141e+00 3.190989627617881741e+00
8.806030150753769714e-01 1.009949905307613083e+00 2.407751162753497126e-02 9.828759072372089678e-01 1.053090121227572507e+00 4.616498982250742955e-01 2.879762576789592771e-02 4.246982314567404604e-01 5.122991189296113301e-01 2.480964988173866459e+00 1.445564265944117299e-01 2.319125855739105901e+00 2.799986990399688125e+00 2.987796601576183431e+00 9.241948500527620569e-02 2.875954582530714898e+00 3.167787158430704686e+00
8.855778894472362550e-01 1.009456241800832599e+00 2.348920883621946967e-02 9.837291793445844812e-01 1.050631552946406089e+00 4.508162855505724598e-01 2.901608854214042521e-02 4.132405864589073219e-01 5.056178749569563147e-01 2.434153556912777905e+00 1.494721318678457200e-01 2.266972827023053583e+00 2.761210107859215501e+00 2.967255042436992785e+00 8.880060634816229481e-02 2.858033190754347252e+00 3.137513838277947276e+00
8.905527638190955386e-01 1.007984707397815871e+00 2.275853759506746635e-02 9.835818222015920709e-01 1.048503513813299204e+00 4.416822288996296031e-01 2.686363480970210132e-02 4.085232815177767263e-01 4.872905778384050701e-01 2.388405679613774701e+00 1.450164109112133948e-01 2.219009108047645285e+00 2.707309583030030442e+00 2.946126667533250476e+00 8.682286486750365184e-02 2.839106233950960068e+00 3.113884034847231863e+00
8.955276381909548222e-01 1.006995562497879693e+00 2.219120631535971902e-02 9.832690407469659721e-01 1.047253216559035582e+00 4.334847342508941770e-01 2.738572555599781688e-02 3.991787166104437956e-01 4.802151589120332020e-01 2.339925683037929804e+00 1.417262562117118374e-01 2.182241525075216071e+00 2.643200423783944153e+00 2.925752938083611809e+00 8.416188593889457892e-02 2.817783510773344879e+00 3.085974846925914505e+00
9.005025125628141058e-01 1.006490499064571553e+00 2.181171449445756458e-02 9.840356079631932262e-01 1.046420295657951804e+00 4.236064078534719779e-01 2.707591693876482478e-02 3.918311310433588157e-01 4.701351241018368876e-01 2.290423725848719894e+00 1.380420475414176340e-01 2.116381899581706527e+00 2.580346504570979249e+00 2.906373235049922066e+00 8.327714017230530841e-02 2.801983847143032058e+00 3.059698685954010511e+00
9.054773869346733894e-01 1.005182611071533172e+00 2.095980752912883494e-02 9.820057312398471350e-01 1.042295456672008847e+00 4.146316050219739369e-01 2.758982440967128538e-02 3.804757467793389303e-01 4.617180820190396329e-01 2.247929872504491833e+00 1.402680406421034365e-01 2.072520484528342699e+00 2.549134891621339438e+00 2.886134415681037790e+00 8.258879854118025832e-02 2.782995627846340803e+00 3.030046454881795359e+00
9.104522613065326730e-01 1.004092963070853939e+00 2.034455157289235400e-02 9.816240186106376386e-01 1.040835031016059897e+00 4.050091737771140399e-01 2.842467184453289011e-02 3.726304647607818210e-01 4.522664638637558521e-01 2.196063836751503739e+00 1.323373725349355212e-01 2.042787283941532195e+00 2.477199391434240727e+00 2.865314361038537427e+00 7.828379416707080540e-02 2.768680136173695239e+00 3.001871783361375723e+00
9.154271356783919567e-01 1.002442522313913953e+00 2.066719197092537624e-02 9.780964698325028683e-01 1.040443357864173413e+00 3.957276220475357542e-01 2.812822253758200802e-02 3.661900442915282383e-01 4.433937694819295450e-01 2.153987401820767644e+00 1.269111376631008870e-01 2.016519832775052645e+00 2.430328846100504592e+00 2.844365884511413700e+00 7.430920853632615175e-02 2.753065381620385832e+00 2.972834279712469385e+00
9.204020100502512403e-01 1.000220008541951699e+00 1.963025217963540459e-02 9.775883225790250597e-01 1.038634178345083425e+00 3.877568614129504043e-01 2.696179175078579696e-02 3.597959242197333873e-01 4.303106011582157886e-01 2.105825557362265954e+00 1.235310005136133760e-01 1.977851808843561265e+00 2.370513357598863724e+00 2.824257480259285469e+00 7.240664083876535706e-02 2.737156796556497795e+00 2.951690419860236059e+00
9.253768844221106349e-01 9.985157392329806481e-01 1.855284044574116026e-02 9.763580056866405510e-01 1.034574933315186351e+00 3.791224297204959237e-01 2.565777052953258780e-02 3.531604990629507723e-01 4.208560397590442315e-01 2.063239717834029374e+00 1.136793500758744441e-01 1.950402212358029352e+00 2.299493255079458898e+00 2.802165494700516124e+00 7.142432267799572743e-02 2.712895632503872445e+00 2.920368953563460490e+00
9.303517587939699185e-01 9.972282549183167921e-01 1.731391534512104202e-02 9.759520225219023848e-01 1.031066238916089839e+00 3.721604726606219105e-01 2.680844985190708116e-02 3.447970528941644575e-01 4.145836951469769605e-01 2.017009537657141305e+00 1.108088983450111753e-01 1.898644114427775476e+00 2.249281615141173418e+00 2.781790185547555083e+00 6.898181110878549849e-02 2.698133976433544134e+00 2.894801314638068224e+00
9.353266331658292021e-01 9.950877831423496911e-01 1.633454613220921073e-02 9.747247506942082751e-01 1.027635812253784753e+00 3.632415022125370929e-01 2.300981576160399111e-02 3.389508089734009078e-01 3.988518925333076059e-01 1.972205934477249567e+00 1.071905196156890949e-01 1.854636441424289739e+00 2.197162016548702468e+00 2.763600116380099170e+00 6.686242915648697716e-02 2.682783883699614513e+00 2.874864918546037096e+00
9.403015075376884857e-01 9.937879140749545925e-01 1.666603270461436762e-02 9.716973928410341799e-01 1.025997765264109018e+00 3.564223235092182085e-01 2.183491041457538348e-02 3.340744820519664926e-01 3.900960924928880136e-01 1.922023778624851520e+00 1.062327660426219400e-01 1.814758230505968184e+00 2.148514067962765228e+00 2.740934681610380785e+00 6.345869076164635525e-02 2.670804941970919444e+00 2.850005487660349779e+00
9.452763819095477693e-01 9.920065412540891581e-01 1.555461095658785577e-02 9.707305643726718003e-01 1.020057997759257429e+00 3.481868082218282368e-01 2.081142857690978717e-02 3.242382849786320520e-01 3.813282829851133982e-01 1.877195917397607161e+00 9.238981922576766648e-02 1.777752547418640638e+00 2.068880449077164396e+00 2.720317923244047531e+00 5.915392469069283288e-02 2.653732865554121467e+00 2.816828124128825994e+00
9.502512562814070529e-01 9.897433171954963527e-01 1.495829634199480861e-02 9.699006936129386247e-01 1.018660405131858182e+00 3.390983588204824484e-01 2.028762382130140304e-02 3.152932442234199772e-01 3.746428712732662314e-01 1.824045574276422332e+00 8.163656035911884268e-02 1.728518955447376326e+00 1.986545093493116143e+00 2.698237841381362134e+00 5.618591121355655249e-02 2.632728331672076649e+00 2.789775747141717943e+00
9.552261306532663365e-01 9.876347266344247533e-01 1.336894279363116250e-02 9.700092157282185212e-01 1.012596879404148220e+00 3.294591572735144913e-01 1.811784053125130647e-02 3.092446699716252523e-01 3.626361751836327252e-01 1.773432242215200461e+00 7.553895053643980284e-02 1.680458168792077878e+00 1.923102360718532911e+00 2.675163464435838190e+00 5.208651461019048190e-02 2.617974194940453359e+00 2.759244459859096832e+00
9.602010050251256201e-01 9.850382300627800181e-01 1.289896092455324571e-02 9.680080071657843899e-01 1.008077933878592125e+00 3.209041510184221235e-01 1.579374333972915698e-02 2.991798074955511755e-01 3.463135910444851140e-01 1.724925964936578904e+00 6.773590393276890387e-02 1.639334593547396635e+00 1.844493558472352746e+00 2.651012390059844570e+00 4.979498815318578187e-02 2.596089190772381983e+00 2.738260823293690471e+00
9.651758793969849037e-01 9.818197061325315556e-01 1.120237259564287741e-02 9.667133600471523591e-01 1.002494408140029325e+00 3.112338991933677468e-01 1.124071106191028291e-02 2.925218417188598097e-01 3.292699938939127602e-01 1.674500726681465324e+00 5.855992367892524225e-02 1.601217877443240845e+00 1.782927565144416970e+00 2.623363769176128013e+00 4.646649158173993266e-02 2.572290549523306602e+00 2.707526008612565427e+00
9.701507537688442984e-01 9.786975445326205891e-01 9.351225903276843415e-03 9.647533355541270117e-01 9.939751089041252152e-01 3.026868170586846096e-01 1.030911765548886763e-02 2.860733074914143526e-01 3.174561556148469688e-01 1.623300253236404256e+00 4.987763229446531832e-02 1.558644047594744286e+00 1.712354619979744808e+00 2.598569894389365587e+00 4.065245736096699536e-02 2.548947294364883653e+00 2.674231536171658874e+00
9.751256281407035820e-01 9.753001167522936665e-01 9.127563664293049384e-03 9.634106052604100023e-01 9.902529168785926261e-01 2.946269804653778857e-01 9.756987791728071943e-03 2.817537965938560762e-01 3.125762423524624523e-01 1.577997320888067323e+00 4.571619000539882405e-02 1.507788956675635283e+00 1.654791609138893449e+00 2.572774262894433228e+00 3.695801803657751405e-02 2.523894994517936752e+00 2.637128721406515108e+00
9.801005025125628656e-01 9.720108923078608631e-01 8.660444606550935995e-03 9.606048525941636163e-01 9.856293595990035517e-01 2.826763844436685491e-01 6.529874060532341040e-03 2.756665016275165470e-01 2.953146035203900177e-01 1.524330303897093675e+00 4.144003093977736973e-02 1.455878498340867022e+00 1.593541382646346483e+00 2.543924005673754873e+00 3.112864042028730752e-02 2.501648824637105584e+00 2.600635063476590236e+00
9.850753768844221492e-01 9.664473145590882774e-01 7.558264783046303448e-03 9.582941425767836918e-01 9.785073952657183938e-01 2.749310165856023169e-01 5.289134876663956729e-03 2.706501027666824988e-01 2.866468601860862053e-01 1.471665478632896207e+00 3.447089501753214380e-02 1.424924058489845935e+00 1.533341370404348813e+00 2.512895712027049644e+00 2.609976860243850075e-02 2.476785844537705561e+00 2.559118707137990167e+00
9.900502512562814328e-01 9.598079248800844843e-01 5.699103126815164774e-03 9.519492750539376713e-01 9.693278184912450524e-01 2.615538616067729083e-01 5.741127910540227801e-03 2.556533051749917407e-01 2.771421822495900300e-01 1.411713172326315213e+00 2.702647099376220483e-02 1.374402335605108272e+00 1.461933631921524812e+00 2.479059411976314298e+00 2.161587200985388285e-02 2.451932041265100448e+00 2.511928460631784432e+00
9.950251256281407164e-01 9.526547255796684599e-01 5.546320334241745809e-03 9.460708324192002028e-01 9.619912670298527146e-01 2.517021394548227819e-01 6.440079084263716259e-03 2.461955227551208825e-01 2.688450677390941124e-01 1.337845525278010816e+00 2.295149336826430089e-02 1.307659363023792043e+00 1.381448975605781948e+00 2.432708419034968816e+00 1.561920430962918799e-02 2.412124333806619614e+00 2.456435607016132394e+00
1.000000000000000000e+00 9.406846339654426625e-01 4.310240109042522854e-04 9.401311412769368658e-01 9.416349510484542940e-01 2.319662179410151293e-01 3.079917541165347501e-03 2.285138107712604283e-01 2.379243460861544535e-01 1.207121827165547057e+00 9.459452813218253292e-03 1.197223999303520525e+00 1.228285870903970123e+00 2.362822033346269279e+00 1.082650862035005766e-03 2.361431764309786185e+00 2.365209050271313895e+00
