# signal_efficiencies		0sq-mean	0sq-std	0sq-min	0sq-max	1sq-mean	1sq-std	1sq-min	1sq-max	2sq-mean	2sq-std	2sq-min	2sq-max	all-mean	all-std	all-min	all-max
1.000000000000000021e-02 3.127607824631966574e-03 3.248450612691338151e-03 3.576722110321760685e-04 8.397683464071268797e-03 2.874020519072218935e-02 6.443137925509623276e-02 0.000000000000000000e+00 2.087934623458211347e-01 9.041854808695928836e-02 2.687310587684836882e-01 0.000000000000000000e+00 8.965830473831885028e-01 1.117341926496328297e-01 3.352025779488984614e-01 0.000000000000000000e+00 1.117341926496328242e+00
1.497487437185929596e-02 7.275058487201199568e-03 2.333013289160133438e-03 4.094358275031647829e-03 1.257542548891074294e-02 7.723915407148909673e-02 1.281358953899233155e-01 0.000000000000000000e+00 3.389999851552458754e-01 3.913748666620741057e-01 5.997765422661008872e-01 0.000000000000000000e+00 1.428980063429919678e+00 4.839401137004216702e-01 7.431078931268316756e-01 0.000000000000000000e+00 1.751655623667335515e+00
1.994974874371859344e-02 1.063249966921693893e-02 3.938857229892782363e-03 1.607069787678393679e-03 1.611278557877476522e-02 1.979085978173502625e-01 1.738233941455634979e-01 0.000000000000000000e+00 4.626178453398733237e-01 8.447470036004943728e-01 8.111802548959018422e-01 0.000000000000000000e+00 1.964897176986324823e+00 1.147074808462072326e+00 1.061079953225098516e+00 0.000000000000000000e+00 2.508055225511967024e+00
2.492462311557788746e-02 1.253183350657431985e-02 3.384224085378233909e-03 8.140876216293609774e-03 1.939967364492558091e-02 2.958012220847667240e-01 2.020532078801540177e-01 0.000000000000000000e+00 5.729591706470503754e-01 1.115787713367636158e+00 9.179754292931895376e-01 0.000000000000000000e+00 1.959531816803206317e+00 1.426049561181355507e+00 1.059324097861482628e+00 0.000000000000000000e+00 2.394695393210266587e+00
2.989949748743718494e-02 1.502459686914716687e-02 3.924636269657067085e-03 9.784773607714555843e-03 2.275054434085011304e-02 4.436024212327721594e-01 1.356169960742451275e-01 2.097295824078774518e-01 7.027399314530308194e-01 2.016866648359954883e+00 8.854281432486049708e-01 0.000000000000000000e+00 3.324318347537676743e+00 2.592147828591451653e+00 7.838989472170186934e-01 1.297458506082383778e+00 4.062567274564609754e+00
3.487437185929648242e-02 1.476293593337227317e-02 3.309082973230773397e-03 1.068619487948589165e-02 2.159623402690042868e-02 5.956995052901316035e-01 1.210836905474892977e-01 4.732346209827334449e-01 8.196664074426949220e-01 2.829394940594849750e+00 4.938484102775670959e-01 2.238641157006866500e+00 3.877440223850668222e+00 3.431941407020352219e+00 6.237583057915239149e-01 2.735788018222125029e+00 4.738523846298889453e+00
3.984924623115577991e-02 1.815871674953060261e-02 5.501323334303099763e-03 1.104544780722549295e-02 2.910600110817451042e-02 5.788750377414288995e-01 9.007873139089700443e-02 4.682964417161794568e-01 7.432334070518414881e-01 2.965517918171750367e+00 5.651893020691616254e-01 2.313172139358996571e+00 4.430562100163660588e+00 3.598081550830062092e+00 7.041441416081831717e-01 2.793507864860235390e+00 5.414480418033169151e+00
4.482412060301507739e-02 1.638986797002302959e-02 3.812537823955028729e-03 1.212812399559337617e-02 2.450766691959837401e-02 5.693107112593184249e-01 1.015142686752806694e-01 4.711481806559352781e-01 7.449506831586201194e-01 2.947484145588150195e+00 6.110694167332333393e-01 2.280174812041976917e+00 4.284554190571045140e+00 3.489784117700842181e+00 6.105450304611597101e-01 2.747254000162352217e+00 4.386939298915953245e+00
4.979899497487437487e-02 1.780259090656171467e-02 4.238134456105259636e-03 1.321080018396125766e-02 2.875097444245828041e-02 5.719404573336198672e-01 6.203762238294581455e-02 4.778325113873692076e-01 6.757572181468139982e-01 2.933932875873983992e+00 4.878410963327308725e-01 2.260391524031683641e+00 3.756354179107806779e+00 3.502352192690118216e+00 5.353894090915890525e-01 2.762368604088770496e+00 4.351035378998959757e+00
5.477386934673367236e-02 1.754701148511890810e-02 4.455400786983258928e-03 1.416645605585810201e-02 2.983384219351400968e-02 6.003728127578236151e-01 7.808236289052851442e-02 4.865809972454823717e-01 7.432647505348408679e-01 2.920475445194250064e+00 3.529016720593009526e-01 2.456468386542784543e+00 3.516021413742774104e+00 3.545755330283018480e+00 4.487571492741965207e-01 2.895483873672662245e+00 4.296842852827257531e+00
5.974874371859296984e-02 1.837935059072705324e-02 4.263174540841001108e-03 1.501600296320012087e-02 2.970451675711417369e-02 6.227019147051719994e-01 7.637769378314544777e-02 5.123197290410231863e-01 7.295469381764937422e-01 3.103796573043666740e+00 3.741536324340768993e-01 2.510836743285072892e+00 3.835366477926750228e+00 3.746218561174857520e+00 4.493370714637811014e-01 3.060535270949300113e+00 4.687106561478540989e+00
6.472361809045226733e-02 1.818506423289031892e-02 4.217622601989266459e-03 1.398439470492730645e-02 2.847319751393655521e-02 6.404718953613258714e-01 7.694116901000572217e-02 5.070750877935595868e-01 7.606126316903394358e-01 3.200130494783623991e+00 4.116366718952123027e-01 2.535199028344564454e+00 3.801116909332737492e+00 3.863759887894813172e+00 5.000690897684993974e-01 3.048316068525122713e+00 4.465883744746236950e+00
6.969849246231155093e-02 1.982320408655998886e-02 5.091004723202785520e-03 1.614290361545093686e-02 3.373766665408937937e-02 6.751115383539040282e-01 9.143438644436149842e-02 5.180290649376807499e-01 8.190758696851713205e-01 3.317449103348174333e+00 4.254922636868023744e-01 2.583097786013869968e+00 3.874646679020804729e+00 3.984683032103738753e+00 4.806103249812092582e-01 3.156739949479615337e+00 4.735109924219423227e+00
7.467336683417084842e-02 1.933196676855659588e-02 4.715156533413126030e-03 1.543066728678172718e-02 3.099726608661836774e-02 6.866316428223362411e-01 8.195621235031802509e-02 5.550044632281136980e-01 8.775391076800032053e-01 3.436978337467041289e+00 4.465073155893352630e-01 2.625454222104117719e+00 4.151207617177300691e+00 4.162699197024134712e+00 5.555307276268270922e-01 3.208502702964065811e+00 5.073088210086563521e+00
7.964824120603014590e-02 1.979979333792924318e-02 3.770579614947546475e-03 1.595986586582064451e-02 2.961587424672433577e-02 7.032736500113802025e-01 9.227940664588417385e-02 5.872349096466144003e-01 9.360023456748352011e-01 3.555664827014690665e+00 5.034092853903215925e-01 2.800366717385617044e+00 4.427768555333796208e+00 4.300185296494331233e+00 5.920164184864017409e-01 3.422258939567997871e+00 5.411066495953702038e+00
8.462311557788944338e-02 1.862172422653383258e-02 2.909190373280948986e-03 1.612342355970390606e-02 2.619839986852047498e-02 7.178307204099636518e-01 1.134985179033263930e-01 5.772801921041194051e-01 9.944655836696670859e-01 3.635371377743576993e+00 4.656211677384432535e-01 2.960783919780420881e+00 4.704329493490292613e+00 4.360815698826483455e+00 5.695935926949490247e-01 3.527952482104875109e+00 5.749044781820842331e+00
8.959798994974874087e-02 2.042975645362286874e-02 3.796529212682070616e-03 1.739286980712918124e-02 2.992829334576500161e-02 7.339450759999861518e-01 1.246180786539786561e-01 6.079087386255140890e-01 1.052928821664498971e+00 3.684095923344036461e+00 5.535939054487079014e-01 2.890703453813647350e+00 4.980890431646789018e+00 4.417436140906570330e+00 6.820399776915647694e-01 3.514344406693119094e+00 6.087023067687982625e+00
9.457286432160803835e-02 1.898599573609428132e-02 2.478481740784512985e-03 1.552963495600477584e-02 2.480000120297672084e-02 7.413625052155909945e-01 1.119330099984741783e-01 6.416625048195275793e-01 1.012498436936908330e+00 3.732380645987119383e+00 5.928554477707808079e-01 3.035390963607293546e+00 5.257451369803283647e+00 4.527779635084882237e+00 7.334353103812929486e-01 3.709476261018760379e+00 6.425001353555122030e+00
9.954773869346733584e-02 1.976711877011503443e-02 2.910125291128857518e-03 1.666503978480522036e-02 2.702199227890443242e-02 7.499536300779205966e-01 1.091458692008274028e-01 6.489189631638880851e-01 1.046350387757183587e+00 3.802835682971347442e+00 6.520239248438965962e-01 3.195063495699281386e+00 5.534012307959780053e+00 4.614029376368809388e+00 8.171935547526197885e-01 3.904608115344402108e+00 6.762979639422262323e+00
1.045226130653266333e-01 1.924580540904330395e-02 3.041051970571336319e-03 1.614590161645739971e-02 2.654845811918920412e-02 7.713950422461870460e-01 1.187381720868598278e-01 6.762904954238267985e-01 1.098641497493660912e+00 3.872141700324193359e+00 6.606910017930462953e-01 3.348745683956176222e+00 5.571645619490792178e+00 4.605740292395950952e+00 6.742654854269247711e-01 4.052560773863579158e+00 6.351289850525191127e+00
1.094974874371859308e-01 1.974750707115983939e-02 2.163101911892525639e-03 1.707552844726066207e-02 2.387607090849891769e-02 7.767046778821901087e-01 1.233656982381614448e-01 6.757975369762728723e-01 1.102882920299929514e+00 3.881784642227898097e+00 5.831894438346191256e-01 3.376534526465407193e+00 5.444498329678658877e+00 4.706515683604283851e+00 7.174750358721044829e-01 4.126379376035496982e+00 6.653586819372303118e+00
1.144723618090452283e-01 2.089823948768554721e-02 3.259105925029208602e-03 1.753093526327704696e-02 2.879956741563908032e-02 7.708747612559874174e-01 8.929448231232198219e-02 6.525396794495824659e-01 9.512318700870719956e-01 3.958209404160024203e+00 6.492342062170112227e-01 3.232185585608760903e+00 5.691861952734275754e+00 4.784948667542791689e+00 8.256777178128190675e-01 3.869602200082613130e+00 6.955883788219415997e+00
1.194472361809045258e-01 1.992974526136381472e-02 2.035317962020918685e-03 1.776141158376571064e-02 2.513361760488882005e-02 7.792207476410479838e-01 8.475952678375021920e-02 6.750235460878017957e-01 9.925716221233408243e-01 4.013023218377377965e+00 7.237997907616446902e-01 3.220997308110932877e+00 5.939225575789891742e+00 4.854147818263081504e+00 8.925031535354212009e-01 3.936301186402506591e+00 7.258180757066528876e+00
1.244221105527638233e-01 2.029258319803308591e-02 2.265052852508093670e-03 1.705522638912256028e-02 2.484848011311627941e-02 7.843919427212207029e-01 8.108941255325041730e-02 6.708902897577256885e-01 9.655376386359546537e-01 4.042781346295383216e+00 7.622117417470016809e-01 3.355149068103774113e+00 6.186589198845507731e+00 4.740263806190212925e+00 5.278505989985201596e-01 4.011112541587281477e+00 6.029651340922964842e+00
1.293969849246231207e-01 1.970296070865779764e-02 1.836697148187902036e-03 1.675025352407615020e-02 2.262924781922164702e-02 7.828575603254815940e-01 7.276960830061744712e-02 6.770968367469712978e-01 8.779388681776215675e-01 3.976229155758473244e+00 4.353098953041177888e-01 3.390990879212537834e+00 5.086486318818806751e+00 4.824925373934884298e+00 5.445088952258975157e-01 4.109801807300908827e+00 6.216069191044795161e+00
1.343718592964824043e-01 2.043077857564436564e-02 1.586518314715435439e-03 1.807915375442805186e-02 2.343968943417430381e-02 7.961675863143857779e-01 8.486777530953275306e-02 6.882726175169299188e-01 9.116926343716347247e-01 4.064571501371055717e+00 4.830042044643361732e-01 3.427443017978077933e+00 5.282044433600578515e+00 4.891836028693299809e+00 5.397018946925581373e-01 4.188593385042792328e+00 6.145645037296381119e+00
1.393467336683417157e-01 1.986810516743246768e-02 1.427900059050276997e-03 1.709557689720479084e-02 2.264702431533402102e-02 8.122176146553968801e-01 8.910987413278503855e-02 6.982584425200145661e-01 9.454464005656483261e-01 4.094058729001007535e+00 4.622554850276142657e-01 3.426384896744864239e+00 5.103316554808755789e+00 4.918861007212863790e+00 5.544361896846458082e-01 4.131652833047468221e+00 5.956510620637727627e+00
1.443216080402010271e-01 2.023817982216185793e-02 1.682890376759465893e-03 1.748249993236170377e-02 2.289307450988251058e-02 8.174574361615472018e-01 8.111162188237951154e-02 6.923990780547548685e-01 9.407850894531485375e-01 4.129751250200994761e+00 4.339720611777564963e-01 3.501550780797548335e+00 4.821371588664676189e+00 4.915164731126591136e+00 4.936166229284688067e-01 4.279158650022477417e+00 5.622689771295863004e+00
1.492964824120603107e-01 1.927173960325585453e-02 1.085911676507510552e-03 1.710780154867427502e-02 2.073807699509033417e-02 8.178024196870652407e-01 8.180116530106694428e-02 7.017950710409931458e-01 9.358973659618579077e-01 4.120353129862115438e+00 3.928520424549100110e-01 3.622251869689942616e+00 4.603801779774540748e+00 4.970896277390236762e+00 4.654878436028349609e-01 4.324888460836779913e+00 5.626192347958450135e+00
1.542713567839196220e-01 2.047129670000760043e-02 1.346336572443476145e-03 1.739579455008198605e-02 2.220562207138788990e-02 8.208523061530342835e-01 7.315975017194858987e-02 7.251803662389260108e-01 9.362038271466520678e-01 4.151978152057706595e+00 3.676278237329594356e-01 3.656896559636362287e+00 4.757210186438182831e+00 5.037589455983584763e+00 4.781999424370163010e-01 4.278744507846885092e+00 5.813668969448819723e+00
1.592462311557789056e-01 1.951175120179707290e-02 1.219103788105534852e-03 1.713479025712255285e-02 2.134437396512679774e-02 8.197375395048270841e-01 6.752531951619084039e-02 7.203076435611347472e-01 9.357070767960735669e-01 4.185934667749011240e+00 3.830396701757748934e-01 3.614117426668217004e+00 4.910618593101824914e+00 5.029859923322025139e+00 4.300870586227806824e-01 4.416723565266051033e+00 5.782848589007689277e+00
1.642211055276382170e-01 1.958809128980821754e-02 1.344664024162045600e-03 1.677752607086467965e-02 2.177193439057132848e-02 8.091274087372888335e-01 5.676526570031825703e-02 7.198830776375839680e-01 9.097529269665060037e-01 4.180648802644644668e+00 3.649754671917569970e-01 3.727022956879688653e+00 4.879818519068374272e+00 5.058107218223864443e+00 4.602212981658538871e-01 4.462678942278032856e+00 5.963505581848258963e+00
1.691959798994975006e-01 1.904798155215303018e-02 1.291396755873165702e-03 1.686708617991539150e-02 2.116177659317663648e-02 8.120892924022247161e-01 4.722149382853651350e-02 7.384511712427334063e-01 8.892129620339318530e-01 4.193772085087208445e+00 3.598142074223700804e-01 3.712667761401130750e+00 5.027646558660715748e+00 4.993065535614087835e+00 3.856148712999548644e-01 4.488066175800020652e+00 5.935824977310205419e+00
1.741708542713567842e-01 1.993468408524167249e-02 1.427865967254326280e-03 1.784614584188945821e-02 2.216627233500963537e-02 8.045290961152273823e-01 4.140624896711254249e-02 7.352336536513479626e-01 8.727601016135485557e-01 4.194344020539642059e+00 3.346522892285243023e-01 3.729928436204199116e+00 4.999983482907895294e+00 5.057341751005825614e+00 4.214443301042372636e-01 4.472322805981401750e+00 6.106259873569880980e+00
1.791457286432160956e-01 1.960472704922178872e-02 1.224985882157829256e-03 1.807447184569300341e-02 2.159201226559790548e-02 8.084487378205306163e-01 4.434235417240155186e-02 7.329599257970380588e-01 8.950639986805650761e-01 4.225669444378691963e+00 3.661419614390274413e-01 3.758639832775902079e+00 5.142798937266777948e+00 5.060922974479439063e+00 4.214178538628618464e-01 4.520059329353230737e+00 6.085316106648249956e+00
1.841206030150753792e-01 1.978845858809730879e-02 1.216960302939491855e-03 1.830279784949654515e-02 2.173102185787373006e-02 8.136755178487377060e-01 4.154867634616941224e-02 7.421533851030724938e-01 8.833392137857318804e-01 4.237431199773149082e+00 3.575717366533222585e-01 3.801387189881247242e+00 5.117774128310103698e+00 5.105843628699044956e+00 4.277852589551632279e-01 4.515029278729990381e+00 6.067567331501381389e+00
1.890954773869346905e-01 1.968531194286407202e-02 1.013806144187307618e-03 1.853112385330009035e-02 2.123266796532154513e-02 8.166009686479238638e-01 4.179075229887702775e-02 7.444240564857126374e-01 9.014309787194958457e-01 4.276472326681431291e+00 3.627697750248085051e-01 3.776061093732615781e+00 5.099121948010702177e+00 5.041449747545767579e+00 3.175005615367748057e-01 4.614630917498465656e+00 5.816608687454420945e+00
1.940703517587939742e-01 2.016394154668434829e-02 1.218813319620761946e-03 1.843391711260435051e-02 2.230136355958210748e-02 8.112165930263062208e-01 4.653437994569314257e-02 7.303947319569588092e-01 8.734169279091178462e-01 4.225355294367195036e+00 2.854106626357847953e-01 3.875404715385426524e+00 4.950181352068562468e+00 5.049397638093420682e+00 2.640983711240535436e-01 4.661448391420387694e+00 5.621918288708058320e+00
1.990452261306532855e-01 1.975606237391355074e-02 1.193586631510149898e-03 1.794676706052978840e-02 2.201408410803010543e-02 8.108607168194851278e-01 4.323977615895519683e-02 7.396947102444678679e-01 8.687273802472428308e-01 4.223553618688451472e+00 2.270508100565231668e-01 3.912149962881805276e+00 4.718230381993364198e+00 5.065950849430660874e+00 3.099082762578900807e-01 4.707945996520535026e+00 5.763666706735861567e+00
2.040201005025125691e-01 2.039210725862792423e-02 1.191983854705777265e-03 1.888156955165215534e-02 2.241368213166166842e-02 8.135135198631043840e-01 5.051936859782007322e-02 7.312560496480879912e-01 8.904400817479943830e-01 4.250715916445807707e+00 2.584504568907899369e-01 3.948705134613283541e+00 4.836156362255253249e+00 5.094343751250767660e+00 2.509851166929588651e-01 4.754120388091429561e+00 5.658535082038550712e+00
2.089949748743718805e-01 2.010931403811543755e-02 1.520861586793508836e-03 1.792136783780598833e-02 2.285953473577413686e-02 8.225808104855923952e-01 4.750093534649989929e-02 7.405258926733416791e-01 8.822379588966982045e-01 4.250996514595136055e+00 2.264638925936589553e-01 3.978760693978283136e+00 4.743172728782933056e+00 5.125238549612038952e+00 3.221150025119977611e-01 4.668438676596907477e+00 5.796514139457718429e+00
2.139698492462311641e-01 2.048151305761872903e-02 1.282887411153456033e-03 1.875940104132341191e-02 2.299949891334268637e-02 8.223232664145652127e-01 4.345517045440768639e-02 7.496819705653858801e-01 8.890134554062232297e-01 4.278474812527133686e+00 2.717377457951570818e-01 3.911023593740724724e+00 4.856078258994403818e+00 5.085942222041832217e+00 3.243499537870260796e-01 4.655399479101363092e+00 5.701676636308470769e+00
2.189447236180904754e-01 2.034168858725295820e-02 1.350268991069619338e-03 1.840360080185800967e-02 2.299377548185646894e-02 8.229216361964469817e-01 5.076582422750276075e-02 7.353036002400717974e-01 9.096833314243575330e-01 4.269470868050300183e+00 2.702092725470287560e-01 3.897991585213380628e+00 4.784460376739849252e+00 5.142722629474365093e+00 2.968735953327149013e-01 4.703716782239043326e+00 5.622016868338421069e+00
2.239195979899497591e-01 2.076488511393612818e-02 1.497619865417357515e-03 1.891852045967614554e-02 2.338422685948009228e-02 8.192330360930879518e-01 5.050729769583465339e-02 7.442825659539935579e-01 9.161485075320061622e-01 4.302353554400891511e+00 2.483080415733912305e-01 3.936414540274546070e+00 4.704915276736032936e+00 5.163848896322046578e+00 3.243463497204752133e-01 4.639749722310977376e+00 5.649757186984009749e+00
2.288944723618090704e-01 2.119658952106266356e-02 1.398837743364912158e-03 1.921515127132512532e-02 2.391732511623688787e-02 8.224501622653880295e-01 4.901919568684259126e-02 7.559971111348889883e-01 9.140888924971829477e-01 4.317310082234088853e+00 2.674788410136020311e-01 3.880965609626703561e+00 4.725796574756845558e+00 5.155967401597377986e+00 2.956137966125212402e-01 4.688626557091362557e+00 5.585873991285014384e+00
2.338693467336683540e-01 2.088486987483454890e-02 1.330906825131962512e-03 1.922638877428618429e-02 2.277363804198899444e-02 8.252012011554207271e-01 4.667521988455356624e-02 7.550333072750480268e-01 9.161209078382089865e-01 4.308384034547071195e+00 2.475882187514278909e-01 3.919996520556671360e+00 4.671422499988649335e+00 5.169104622614610456e+00 2.894672485036812182e-01 4.737003680183370591e+00 5.617395342742227626e+00
2.388442211055276654e-01 2.131258048756983978e-02 1.454968307912277766e-03 1.885264392010979964e-02 2.366629830724464173e-02 8.227940038093803921e-01 4.242206954793331652e-02 7.501557923050529153e-01 9.106545926855668105e-01 4.332063446759176983e+00 2.465510718824344694e-01 3.958650843041558787e+00 4.694382422008890998e+00 5.157586511441899724e+00 2.852252640598418876e-01 4.784895952887605830e+00 5.736888711657457840e+00
2.438190954773869490e-01 2.064141205210716715e-02 9.795983021292852758e-04 1.858451260408037001e-02 2.212742966577364856e-02 8.181706295046398125e-01 4.074892459508228787e-02 7.337253784199090356e-01 8.860845779108391662e-01 4.326895638030828550e+00 2.413955884542447472e-01 4.003866208844963914e+00 4.792161479399777768e+00 5.157360691971291544e+00 3.114831558380871668e-01 4.732671408448377193e+00 5.766966416338711987e+00
2.487939698492462326e-01 2.132480114520007158e-02 1.430706001547744910e-03 1.861746066553920942e-02 2.335522014005309011e-02 8.188200042018767277e-01 4.044237796135997237e-02 7.309381093747806535e-01 8.815600282721203218e-01 4.328329085689277100e+00 2.578894338475415382e-01 4.013027043696957286e+00 4.815280571790730768e+00 5.182532981869266919e+00 3.244515841527587097e-01 4.780700359590333903e+00 5.797450749123316704e+00
2.537688442211055162e-01 2.092923026586139199e-02 1.000622704282842605e-03 1.885285079884513326e-02 2.204237396752948761e-02 8.122439695735890197e-01 3.298161364847958937e-02 7.455539188734886524e-01 8.520616215697014439e-01 4.332730496131763864e+00 2.699259505712949814e-01 3.990175675345238648e+00 4.838798757123146999e+00 5.216655917342878368e+00 3.244063095689224685e-01 4.736276447334623718e+00 5.828287356960176524e+00
2.587437185929647998e-01 2.081081823171784806e-02 9.671192250389283639e-04 1.909298094680017890e-02 2.208023424203650956e-02 8.135777234341988740e-01 3.697204859533845950e-02 7.411343723634031821e-01 8.600338716555459007e-01 4.368210672056668464e+00 2.850802082788516101e-01 3.951578354647388380e+00 4.862666784872683223e+00 5.195353751838814205e+00 2.892067107865927689e-01 4.784203142432922107e+00 5.859428262390244946e+00
2.637185929648241389e-01 2.069279775217589337e-02 1.069447268111709112e-03 1.899909588567564797e-02 2.220735529475986389e-02 8.201701036457806904e-01 3.963184546799272678e-02 7.479881433108738209e-01 8.765697724700535209e-01 4.354381828803083110e+00 2.492377825603683816e-01 4.027555487510098509e+00 4.886841089041380926e+00 5.186432477187666201e+00 2.899026705325462028e-01 4.788322719329813459e+00 5.838110958078450707e+00
2.686934673366834225e-01 2.122411530242855268e-02 1.010212250186916455e-03 1.948433381416006527e-02 2.269436597956791396e-02 8.233274079858482475e-01 4.017416886103868101e-02 7.602620370411714568e-01 8.843063880212362893e-01 4.348556528949695021e+00 2.684369202391641562e-01 3.992103675253762862e+00 4.979028068426878839e+00 5.153562612254464881e+00 2.647613699441650481e-01 4.674432218272451145e+00 5.633381185391226786e+00
2.736683417085427061e-01 2.084038967263428938e-02 1.327644031317997027e-03 1.876442544611114233e-02 2.287401201946696536e-02 8.245620037686606230e-01 3.860215899976916082e-02 7.639259860474468811e-01 8.919769493666166449e-01 4.336614638793464316e+00 2.346076256954027217e-01 3.995298949156744328e+00 4.843454506497828937e+00 5.166073511416051645e+00 2.537765663129478155e-01 4.722428512203002526e+00 5.621556243550490883e+00
2.786432160804020453e-01 2.114237056386557637e-02 1.327886328360399762e-03 1.910149236146591045e-02 2.303998576986769978e-02 8.224308736984843327e-01 4.004436135194809621e-02 7.664466342806626198e-01 9.078413642393642347e-01 4.328020329221409668e+00 2.204160033566949228e-01 3.966635312409637848e+00 4.724468563200893811e+00 5.176769888179383550e+00 2.652986633932499783e-01 4.732549482659824669e+00 5.707669431190253384e+00
2.836180904522613289e-01 2.077481787288269072e-02 1.473829295609553830e-03 1.822720881645999505e-02 2.296187471019770984e-02 8.223112337251533566e-01 3.774767167695033260e-02 7.697222480768148856e-01 9.071263687421162736e-01 4.332471059257319901e+00 2.238801381861939832e-01 3.941691754937531655e+00 4.753859123769199613e+00 5.172345373736446206e+00 2.510497879648677655e-01 4.743497077884591739e+00 5.665086447437343686e+00
2.885929648241206125e-01 2.114315468604856946e-02 1.590109185045633037e-03 1.865748757046020376e-02 2.360111371237992237e-02 8.205011188322020033e-01 3.916781905874518188e-02 7.729850952627522753e-01 9.146082989442598787e-01 4.341081213780587866e+00 2.030530399302359346e-01 4.010831989476655757e+00 4.771828591171467515e+00 5.162311344597592111e+00 2.549512382807819777e-01 4.755190936792089929e+00 5.601758429249593441e+00
2.935678391959798961e-01 2.089528246530013983e-02 1.608794141710200411e-03 1.812011727771187936e-02 2.343199553576736510e-02 8.247344805119883882e-01 4.114891654137526472e-02 7.778553734772725159e-01 9.303746617503683147e-01 4.312884591722097483e+00 2.247175516250450866e-01 3.958154453930178729e+00 4.743314013588025624e+00 5.189256449601512777e+00 2.460920679293939484e-01 4.801982879536438986e+00 5.641052615779989843e+00
2.985427135678392352e-01 2.108381537568067288e-02 1.624871592194750223e-03 1.823384843968580901e-02 2.350777669714209164e-02 8.282731828685939712e-01 3.995015007944410779e-02 7.844986943040672678e-01 9.293938423489750411e-01 4.346213842799487637e+00 2.086308732419587531e-01 3.995955542975402341e+00 4.733792921783956942e+00 5.198978548432385161e+00 2.412255912747761910e-01 4.780539425760145456e+00 5.680127239823436369e+00
3.035175879396985188e-01 2.084411080144848299e-02 1.690125359809113064e-03 1.801696856031719668e-02 2.347036670368667782e-02 8.272659984748541584e-01 3.729780829070267201e-02 7.892023546988728988e-01 9.232110400476510881e-01 4.358644542748505657e+00 2.039446455784896250e-01 4.004915940632653992e+00 4.772408134472326147e+00 5.194099639796486478e+00 2.627213397263979955e-01 4.794073397567290229e+00 5.774780092330172643e+00
3.084924623115578024e-01 2.100687930785447716e-02 1.478655656883566582e-03 1.838633189119205300e-02 2.320804894069438892e-02 8.241344972154234227e-01 4.131412390260564421e-02 7.685644570812896204e-01 9.169819110884011026e-01 4.358553696375155440e+00 2.188333602189182769e-01 3.987194433634433821e+00 4.802840743173796056e+00 5.189939555763112722e+00 2.667943583701447019e-01 4.840058398808538165e+00 5.812722117825130930e+00
3.134673366834170860e-01 2.049089268121214585e-02 1.261737729727377888e-03 1.827460509072112438e-02 2.253680509545204561e-02 8.265360810363683308e-01 4.040361305392103225e-02 7.766078603896304777e-01 9.182021725724623940e-01 4.349065559734578201e+00 2.294339095687236707e-01 4.024392950261912461e+00 4.880293297917924988e+00 5.193777137248355658e+00 2.527985803139342069e-01 4.853819341377033858e+00 5.796049563506810998e+00
3.184422110552764251e-01 2.102407343115901203e-02 1.356539056977393428e-03 1.848844753807038846e-02 2.274881550340583994e-02 8.238533524501103766e-01 3.871634242077948151e-02 7.845862218196277826e-01 9.143742178800954301e-01 4.360919829237131395e+00 2.243450642735605738e-01 4.060325133847238810e+00 4.909843803169180454e+00 5.208642468913372348e+00 2.658558889137171977e-01 4.837514877737757679e+00 5.888035601786256734e+00
3.234170854271357087e-01 2.048964885392474608e-02 1.172877319278408737e-03 1.858110066813111610e-02 2.288914534321696490e-02 8.227156179053196627e-01 3.610984522213737946e-02 7.840247539463681692e-01 9.073945736891294578e-01 4.350593522574574656e+00 2.193521430626459712e-01 4.045648346749865176e+00 4.893333282431185260e+00 5.205986192802608770e+00 2.825187691014188762e-01 4.852803534751240377e+00 5.925408426345462942e+00
3.283919597989949923e-01 2.049284117206615768e-02 1.054525978741171176e-03 1.879056896828092821e-02 2.219207498745677867e-02 8.271535352479713055e-01 3.185182927487036075e-02 7.918837945876602280e-01 8.972374621084671098e-01 4.361256245986036895e+00 2.205871727355568912e-01 4.082124436031441483e+00 4.923227309766339488e+00 5.215743513893760230e+00 2.699795504914471733e-01 4.868436939048900847e+00 5.910058288188309028e+00
3.333668341708542759e-01 2.096002012794823122e-02 1.243826710425063138e-03 1.879445909890380129e-02 2.352286025649035286e-02 8.214295630527926884e-01 2.957296083273831463e-02 7.646425893692466724e-01 8.712973304620245107e-01 4.368799281885523023e+00 2.448305556534855765e-01 4.044096079354271289e+00 4.997810248353466100e+00 5.219087157570338142e+00 2.587827374605459751e-01 4.853319072375634313e+00 5.847677888250058409e+00
3.383417085427135595e-01 2.018578899325414525e-02 8.830360819977480218e-04 1.879834922952667436e-02 2.215606308303836453e-02 8.198881956336144805e-01 3.274518162939892701e-02 7.616808410773381333e-01 8.728653113740287850e-01 4.368961327774878001e+00 2.164806826350549052e-01 4.033059497725224318e+00 4.897430137864719590e+00 5.187987587040298720e+00 2.630652327340872731e-01 4.845861080990815140e+00 5.791911800860313875e+00
3.433165829145728987e-01 2.052086551888154808e-02 9.171981900650932580e-04 1.957766432499426917e-02 2.258265873249853603e-02 8.241486773754921336e-01 3.113863144469452768e-02 7.693592529162935900e-01 8.716120590650292543e-01 4.367679726236984195e+00 2.217983024646032197e-01 4.048385727519029587e+00 4.887295302864318458e+00 5.189574400009421495e+00 2.438553857160053739e-01 4.917113159858792493e+00 5.785951373691660571e+00
3.482914572864321823e-01 1.993662122877228049e-02 6.680189522803121546e-04 1.911549592636723957e-02 2.135719535472164338e-02 8.229132727936955272e-01 3.074722687440236205e-02 7.735075440156968796e-01 8.689474369488303651e-01 4.349438856897459793e+00 2.084415153041059843e-01 4.081880487528856349e+00 4.841537720185204563e+00 5.200347545557523432e+00 2.322545540336843073e-01 4.948775075367954912e+00 5.767104556824214079e+00
3.532663316582914659e-01 1.995335757895440321e-02 7.808749096461292324e-04 1.870848152887885293e-02 2.145784430089969774e-02 8.233935320474603525e-01 2.828904784894914481e-02 7.776435345691647960e-01 8.703867980735335852e-01 4.352633808107979618e+00 1.972499006261617671e-01 4.140184652622688866e+00 4.834694071050758879e+00 5.198284869046288392e+00 2.222739657376236466e-01 4.977341634087806277e+00 5.737066779219175849e+00
3.582412060301507495e-01 1.955078844511268926e-02 7.005028917356003826e-04 1.877393086191388866e-02 2.139979740176101153e-02 8.174259969400144987e-01 2.603324435493293426e-02 7.654443042518956908e-01 8.665199506836808174e-01 4.357254485147547207e+00 1.922056883649540804e-01 4.152602316259257798e+00 4.830140893883642761e+00 5.206729292712425128e+00 2.049535001816706337e-01 4.994021550783127594e+00 5.697059886672376727e+00
3.632160804020100886e-01 1.981371301826890391e-02 7.694584102455660247e-04 1.864720475601528912e-02 2.144325286476396822e-02 8.156254994029517036e-01 2.319352241139145676e-02 7.660992043706094101e-01 8.546995504151556622e-01 4.356756382847419395e+00 1.838366210732559625e-01 4.165238345796141495e+00 4.792637817697487534e+00 5.203082071899123306e+00 2.175228206311116685e-01 4.943681392691082088e+00 5.737013661857014668e+00
3.681909547738693722e-01 1.942735892520079319e-02 7.604939403774136318e-04 1.836160736991817796e-02 2.126545608356588887e-02 8.125030667472644685e-01 1.985455172621624492e-02 7.709364598105226118e-01 8.365886513526722412e-01 4.360117082486748785e+00 1.676898773483167238e-01 4.190373767469945498e+00 4.766173539312116958e+00 5.171191134493358099e+00 1.964180521389818079e-01 4.791776382216198726e+00 5.491244046498443332e+00
3.731658291457286558e-01 1.960193212978344687e-02 7.439578589462009011e-04 1.885109687736787401e-02 2.173224822928670683e-02 8.103127018200847465e-01 1.727970167971898049e-02 7.722141510899732664e-01 8.324748497325107355e-01 4.351973805185837207e+00 1.946307077351625836e-01 4.108095205294572061e+00 4.823082890400604228e+00 5.179894543178184207e+00 1.868475214798283324e-01 4.834395782672125996e+00 5.499574405123903276e+00
3.781407035175879394e-01 1.931690868128293354e-02 8.287977819659734591e-04 1.801613328063576477e-02 2.142842533655726564e-02 8.110321354019675022e-01 1.628649152887342091e-02 7.794934932891344204e-01 8.360744440666461053e-01 4.331587193868260854e+00 1.604808175986641161e-01 4.026974653815434735e+00 4.614802284019943635e+00 5.176354231104695280e+00 1.826868110948888235e-01 4.898845712982460299e+00 5.512673428839003797e+00
3.831155778894472785e-01 1.959818682487786748e-02 9.158284904162991916e-04 1.840129037641701285e-02 2.166457537026815830e-02 8.124699086786619784e-01 1.434234697640100059e-02 7.837428435170573637e-01 8.433505416152650147e-01 4.335221287440459648e+00 1.570239403340618900e-01 4.061366534052124777e+00 4.620181806495399002e+00 5.156891818049945009e+00 1.613276969330092736e-01 4.896967998814965028e+00 5.407152960727922064e+00
3.880904522613065621e-01 1.942260750635239550e-02 9.649880326588655861e-04 1.792070357267563224e-02 2.171568237767436751e-02 8.130002607975823636e-01 1.610117220541400912e-02 7.808641580558859374e-01 8.469050186379016854e-01 4.328472782487986059e+00 1.418929463606192209e-01 4.114104635687900746e+00 4.599708815972576303e+00 5.146815956427087002e+00 1.413865927076214668e-01 4.917232175520875437e+00 5.408286029056324828e+00
3.930653266331658457e-01 1.947234100158950695e-02 9.493830384332224660e-04 1.785755044597184954e-02 2.178419032259784269e-02 8.113632756388782230e-01 2.055067243069910732e-02 7.752670132961229088e-01 8.540878562793089435e-01 4.318462698780231257e+00 1.324646080691593564e-01 4.111158594459909388e+00 4.531708623787439549e+00 5.124259811575965884e+00 1.349895484105946009e-01 4.855217910106094159e+00 5.314234625842101600e+00
3.980402010050251294e-01 1.926623362061761005e-02 1.070443050323945447e-03 1.766866003632194815e-02 2.177662072513185734e-02 8.057927231902898280e-01 2.223089342362893905e-02 7.739132679953802940e-01 8.537920455407408404e-01 4.306181421957966826e+00 1.159457040470492917e-01 4.096066746364531497e+00 4.508208152162361593e+00 5.111725993439000248e+00 1.398613907645509524e-01 4.818128081784990080e+00 5.303309139995231014e+00
4.030150753768844685e-01 1.957694510302118371e-02 9.764021511604617726e-04 1.803994331652328600e-02 2.187476501277306126e-02 8.050436644589067381e-01 2.282676613026859980e-02 7.759949595009878465e-01 8.562314756549846972e-01 4.283553059380365902e+00 1.126002752445977306e-01 4.073496279182915458e+00 4.458608321165913324e+00 5.114939675100422356e+00 1.179183257742363461e-01 4.878347079398513308e+00 5.269217076402844313e+00
4.079899497487437521e-01 1.918976310510540906e-02 1.087128182156184156e-03 1.733573722156863187e-02 2.130239745820991168e-02 8.044992383657575408e-01 2.337010582723068539e-02 7.727158973085020977e-01 8.576798382837532708e-01 4.278925768443793132e+00 1.216815309919897087e-01 4.041130819697686505e+00 4.448068969573637510e+00 5.100258817984147264e+00 1.110314510477355410e-01 4.861994523478681884e+00 5.238140343589584802e+00
4.129648241206030357e-01 1.940064532847272580e-02 1.077432099051415636e-03 1.796153867132744414e-02 2.144967477597319386e-02 8.060252565431010874e-01 2.061367947028899805e-02 7.821381012540052913e-01 8.508202483688456219e-01 4.290038541533471417e+00 1.017965829215333601e-01 4.090406832895133959e+00 4.418144339164848944e+00 5.095911506521408896e+00 1.033819463365008989e-01 4.903468269316750394e+00 5.255297561149653518e+00
4.179396984924623193e-01 1.910143721364107941e-02 1.069109452908096605e-03 1.710265217932483220e-02 2.033287559926942947e-02 8.061817397401928043e-01 1.972439842521522477e-02 7.842187985516129167e-01 8.517625617038522279e-01 4.276209537105660985e+00 9.505802446370090197e-02 4.075497829284530305e+00 4.390796718650536334e+00 5.102421601407387541e+00 9.691948870823675899e-02 4.905665166736282501e+00 5.272557285025359697e+00
4.229145728643216029e-01 1.932345305632976115e-02 1.155718371299167867e-03 1.714745463791145577e-02 2.112218032994038486e-02 8.072133423985452527e-01 2.207801385227697519e-02 7.794394085782332393e-01 8.554930954686452704e-01 4.266313652038323134e+00 9.032539290479468796e-02 4.104336781960626901e+00 4.384725877037711328e+00 5.082081898684713828e+00 1.155635568520674006e-01 4.909407065528069936e+00 5.267637081051673498e+00
4.278894472361809420e-01 1.912489702570268138e-02 1.190479080861354868e-03 1.715637127447873500e-02 2.065106713519499620e-02 8.041113002417666911e-01 2.376763714755483065e-02 7.646087557687519798e-01 8.469402293542022120e-01 4.258176254523023729e+00 9.560450521142449531e-02 4.108993946665103536e+00 4.415691044953221400e+00 5.060402968213677966e+00 1.399264377231007606e-01 4.828188877551299996e+00 5.285372092118817200e+00
4.328643216080402256e-01 1.911561273509890940e-02 1.211905516578283722e-03 1.696764110336134584e-02 2.071307003209363340e-02 8.024923510931671888e-01 2.561011252741121277e-02 7.690658183986393004e-01 8.449465298112501799e-01 4.249172689572403350e+00 1.028999082054899150e-01 4.096027412497232234e+00 4.393391295412922837e+00 5.045972101890370709e+00 1.469583864366248716e-01 4.850983530046394598e+00 5.281747372220539916e+00
4.378391959798995092e-01 1.872662835893363839e-02 1.393865240998271244e-03 1.664504962703569971e-02 2.077507292899227406e-02 7.999901965443512175e-01 2.423330652785869732e-02 7.670243083062713296e-01 8.402330316282841105e-01 4.229575572722766630e+00 1.229298094751234693e-01 4.028811304002772431e+00 4.401565086871626065e+00 5.035083873192756521e+00 1.350799244690048528e-01 4.841309421106791966e+00 5.258311734133330084e+00
4.428140703517587928e-01 1.906787652396558369e-02 1.214908835734690223e-03 1.709937748685830261e-02 2.068332417801732603e-02 7.989391418347344676e-01 2.672272795845628476e-02 7.587175906494777466e-01 8.414076171070705712e-01 4.216002177551983365e+00 1.191075465753648477e-01 4.060705202870421360e+00 4.403572214880986380e+00 5.022213092821369962e+00 1.494287294440153624e-01 4.817212330887882921e+00 5.276991715838668107e+00
4.477889447236181319e-01 1.906387110984494176e-02 1.430168018453345079e-03 1.694061751773994623e-02 2.113987798590131334e-02 7.963165021924833997e-01 2.819509419019603294e-02 7.527061557655859714e-01 8.467078150254586655e-01 4.207446635507177568e+00 1.227880371488524469e-01 4.028153030165356974e+00 4.400551416213047240e+00 5.025768594558845059e+00 1.518180401203779173e-01 4.780271202709831080e+00 5.295696386644091369e+00
4.527638190954774156e-01 1.869534130645783554e-02 1.287209348030788963e-03 1.676209313343448096e-02 2.047546016397968488e-02 7.935876799899346246e-01 2.584017794778516175e-02 7.524670017106689368e-01 8.317618132367787798e-01 4.198536580999356005e+00 1.348224485263171124e-01 3.967322394781108486e+00 4.415081813376652953e+00 5.035973589998599564e+00 1.460347891443531942e-01 4.774790784889866302e+00 5.314421444306108633e+00
4.577386934673366992e-01 1.897472026676961729e-02 1.322945177045464944e-03 1.696804737070413058e-02 2.079414986100392923e-02 7.953084101960760099e-01 2.461433484172293948e-02 7.607349521179226359e-01 8.360484123298725923e-01 4.199838036413802378e+00 1.326363601488080302e-01 3.974059991912556100e+00 4.429649639309409359e+00 5.028978861025406921e+00 1.601843436299016932e-01 4.712228018672864671e+00 5.313663136869676507e+00
4.627135678391959828e-01 1.865372386035777513e-02 1.279519482888544918e-03 1.649945300169064141e-02 2.055686944766076454e-02 7.915175996949495030e-01 2.351224813700267952e-02 7.595476027771596028e-01 8.290954688466818379e-01 4.210822728014261607e+00 1.302289761129528933e-01 3.969139021362697584e+00 4.477792719152599688e+00 5.005634685950566265e+00 1.666599415602334211e-01 4.686111934586214112e+00 5.275999412316732418e+00
4.676884422110553219e-01 1.870012771807622737e-02 1.257625378318739029e-03 1.678986638680247598e-02 2.060841260766250321e-02 7.872426357108357475e-01 1.948287046815560392e-02 7.604382188162012168e-01 8.154480874813899716e-01 4.199028759915874431e+00 1.440603825565289764e-01 3.908487447897125211e+00 4.475365096693958655e+00 4.998696312761386373e+00 1.780472506219299422e-01 4.672049654217079073e+00 5.277269980430998153e+00
4.726633165829146055e-01 1.856656333103752152e-02 1.296097273662761900e-03 1.623652351390107718e-02 2.059279544088854150e-02 7.863237444544911581e-01 1.871530105805648686e-02 7.556316401664809890e-01 8.139338322005268411e-01 4.184034918446565499e+00 1.406029180212229612e-01 3.917007135456438416e+00 4.410079749094477641e+00 4.980038028331891908e+00 1.714211720506362280e-01 4.634874297441879065e+00 5.261328763057067093e+00
4.776381909547738891e-01 1.867947637668141564e-02 1.319888466718270115e-03 1.627046325997627899e-02 2.079856329551202018e-02 7.833932059468848852e-01 2.085207251977526030e-02 7.433773770805982561e-01 8.144285450833487205e-01 4.171138933668290250e+00 1.545074241100132251e-01 3.873101134106169852e+00 4.410154059599064702e+00 4.962192017990505910e+00 1.736299986714421595e-01 4.589028167835399685e+00 5.229682953960383962e+00
4.826130653266331727e-01 1.842610904300065466e-02 1.431297832789948975e-03 1.577521672760007904e-02 2.068522968873284795e-02 7.811415330512361255e-01 2.006626396007841345e-02 7.447076671558569005e-01 8.125694707440482834e-01 4.163506921412169604e+00 1.561178813054532322e-01 3.842558486808820728e+00 4.425670990509251723e+00 4.959544728770839406e+00 1.784565023202629719e-01 4.636825515401491238e+00 5.284153086779118880e+00
4.875879396984924563e-01 1.869520351342409889e-02 1.395618637025960573e-03 1.604350877559646699e-02 2.086938910832018476e-02 7.818894774558479144e-01 1.919063188295080935e-02 7.472437388019080862e-01 8.119533760397772415e-01 4.145607519497692905e+00 1.507722860256681674e-01 3.833334116621272436e+00 4.397135797678654257e+00 4.947471543576169140e+00 1.688214582513953010e-01 4.670673411054101720e+00 5.270612503526259651e+00
4.925628140703517954e-01 1.837233809655623024e-02 1.531083858041373987e-03 1.578174259224026862e-02 2.068730598133614040e-02 7.780556537331001499e-01 1.854056777954742399e-02 7.462043539385753155e-01 8.015022289693756186e-01 4.141750723703214732e+00 1.470301500213190282e-01 3.872445739577627055e+00 4.413061487909353708e+00 4.939529418763049406e+00 1.654519869530272358e-01 4.685794243793075076e+00 5.223592021273655739e+00
4.975376884422110790e-01 1.837839970627897987e-02 1.551884223968531557e-03 1.556315843387048696e-02 2.093696395502115878e-02 7.753273992040414786e-01 1.582417668454634899e-02 7.441484818208227159e-01 7.945849259212059978e-01 4.130840052632693826e+00 1.437656480368774692e-01 3.882546647922517469e+00 4.400845862365090788e+00 4.929423183024074895e+00 1.624133814449996160e-01 4.698697517414769820e+00 5.215644951987893130e+00
5.025125628140703071e-01 1.789836701247062012e-02 1.622321653932582916e-03 1.520172961246791035e-02 2.078895786689808137e-02 7.735478968260616206e-01 1.610164397122071378e-02 7.436819693003314802e-01 7.924889397588941176e-01 4.117962256200611293e+00 1.387542162041731642e-01 3.902192683534412065e+00 4.362784050842634542e+00 4.911392669634345509e+00 1.558589295190720980e-01 4.678361730162145626e+00 5.146681182317631276e+00
5.074874371859295907e-01 1.820887684682072696e-02 1.561018166387576197e-03 1.570218573675665960e-02 2.064095177877500048e-02 7.670154641743353041e-01 1.634865375069280424e-02 7.361117670539311097e-01 7.938762652140725073e-01 4.117647989101852701e+00 1.379883045287663423e-01 3.912301764889185574e+00 4.366221636779529902e+00 4.893511878005347704e+00 1.393906359214114321e-01 4.691752528202571604e+00 5.113189744033265427e+00
5.124623115577889854e-01 1.766908947832856666e-02 1.503432003389431389e-03 1.529570680730990388e-02 2.049294569065191612e-02 7.620367916921073626e-01 1.603169477546982288e-02 7.251408512520990390e-01 7.797630358242702009e-01 4.105391554755455807e+00 1.364165017477484143e-01 3.894877130529928788e+00 4.319425862797817928e+00 4.867857845448872567e+00 1.286957342124358805e-01 4.705183336416157935e+00 5.051516864537420659e+00
5.174371859296482690e-01 1.780252440838913514e-02 1.648791192125242510e-03 1.532669256581250736e-02 2.096025632229350094e-02 7.591639172990293227e-01 1.783812833046365121e-02 7.267907030780550448e-01 7.784689111068239242e-01 4.085165655654404482e+00 1.259708197949065411e-01 3.887534857537470412e+00 4.276190714480700983e+00 4.849920998797919935e+00 1.082882872066431579e-01 4.712415457045996625e+00 5.009117275978959505e+00
5.224120603015075526e-01 1.745729743309550747e-02 1.477790149991347344e-03 1.537197828385295992e-02 2.033690677350656270e-02 7.536065148283778159e-01 1.548926990056618234e-02 7.263131864044818364e-01 7.770025665117661351e-01 4.062906959502993409e+00 1.096431293000698082e-01 3.915980957332124923e+00 4.224944512206511682e+00 4.826825709396900699e+00 1.253087174308452345e-01 4.630372602468282750e+00 5.006703145021940138e+00
5.273869346733668362e-01 1.754409340562862463e-02 1.416692615736620973e-03 1.532682781503854307e-02 2.048168539272857136e-02 7.467537287131786883e-01 1.370739525539505996e-02 7.184835747134032946e-01 7.651104778115409566e-01 4.056487415480334313e+00 1.068143166042984510e-01 3.908175540521486635e+00 4.236074583863585374e+00 4.821414924826131099e+00 1.173442939565016718e-01 4.635185214300932444e+00 4.980590894381174749e+00
5.323618090452261198e-01 1.722187897657031022e-02 1.319205617018064406e-03 1.520040353769197376e-02 2.011188338432273390e-02 7.425652151868746831e-01 1.656916210730837585e-02 7.042920274362675093e-01 7.611270723074859967e-01 4.028882714741452986e+00 1.069341222522647433e-01 3.861105588350024043e+00 4.174914451193189713e+00 4.794834367174980017e+00 1.147149093550304394e-01 4.611858937668595892e+00 4.963545863172744710e+00
5.373366834170854034e-01 1.735754007982211883e-02 1.377983969168997168e-03 1.550671616510776105e-02 2.022069425584713948e-02 7.391778062464784416e-01 1.729574139508609568e-02 7.039131685184478737e-01 7.601909446494526934e-01 4.023079113072492774e+00 1.114958040150202945e-01 3.840409405622559280e+00 4.182829130701856357e+00 4.764254127212323553e+00 1.135410485392920471e-01 4.570115280489787324e+00 4.925631462457448428e+00
5.423115577889447980e-01 1.698563012826360269e-02 1.311842835206805972e-03 1.532263460810414160e-02 1.985172331439722868e-02 7.373841170224730845e-01 1.844935365144708544e-02 7.014508264935447324e-01 7.636995087091542622e-01 3.997745305087507806e+00 1.032612976206558481e-01 3.821095604435789106e+00 4.151157747494578665e+00 4.748103945076810994e+00 1.132407230363815659e-01 4.558841654820414035e+00 4.918042167065098447e+00
5.472864321608040816e-01 1.709350009167333317e-02 1.262917660294727001e-03 1.526937428438454765e-02 2.009848437425218459e-02 7.336869938627714749e-01 1.722973376696917622e-02 7.000427971503557778e-01 7.602640071795746524e-01 3.970218005311315412e+00 1.002382608725695956e-01 3.794160813640772734e+00 4.114508375618695091e+00 4.714841352199075075e+00 1.160558963037527647e-01 4.501213954975837872e+00 4.892663732173133440e+00
5.522613065326633652e-01 1.670061832414204694e-02 1.277542596147865665e-03 1.509008016722090256e-02 1.983110801126709496e-02 7.315810714172605866e-01 1.902215838771206119e-02 6.922325987483611831e-01 7.573552944960101341e-01 3.959385907198313959e+00 9.736684084664586070e-02 3.790270047758836469e+00 4.102850287609985713e+00 4.675181432796897241e+00 1.168898059654960159e-01 4.484378656018402687e+00 4.884558226712845119e+00
5.572361809045226488e-01 1.681959814702444975e-02 1.323071083001480571e-03 1.528524197768522247e-02 2.008359994749007657e-02 7.270554683338964486e-01 1.943974017604739937e-02 6.916612293175876669e-01 7.488192611938754295e-01 3.931206625339053407e+00 1.041041498918123254e-01 3.748582343494533564e+00 4.103085820483491020e+00 4.634554128261217265e+00 1.115999033538922908e-01 4.465926104260486085e+00 4.857053047400759382e+00
5.622110552763819324e-01 1.697701046649518694e-02 1.269208966871134122e-03 1.530060014586618125e-02 2.008678980227073321e-02 7.219831363645494715e-01 1.918261336306231746e-02 6.861697549388358075e-01 7.430196002579326775e-01 3.895211493772440470e+00 9.799859328768889544e-02 3.735588956721953569e+00 4.077595744993399052e+00 4.603098365929281677e+00 1.178876535805586101e-01 4.385492864214536546e+00 4.833770245678957522e+00
5.671859296482412161e-01 1.652359761742334260e-02 1.135578051291532588e-03 1.482855796490411236e-02 1.924018357991523487e-02 7.171027085952049740e-01 1.736104972748918687e-02 6.834810622885109099e-01 7.357772749513421529e-01 3.861440545419684067e+00 1.008193809394270779e-01 3.720794442509842703e+00 4.070601094314874047e+00 4.583453892286009967e+00 1.216857399501925369e-01 4.342170257294357683e+00 4.816617313866675687e+00
5.721608040201004997e-01 1.667688431925912554e-02 1.340193472721711541e-03 1.517375567178336042e-02 2.020703180264489182e-02 7.108393097214007472e-01 1.714949781476654903e-02 6.785650437912471578e-01 7.336335889186003101e-01 3.838870348008423861e+00 1.096790043493624384e-01 3.654051526933033589e+00 4.069672738173645499e+00 4.567297279463541138e+00 1.200717289438942431e-01 4.338960356357723036e+00 4.784679104251767789e+00
5.771356783919597833e-01 1.622481807596964226e-02 1.184698044529492377e-03 1.459525615951496463e-02 1.891753228753707133e-02 7.043347306820761933e-01 1.949136369909932470e-02 6.658625925714467542e-01 7.334430428246166978e-01 3.819250131744060361e+00 1.072776861759774936e-01 3.615441705461434285e+00 4.039305739888091829e+00 4.544213297572770927e+00 1.153918375476099406e-01 4.330235543108478247e+00 4.764178780552652981e+00
5.821105527638190669e-01 1.630748033628307003e-02 1.069229263842358000e-03 1.459605176625019748e-02 1.867455385211556212e-02 6.965222001804656227e-01 2.037854652903730093e-02 6.591210086524182943e-01 7.327514574518992907e-01 3.806965182139071313e+00 1.081523817096824991e-01 3.616926486746042002e+00 4.022898527608743002e+00 4.524482317704353385e+00 1.231274902115564451e-01 4.319830593964669063e+00 4.760884087345952587e+00
5.870854271356784615e-01 1.597107075674020216e-02 1.007992558201605254e-03 1.440732069046071935e-02 1.805058187089868260e-02 6.909895416401077295e-01 1.986788346948681339e-02 6.535984244077944760e-01 7.262750810564275739e-01 3.787551608761531075e+00 1.072883956527480032e-01 3.607275832938133586e+00 4.002175020347580769e+00 4.504779628765633426e+00 1.216977105295752315e-01 4.294869972536114133e+00 4.734864297353244211e+00
5.920603015075377451e-01 1.600834558921507972e-02 1.056489614802001275e-03 1.428879548072652279e-02 1.787634464435667106e-02 6.878439881459803562e-01 2.276090090606857491e-02 6.428289967080813572e-01 7.247518291935810542e-01 3.770304762303189783e+00 1.074700280035367495e-01 3.601898130127854536e+00 3.984036748794956395e+00 4.463924846710517258e+00 1.186615892021860158e-01 4.262060931603716796e+00 4.678498261950885251e+00
5.970351758793970287e-01 1.565062935840274422e-02 8.015256114515763091e-04 1.414287801657660402e-02 1.686750708693919229e-02 6.825297771794058832e-01 2.166143768874760275e-02 6.386137068355356439e-01 7.134712588326556082e-01 3.751615220940602402e+00 1.066975385626099393e-01 3.577909574529108738e+00 3.959911470480372397e+00 4.431428424095675389e+00 1.271525584246436802e-01 4.237476883623163992e+00 4.679764956096530426e+00
6.020100502512563123e-01 1.584106360566190502e-02 9.241487409063797211e-04 1.421978023845531583e-02 1.759118732616747963e-02 6.756952917352000432e-01 2.121161919630930662e-02 6.340768553066779001e-01 7.075881847779610379e-01 3.719670434952525362e+00 1.047458722156412725e-01 3.555654516258363707e+00 3.929378300161899595e+00 4.399098931675273327e+00 1.350996777268537175e-01 4.194501622832191856e+00 4.667635035070621718e+00
6.069849246231155959e-01 1.549724686809082763e-02 7.245438548346740939e-04 1.412048401384800519e-02 1.683115155346730230e-02 6.691353382504579006e-01 2.095215690976459308e-02 6.316017744622138830e-01 6.975214484305081175e-01 3.692390872159663218e+00 1.126964449671016000e-01 3.532402552115058825e+00 3.918564997801076366e+00 4.359517159794845220e+00 1.390423615906893340e-01 4.137833018757104853e+00 4.599507632349665975e+00
6.119597989949748795e-01 1.553576874192114446e-02 6.376399529829837164e-04 1.418677470113313688e-02 1.646489066890327591e-02 6.644805818393157981e-01 2.138238661427197332e-02 6.245349996919172808e-01 6.961432035263703799e-01 3.665166244203838630e+00 1.201157017541569227e-01 3.492245603064931814e+00 3.915590791588401398e+00 4.319921819907898808e+00 1.436417007543920044e-01 4.081647744851165882e+00 4.555508280818802547e+00
6.169346733668341631e-01 1.526233937782814874e-02 6.067486893253340625e-04 1.402669919894834749e-02 1.637832046033386307e-02 6.572654308168969228e-01 2.060683894373076253e-02 6.182902965942729256e-01 6.841115561507810083e-01 3.633766814894407560e+00 1.265688743171205499e-01 3.437435480770806517e+00 3.864760802607751788e+00 4.283992614215727635e+00 1.489620383461373598e-01 4.042935141329335735e+00 4.532760816023314376e+00
6.219095477386934467e-01 1.542551860520970097e-02 6.439809277607245249e-04 1.417262604332213301e-02 1.662239561974121135e-02 6.513169203882427372e-01 2.234122025142372056e-02 6.030117536993132576e-01 6.798029858802386860e-01 3.597126738581958083e+00 1.264870736028096965e-01 3.394234888578328668e+00 3.817547975236996738e+00 4.250010312925757816e+00 1.442790907327891337e-01 4.010766273329754661e+00 4.479215187181813995e+00
6.268844221105528414e-01 1.521177180777289265e-02 6.399438293105969965e-04 1.400198354587090140e-02 1.650959176010488583e-02 6.456288243131099724e-01 2.192505247339182964e-02 5.982044827107702023e-01 6.739148934900499599e-01 3.566532698036739113e+00 1.299812479950746835e-01 3.363315392976775176e+00 3.791232099489592056e+00 4.210878174037842925e+00 1.498547549081263863e-01 3.956170875654816399e+00 4.464749528409701185e+00
6.318592964824121250e-01 1.523494967759117004e-02 6.069531982540346364e-04 1.415710160894880290e-02 1.651455328498105390e-02 6.410039545948246209e-01 2.191109150806413997e-02 5.962628333030057792e-01 6.729534607221279163e-01 3.538054256627058525e+00 1.316866893093323887e-01 3.336793195198543227e+00 3.759227626948305367e+00 4.178413101578088984e+00 1.526733263408477093e-01 3.909480689559617250e+00 4.460527874477679511e+00
6.368341708542714086e-01 1.499911427513447339e-02 6.351519471259786968e-04 1.414393566936464515e-02 1.641450137665573933e-02 6.358692389939324396e-01 2.243473220374847879e-02 5.910244567848609298e-01 6.691507218839002347e-01 3.508415724283962867e+00 1.338963631620377348e-01 3.293605816517658269e+00 3.725144806612646242e+00 4.141848508584558886e+00 1.550174375049742648e-01 3.867058578347224440e+00 4.405241025916695641e+00
6.418090452261306922e-01 1.515844271428773080e-02 5.757826952563344352e-04 1.419869879558853520e-02 1.641336423478070849e-02 6.297387857596590255e-01 2.205498941259368545e-02 5.860355569570079304e-01 6.580102464847151778e-01 3.478566583673741608e+00 1.327209254827410034e-01 3.253673306989351310e+00 3.716455467956179426e+00 4.104545162356703081e+00 1.539876084257303934e-01 3.827843353948501726e+00 4.376704812592181248e+00
6.467839195979899758e-01 1.492612321876415384e-02 5.418082516144560098e-04 1.427652804145214047e-02 1.602317221829608132e-02 6.249115964015946600e-01 2.084010226609196367e-02 5.837495982978602171e-01 6.505091428638872797e-01 3.450134109923109982e+00 1.347233651766148732e-01 3.217517974740693010e+00 3.675652096208763986e+00 4.069678771536526796e+00 1.532773160872272222e-01 3.809278796012348867e+00 4.329595089570589472e+00
6.517587939698492594e-01 1.494940224007876295e-02 5.968969319676075509e-04 1.424542805431544545e-02 1.625711447985107166e-02 6.178885711267088077e-01 1.876219910848376388e-02 5.804747384845951874e-01 6.403029032980007695e-01 3.418216839904155258e+00 1.349255152086333842e-01 3.185794086682289805e+00 3.663112962332092160e+00 4.022164126460094025e+00 1.603337793739198769e-01 3.732706242426703902e+00 4.316010854491885596e+00
6.567336683417085430e-01 1.471447636469644382e-02 5.540242368430065446e-04 1.403759024906880981e-02 1.583713781281545149e-02 6.122142396628903471e-01 1.979397808131177008e-02 5.729597544142220888e-01 6.345192730163439210e-01 3.386866136840755992e+00 1.333410083079663300e-01 3.165902888494081857e+00 3.614913563021462384e+00 3.986244749595423631e+00 1.569795597071968474e-01 3.691961843242703267e+00 4.293697137996234758e+00
6.617085427135678266e-01 1.485726659424153016e-02 4.371581995655603571e-04 1.437599567034377954e-02 1.569882580768171623e-02 6.070579630806592908e-01 2.065113333249658442e-02 5.721043696902521347e-01 6.330573843689818458e-01 3.347063244973180751e+00 1.376177550701491725e-01 3.094629823768024313e+00 3.590539131243468240e+00 3.942971424378291623e+00 1.525512001261050965e-01 3.670450587537577025e+00 4.238107116878102154e+00
6.666834170854271102e-01 1.490165209229422916e-02 5.500862355828597299e-04 1.426836519759300433e-02 1.600671032451238956e-02 5.997883494835521967e-01 1.967159591909046351e-02 5.677383613560610387e-01 6.275932142983118300e-01 3.318797205764442815e+00 1.353718942199232667e-01 3.067269572489657925e+00 3.582914837003929875e+00 3.905669761699139375e+00 1.520640065085104298e-01 3.635051173274559400e+00 4.205303444777650057e+00
6.716582914572865048e-01 1.470268032477361174e-02 4.488770748476741523e-04 1.416073472484222738e-02 1.542730511238143629e-02 5.951484085714925376e-01 1.987698012875071044e-02 5.623042400160883636e-01 6.224929650391555214e-01 3.280280334443946622e+00 1.358376819377736522e-01 3.051008513561198843e+00 3.556657770698870458e+00 3.863120380628668471e+00 1.489301287530545859e-01 3.589396882535890398e+00 4.147757139150806793e+00
6.766331658291457885e-01 1.476271919110159515e-02 3.918598366982385694e-04 1.405517469520163772e-02 1.534935975395040550e-02 5.887637690400104873e-01 1.915882256033623471e-02 5.562042506917556084e-01 6.129961225483036014e-01 3.250828934607187026e+00 1.325960059777314681e-01 3.025403393579712663e+00 3.521300959813769005e+00 3.827444579004445124e+00 1.510987219510855073e-01 3.559068224118970392e+00 4.123662174410518411e+00
6.816080402010050721e-01 1.446710102842368485e-02 3.075730223210579838e-04 1.392232735981812318e-02 1.496365155800092120e-02 5.846110365283327948e-01 1.865859682579254497e-02 5.531871984446203871e-01 6.113115106293030010e-01 3.212462629856464247e+00 1.327330196612652724e-01 2.982570120908044853e+00 3.484146835448799884e+00 3.794795112920331004e+00 1.499308217250173436e-01 3.522627469384368215e+00 4.097798726938024494e+00
6.865829145728643557e-01 1.466687815794910643e-02 3.713794244328911458e-04 1.407518220705521184e-02 1.527706782436623334e-02 5.788680623899675748e-01 1.784386425593625577e-02 5.494406937760711873e-01 6.036991835943431584e-01 3.180453615477913054e+00 1.326129688252560279e-01 2.954200570183452168e+00 3.449087156303994206e+00 3.756428483105911376e+00 1.434484648258239070e-01 3.482575565281319729e+00 4.018333386586635747e+00
6.915577889447236393e-01 1.439789747344881118e-02 3.070285850815477062e-04 1.379849047159914868e-02 1.492098688940258523e-02 5.739547918975570484e-01 1.735496766477406111e-02 5.481792009189022652e-01 6.019985643732719272e-01 3.155291914541147769e+00 1.288803507791733693e-01 2.922895761001943704e+00 3.419500065427009794e+00 3.719683305892758973e+00 1.366239237127133410e-01 3.456550723649290724e+00 3.952234294889908295e+00
6.965326633165829229e-01 1.438823277251051469e-02 3.434965209774345249e-04 1.388474808271081447e-02 1.505165135226791372e-02 5.679834499968261508e-01 1.870893383755813794e-02 5.388586915608345462e-01 5.969848493063788508e-01 3.123292602282961905e+00 1.267488348081309835e-01 2.889673361870337409e+00 3.370325750840862611e+00 3.679404416585180027e+00 1.342419059464129982e-01 3.432479120936702710e+00 3.916262012648930479e+00
7.015075376884422065e-01 1.429941808715896878e-02 3.600663536728736258e-04 1.376949865394588336e-02 1.499218764023375373e-02 5.628030606033758154e-01 1.810921858676260016e-02 5.364245232292701449e-01 5.885755731593627083e-01 3.088698520491738542e+00 1.171330705651737469e-01 2.867797836006840129e+00 3.305663547096143073e+00 3.634943261256812441e+00 1.317745700850474766e-01 3.401319919188664276e+00 3.869627132517953427e+00
7.064824120603014901e-01 1.432362119176499096e-02 3.789775624280118920e-04 1.365424922518095399e-02 1.491959465170662053e-02 5.560613772539068078e-01 1.773504635557372408e-02 5.322850374584590094e-01 5.826868962865314749e-01 3.055092831997417768e+00 1.167603483039337392e-01 2.843436653042177298e+00 3.279790274351789048e+00 3.588647621561782408e+00 1.324204423220292359e-01 3.348391396609079251e+00 3.817894546535278266e+00
7.114572864321608847e-01 1.415799941881798127e-02 3.778356593156477353e-04 1.353899979641602115e-02 1.462065688705638418e-02 5.501577069868214265e-01 1.854517018254217553e-02 5.284987964570002639e-01 5.768756671404087211e-01 3.015395069834515773e+00 1.159720852008702952e-01 2.808687150972301261e+00 3.233625222454586279e+00 3.549925507979950989e+00 1.299808396027818391e-01 3.314989095034659439e+00 3.776044475014430635e+00
7.164321608040201683e-01 1.431700325098622661e-02 3.839656282531757748e-04 1.380567368939242777e-02 1.498181878218813115e-02 5.419950457231808016e-01 1.842196030024484052e-02 5.161737570362422423e-01 5.739425354999287965e-01 2.977371842054600037e+00 1.129938922112197625e-01 2.766843475609069625e+00 3.178563220743659823e+00 3.512636412174555911e+00 1.229702905911173455e-01 3.290259824477547390e+00 3.710554621314329449e+00
7.214070351758794519e-01 1.407606507704354734e-02 4.089304627806637283e-04 1.360546309409090167e-02 1.462435789069202116e-02 5.355425155017903283e-01 1.746679827342053834e-02 5.085192740667525690e-01 5.620195094526222457e-01 2.943106786332540192e+00 1.133056418406691440e-01 2.736783733427394338e+00 3.153066020877457021e+00 3.473136074214967728e+00 1.214224096053715257e-01 3.268065850221439916e+00 3.683497560171140606e+00
7.263819095477387355e-01 1.414656485801909017e-02 3.959488515301399906e-04 1.359647847049980617e-02 1.471079018055174333e-02 5.312712272252900769e-01 1.643939984188150238e-02 5.067612573684538990e-01 5.572826953533541738e-01 2.914003456270309655e+00 1.103736347465048839e-01 2.721951277608692266e+00 3.114202969507146701e+00 3.430783610659993599e+00 1.257069472120674880e-01 3.215196507436223428e+00 3.644878320843635056e+00
7.313567839195980191e-01 1.396623216571470961e-02 4.139348149317047709e-04 1.333577021512858882e-02 1.463345402143266180e-02 5.240850134131387339e-01 1.471273754075595741e-02 5.001571561917000919e-01 5.481451306600159112e-01 2.871826193562593055e+00 1.092410497597297997e-01 2.680363054770986242e+00 3.066224741174769175e+00 3.387865099925900125e+00 1.261729440264599544e-01 3.187603493922292142e+00 3.592586718989772887e+00
7.363316582914573027e-01 1.404965112754940661e-02 4.196362230504082540e-04 1.353912830418370697e-02 1.458596084927160641e-02 5.192873846217689326e-01 1.420888000584124948e-02 4.939306990170004852e-01 5.383975807447034523e-01 2.841197309992613107e+00 1.083883743572365554e-01 2.654245338245046604e+00 3.040204798943377806e+00 3.354887509751060204e+00 1.203656776403890100e-01 3.173069280371460632e+00 3.547740632977380848e+00
7.413065326633165864e-01 1.391858897170370445e-02 4.019333303583531294e-04 1.342201267693549777e-02 1.456835175273266635e-02 5.156660491069310348e-01 1.470178809564887112e-02 4.910806053279518912e-01 5.369594183904163875e-01 2.806755651409063024e+00 1.071955053278669245e-01 2.636521478506234750e+00 2.989672240179432450e+00 3.316318755837103449e+00 1.195770027774293032e-01 3.126971793077615303e+00 3.510694483445197633e+00
7.462814070351758700e-01 1.397687447375873041e-02 4.401308531709225303e-04 1.332687962616210288e-02 1.457625914690750812e-02 5.107301026520874032e-01 1.435293740241203563e-02 4.840140865245528001e-01 5.282364232772798207e-01 2.774365977434516850e+00 1.089972837270251627e-01 2.595539104375204964e+00 2.959613658229115707e+00 3.277825063127197236e+00 1.140899691609787159e-01 3.105037650104731206e+00 3.476902328986169355e+00
7.512562814070351536e-01 1.385018154883122486e-02 4.908469790305275155e-04 1.301992862734899919e-02 1.449906862973507869e-02 5.062788190052762705e-01 1.495912263612114712e-02 4.780362077446542735e-01 5.291306752379740796e-01 2.742487081648121716e+00 1.000916431522468203e-01 2.581389223323853344e+00 2.920632402119406112e+00 3.232207079981153530e+00 1.129126759563933990e-01 3.066163406350263188e+00 3.416406259076744778e+00
7.562311557788945482e-01 1.392677575623156236e-02 4.717830915513167994e-04 1.315831220651089879e-02 1.460116277402286923e-02 5.011964252429977895e-01 1.430536019059860074e-02 4.741086205530501974e-01 5.233869708700640277e-01 2.707256731759724477e+00 9.978779238431345622e-02 2.549051360343761008e+00 2.882122721387037956e+00 3.192167963380935003e+00 1.091484604892181132e-01 3.019513409086878486e+00 3.361306627916265999e+00
7.612060301507538318e-01 1.377707801941510657e-02 6.126568323025511492e-04 1.242947955415949803e-02 1.465887709623849011e-02 4.945362367752476063e-01 1.541751522688348912e-02 4.654008284588116440e-01 5.176080909071590908e-01 2.669379557895041444e+00 9.806565118861372554e-02 2.508280847377639677e+00 2.832416686695690800e+00 3.158996211364552664e+00 1.091286286631951152e-01 3.007090677127536082e+00 3.339266556789476592e+00
7.661809045226131154e-01 1.379547944580731753e-02 5.411045299666990402e-04 1.265324471216960206e-02 1.452279326138791390e-02 4.888232581926788001e-01 1.396951752147812531e-02 4.615340557415992251e-01 5.086035670074607884e-01 2.639452244764790123e+00 9.461711531196764779e-02 2.483755486422868586e+00 2.792367744815949404e+00 3.124636668852291965e+00 1.103622683630604423e-01 2.974849680230303939e+00 3.311411664986898096e+00
7.711557788944723990e-01 1.358806727963627649e-02 6.048368431211022115e-04 1.216377382851130222e-02 1.437741498895247529e-02 4.836169144020858179e-01 1.373920171080431768e-02 4.585304311887563045e-01 5.058818566388655347e-01 2.607763870513197357e+00 9.627721488948103035e-02 2.464739877864056794e+00 2.770506439975680468e+00 3.085038700761037589e+00 9.960766555518900389e-02 2.958030621358143986e+00 3.238213306755369114e+00
7.761306532663316826e-01 1.376217114883173873e-02 6.164528448246066198e-04 1.234615440745154627e-02 1.451791830931521698e-02 4.791147544646913725e-01 1.257302132248407436e-02 4.569385959165903621e-01 5.001018498027700598e-01 2.581052128123735301e+00 9.554668615089850769e-02 2.440634456537702057e+00 2.750526354744224466e+00 3.047752238496733046e+00 1.013199557061118528e-01 2.910689400057592469e+00 3.197232045883307006e+00
7.811055276381909662e-01 1.373149749635748339e-02 6.141764272124803671e-04 1.228267757664056915e-02 1.453171372405921528e-02 4.741533098481631181e-01 1.286838420037342452e-02 4.522963669853086732e-01 4.948496894115645972e-01 2.544363347570024025e+00 8.802496890074983094e-02 2.417141822074505786e+00 2.691506207294421138e+00 3.006644652711711441e+00 1.018772763723528318e-01 2.868602977008047450e+00 3.178329600438678071e+00
7.860804020100502498e-01 1.368385103730900346e-02 5.997582066366463106e-04 1.232464770936686320e-02 1.450452510266444194e-02 4.690691297176354801e-01 1.237543768697530952e-02 4.468414150361458281e-01 4.889024638326597838e-01 2.512758871406450822e+00 9.189754679837551510e-02 2.375030010514444623e+00 2.662656908251448407e+00 2.966717900844561218e+00 1.006132270322465105e-01 2.821592221155137192e+00 3.132094777776320171e+00
7.910552763819095334e-01 1.372739877150041740e-02 6.202091266054826461e-04 1.236661784209315725e-02 1.454387046428504658e-02 4.629043628104495545e-01 1.360714706593273496e-02 4.348565123039542235e-01 4.850226192048137097e-01 2.475393044393752184e+00 8.938842288804979552e-02 2.333001254097560206e+00 2.629098435088113028e+00 2.923583905025229690e+00 1.048147628456618241e-01 2.774347365052014958e+00 3.109812342775473581e+00
7.960301507537689281e-01 1.359932022796268847e-02 5.740602223908128398e-04 1.240858797481945303e-02 1.435671384063440942e-02 4.568507344119289715e-01 1.350477288563072149e-02 4.315807804933670666e-01 4.765124488908561995e-01 2.439825483667394934e+00 9.003768053331207000e-02 2.292869893031890705e+00 2.588225244960500326e+00 2.889800726562227418e+00 1.082210843122330540e-01 2.732180481303908337e+00 3.079889000181544212e+00
8.010050251256282117e-01 1.376361067786156800e-02 5.827871228041789104e-04 1.250159562573337040e-02 1.459455187395848272e-02 4.519600336181747169e-01 1.336950635531774893e-02 4.267872027646315014e-01 4.717822122901874637e-01 2.407012496795740031e+00 9.465584353650965954e-02 2.251301028169009122e+00 2.576261866813573942e+00 2.852379101775150083e+00 1.078309307855735838e-01 2.712344140935045278e+00 3.041352760721084181e+00
8.059798994974874953e-01 1.360647624065084403e-02 5.188000815856669669e-04 1.247150402055301026e-02 1.434524130661939297e-02 4.449691377097987899e-01 1.350559248872693595e-02 4.199174120735558180e-01 4.639465411327594602e-01 2.375542256974172872e+00 9.375471391909240282e-02 2.241136223401260175e+00 2.550105691936803254e+00 2.813149269253854001e+00 9.464278370614020996e-02 2.690221353639912216e+00 2.973254635146001412e+00
8.109547738693467789e-01 1.359973852222815492e-02 5.465538423525183277e-04 1.254127249745065620e-02 1.424305808438857887e-02 4.405654399555982148e-01 1.203719801532944327e-02 4.151494728556753278e-01 4.561559678850597432e-01 2.347307626880335896e+00 9.282965322431285804e-02 2.221236459366656923e+00 2.515574182028802674e+00 2.778487602704735160e+00 9.408949713405509452e-02 2.650705736873079754e+00 2.944682490240160266e+00
8.159296482412060625e-01 1.344130199027136416e-02 5.047032571902423112e-04 1.238992860825116095e-02 1.389293724476379360e-02 4.353235722087431259e-01 1.260983586983593224e-02 4.085323468507633393e-01 4.512565314303077502e-01 2.308049650236262185e+00 8.527537980651041238e-02 2.186647789739733394e+00 2.459208139864120568e+00 2.737781676065665248e+00 9.662272423690854151e-02 2.613427923866692648e+00 2.899371839985875887e+00
8.209045226130653461e-01 1.357696483351779684e-02 4.856752295588982857e-04 1.253347808289073315e-02 1.416866825260080370e-02 4.296129510744636226e-01 1.208031873248205379e-02 4.027717964956200603e-01 4.488745459358007284e-01 2.278515106911249255e+00 8.248955160530810349e-02 2.154875866720648681e+00 2.418035667122552468e+00 2.695559310867032821e+00 9.199910237418859604e-02 2.571427214431329489e+00 2.853875882554398391e+00
8.258793969849246297e-01 1.342479721888120182e-02 4.821386926094204566e-04 1.238714458622547192e-02 1.397625331858556690e-02 4.234493162159928548e-01 1.291371183679003963e-02 3.966831591127161216e-01 4.446030542462900970e-01 2.242836248727769544e+00 8.500524842488453581e-02 2.122166976913782754e+00 2.393496232696599613e+00 2.661527328427621075e+00 9.142447242811083119e-02 2.537375045249230077e+00 2.822832202871651042e+00
8.308542713567839133e-01 1.345417277203081116e-02 5.121383729638519493e-04 1.236806880217196022e-02 1.402802799202127436e-02 4.161252815952646289e-01 1.385573836090936775e-02 3.912090594088070694e-01 4.411929600969910492e-01 2.209045518968542066e+00 8.076917430918695295e-02 2.088624124566264229e+00 2.350357752688486013e+00 2.624270709405928770e+00 8.442301995656287250e-02 2.509072131029566055e+00 2.779989667623159910e+00
8.358291457286431969e-01 1.337630549817311540e-02 5.224644307160357989e-04 1.223504964372424016e-02 1.400597289179132850e-02 4.099715266075293352e-01 1.262580932865922136e-02 3.893446776657313868e-01 4.298004974784319088e-01 2.177899409477894288e+00 7.548394746571104874e-02 2.064908657746306719e+00 2.309293687784177429e+00 2.586682345511035486e+00 8.064907661803605299e-02 2.482376646497582495e+00 2.727494925979058848e+00
8.408040201005025915e-01 1.342350850627802017e-02 5.072648814996600503e-04 1.236230795303563251e-02 1.404555989723998283e-02 4.048698046723828159e-01 1.317172620190679849e-02 3.858780313170077081e-01 4.248378538773739388e-01 2.148601371501883683e+00 7.248126250588135533e-02 2.042970079263729311e+00 2.282044991378173737e+00 2.541210510397640565e+00 7.907049321250204932e-02 2.445514814018346250e+00 2.684817938016797800e+00
8.457788944723618751e-01 1.332354260693085005e-02 5.446522866284470672e-04 1.222373282794858920e-02 1.411264181348227502e-02 3.987357788802082803e-01 1.271599492136312425e-02 3.771807079357349379e-01 4.188094521160113382e-01 2.111931726737344750e+00 7.092611099502721395e-02 2.019598550668226800e+00 2.241712155694123965e+00 2.504893428960490276e+00 8.358549598075719345e-02 2.395770300611379966e+00 2.657600791933305562e+00
8.507537688442211588e-01 1.335717711610780525e-02 5.155029577025611745e-04 1.226238993624240159e-02 1.411143588038671348e-02 3.934769143540071124e-01 1.272137883937866053e-02 3.722458785121759983e-01 4.136035819506673761e-01 2.078604977774999529e+00 6.969297566187968029e-02 1.987785421273267072e+00 2.208078309688360719e+00 2.466998012033798648e+00 8.208988912292690399e-02 2.367634216948780068e+00 2.624423132143484771e+00
8.557286432160804424e-01 1.311889396424449107e-02 5.066892980223043717e-04 1.218530364790974298e-02 1.382500261437003518e-02 3.883606865066102087e-01 1.213327735302619295e-02 3.676662331991979449e-01 4.036997779870527547e-01 2.046463226446834760e+00 7.106309548598202519e-02 1.956596655697945497e+00 2.180533767670833178e+00 2.425294786532930402e+00 7.834977827444523923e-02 2.317161406530352963e+00 2.572484287184765961e+00
8.607035175879397260e-01 1.320644911425647786e-02 5.149937418480224046e-04 1.212996450800588391e-02 1.393188057313369220e-02 3.823595369891326090e-01 1.162205458936201377e-02 3.634616026725517313e-01 3.960032421894524868e-01 2.010967962331329684e+00 6.935004977370555490e-02 1.904954201059097629e+00 2.143881124435256247e+00 2.387492739928190666e+00 7.943588350207861359e-02 2.277343037908476919e+00 2.543345461131796270e+00
8.656783919597990096e-01 1.289702082347156387e-02 4.833120520351935471e-04 1.189329252536589290e-02 1.343256054189572585e-02 3.780303976362068830e-01 1.101500563273748005e-02 3.606130522534010119e-01 3.921188193580724679e-01 1.978023754558618119e+00 6.978670622881170960e-02 1.872936248995689557e+00 2.112111986337445568e+00 2.349631335455276027e+00 7.996246963517106288e-02 2.240877561494951209e+00 2.512263342753111139e+00
8.706532663316582932e-01 1.301726596212804052e-02 4.839098373688525121e-04 1.214967681138319142e-02 1.359652946906818316e-02 3.731684058373618829e-01 1.185661951932535235e-02 3.533184196538080579e-01 3.865762657271172853e-01 1.945627493360553739e+00 7.160558590515109234e-02 1.835807351918805175e+00 2.089194979012603426e+00 2.314402219668929561e+00 7.878861338947056037e-02 2.207282679093240940e+00 2.472999250643233005e+00
8.756281407035175768e-01 1.280426580734199057e-02 4.804562467662246237e-04 1.197485620326596903e-02 1.346843012797625284e-02 3.664802381878171089e-01 1.259368133595248525e-02 3.484357097550301874e-01 3.817933609855272969e-01 1.915268181152815830e+00 7.048056483285204676e-02 1.808376339314908821e+00 2.054045477937497921e+00 2.280338490298618126e+00 8.252893890112553144e-02 2.169346431330546388e+00 2.440055740474453838e+00
8.806030150753769714e-01 1.284719196904934510e-02 4.376838384777763770e-04 1.201794120421478124e-02 1.347400273673516474e-02 3.610243142667121652e-01 1.290267374197471423e-02 3.418387607663284644e-01 3.779831428393279902e-01 1.885665451731102449e+00 7.191193383232935554e-02 1.780445277397329384e+00 2.023719764387850173e+00 2.247617844736931936e+00 7.731619147100661504e-02 2.135976623847722689e+00 2.382463703963207280e+00
8.855778894472362550e-01 1.270965371572621051e-02 4.364584835874977110e-04 1.207007642491472570e-02 1.347246390815315387e-02 3.559827246532352718e-01 1.252204951171424253e-02 3.362171448981305377e-01 3.723116268402663631e-01 1.859304667878239226e+00 6.974025403320874283e-02 1.759294795221189478e+00 1.984178914386568238e+00 2.210803773238742220e+00 7.317999347796765031e-02 2.102729531632951065e+00 2.329114702695549433e+00
8.905527638190955386e-01 1.274689111723624826e-02 4.964510176365693637e-04 1.198422826571966110e-02 1.353179886280978135e-02 3.512195125119119132e-01 1.203370508933792292e-02 3.344226813186479963e-01 3.697776499324534338e-01 1.828459743615753919e+00 6.661662525794280476e-02 1.734267904399251492e+00 1.943552094570142552e+00 2.175453411949084259e+00 6.830642785607903000e-02 2.075459958954533501e+00 2.286305921351398318e+00
8.955276381909548222e-01 1.283680676506093396e-02 4.595352956432952832e-04 1.218037109478422968e-02 1.358817024892283211e-02 3.451384160199221229e-01 1.152485745274285829e-02 3.272109224829289342e-01 3.598027487718217787e-01 1.796169415914792511e+00 6.012367620035758559e-02 1.714832940299810371e+00 1.902269811615974193e+00 2.140183565216349226e+00 6.486348809679313987e-02 2.044530981139068171e+00 2.246065525414714603e+00
9.005025125628141058e-01 1.260680665367533947e-02 4.778449627022958663e-04 1.197234363268172459e-02 1.330811131141188333e-02 3.410188460148968481e-01 1.038808194533033004e-02 3.250481252286276934e-01 3.530649535040459308e-01 1.766519423360310315e+00 5.839101882986975217e-02 1.686183361512145762e+00 1.870377342955017230e+00 2.101780834042963786e+00 6.291133636059301204e-02 2.010607674888595486e+00 2.208702077180422663e+00
9.054773869346733894e-01 1.266698383685875909e-02 5.033713667982067869e-04 1.194848924946562314e-02 1.355355005737093541e-02 3.341545361976347439e-01 9.733665392409969822e-03 3.170848592309061242e-01 3.480191905977996214e-01 1.733365286038011321e+00 5.464865413835977292e-02 1.659977861600573146e+00 1.825626391082101563e+00 2.065292581495115520e+00 5.933452596211515051e-02 1.984240875333036502e+00 2.176005352812734994e+00
9.104522613065326730e-01 1.245943097905457229e-02 4.338428577203752318e-04 1.191042080617318692e-02 1.318334820927003458e-02 3.280245469918551815e-01 9.390912160500072825e-03 3.139726554095025324e-01 3.404053240545932835e-01 1.701624138072000747e+00 5.006537453625272555e-02 1.634505634289898257e+00 1.792120157608203979e+00 2.030512785220869532e+00 6.057875949427431878e-02 1.942581415612437912e+00 2.144534976140739069e+00
9.154271356783919567e-01 1.248643734126341463e-02 4.950733838444381762e-04 1.169092842891211390e-02 1.326975478359857137e-02 3.224218843538934065e-01 9.561553749012553782e-03 3.090867040747132255e-01 3.362066695563947771e-01 1.672142314284562392e+00 5.421401619889289897e-02 1.598854318512507033e+00 1.774302028805148757e+00 1.992341184159087675e+00 5.883112121221562713e-02 1.900853154131150191e+00 2.095251898719438621e+00
9.204020100502512403e-01 1.228438341934567739e-02 4.354887290789140916e-04 1.149753681729462525e-02 1.287019466406564248e-02 3.169933419079094539e-01 1.000497635994969901e-02 3.009233952247239996e-01 3.318036061216255717e-01 1.639686847514946422e+00 5.173363717630045239e-02 1.560810244140351299e+00 1.730965574183503941e+00 1.954764766820117128e+00 5.702542643662180527e-02 1.859044670890853679e+00 2.052308384463779500e+00
9.253768844221106349e-01 1.236396552195107371e-02 3.882261629631232266e-04 1.174051357817033556e-02 1.280216533259998825e-02 3.116615732880060330e-01 9.205580128615439145e-03 2.974277949352028272e-01 3.252978719904347504e-01 1.605617164121496909e+00 5.053461337276388826e-02 1.528435973744799004e+00 1.692126288241756926e+00 1.918758453201781178e+00 5.653788529250661221e-02 1.829711836141751480e+00 2.022353800097524523e+00
9.303517587939699185e-01 1.218703476031561712e-02 3.881155983418138329e-04 1.143045591105031414e-02 1.265685367638233125e-02 3.068587894999689203e-01 8.482701812951642245e-03 2.936146758751512764e-01 3.207505196605191511e-01 1.576653937079660173e+00 5.001522535142412240e-02 1.500055406581001671e+00 1.666566305253458946e+00 1.886843380634151135e+00 5.473079594414150678e-02 1.801721320326927556e+00 1.986724335710495559e+00
9.353266331658292021e-01 1.219200069832378566e-02 4.081610542573101629e-04 1.144617339982446740e-02 1.279151067229677627e-02 3.023673921753256000e-01 8.827257377884166478e-03 2.889927294841778127e-01 3.173939634510243302e-01 1.550607027692433304e+00 4.883654171694978147e-02 1.469967757615577408e+00 1.640592986024705269e+00 1.851453062607941957e+00 5.457314644964342265e-02 1.768823062749743658e+00 1.951884646364815845e+00
9.403015075376884857e-01 1.203343139261768210e-02 3.169694452052790627e-04 1.136691547996811560e-02 1.243059128073277855e-02 2.968678805773304896e-01 8.380433117608726210e-03 2.831625133822687213e-01 3.096833415159733205e-01 1.519385695068005360e+00 4.638689786671012366e-02 1.447793753203864053e+00 1.603423834934403214e+00 1.816774733713253598e+00 5.095451024799847045e-02 1.725988873375269961e+00 1.903387713652791025e+00
9.452763819095477693e-01 1.211024406720799529e-02 3.915197193492661381e-04 1.125147596644203614e-02 1.265781770724456155e-02 2.930948396082767582e-01 8.189176058508169931e-03 2.805732710962077769e-01 3.037628035832908857e-01 1.487420184806355294e+00 4.299310231356510970e-02 1.408327804946969630e+00 1.565623946998675242e+00 1.778114749536578554e+00 4.452213299948440395e-02 1.700025210852600610e+00 1.855097888106304715e+00
9.502512562814070529e-01 1.191325591887736589e-02 3.573192723970955334e-04 1.104161280946825731e-02 1.240009236568910718e-02 2.875949120916535540e-01 6.725093883863634756e-03 2.763858828081644514e-01 2.975801606174332536e-01 1.454907281341986103e+00 3.780961220109153170e-02 1.388140173115664178e+00 1.525131371991167439e+00 1.743016685533295362e+00 4.307920593078223143e-02 1.661108991266660562e+00 1.806418559118589506e+00
9.552261306532663365e-01 1.197896626590248467e-02 2.989211659100162550e-04 1.131413623490768426e-02 1.238218875969329148e-02 2.830817357560908576e-01 6.151669868756972845e-03 2.722298486645459703e-01 2.925092748852219371e-01 1.423976076431499704e+00 3.597513869461872044e-02 1.352794890276417084e+00 1.477917849994013100e+00 1.709887974548192080e+00 4.072674820724531131e-02 1.632559583407177994e+00 1.769431612014648714e+00
9.602010050251256201e-01 1.182874975935976555e-02 3.555599631637230149e-04 1.110424739209171265e-02 1.237217662336786289e-02 2.787733818416562315e-01 5.691349739738444172e-03 2.696466917622915571e-01 2.882556975035767688e-01 1.392525553458808130e+00 3.392899896240281210e-02 1.325137082247456632e+00 1.440006992379040174e+00 1.673498396224576634e+00 3.779736795655162102e-02 1.606108222691785103e+00 1.728567956364566172e+00
9.651758793969849037e-01 1.184053902615646650e-02 3.821701255923903645e-04 1.101720780200501036e-02 1.241209388819985472e-02 2.733075965908805527e-01 6.111535882307381207e-03 2.610073695632952884e-01 2.834167473877889920e-01 1.360491591658546273e+00 3.129416466737372504e-02 1.302227611005584373e+00 1.403957030747112311e+00 1.634909400726742179e+00 3.468240529410986789e-02 1.575589883837102523e+00 1.683608564633510607e+00
9.701507537688442984e-01 1.168816126958118276e-02 4.274929257649544615e-04 1.095883322846631300e-02 1.238666809660359143e-02 2.678109750534566347e-01 5.772137719002148719e-03 2.592244155537342665e-01 2.799042513854414493e-01 1.322507563793208663e+00 3.000615845809041088e-02 1.275543208617559099e+00 1.357238391727022542e+00 1.595393924670308161e+00 3.476364870365911824e-02 1.528717924699186215e+00 1.640919973348444971e+00
9.751256281407035820e-01 1.167807964151627506e-02 3.651717347197262656e-04 1.107572167049336066e-02 1.233821176423536940e-02 2.619333135227506215e-01 5.304382982994021965e-03 2.533731957146315716e-01 2.745530333845157545e-01 1.289216384377292357e+00 2.778941677814365449e-02 1.233948269222925553e+00 1.324399307471311849e+00 1.555392792221888199e+00 3.001058583615973455e-02 1.495937022793491833e+00 1.602888460373623758e+00
9.801005025125628656e-01 1.139743543817572577e-02 4.025933652060523292e-04 1.095323561811063599e-02 1.211531221035460314e-02 2.561160290961684294e-01 4.749653104606457558e-03 2.466213699979937224e-01 2.656419193287648528e-01 1.248986749526309170e+00 2.182235692222065510e-02 1.200886569566449458e+00 1.270636054043933871e+00 1.508628888671121437e+00 2.319198331827194287e-02 1.458823440312614572e+00 1.541025291002944719e+00
9.850753768844221492e-01 1.141623467515398907e-02 2.708513561331571027e-04 1.096844942506786449e-02 1.180679089390243748e-02 2.479383841305385638e-01 4.585068705748119970e-03 2.404209113158812527e-01 2.591399064401422869e-01 1.206895139716252396e+00 1.911541336160253041e-02 1.168778384335226628e+00 1.227672645095067905e+00 1.459825999701269250e+00 2.139477105014180036e-02 1.413569986606830531e+00 1.491312727240489577e+00
9.900502512562814328e-01 1.100428520723023204e-02 1.577096052142337539e-04 1.081950473943600090e-02 1.138040882630031447e-02 2.385764665260393380e-01 2.416214638131368789e-03 2.349837087038169625e-01 2.421525467522662456e-01 1.158463103659108651e+00 1.953206400273440821e-02 1.119802423506477851e+00 1.180762798254925805e+00 1.404028446884221237e+00 1.853794796088070046e-02 1.368368851250821860e+00 1.433912900832709392e+00
9.950251256281407164e-01 1.115483926236048549e-02 2.225748727441045655e-04 1.089181534186562175e-02 1.154123042119680961e-02 2.289206115022960897e-01 1.983465939463109097e-03 2.262953163665784029e-01 2.325815668600871577e-01 1.094888568234912762e+00 1.169674576010160810e-02 1.072923271068913387e+00 1.119090243279551311e+00 1.332565339066608345e+00 9.022630701893769034e-03 1.312855475593329269e+00 1.346751946397917843e+00
1.000000000000000000e+00 1.107643536089600311e-02 1.621181470772950267e-04 1.088361878750395730e-02 1.145967649654506919e-02 2.161626157696102113e-01 8.470396722171616606e-04 2.147257896582696335e-01 2.173912517842423175e-01 1.016381616623681650e+00 1.623325934315296253e-03 1.014619903797479239e+00 1.020543808660539620e+00 1.242079278882445958e+00 1.983802526503328570e-03 1.239941902779157612e+00 1.247181360471929068e+00
