# FPR	TPR_MEAN	TPR_STD	TPR_MIN	TPR_MAX
0.000000000000000000e+00 4.949381327334084410e-03 2.764500726084253950e-03 1.124859392575928117e-03 9.701912260967379686e-03
2.004008016032063962e-03 2.595613048368953721e-02 2.327636889389794999e-03 2.151293588301462362e-02 2.980877390326209381e-02
4.008016032064127925e-03 4.299079035461249310e-02 3.943162757111093493e-03 3.754218222722159604e-02 4.879077615298087894e-02
6.012024048096191453e-03 5.513217097862768007e-02 5.078420160404276823e-03 4.654105736782902097e-02 6.425759280089989034e-02
8.016032064128255849e-03 6.605736782902138504e-02 6.485280227401385433e-03 5.666479190101237490e-02 7.494375703037120529e-02
1.002004008016032024e-02 7.611079865016873169e-02 5.550004975453572825e-03 6.622609673790776086e-02 8.366141732283464971e-02
1.202404809619238291e-02 8.592519685039370914e-02 7.879148756773030407e-03 7.620922384701912800e-02 1.013779527559055121e-01
1.402805611222444730e-02 9.479752530933632793e-02 7.724148254902158534e-03 8.211473565804273955e-02 1.102362204724409434e-01
1.603206412825651170e-02 1.032199100112485973e-01 8.416608192395629712e-03 9.041057367829020974e-02 1.207817772778402715e-01
1.803607214428857436e-02 1.115016872890888661e-01 9.753534757352357379e-03 9.898762654668166738e-02 1.318897637795275468e-01
2.004008016032064049e-02 1.188554555680539915e-01 9.416929639575711067e-03 1.064398200224971891e-01 1.406074240719910051e-01
2.204408817635270315e-02 1.266029246344206882e-01 1.060467120889257812e-02 1.141732283464566983e-01 1.524184476940382560e-01
2.404809619238476581e-02 1.335348706411698672e-01 9.549935757049382232e-03 1.214848143982002193e-01 1.567772778402699574e-01
2.605210420841683194e-02 1.400309336332958288e-01 1.107401970197188258e-02 1.244375703037120390e-01 1.667604049493813245e-01
2.805611222444889460e-02 1.464426321709786372e-01 1.104556115843649544e-02 1.299212598425196763e-01 1.735095613048368846e-01
3.006012024048096073e-02 1.544994375703037104e-01 1.119146770881687507e-02 1.399043869516310434e-01 1.830708661417322913e-01
3.206412825651302340e-02 1.615438695163104454e-01 1.065660503880070352e-02 1.462317210348706431e-01 1.888357705286839161e-01
3.406813627254508953e-02 1.677868391451068641e-01 1.071148980818277183e-02 1.501687289088863841e-01 1.940382452193475937e-01
3.607214428857714872e-02 1.751265466816647742e-01 1.002428381599166501e-02 1.595894263217097764e-01 1.993813273340832304e-01
3.807615230460921485e-02 1.802165354330708402e-01 9.557385635582588135e-03 1.660573678290213628e-01 2.035995500562429728e-01
4.008016032064128098e-02 1.880483689538807457e-01 9.897044858108001997e-03 1.735095613048368846e-01 2.135826771653543399e-01
4.208416833667334017e-02 1.938413948256468289e-01 8.982206511155660725e-03 1.792744656917885371e-01 2.152699662542182091e-01
4.408817635270540630e-02 1.990016872890888744e-01 9.516339131102653434e-03 1.826490438695163032e-01 2.207536557930258603e-01
4.609218436873747243e-02 2.052727784026996960e-01 9.927013593065742506e-03 1.871484814398200192e-01 2.280652418447693952e-01
4.809619238476953162e-02 2.128796400449943782e-01 9.989264419988088881e-03 1.944600674915635541e-01 2.339707536557930345e-01
5.010020040080159776e-02 2.193194600674915617e-01 1.102523604492681476e-02 1.978346456692913480e-01 2.436726659167604003e-01
5.210420841683366389e-02 2.249859392575927486e-01 1.089511575689190367e-02 2.044431946006749212e-01 2.484533183352080898e-01
5.410821643286573002e-02 2.299071991001124804e-01 1.201061505373191875e-02 2.085208098987626490e-01 2.574521934758155495e-01
5.611222444889778921e-02 2.349128233970753654e-01 1.244388413247830838e-02 2.149887514060742355e-01 2.649043869516310434e-01
5.811623246492985534e-02 2.409870641169853389e-01 1.190712450243007654e-02 2.234251968503936925e-01 2.702474690663667078e-01
6.012024048096192147e-02 2.461754780652418151e-01 1.176369138205076229e-02 2.277840269966254216e-01 2.750281214848144251e-01
6.212424849699398066e-02 2.512795275590550825e-01 1.162262192122508371e-02 2.318616422947131495e-01 2.784026996625421635e-01
6.412825651302604679e-02 2.559758155230596466e-01 1.173684625211966759e-02 2.377671541057367888e-01 2.836051743532058689e-01
6.613226452905811292e-02 2.604049493813273553e-01 1.228976453316767831e-02 2.412823397075365695e-01 2.881046119235095571e-01
6.813627254509017905e-02 2.649043869516310434e-01 1.209076690760785451e-02 2.440944881889763884e-01 2.899325084364454685e-01
7.014028056112224518e-02 2.693475815523059813e-01 1.234773377680515802e-02 2.473284589426321678e-01 2.945725534308211713e-01
7.214428857715429744e-02 2.741563554555680460e-01 1.163645158576653328e-02 2.547806524184477173e-01 2.972440944881890035e-01
7.414829659318636357e-02 2.790916760404948960e-01 1.118292310839127425e-02 2.594206974128234200e-01 3.014623172103487181e-01
7.615230460921842970e-02 2.829865016872891159e-01 1.164840647520350853e-02 2.613892013498312905e-01 3.063835770528683944e-01
7.815631262525049583e-02 2.876546681664792215e-01 1.131934303143148322e-02 2.672947131608549021e-01 3.106017997750281090e-01
8.016032064128256196e-02 2.921541057367829097e-01 1.125066769410643965e-02 2.719347581552306048e-01 3.146794150731158646e-01
8.216432865731462809e-02 2.964004499437570272e-01 1.144323308002324208e-02 2.744656917885264225e-01 3.177727784026996849e-01
8.416833667334668034e-02 3.010826771653543621e-01 1.075348996029257438e-02 2.813554555680539693e-01 3.217097862767154259e-01
8.617234468937874647e-02 3.054696287964004386e-01 1.029477782593238300e-02 2.845894263217098041e-01 3.243813273340832581e-01
8.817635270541081260e-02 3.107002249718785469e-01 1.015649967487352277e-02 2.889482564679415333e-01 3.280371203599550256e-01
9.018036072144287874e-02 3.168588301462317292e-01 1.024665448329848891e-02 2.965410573678290418e-01 3.363329583802024958e-01
9.218436873747494487e-02 3.208942632170977971e-01 1.052825727650303494e-02 3.000562429696287947e-01 3.406917885264341694e-01
9.418837675350701100e-02 3.251124859392575672e-01 1.059545749014160522e-02 3.031496062992126150e-01 3.433633295838020016e-01
9.619238476953906325e-02 3.293166479190101636e-01 9.772661051116638894e-03 3.106017997750281090e-01 3.471597300337457837e-01
9.819639278557112938e-02 3.332677165354330784e-01 9.246966827159430052e-03 3.153824521934758263e-01 3.492688413948256687e-01
1.002004008016031955e-01 3.366563554555680460e-01 1.005614427657336094e-02 3.176321709786276704e-01 3.544713160854893186e-01
1.022044088176352616e-01 3.407058492688413986e-01 1.055201339653175606e-02 3.201631046119234880e-01 3.592519685039369803e-01
1.042084168336673278e-01 3.446850393700787163e-01 1.084013024794248936e-02 3.243813273340832581e-01 3.637514060742407240e-01
1.062124248496993939e-01 3.489173228346456601e-01 1.058359282262305578e-02 3.281777277840269846e-01 3.678290213723284796e-01
1.082164328657314600e-01 3.523059617547806832e-01 1.039110744383924846e-02 3.329583802024747019e-01 3.719066366704161797e-01
1.102204408817635123e-01 3.560039370078740273e-01 1.131369134573551732e-02 3.352080989876265460e-01 3.783745781777277939e-01
1.122244488977955784e-01 3.610517435320584889e-01 1.204814468354279897e-02 3.383014623172103663e-01 3.845613048368953790e-01
1.142284569138276445e-01 3.650731158605174387e-01 1.240300948979653449e-02 3.406917885264341694e-01 3.893419572553430963e-01
1.162324649298597107e-01 3.689116985376828528e-01 1.195808897186882713e-02 3.433633295838020016e-01 3.910292463442069932e-01
1.182364729458917768e-01 3.725253093363329326e-01 1.216903439931092852e-02 3.468785151856018101e-01 3.952474690663667078e-01
1.202404809619238429e-01 3.763357705286839439e-01 1.221282932379365478e-02 3.505343082114735775e-01 3.990438695163104343e-01
1.222444889779558952e-01 3.803571428571428936e-01 1.235481678880900012e-02 3.537682789651293569e-01 4.015748031496063075e-01
1.242484969939879613e-01 3.843925759280089616e-01 1.260626915140544528e-02 3.571428571428571508e-01 4.066366704161979984e-01
1.262525050100200275e-01 3.881327334083240488e-01 1.310189604805556129e-02 3.602362204724409711e-01 4.115579302587176747e-01
1.282565130260520936e-01 3.918166479190101636e-01 1.324208441617825451e-02 3.634701912260967505e-01 4.156355455568053747e-01
1.302605210420841597e-01 3.952896512935882845e-01 1.340867812747083103e-02 3.672665916760404770e-01 4.191507311586051832e-01
1.322645290581162258e-01 3.987485939257592871e-01 1.405630554294384250e-02 3.686726659167604003e-01 4.236501687289088713e-01
1.342685370741482920e-01 4.020950506186726225e-01 1.427536565065441396e-02 3.714848143982002471e-01 4.274465691788526533e-01
1.362725450901803581e-01 4.051743532058492692e-01 1.389500179624529250e-02 3.757030371203599617e-01 4.299775028121484710e-01
1.382765531062124242e-01 4.083380202474691245e-01 1.414715432654401611e-02 3.800618672665916908e-01 4.347581552305961883e-01
1.402805611222444904e-01 4.118953880764905096e-01 1.361704320862979455e-02 3.861079865016872614e-01 4.386951631046119293e-01
1.422845691382765287e-01 4.154386951631045544e-01 1.387706235611540877e-02 3.904668166479189906e-01 4.438976377952755792e-01
1.442885771543085949e-01 4.194741282339707888e-01 1.404231779359216108e-02 3.946850393700787607e-01 4.472722159730033731e-01
1.462925851703406610e-01 4.228487064116984717e-01 1.396254376629362665e-02 3.990438695163104343e-01 4.499437570303712053e-01
1.482965931863727271e-01 4.264904386951631210e-01 1.419338448392093444e-02 4.019966254218222956e-01 4.538807649043869463e-01
1.503006012024047933e-01 4.293447694038245999e-01 1.371960323532053772e-02 4.063554555680539693e-01 4.564116985376827640e-01
1.523046092184368594e-01 4.334505061867267028e-01 1.350725150458126009e-02 4.108548931383577130e-01 4.595050618672665843e-01
1.543086172344689255e-01 4.370641169853768382e-01 1.387007964101196270e-02 4.133858267716535306e-01 4.638638920134983135e-01
1.563126252505009917e-01 4.402699662542182146e-01 1.381861264300793951e-02 4.156355455568053747e-01 4.659730033745781985e-01
1.583166332665330578e-01 4.444038245219347760e-01 1.418689192655688686e-02 4.195725534308211713e-01 4.725815523059617718e-01
1.603206412825651239e-01 4.483127109111361142e-01 1.354235643495044390e-02 4.266029246344206771e-01 4.766591676040494718e-01
1.623246492985971901e-01 4.511951631046119404e-01 1.293136597665090794e-02 4.298368953880765120e-01 4.782058492688414097e-01
1.643286573146292562e-01 4.540635545556804820e-01 1.309825136388987656e-02 4.306805399325084327e-01 4.798931383577053067e-01
1.663326653306613223e-01 4.573818897637795255e-01 1.255388092062530332e-02 4.364454443194600852e-01 4.839707536557930068e-01
1.683366733466933607e-01 4.603908886389200816e-01 1.165415030547144876e-02 4.410854893138357880e-01 4.857986501687289183e-01
1.703406813627254268e-01 4.642716535433070169e-01 1.161360295421183172e-02 4.454443194600675171e-01 4.901574803149606474e-01
1.723446893787574929e-01 4.678993250843644924e-01 1.226303922856831347e-02 4.478346456692913202e-01 4.955005624296963118e-01
1.743486973947895591e-01 4.712317210348705432e-01 1.135289802168911594e-02 4.538807649043869463e-01 4.969066366704161797e-01
1.763527054108216252e-01 4.746203599550056218e-01 1.186334259596441738e-02 4.564116985376827640e-01 5.014060742407199234e-01
1.783567134268536913e-01 4.781636670416197776e-01 1.207359361237552581e-02 4.618953880764904429e-01 5.061867266591676406e-01
1.803607214428857575e-01 4.809758155230596799e-01 1.162884603049401701e-02 4.649887514060742633e-01 5.077334083239595230e-01
1.823647294589178236e-01 4.836473565804275121e-01 1.145170430179349823e-02 4.678008998875140545e-01 5.104049493813272997e-01
1.843687374749498897e-01 4.867547806524183396e-01 1.130081382785720276e-02 4.707536557930258603e-01 5.125140607424072403e-01
1.863727454909819559e-01 4.898059617547806388e-01 1.105522239215321438e-02 4.738470191226096806e-01 5.147637795275590289e-01
1.883767535070140220e-01 4.921119235095613442e-01 1.131194373090505315e-02 4.767997750281214864e-01 5.182789651293587818e-01
1.903807615230460881e-01 4.952755905511810885e-01 1.166028128646223391e-02 4.807367829021372274e-01 5.223565804274465929e-01
1.923847695390781265e-01 4.987204724409448064e-01 1.167252511878841444e-02 4.835489313835770742e-01 5.248875140607424106e-01
1.943887775551101926e-01 5.016310461192350356e-01 1.189562075789524914e-02 4.860798650168728918e-01 5.282620922384702045e-01
1.963927855711422588e-01 5.047384701912260851e-01 1.132060925093643887e-02 4.884701912260967505e-01 5.296681664791901278e-01
1.983967935871743249e-01 5.077334083239595230e-01 1.117046120981760558e-02 4.921259842519685179e-01 5.313554555680539693e-01
2.004008016032063910e-01 5.108689538807649200e-01 1.100446018585202537e-02 4.956411698537682708e-01 5.340269966254218570e-01
2.024048096192384572e-01 5.137232845894262878e-01 1.129930918250478256e-02 4.990157480314960647e-01 5.376827896512935689e-01
2.044088176352705233e-01 5.159448818897638400e-01 1.102100328160688682e-02 5.015466816647918824e-01 5.397919010123733985e-01
2.064128256513025894e-01 5.186164229471316167e-01 1.109163552871346090e-02 5.036557930258717120e-01 5.416197975253093100e-01
2.084168336673346555e-01 5.217800899887514721e-01 1.155284024392017224e-02 5.056242969628796935e-01 5.442913385826771977e-01
2.104208416833667217e-01 5.243672665916760955e-01 1.174960765017668204e-02 5.071709786276715759e-01 5.462598425196850682e-01
2.124248496993987878e-01 5.277840269966254105e-01 1.203392563386297513e-02 5.097019122609673936e-01 5.503374578177727683e-01
2.144288577154308539e-01 5.308492688413948279e-01 1.142909177490925195e-02 5.119516310461191821e-01 5.516029246344207326e-01
2.164328657314629201e-01 5.333098987626546661e-01 1.101674197331476736e-02 5.172947131608548466e-01 5.542744656917885093e-01
2.184368737474949584e-01 5.358548931383577685e-01 1.110834246414596667e-02 5.194038245219347871e-01 5.565241844769404089e-01
2.204408817635270246e-01 5.385123734533182605e-01 1.105203869637359608e-02 5.212317210348705876e-01 5.586332958380202385e-01
2.224448897795590907e-01 5.414932508436445247e-01 1.110575257683735738e-02 5.239032620922384753e-01 5.622890888638920615e-01
2.244488977955911568e-01 5.442913385826771977e-01 1.119203299512745026e-02 5.275590551181101873e-01 5.655230596175477853e-01
2.264529058116232230e-01 5.469206974128233423e-01 1.110390101571085558e-02 5.300899887514061160e-01 5.684758155230595911e-01
2.284569138276552891e-01 5.495781777277841673e-01 1.094666498769493804e-02 5.316366704161979984e-01 5.703037120359955026e-01
2.304609218436873552e-01 5.527559055118109743e-01 1.120700269282933967e-02 5.347300337457817632e-01 5.731158605174353493e-01
2.324649298597194214e-01 5.553430821147355978e-01 1.155827236417548802e-02 5.366985376827896337e-01 5.757874015748031260e-01
2.344689378757514875e-01 5.576209223847018448e-01 1.186093423619568807e-02 5.385264341957255452e-01 5.784589426321710137e-01
2.364729458917835536e-01 5.604330708661418026e-01 1.136222833295747262e-02 5.430258717660292334e-01 5.811304836895387904e-01
2.384769539078156197e-01 5.632592800899887120e-01 1.116522997049807821e-02 5.459786276715410391e-01 5.832395950506186200e-01
2.404809619238476859e-01 5.655371203599549590e-01 1.113331146500261444e-02 5.480877390326208687e-01 5.856299212598424786e-01
2.424849699398797520e-01 5.679836895388076234e-01 1.091574655009089519e-02 5.514623172103486626e-01 5.888638920134983135e-01
2.444889779559117904e-01 5.705568053993250732e-01 1.070239575987159096e-02 5.539932508436445913e-01 5.901293588301462778e-01
2.464929859719438565e-01 5.731158605174353493e-01 1.024429062957636985e-02 5.563835770528683389e-01 5.936445444319460307e-01
2.484969939879759226e-01 5.758155230596175844e-01 9.602117948411970777e-03 5.613048368953881262e-01 5.943475815523059369e-01
2.505010020040079888e-01 5.780590990755414271e-01 9.093642626825267777e-03 5.641169853768278619e-01 5.949100112485938840e-01
2.525050100200400549e-01 5.804555680539932316e-01 9.133813245523987601e-03 5.658042744656918144e-01 5.974409448818898127e-01
2.545090180360721210e-01 5.827896512935882845e-01 9.377534887708960029e-03 5.677727784026996849e-01 6.006749156355455366e-01
2.565130260521041872e-01 5.845894263217098485e-01 9.451956935125639322e-03 5.690382452193475382e-01 6.026434195725534071e-01
2.585170340681362533e-01 5.867688413948256576e-01 9.502908832237512426e-03 5.715691788526434669e-01 6.040494938132733305e-01
2.605210420841683194e-01 5.890185601799775572e-01 9.683646668540086752e-03 5.741001124859392846e-01 6.070022497187851362e-01
2.625250501002003856e-01 5.915635545556805486e-01 9.643824411093614504e-03 5.762092238470191141e-01 6.082677165354331006e-01
2.645290581162324517e-01 5.933914510686164601e-01 9.561883791113201178e-03 5.774746906636670785e-01 6.096737907761530240e-01
2.665330661322645178e-01 5.955427446569178107e-01 9.306735190941729449e-03 5.800056242969628961e-01 6.113610798650168654e-01
2.685370741482965840e-01 5.981580427446568926e-01 9.139147263902178131e-03 5.832395950506186200e-01 6.147356580427446593e-01
2.705410821643286501e-01 6.013638920134983801e-01 9.498330711441850885e-03 5.864735658042744548e-01 6.202193475815522827e-01
2.725450901803607162e-01 6.036979752530934329e-01 9.593971276477529855e-03 5.884420697412823253e-01 6.231721034870640885e-01
2.745490981963927823e-01 6.061586051743531600e-01 9.261323356828176506e-03 5.915354330708660902e-01 6.244375703037120529e-01
2.765531062124248485e-01 6.082958380202474480e-01 9.136410316891377045e-03 5.946287964004499660e-01 6.258436445444319762e-01
2.785571142284569146e-01 6.103205849268841243e-01 9.004848973289498668e-03 5.963160854893138074e-01 6.271091113610798295e-01
2.805611222444889807e-01 6.125421822272215655e-01 8.787727780852112522e-03 6.002530933633295485e-01 6.292182227221597701e-01
2.825651302605209914e-01 6.145106861642294360e-01 8.557252773208163729e-03 6.032058492688413542e-01 6.316085489313836288e-01
2.845691382765530575e-01 6.169572553430822115e-01 8.816612471086079580e-03 6.058773903262092420e-01 6.349831271091113116e-01
2.865731462925851236e-01 6.194881889763779181e-01 9.007395432111686348e-03 6.081271091113610305e-01 6.377952755905511584e-01
2.885771543086171897e-01 6.218082114735657973e-01 9.224543599722677747e-03 6.098143982002249830e-01 6.403262092238469760e-01
2.905811623246492559e-01 6.236220472440944240e-01 9.031288292950091431e-03 6.112204724409449064e-01 6.415916760404949404e-01
2.925851703406813220e-01 6.252671541057368554e-01 9.108594078453246742e-03 6.129077615298087478e-01 6.429977502812148638e-01
2.945891783567133881e-01 6.274184476940382060e-01 9.176355488082025072e-03 6.144544431946006302e-01 6.452474690663666523e-01
2.965931863727454543e-01 6.295838020247470634e-01 9.523638837414812042e-03 6.154386951631045655e-01 6.480596175478064991e-01
2.985971943887775204e-01 6.319038245219348315e-01 9.425407633315847911e-03 6.171259842519685179e-01 6.504499437570303577e-01
3.006012024048095865e-01 6.337317210348706320e-01 9.487917676017094959e-03 6.195163104611923766e-01 6.525590551181101873e-01
3.026052104208416527e-01 6.360376827896512264e-01 9.211718084518377356e-03 6.224690663667041823e-01 6.543869516310460988e-01
3.046092184368737188e-01 6.383577052868389945e-01 9.266445298425428356e-03 6.238751406074241057e-01 6.574803149606299746e-01
3.066132264529057849e-01 6.403683914510687192e-01 9.196424244962598735e-03 6.265466816647918824e-01 6.591676040494938160e-01
3.086172344689378511e-01 6.423509561304836524e-01 9.474728791021949301e-03 6.279527559055118058e-01 6.626827896512935689e-01
3.106212424849699172e-01 6.448537682789652337e-01 9.158671557671728414e-03 6.311867266591676406e-01 6.639482564679415333e-01
3.126252505010019833e-01 6.466254218222722283e-01 8.972648790796124499e-03 6.332958380202474702e-01 6.650731158605174276e-01
3.146292585170340494e-01 6.486079865016873836e-01 8.985782534876165378e-03 6.345613048368954345e-01 6.676040494938132452e-01
3.166332665330661156e-01 6.507311586051743868e-01 8.683120370269402713e-03 6.380764904386951875e-01 6.697131608548931858e-01
3.186372745490981817e-01 6.528262092238470427e-01 8.243109486713917633e-03 6.407480314960629642e-01 6.711192350956129982e-01
3.206412825651302478e-01 6.544431946006749046e-01 8.396794711107682246e-03 6.425759280089988756e-01 6.735095613048368568e-01
3.226452905811623140e-01 6.564538807649042962e-01 8.800957772869835716e-03 6.434195725534308519e-01 6.761811023622047445e-01
3.246492985971943801e-01 6.584505061867267361e-01 9.008196539666011096e-03 6.445444319460067462e-01 6.780089988751406560e-01
3.266533066132264462e-01 6.604190101237344956e-01 9.008635472497051114e-03 6.477784026996625810e-01 6.795556805399325384e-01
3.286573146292585124e-01 6.623875140607424772e-01 8.917537445728420872e-03 6.504499437570303577e-01 6.818053993250843270e-01
3.306613226452905785e-01 6.645106861642295915e-01 8.771469334467969434e-03 6.517154105736783221e-01 6.833520809898763204e-01
3.326653306613226446e-01 6.667041619797524632e-01 8.979124487135463697e-03 6.535433070866141225e-01 6.854611923509561500e-01
3.346693386773546552e-01 6.690523059617548007e-01 8.841524072620525823e-03 6.566366704161979984e-01 6.875703037120359795e-01
3.366733466933867214e-01 6.710067491563554976e-01 8.938430647722570704e-03 6.583239595050618398e-01 6.895388076490438500e-01
3.386773547094187875e-01 6.729611923509561944e-01 9.004684306770417007e-03 6.608548931383576575e-01 6.923509561304836968e-01
3.406813627254508536e-01 6.749718785151856970e-01 9.112879860640353200e-03 6.624015748031496509e-01 6.944600674915635263e-01
3.426853707414829198e-01 6.768560179977501923e-01 9.550919059917190729e-03 6.646512935883014395e-01 6.971316085489314140e-01
3.446893787575149859e-01 6.791479190101237240e-01 8.984022208774802495e-03 6.680258717660292334e-01 6.989595050618672145e-01
3.466933867735470520e-01 6.810320584926884413e-01 9.193457046055763734e-03 6.695725534308211158e-01 7.013498312710910731e-01
3.486973947895791182e-01 6.832677165354330562e-01 8.780300370460731099e-03 6.735095613048368568e-01 7.028965129358830666e-01
3.507014028056111843e-01 6.853908886389200594e-01 8.663345895029253216e-03 6.751968503937008093e-01 7.040213723284589609e-01
3.527054108216432504e-01 6.873312710911136936e-01 8.149422410962245053e-03 6.770247469066367207e-01 7.054274465691788842e-01
3.547094188376753165e-01 6.887795275590551380e-01 7.808764667159638455e-03 6.785714285714286031e-01 7.064116985376828195e-01
3.567134268537073827e-01 6.906777277840270290e-01 7.918695048984351198e-03 6.796962879640044974e-01 7.080989876265466609e-01
3.587174348697394488e-01 6.927727784026995739e-01 7.866228271826470470e-03 6.833520809898763204e-01 7.104893138357705196e-01
3.607214428857715149e-01 6.945303712035995058e-01 7.957498251917570486e-03 6.853205849268841909e-01 7.123172103487064311e-01
3.627254509018035811e-01 6.966394825646793354e-01 8.160138258019792104e-03 6.870078740157480324e-01 7.135826771653542844e-01
3.647294589178356472e-01 6.982986501687290515e-01 8.120501768790786695e-03 6.892575928008999320e-01 7.155511811023621549e-01
3.667334669338677133e-01 6.999015748031496287e-01 8.235334936044183540e-03 6.905230596175477853e-01 7.168166479190101192e-01
3.687374749498997795e-01 7.016732283464566233e-01 8.011674807479695834e-03 6.926321709786277259e-01 7.179415073115860135e-01
3.707414829659318456e-01 7.036417322834646049e-01 7.738787882473643215e-03 6.944600674915635263e-01 7.194881889763780070e-01
3.727454909819639117e-01 7.050899887514059383e-01 7.790260399408978353e-03 6.961473565804274788e-01 7.208942632170978193e-01
3.747494989979959779e-01 7.070163104611923988e-01 7.864481311706032068e-03 6.969910011248593440e-01 7.218785151856017546e-01
3.767535070140280440e-01 7.089285714285713524e-01 7.789054831318172403e-03 6.979752530933632793e-01 7.242688413948256132e-01
3.787575150300601101e-01 7.109533183352081398e-01 7.690094984924604297e-03 7.009280089988751961e-01 7.263779527559055538e-01
3.807615230460921762e-01 7.126546681664793770e-01 8.039302479867877979e-03 7.017716535433070613e-01 7.287682789651294124e-01
3.827655310621242424e-01 7.146934758155231160e-01 8.248863688953333995e-03 7.038807649043870018e-01 7.307367829021372829e-01
3.847695390781562530e-01 7.164229471316084785e-01 8.499204139421186188e-03 7.051462317210348552e-01 7.336895388076490887e-01
3.867735470941883191e-01 7.182227221597300426e-01 8.589491064224177505e-03 7.073959505061867548e-01 7.356580427446569592e-01
3.887775551102203853e-01 7.197553430821147513e-01 8.433269462177791012e-03 7.089426321709786372e-01 7.370641169853768826e-01
3.907815631262524514e-01 7.218222722159729488e-01 8.447499319994392769e-03 7.107705286839145487e-01 7.388920134983126831e-01
3.927855711422845175e-01 7.232845894263217890e-01 8.204054617324570489e-03 7.124578177727783901e-01 7.402980877390326064e-01
3.947895791583165837e-01 7.247890888638920392e-01 7.897094272102960291e-03 7.147075365579302897e-01 7.414229471316085007e-01
3.967935871743486498e-01 7.266872890888640413e-01 7.630411369699864610e-03 7.173790776152980664e-01 7.428290213723284241e-01
3.987975951903807159e-01 7.285714285714285365e-01 7.426734532954283076e-03 7.189257592800899488e-01 7.438132733408323594e-01
4.008016032064127820e-01 7.299915635545556336e-01 7.029822813257628582e-03 7.208942632170978193e-01 7.445163104611923766e-01
4.028056112224448482e-01 7.317632170978628503e-01 7.061811027877501826e-03 7.218785151856017546e-01 7.464848143982002471e-01
4.048096192384769143e-01 7.334926884139481018e-01 6.992643425760991342e-03 7.241282339707536542e-01 7.480314960629921295e-01
4.068136272545089804e-01 7.350393700787403173e-01 7.068009484768776433e-03 7.266591676040494718e-01 7.501406074240719590e-01
4.088176352705410466e-01 7.364454443194599076e-01 6.895557812564158395e-03 7.273622047244094890e-01 7.511248593925758943e-01
4.108216432865731127e-01 7.381608548931384295e-01 6.512962595941957852e-03 7.290494938132733305e-01 7.519685039370078705e-01
4.128256513026051788e-01 7.396512935883013951e-01 6.739834676235592799e-03 7.303149606299212948e-01 7.543588301462317292e-01
4.148296593186372450e-01 7.414088863892013270e-01 6.651325666596334153e-03 7.327052868391451534e-01 7.559055118110236116e-01
4.168336673346693111e-01 7.432367829021373495e-01 6.915955930035929886e-03 7.339707536557930068e-01 7.575928008998875640e-01
4.188376753507013772e-01 7.447131608548931414e-01 7.211995884497861796e-03 7.352362204724409711e-01 7.597019122609673936e-01
4.208416833667334433e-01 7.464707536557930734e-01 7.024871302015324448e-03 7.381889763779527769e-01 7.615298087739033051e-01
4.228456913827655095e-01 7.484533183352081176e-01 6.874538398469083600e-03 7.400168728908886884e-01 7.630764904386951875e-01
4.248496993987975756e-01 7.499859392575928263e-01 6.791629689117372089e-03 7.424071991001124360e-01 7.646231721034870699e-01
4.268537074148296417e-01 7.516732283464568898e-01 6.695763328721257221e-03 7.443757030371203065e-01 7.658886389201350342e-01
4.288577154308617079e-01 7.537542182227221499e-01 6.580081927802183817e-03 7.466254218222722061e-01 7.681383577052868228e-01
4.308617234468937740e-01 7.555821147356580614e-01 6.247164274492073531e-03 7.488751406074241057e-01 7.692632170978627171e-01
4.328657314629258401e-01 7.569319460067490679e-01 6.086872489388456958e-03 7.505624296962879471e-01 7.705286839145106814e-01
4.348697394789579063e-01 7.583802024746906234e-01 5.951598518438748313e-03 7.514060742407199234e-01 7.712317210348705876e-01
4.368737474949899169e-01 7.600956130483690343e-01 5.815030776813499488e-03 7.528121484814398467e-01 7.726377952755905110e-01
4.388777555110219830e-01 7.615298087739031940e-01 5.754263272994071705e-03 7.544994375703036882e-01 7.743250843644544634e-01
4.408817635270540491e-01 7.631046119235096459e-01 5.804481558203315392e-03 7.566085489313836288e-01 7.764341957255342930e-01
4.428857715430861153e-01 7.646091113610797851e-01 5.836630940410932056e-03 7.581552305961755112e-01 7.779808773903261754e-01
4.448897795591181814e-01 7.657058492688413320e-01 5.906867512716022089e-03 7.589988751406073764e-01 7.788245219347581516e-01
4.468937875751502475e-01 7.672806524184476729e-01 5.843401622803179492e-03 7.606861642294713288e-01 7.806524184476940631e-01
4.488977955911823137e-01 7.688695163104612984e-01 5.581884517244087469e-03 7.623734533183351703e-01 7.814960629921260393e-01
4.509018036072143798e-01 7.705568053993250288e-01 5.664158517944547361e-03 7.636389201349831346e-01 7.833239595050618398e-01
4.529058116232464459e-01 7.723425196850394192e-01 5.695711538805342360e-03 7.654668166479190461e-01 7.844488188976378451e-01
4.549098196392785121e-01 7.739454443194601074e-01 5.978395525896455787e-03 7.670134983127109285e-01 7.871203599550056218e-01
4.569138276553105782e-01 7.754358830146232950e-01 6.070415123474524020e-03 7.682789651293587818e-01 7.886670416197975042e-01
4.589178356713426443e-01 7.771091113610798518e-01 6.352530758353301492e-03 7.703880764904387224e-01 7.903543307086614567e-01
4.609218436873747105e-01 7.787260967379078247e-01 6.226559696360129716e-03 7.716535433070865757e-01 7.919010123734533391e-01
4.629258517034067766e-01 7.801462317210348107e-01 6.072613101104730633e-03 7.739032620922384753e-01 7.933070866141732624e-01
4.649298597194388427e-01 7.818616422947132216e-01 6.159247183922053441e-03 7.748875140607424106e-01 7.949943757030371039e-01
4.669338677354709088e-01 7.830708661417322691e-01 6.115954237759108243e-03 7.761529808773903749e-01 7.961192350956129982e-01
4.689378757515029750e-01 7.851518560179977513e-01 6.170727856437484282e-03 7.776996625421822573e-01 7.987907761529808859e-01
4.709418837675350411e-01 7.866704161979752863e-01 6.155908003002257163e-03 7.789651293588301106e-01 8.001968503937008093e-01
4.729458917835671072e-01 7.881467941507311892e-01 6.244315388144861152e-03 7.800899887514061160e-01 8.014623172103486626e-01
4.749498997995991734e-01 7.896231721034870921e-01 6.349417779640609445e-03 7.816366704161979984e-01 8.032902137232845741e-01
4.769539078156312395e-01 7.909448818897637512e-01 6.378309844129052657e-03 7.827615298087738926e-01 8.048368953880764565e-01
4.789579158316633056e-01 7.927727784026996627e-01 6.403367685876020128e-03 7.857142857142856984e-01 8.079302587176603323e-01
4.809619238476953718e-01 7.939960629921258839e-01 6.304624287357503236e-03 7.865579302587176747e-01 8.090551181102362266e-01
4.829659318637274379e-01 7.950506186726657987e-01 6.200197523779223292e-03 7.872609673790775808e-01 8.097581552305961328e-01
4.849699398797595040e-01 7.962879640044995266e-01 6.291549854794313036e-03 7.876827896512935689e-01 8.107424071991000680e-01
4.869739478957915702e-01 7.974128233970754209e-01 6.355642212336468609e-03 7.886670416197975042e-01 8.113048368953881262e-01
4.889779559118235808e-01 7.988610798650168654e-01 6.314275363222266770e-03 7.900731158605174276e-01 8.125703037120359795e-01
4.909819639278556469e-01 8.003655793025872267e-01 6.346614793301135274e-03 7.916197975253093100e-01 8.139763779527559029e-01
4.929859719438877130e-01 8.016872890888638858e-01 6.219618058680853254e-03 7.923228346456693272e-01 8.148200224971878791e-01
4.949899799599197792e-01 8.030933633295835872e-01 6.197965045649452692e-03 7.931664791901011924e-01 8.159448818897637734e-01
4.969939879759518453e-01 8.043166479190102525e-01 5.876667061702985084e-03 7.952755905511811330e-01 8.166479190101236796e-01
4.989979959919839114e-01 8.060883014623172471e-01 5.606499540744479607e-03 7.978065241844769506e-01 8.179133858267716439e-01
5.010020040080159776e-01 8.076349831271091295e-01 5.682506007979990295e-03 7.996344206974128621e-01 8.197412823397075554e-01
5.030060120240480437e-01 8.089848143982003581e-01 5.846716394941628946e-03 8.008998875140607154e-01 8.215691788526434669e-01
5.050100200400801098e-01 8.104611923509560389e-01 5.914543952642669147e-03 8.024465691788525978e-01 8.226940382452193612e-01
5.070140280561121759e-01 8.118391451068616149e-01 5.932833578871026838e-03 8.031496062992126150e-01 8.233970753655792674e-01
5.090180360721442421e-01 8.132452193475815383e-01 6.097500564537612459e-03 8.034308211473565331e-01 8.248031496062991907e-01
5.110220440881763082e-01 8.145388076490437390e-01 5.928900068140604239e-03 8.045556805399325384e-01 8.257874015748031260e-01
5.130260521042083743e-01 8.157199100112485501e-01 5.826035996834499735e-03 8.058211473565803917e-01 8.266310461192351022e-01
5.150300601202404405e-01 8.169853768278964035e-01 5.768744091529069175e-03 8.063835770528683389e-01 8.276152980877390375e-01
5.170340681362725066e-01 8.188273340832395997e-01 6.016371346514666311e-03 8.075084364454443442e-01 8.300056242969628961e-01
5.190380761523045727e-01 8.202755905511811552e-01 6.148516835952242028e-03 8.082114735658042504e-01 8.318335208098988076e-01
5.210420841683366389e-01 8.218082114735658639e-01 6.239564353663683803e-03 8.097581552305961328e-01 8.333802024746906900e-01
5.230460921843687050e-01 8.229752530933633903e-01 6.155972235101054083e-03 8.110236220472440971e-01 8.342238470191225552e-01
5.250501002004007711e-01 8.243532058492688552e-01 5.900756026024086588e-03 8.134139482564679557e-01 8.350674915635545315e-01
5.270541082164328373e-01 8.255624296962880138e-01 5.808703544667156993e-03 8.153824521934758263e-01 8.364735658042744548e-01
5.290581162324649034e-01 8.270669291338583751e-01 5.858944499161717646e-03 8.165073115860517206e-01 8.374578177727783901e-01
5.310621242484969695e-01 8.285995500562430838e-01 5.779974267286211616e-03 8.186164229471316611e-01 8.387232845894263544e-01
5.330661322645290356e-01 8.300337457817772435e-01 5.738712483448044598e-03 8.205849268841395316e-01 8.395669291338582196e-01
5.350701402805611018e-01 8.312710911136107494e-01 5.764218456270768336e-03 8.219910011248593440e-01 8.412542182227221721e-01
5.370741482965931679e-01 8.323818897637794700e-01 5.477358550121285211e-03 8.241001124859392846e-01 8.422384701912261074e-01
5.390781563126252340e-01 8.333802024746906900e-01 5.597870989143535758e-03 8.245219347581552727e-01 8.430821147356580836e-01
5.410821643286573002e-01 8.346597300337459391e-01 5.469411916896408168e-03 8.255061867266592079e-01 8.442069741282339779e-01
5.430861723446893663e-01 8.358267716535433545e-01 5.409714180029012894e-03 8.263498312710910731e-01 8.451912260967379131e-01
5.450901803607214324e-01 8.370359955005624020e-01 5.452595644050361838e-03 8.273340832395950084e-01 8.467379077615297955e-01
5.470941883767534986e-01 8.382874015748031926e-01 5.443686835159560096e-03 8.291619797525309199e-01 8.485658042744657070e-01
5.490981963927855647e-01 8.394685039370077817e-01 5.509604623695379608e-03 8.301462317210348552e-01 8.499718785151856304e-01
5.511022044088176308e-01 8.405933633295837870e-01 5.509245775957416665e-03 8.316929133858267376e-01 8.513779527559055538e-01
5.531062124248496970e-01 8.419572553430821893e-01 5.466356616620294227e-03 8.329583802024747019e-01 8.517997750281214309e-01
5.551102204408817631e-01 8.430118110236219930e-01 5.538308504464181832e-03 8.340832395950505962e-01 8.527840269966254771e-01
5.571142284569138292e-01 8.442491563554556100e-01 5.466013014529392047e-03 8.352080989876266015e-01 8.534870641169853833e-01
5.591182364729458953e-01 8.454021372328458517e-01 5.516131573765137470e-03 8.356299212598424786e-01 8.543307086614173596e-01
5.611222444889779615e-01 8.466394825646794686e-01 5.489473025269235411e-03 8.371766029246344720e-01 8.561586051743531600e-01
5.631262525050100276e-01 8.478908886389200372e-01 5.594974180178136254e-03 8.384420697412823253e-01 8.574240719910011244e-01
5.651302605210419827e-01 8.490157480314959315e-01 5.491183480860715137e-03 8.401293588301462778e-01 8.582677165354331006e-01
5.671342685370740488e-01 8.500984251968504157e-01 5.546227716063105440e-03 8.418166479190101192e-01 8.598143982002249830e-01
5.691382765531061150e-01 8.511811023622047889e-01 5.500680320138201518e-03 8.433633295838020016e-01 8.609392575928008773e-01
5.711422845691381811e-01 8.524746906636669896e-01 5.492983385026928636e-03 8.437851518560179898e-01 8.620641169853768826e-01
5.731462925851702472e-01 8.535011248593926680e-01 5.351013147569257111e-03 8.442069741282339779e-01 8.626265466816648297e-01
5.751503006012023134e-01 8.546541057367829097e-01 5.328650363571684791e-03 8.457536557930258603e-01 8.637514060742407240e-01
5.771543086172343795e-01 8.556946006749155398e-01 5.170091198470515119e-03 8.470191226096738246e-01 8.648762654668166183e-01
5.791583166332664456e-01 8.571850393700787274e-01 5.284314339801679007e-03 8.482845894263216779e-01 8.672665916760404770e-01
5.811623246492985118e-01 8.584786276715410391e-01 5.220021029484411476e-03 8.495500562429696423e-01 8.678290213723284241e-01
5.831663326653305779e-01 8.595753655793025860e-01 5.206672219030325857e-03 8.509561304836895657e-01 8.688132733408323594e-01
5.851703406813626440e-01 8.607142857142855430e-01 5.210904306816873700e-03 8.517997750281214309e-01 8.699381327334083647e-01
5.871743486973947102e-01 8.617547806524183951e-01 5.033195890306999855e-03 8.529246344206974362e-01 8.706411698537682708e-01
5.891783567134267763e-01 8.629077615298088588e-01 4.991860603655133566e-03 8.541901012373452895e-01 8.714848143982002471e-01
5.911823647294588424e-01 8.638779527559055094e-01 4.971799780767033328e-03 8.555961754780652129e-01 8.721878515185601533e-01
5.931863727454909085e-01 8.651152980877390153e-01 4.980381651451733574e-03 8.567210348706412182e-01 8.738751406074241057e-01
5.951903807615229747e-01 8.660573678290214295e-01 4.980044218479128329e-03 8.582677165354331006e-01 8.748593925759280410e-01
5.971943887775550408e-01 8.670275590551181910e-01 5.109314714621788177e-03 8.593925759280089949e-01 8.766872890888638414e-01
5.991983967935871069e-01 8.681102362204724532e-01 5.167394572629363698e-03 8.602362204724409711e-01 8.783745781777277939e-01
6.012024048096191731e-01 8.692069741282340001e-01 5.004834305275588334e-03 8.620641169853768826e-01 8.794994375703036882e-01
6.032064128256512392e-01 8.702615298087739149e-01 5.001771908966075493e-03 8.637514060742407240e-01 8.811867266591676406e-01
6.052104208416833053e-01 8.712739032620921975e-01 5.025510762069866806e-03 8.647356580427446593e-01 8.827334083239595230e-01
6.072144288577153715e-01 8.724690663667041823e-01 5.042300640337763276e-03 8.661417322834645827e-01 8.837176602924634583e-01
6.092184368737474376e-01 8.736782902137234519e-01 4.812061841770248413e-03 8.676884139482564651e-01 8.847019122609673936e-01
6.112224448897795037e-01 8.748172103487062978e-01 4.762442158251403712e-03 8.683914510686163712e-01 8.854049493813272997e-01
6.132264529058115698e-01 8.756889763779527325e-01 4.664883072863953463e-03 8.697975253093362946e-01 8.859673790776152469e-01
6.152304609218436360e-01 8.768278965129358005e-01 4.613123660683564504e-03 8.703599550056242418e-01 8.869516310461191821e-01
6.172344689378757021e-01 8.779246344206974584e-01 4.600162649801120551e-03 8.713442069741282880e-01 8.879358830146231174e-01
6.192384769539077682e-01 8.790494938132733527e-01 4.935621018996358585e-03 8.716254218222722061e-01 8.890607424071991227e-01
6.212424849699398344e-01 8.802305961754779418e-01 4.949620993276938191e-03 8.728908886389201705e-01 8.900449943757030580e-01
6.232464929859719005e-01 8.811867266591676406e-01 4.867941928393056637e-03 8.737345331833520357e-01 8.906074240719910051e-01
6.252505010020039666e-01 8.824240719910012576e-01 4.850772726028699557e-03 8.751406074240719590e-01 8.910292463442069932e-01
6.272545090180360328e-01 8.834223847019121445e-01 4.870154864704458013e-03 8.758436445444319762e-01 8.920134983127109285e-01
6.292585170340680989e-01 8.841816647919008565e-01 5.045064130297404956e-03 8.761248593925758943e-01 8.931383577052868228e-01
6.312625250501001650e-01 8.849268841394823948e-01 5.032174503869807358e-03 8.771091113610798295e-01 8.939820022497187990e-01
6.332665330661322312e-01 8.857424071991001346e-01 5.003412005913194897e-03 8.782339707536558349e-01 8.951068616422946933e-01
6.352705410821642973e-01 8.867547806524184173e-01 5.150609434557329794e-03 8.789370078740157410e-01 8.969347581552306048e-01
6.372745490981963634e-01 8.877952755905511584e-01 5.150916502816163881e-03 8.799212598425196763e-01 8.977784026996625810e-01
6.392785571142284295e-01 8.885404949381326967e-01 5.113955995854951343e-03 8.811867266591676406e-01 8.979190101237345401e-01
6.412825651302604957e-01 8.896231721034870699e-01 5.052876029070284790e-03 8.820303712035995058e-01 8.986220472440944462e-01
6.432865731462925618e-01 8.906917885264341583e-01 4.996294435797556978e-03 8.832958380202474702e-01 8.997469066366704515e-01
6.452905811623246279e-01 8.914932508436445024e-01 4.825129730991349966e-03 8.845613048368954345e-01 8.998875140607424106e-01
6.472945891783566941e-01 8.926602924634421399e-01 5.013280756095463316e-03 8.855455568053993698e-01 9.010123734533183049e-01
6.492985971943887602e-01 8.933773903262091087e-01 4.960095042187647775e-03 8.862485939257592760e-01 9.015748031496062520e-01
6.513026052104208263e-01 8.942210348706410850e-01 4.914445708305229497e-03 8.868110236220472231e-01 9.019966254218222401e-01
6.533066132264528925e-01 8.951349831271091517e-01 5.056709032824946264e-03 8.877952755905511584e-01 9.031214848143982454e-01
6.553106212424849586e-01 8.961332958380203717e-01 4.691338837554652128e-03 8.894825646794151108e-01 9.035433070866141225e-01
6.573146292585170247e-01 8.969769403824521259e-01 4.577867655457871360e-03 8.904668166479190461e-01 9.042463442069741397e-01
6.593186372745490909e-01 8.979752530933634569e-01 4.475293771611302610e-03 8.910292463442069932e-01 9.050899887514061160e-01
6.613226452905811570e-01 8.990860517435320665e-01 4.392288762615358284e-03 8.927165354330708347e-01 9.059336332958379812e-01
6.633266533066132231e-01 9.000000000000000222e-01 4.256853479710746499e-03 8.939820022497187990e-01 9.070584926884139865e-01
6.653306613226452892e-01 9.008998875140605822e-01 4.246623550284062826e-03 8.949662542182227343e-01 9.080427446569179217e-01
6.673346693386772444e-01 9.019544431946006080e-01 4.324701288252541867e-03 8.956692913385826404e-01 9.094488188976378451e-01
6.693386773547093105e-01 9.027840269966255216e-01 4.140261945507254203e-03 8.966535433070865757e-01 9.102924634420697103e-01
6.713426853707413766e-01 9.037823397075366305e-01 3.828577755817659869e-03 8.983408323959505282e-01 9.104330708661417804e-01
6.733466933867734427e-01 9.045838020247469746e-01 3.789207033228665644e-03 8.989032620922384753e-01 9.112767154105736456e-01
6.753507014028055089e-01 9.056805399325085215e-01 3.945936364652733071e-03 9.005905511811023167e-01 9.126827896512935689e-01
6.773547094188375750e-01 9.066507311586052831e-01 4.132255797697735600e-03 9.014341957255342930e-01 9.138076490438694632e-01
6.793587174348696411e-01 9.079021372328458517e-01 4.153039679212061457e-03 9.025590551181101873e-01 9.152137232845893866e-01
6.813627254509017073e-01 9.088160854893138074e-01 4.102388768530705436e-03 9.034026996625421635e-01 9.167604049493813800e-01
6.833667334669337734e-01 9.096456692913384989e-01 3.985519853598885019e-03 9.042463442069741397e-01 9.170416197975252981e-01
6.853707414829658395e-01 9.105314960629922183e-01 3.963558432797887644e-03 9.053712035995500340e-01 9.180258717660292334e-01
6.873747494989979057e-01 9.114032620922385419e-01 4.023657778745615664e-03 9.063554555680539693e-01 9.194319460067491567e-01
6.893787575150299718e-01 9.123734533183351925e-01 3.895510857359487256e-03 9.076209223847019336e-01 9.197131608548931858e-01
6.913827655310620379e-01 9.129780652418448827e-01 3.755271314153050925e-03 9.081833520809898808e-01 9.198537682789651448e-01
6.933867735470941041e-01 9.138217097862767480e-01 3.709718445163903439e-03 9.087457817772778279e-01 9.208380202474690801e-01
6.953907815631261702e-01 9.143982002249719798e-01 3.817070753871127948e-03 9.093082114735657751e-01 9.212598425196850682e-01
6.973947895791582363e-01 9.152137232845894976e-01 3.948040142901328674e-03 9.097300337457817632e-01 9.223847019122609625e-01
6.993987975951903024e-01 9.162401574803148430e-01 3.844552562796813271e-03 9.104330708661417804e-01 9.229471316085489097e-01
7.014028056112223686e-01 9.172103487064114935e-01 4.065378637073082356e-03 9.114173228346457156e-01 9.243532058492688330e-01
7.034068136272544347e-01 9.183070866141733735e-01 4.335180225501031152e-03 9.124015748031496509e-01 9.257592800899887564e-01
7.054108216432865008e-01 9.193616422947130662e-01 4.105760859445247574e-03 9.139482564679415333e-01 9.258998875140607154e-01
7.074148296593185670e-01 9.203037120359957024e-01 4.024812297596136977e-03 9.145106861642294804e-01 9.267435320584926917e-01
7.094188376753506331e-01 9.209505061867266917e-01 4.048810247267938672e-03 9.150731158605174276e-01 9.277277840269966269e-01
7.114228456913826992e-01 9.217238470191226885e-01 4.183419416243142237e-03 9.153543307086614567e-01 9.287120359955005622e-01
7.134268537074147654e-01 9.224409448818897683e-01 3.937610431151231279e-03 9.167604049493813800e-01 9.289932508436445913e-01
7.154308617234468315e-01 9.232283464566929387e-01 3.652005479353342444e-03 9.181664791901011924e-01 9.295556805399325384e-01
7.174348697394788976e-01 9.241001124859392624e-01 3.818106509664164535e-03 9.187289088863892506e-01 9.305399325084364737e-01
7.194388777555109638e-01 9.248312710911136270e-01 3.890127438873016655e-03 9.191507311586051276e-01 9.313835770528683389e-01
7.214428857715430299e-01 9.254921259842519010e-01 3.832912989422635353e-03 9.198537682789651448e-01 9.316647919010123680e-01
7.234468937875750960e-01 9.263217097862765925e-01 4.025401711423350418e-03 9.202755905511811330e-01 9.327896512935882622e-01
7.254509018036071621e-01 9.271231721034869366e-01 4.182946798927679975e-03 9.209786276715410391e-01 9.344769403824522147e-01
7.274549098196392283e-01 9.279386951631046765e-01 4.394178848234170723e-03 9.214004499437570272e-01 9.357424071991000680e-01
7.294589178356712944e-01 9.285854893138358879e-01 4.351317049101079484e-03 9.230877390326208687e-01 9.363048368953881262e-01
7.314629258517033605e-01 9.294431946006749268e-01 4.277239938035062340e-03 9.239313835770528449e-01 9.372890888638920615e-01
7.334669338677354267e-01 9.301602924634420066e-01 4.406220302023360937e-03 9.244938132733407921e-01 9.385545556805399148e-01
7.354709418837674928e-01 9.308352080989875654e-01 4.446597243337202000e-03 9.256186726659167974e-01 9.395388076490438500e-01
7.374749498997995589e-01 9.316788526434196527e-01 4.359034249004218632e-03 9.268841394825646507e-01 9.401012373453317972e-01
7.394789579158316251e-01 9.325365579302585806e-01 4.413729528388864697e-03 9.273059617547806388e-01 9.408042744656918144e-01
7.414829659318636912e-01 9.331411698537681598e-01 4.371624786418306513e-03 9.275871766029246679e-01 9.413667041619797615e-01
7.434869739478957573e-01 9.339145106861641565e-01 4.240193998175519410e-03 9.289932508436445913e-01 9.417885264341957496e-01
7.454909819639278235e-01 9.347300337457816743e-01 4.308097664486952756e-03 9.295556805399325384e-01 9.427727784026996849e-01
7.474949899799598896e-01 9.354752530933631016e-01 4.113073594767452379e-03 9.309617547806524618e-01 9.434758155230595911e-01
7.494989979959919557e-01 9.361361079865018198e-01 4.122843693147881274e-03 9.313835770528683389e-01 9.438976377952755792e-01
7.515030060120240218e-01 9.369235095613047681e-01 4.101882715796367762e-03 9.318053993250843270e-01 9.447412823397075554e-01
7.535070140280560880e-01 9.376546681664793548e-01 4.062654373847417177e-03 9.330708661417322913e-01 9.451631046119235435e-01
7.555110220440881541e-01 9.385826771653542622e-01 4.108432478683829957e-03 9.339145106861642676e-01 9.453037120359955026e-01
7.575150300601202202e-01 9.394685039370077595e-01 4.175945808730618415e-03 9.346175478065241737e-01 9.458661417322834497e-01
7.595190380761522864e-01 9.401715410573678877e-01 3.975611200443445251e-03 9.357424071991000680e-01 9.462879640044994378e-01
7.615230460921843525e-01 9.408886389201350786e-01 3.844629698883727381e-03 9.361642294713160561e-01 9.465691788526434669e-01
7.635270541082164186e-01 9.417885264341956386e-01 3.957043666892656048e-03 9.367266591676040033e-01 9.481158605174353493e-01
7.655310621242484848e-01 9.424071991001123916e-01 3.982045941051548348e-03 9.375703037120359795e-01 9.488188976377952555e-01
7.675350701402805509e-01 9.431242969628795825e-01 3.974616489425058900e-03 9.382733408323959967e-01 9.493813273340832026e-01
7.695390781563125060e-01 9.438132733408324260e-01 4.054860679319107451e-03 9.389763779527559029e-01 9.503655793025871379e-01
7.715430861723445721e-01 9.445444319460067906e-01 3.885550756946215979e-03 9.398200224971878791e-01 9.509280089988751961e-01
7.735470941883766383e-01 9.453037120359955026e-01 3.913839915119636872e-03 9.403824521934758263e-01 9.514904386951631432e-01
7.755511022044087044e-01 9.459645669291338876e-01 3.899695639215634314e-03 9.406636670416197443e-01 9.517716535433070613e-01
7.775551102204407705e-01 9.468644544431945587e-01 3.670607906860710000e-03 9.419291338582677087e-01 9.523340832395950084e-01
7.795591182364728366e-01 9.476659167604051248e-01 3.530786527720942633e-03 9.429133858267716439e-01 9.528965129358830666e-01
7.815631262525049028e-01 9.484392575928011215e-01 3.604078501657602320e-03 9.436164229471316611e-01 9.537401574803149318e-01
7.835671342685369689e-01 9.492688413948255910e-01 3.544757501276562736e-03 9.444600674915635263e-01 9.544431946006749490e-01
7.855711422845690350e-01 9.500562429696287614e-01 3.632899677859211234e-03 9.450224971878514735e-01 9.552868391451068142e-01
7.875751503006011012e-01 9.507733408323957303e-01 3.395865786711811229e-03 9.457255343082114907e-01 9.557086614173228023e-01
7.895791583166331673e-01 9.513217097862766147e-01 3.335568489777039364e-03 9.465691788526434669e-01 9.559898762654668314e-01
7.915831663326652334e-01 9.519263217097864160e-01 3.179376071914171483e-03 9.474128233970753321e-01 9.565523059617547785e-01
7.935871743486972996e-01 9.527418447694039338e-01 3.211548670467813480e-03 9.482564679415073083e-01 9.576771653543306728e-01
7.955911823647293657e-01 9.532058492688415541e-01 3.295617263997397111e-03 9.485376827896513374e-01 9.579583802024747019e-01
7.975951903807614318e-01 9.537401574803150428e-01 3.205109144332201829e-03 9.492407199100112436e-01 9.583802024746906900e-01
7.995991983967934980e-01 9.544431946006749490e-01 3.202640827335863100e-03 9.500843644544432198e-01 9.589426321709786372e-01
8.016032064128255641e-01 9.552587176602924668e-01 3.105355627328588129e-03 9.509280089988751961e-01 9.600674915635545315e-01
8.036072144288576302e-01 9.559898762654668314e-01 3.117555467247602741e-03 9.514904386951631432e-01 9.609111361079865077e-01
8.056112224448896963e-01 9.567491563554556544e-01 3.076187102423938880e-03 9.520528683914510903e-01 9.616141732283464139e-01
8.076152304609217625e-01 9.574100112485938174e-01 2.924803415122694157e-03 9.527559055118109965e-01 9.618953880764904429e-01
8.096192384769538286e-01 9.580849268841393762e-01 2.911931887224954076e-03 9.537401574803149318e-01 9.623172103487064311e-01
8.116232464929858947e-01 9.587457817772777613e-01 2.761924970409835190e-03 9.543025871766028789e-01 9.625984251968503491e-01
8.136272545090179609e-01 9.593503937007872295e-01 2.746311725689621654e-03 9.547244094488188670e-01 9.633014623172103663e-01
8.156312625250500270e-01 9.600956130483689899e-01 2.671393045452854359e-03 9.559898762654668314e-01 9.642857142857143016e-01
8.176352705410820931e-01 9.604752530933632348e-01 2.648089895790705240e-03 9.565523059617547785e-01 9.652699662542182368e-01
8.196392785571141593e-01 9.608970753655793340e-01 2.624090172018117995e-03 9.571147356580427257e-01 9.655511811023621549e-01
8.216432865731462254e-01 9.613892013498311906e-01 2.670948960495017968e-03 9.576771653543306728e-01 9.661136107986502131e-01
8.236472945891782915e-01 9.619797525309335962e-01 2.781895765357981359e-03 9.582395950506186200e-01 9.672384701912261074e-01
8.256513026052103577e-01 9.627109111361080718e-01 2.819029825873503505e-03 9.588020247469066781e-01 9.680821147356580836e-01
8.276553106212424238e-01 9.632452193475815605e-01 2.786866103009356076e-03 9.596456692913385433e-01 9.680821147356580836e-01
8.296593186372744899e-01 9.637795275590551602e-01 2.481392398026526034e-03 9.606299212598424786e-01 9.680821147356580836e-01
8.316633266533065560e-01 9.644825646794149554e-01 2.447700241506069185e-03 9.614735658042744548e-01 9.689257592800899488e-01
8.336673346693386222e-01 9.652699662542181258e-01 2.378718590529547722e-03 9.625984251968503491e-01 9.700506186726659541e-01
8.356713426853706883e-01 9.658323959505061840e-01 2.604845034175357586e-03 9.630202474690663372e-01 9.707536557930258603e-01
8.376753507014027544e-01 9.664510686164229369e-01 2.599678796157378537e-03 9.631608548931384073e-01 9.714566929133858775e-01
8.396793587174348206e-01 9.668728908886388140e-01 2.702590275980639757e-03 9.633014623172103663e-01 9.717379077615297955e-01
8.416833667334668867e-01 9.675337457817771991e-01 2.703504542580101744e-03 9.637232845894263544e-01 9.724409448818898127e-01
8.436873747494989528e-01 9.680399325084362294e-01 2.545771093775119238e-03 9.644263217097862606e-01 9.727221597300337308e-01
8.456913827655310190e-01 9.684195725534309185e-01 2.399571876264537575e-03 9.651293588301462778e-01 9.728627671541056898e-01
8.476953907815630851e-01 9.689820022497188656e-01 2.552092531954641089e-03 9.655511811023621549e-01 9.738470191226096251e-01
8.496993987975951512e-01 9.694881889763780070e-01 2.566615120158514170e-03 9.663948256467941311e-01 9.742688413948256132e-01
8.517034068136272174e-01 9.699521934758156272e-01 2.556620369838391148e-03 9.669572553430820783e-01 9.748312710911135603e-01
8.537074148296592835e-01 9.704583802024748795e-01 2.645849169466463029e-03 9.676602924634420955e-01 9.753937007874016185e-01
8.557114228456913496e-01 9.710911136107986952e-01 2.737478857961293376e-03 9.680821147356580836e-01 9.763779527559055538e-01
8.577154308617234157e-01 9.717660292463442540e-01 2.601655333820453511e-03 9.686445444319460307e-01 9.766591676040494718e-01
8.597194388777554819e-01 9.723143982002249164e-01 2.486367087260848031e-03 9.692069741282339779e-01 9.770809898762654599e-01
8.617234468937875480e-01 9.728487064116985161e-01 2.554608988214527882e-03 9.696287964004499660e-01 9.777840269966254771e-01
8.637274549098196141e-01 9.735095613048369012e-01 2.320831913888112951e-03 9.707536557930258603e-01 9.779246344206974362e-01
8.657314629258516803e-01 9.741422947131608279e-01 2.215582194473040330e-03 9.714566929133858775e-01 9.782058492688413542e-01
8.677354709418837464e-01 9.746625421822271429e-01 2.062476552115733060e-03 9.723003374578177427e-01 9.786276715410573424e-01
8.697394789579158125e-01 9.751687289088863952e-01 2.014370047136798507e-03 9.724409448818898127e-01 9.790494938132733305e-01
8.717434869739478787e-01 9.757874015748029262e-01 1.842762083847675723e-03 9.737064116985376661e-01 9.791901012373452895e-01
8.737474949899798338e-01 9.763498312710909843e-01 1.813563255049078235e-03 9.741282339707536542e-01 9.794713160854893186e-01
8.757515030060118999e-01 9.768560179977502367e-01 1.717714066825112244e-03 9.744094488188976833e-01 9.796119235095612776e-01
8.777555110220439660e-01 9.773903262092240585e-01 1.852392750885776315e-03 9.751124859392575894e-01 9.808773903262092420e-01
8.797595190380760322e-01 9.779808773903264640e-01 1.987693706082375739e-03 9.753937007874016185e-01 9.812992125984252301e-01
8.817635270541080983e-01 9.784448818897638622e-01 1.873880790428245503e-03 9.760967379077615247e-01 9.815804274465691481e-01
8.837675350701401644e-01 9.790354330708661568e-01 1.987942351172366281e-03 9.765185601799775128e-01 9.827052868391451534e-01
8.857715430861722306e-01 9.794713160854893186e-01 1.985504286625859247e-03 9.772215973003374190e-01 9.832677165354331006e-01
8.877755511022042967e-01 9.798087739032620425e-01 1.981716864729798303e-03 9.775028121484814481e-01 9.832677165354331006e-01
8.897795591182363628e-01 9.803852643419572743e-01 1.797631685647832185e-03 9.780652418447693952e-01 9.835489313835770187e-01
8.917835671342684289e-01 9.808492688413948946e-01 1.937935562881886505e-03 9.782058492688413542e-01 9.841113610798649658e-01
8.937875751503004951e-01 9.811586051743532710e-01 1.961460966532254345e-03 9.789088863892013714e-01 9.843925759280089949e-01
8.957915831663325612e-01 9.815523059617549118e-01 1.879937560557733405e-03 9.793307086614173596e-01 9.846737907761530240e-01
8.977955911823646273e-01 9.821147356580427479e-01 1.820092365048853709e-03 9.797525309336333477e-01 9.850956130483689011e-01
8.997995991983966935e-01 9.824943757030372149e-01 1.812963576803662677e-03 9.800337457817772657e-01 9.852362204724409711e-01
9.018036072144287596e-01 9.830146231721034189e-01 1.842762083847662279e-03 9.801743532058492248e-01 9.855174353205848892e-01
9.038076152304608257e-01 9.834083239595049486e-01 1.785216000911548674e-03 9.804555680539932538e-01 9.859392575928008773e-01
9.058116232464928919e-01 9.840269966254217016e-01 1.725752080153694764e-03 9.815804274465691481e-01 9.866422947131608945e-01
9.078156312625249580e-01 9.846737907761529129e-01 1.936098366485780120e-03 9.821428571428570953e-01 9.876265466816648297e-01
9.098196392785570241e-01 9.850534308211473800e-01 1.800708507215796313e-03 9.828458942632171125e-01 9.879077615298087478e-01
9.118236472945890903e-01 9.855736782902138060e-01 1.718864655785850388e-03 9.838301462317210477e-01 9.881889763779527769e-01
9.138276553106211564e-01 9.859673790776154467e-01 1.726439311380309309e-03 9.841113610798649658e-01 9.887514060742407240e-01
9.158316633266532225e-01 9.863610798650169764e-01 1.689630920787380279e-03 9.845331833520809539e-01 9.888920134983126831e-01
9.178356713426852886e-01 9.867547806524183951e-01 1.583067260409181916e-03 9.848143982002249830e-01 9.891732283464567121e-01
9.198396793587173548e-01 9.872328458942633000e-01 1.510204902373180318e-03 9.855174353205848892e-01 9.897356580427446593e-01
9.218436873747494209e-01 9.878374578177731014e-01 1.375152109005759642e-03 9.863610798650168654e-01 9.901574803149606474e-01
9.238476953907814870e-01 9.882311586051745200e-01 1.392013498312700886e-03 9.869235095613048125e-01 9.907199100112485946e-01
9.258517034068135532e-01 9.885545556805400702e-01 1.311800201315043313e-03 9.872047244094488416e-01 9.910011248593926236e-01
9.278557114228456193e-01 9.889763779527559473e-01 1.370760135765337721e-03 9.873453318335208007e-01 9.918447694038244888e-01
9.298597194388776854e-01 9.894122609673792201e-01 1.302498413624374142e-03 9.876265466816648297e-01 9.921259842519685179e-01
9.318637274549097516e-01 9.897356580427446593e-01 1.237025728229629697e-03 9.883295838020247359e-01 9.921259842519685179e-01
9.338677354709418177e-01 9.900590551181102095e-01 1.219399594812932983e-03 9.884701912260966949e-01 9.925478065241845060e-01
9.358717434869738838e-01 9.905933633295838092e-01 1.045518079022563071e-03 9.887514060742407240e-01 9.926884139482564651e-01
9.378757515030059499e-01 9.908183352080989215e-01 1.072771066378659655e-03 9.888920134983126831e-01 9.928290213723284241e-01
9.398797595190380161e-01 9.912260967379078469e-01 1.175060878277605280e-03 9.890326209223847531e-01 9.933914510686163712e-01
9.418837675350700822e-01 9.915073115860517650e-01 1.216396442850514303e-03 9.894544431946006302e-01 9.938132733408323594e-01
9.438877755511021483e-01 9.918307086614174262e-01 1.122131816801384945e-03 9.898762654668166183e-01 9.938132733408323594e-01
9.458917835671342145e-01 9.920697412823397121e-01 1.196733567545167935e-03 9.900168728908886884e-01 9.945163104611923766e-01
9.478957915831662806e-01 9.924071991001124360e-01 1.040874888825751290e-03 9.907199100112485946e-01 9.945163104611923766e-01
9.498997995991983467e-01 9.928008998875140767e-01 9.553030231419004084e-04 9.915635545556805708e-01 9.947975253093362946e-01
9.519038076152304129e-01 9.931242969628796269e-01 9.100461825244329263e-04 9.918447694038244888e-01 9.949381327334083647e-01
9.539078156312624790e-01 9.934758155230595245e-01 8.203572635441643219e-04 9.924071991001124360e-01 9.949381327334083647e-01
9.559118236472945451e-01 9.938835770528682279e-01 8.300603005143483010e-04 9.928290213723284241e-01 9.953599550056242418e-01
9.579158316633266113e-01 9.942632170978624728e-01 7.219065046677980262e-04 9.932508436445444122e-01 9.956411698537682708e-01
9.599198396793586774e-01 9.944881889763775851e-01 7.772933048979340214e-04 9.932508436445444122e-01 9.956411698537682708e-01
9.619238476953907435e-01 9.947553430821146625e-01 7.143355340765316676e-04 9.938132733408323594e-01 9.959223847019122999e-01
9.639278557114228096e-01 9.951349831271091295e-01 6.778386272887556045e-04 9.942350956130483475e-01 9.962035995500562180e-01
9.659318637274548758e-01 9.954865016872890271e-01 6.143434273046680452e-04 9.947975253093362946e-01 9.963442069741282880e-01
9.679358717434869419e-01 9.957536557930261045e-01 5.438436334593413140e-04 9.950787401574803237e-01 9.966254218222722061e-01
9.699398797595190080e-01 9.960208098987628489e-01 5.764904386951766801e-04 9.952193475815522827e-01 9.970472440944881942e-01
9.719438877755510742e-01 9.963442069741283991e-01 6.474051987188771682e-04 9.953599550056242418e-01 9.973284589426322233e-01
9.739478957915831403e-01 9.966254218222723171e-01 6.350725416555857072e-04 9.955005624296963118e-01 9.974690663667041823e-01
9.759519038076150954e-01 9.969488188976377563e-01 6.414226506162493515e-04 9.956411698537682708e-01 9.977502812148481004e-01
9.779559118236471615e-01 9.972862767154104802e-01 4.580004914201945415e-04 9.963442069741282880e-01 9.978908886389201705e-01
9.799599198396792277e-01 9.975393700787401619e-01 4.840245916214343507e-04 9.966254218222722061e-01 9.981721034870640885e-01
9.819639278557112938e-01 9.977362204724411487e-01 4.766156146422480169e-04 9.966254218222722061e-01 9.983127109111361586e-01
9.839679358717433599e-01 9.980596175478065879e-01 4.654934014973758564e-04 9.970472440944881942e-01 9.987345331833520357e-01
9.859719438877754261e-01 9.982564679415075748e-01 4.365628429769369376e-04 9.971878515185601533e-01 9.987345331833520357e-01
9.879759519038074922e-01 9.986501687289089935e-01 3.455625907605417726e-04 9.977502812148481004e-01 9.990157480314960647e-01
9.899799599198395583e-01 9.989454443194600852e-01 2.373726520828515455e-04 9.983127109111361586e-01 9.991563554555680238e-01
9.919839679358716245e-01 9.991282339707536764e-01 2.652975571444579606e-04 9.985939257592800766e-01 9.995781777277840119e-01
9.939879759519036906e-01 9.993250843644544412e-01 2.652975571444274403e-04 9.988751406074241057e-01 9.997187851518559709e-01
9.959919839679357567e-01 9.995641169853767272e-01 2.912305283634398752e-04 9.990157480314960647e-01 1.000000000000000000e+00
9.979959919839678228e-01 9.998172103487064089e-01 1.669620653408062977e-04 9.994375703037120529e-01 1.000000000000000000e+00
1.000000000000000000e+00 1.000000000000000000e+00 0.000000000000000000e+00 1.000000000000000000e+00 1.000000000000000000e+00
