# signal_efficiencies		0sq-mean	0sq-std	0sq-min	0sq-max	1sq-mean	1sq-std	1sq-min	1sq-max	2sq-mean	2sq-std	2sq-min	2sq-max	all-mean	all-std	all-min	all-max
1.000000000000000021e-02 1.148583853283681455e-01 1.344150945407802250e-02 9.343730543763383023e-02 1.382816287621084217e-01 nan nan nan nan 1.982333483220542758e-01 2.610875297520471802e-02 1.717143371120483653e-01 2.579075755742825105e-01 2.907417069093766182e-01 1.863312395422309087e-02 2.680694321628055432e-01 3.323403268613981942e-01
1.497487437185929596e-02 1.256478610621771241e-01 8.370194194060808293e-03 1.161662560194453853e-01 1.465432565038618518e-01 nan nan nan nan 2.482713374700133424e-01 1.863208349616120307e-02 2.279721775946558504e-01 2.916300173731763978e-01 3.809533894263349429e-01 1.804382180671030775e-02 3.591761243290971239e-01 4.273652188111266570e-01
1.994974874371859344e-02 1.404700376933120942e-01 9.432344891595979830e-03 1.295325109946406372e-01 1.610857868965571149e-01 nan nan nan nan 2.983093266179724923e-01 1.435487959178352070e-02 2.787475869418838403e-01 3.253524591720703407e-01 4.711650719432932677e-01 2.959355032114291406e-02 4.392160721055212713e-01 5.482860899232055996e-01
2.492462311557788746e-02 1.530472529129118242e-01 1.244021603685986285e-02 1.383369534170883486e-01 1.751975554563169335e-01 nan nan nan nan 3.483473157659315311e-01 1.607454758244537818e-02 3.295229962891118580e-01 3.903473883218415152e-01 5.581803227059214390e-01 3.742192198220894994e-02 5.058739052334493280e-01 6.372426434919831184e-01
2.989949748743718494e-02 1.636376731487935721e-01 1.252603544830863287e-02 1.465178014661415729e-01 1.838804478187725244e-01 nan nan nan nan 3.983853049138906810e-01 2.245306373448881232e-02 3.760561433191787484e-01 4.583142226627172633e-01 6.427843040550410558e-01 4.415243847270122063e-02 5.725317383613774957e-01 7.047820520101709674e-01
3.487437185929648242e-02 1.731755557974399284e-01 8.605244100232257998e-03 1.573545385634878557e-01 1.884450635371254790e-01 nan nan nan nan 4.484232940618497198e-01 3.071334467863683776e-02 4.128013077215126336e-01 5.262810570035929558e-01 7.180326250833278801e-01 4.569625927891542844e-02 6.391895714893054414e-01 7.683627084244522010e-01
3.984924623115577991e-02 1.827570784913066515e-01 1.136681588887777754e-02 1.570102229134138772e-01 1.979395997228596549e-01 nan nan nan nan 4.958834928847333789e-01 3.379155122259592386e-02 4.495464721238465744e-01 5.684699880937134076e-01 7.830106286470931432e-01 4.375973228620181482e-02 7.043749494046345205e-01 8.291364175183711938e-01
4.482412060301507739e-02 1.923368553131394321e-01 1.097984590008117302e-02 1.705025867856843902e-01 2.068880649907581248e-01 nan nan nan nan 5.427840750405052983e-01 3.736400320244518541e-02 4.862916365261804597e-01 6.050627525127171280e-01 8.351056889147878692e-01 3.523270784883956314e-02 7.663807198285073063e-01 8.702164405751943166e-01
4.979899497487437487e-02 1.985079510039311490e-01 1.171328579699177849e-02 1.774622107793631665e-01 2.130819124096791917e-01 2.239314745745809021e-01 2.990642019447947719e-02 1.800647653910283086e-01 2.822523074497860773e-01 5.883992444935501887e-01 4.053810066750226232e-02 5.230368009285143449e-01 6.419463689966959929e-01 8.820096763389806416e-01 2.722855185297259201e-02 8.283864902523800922e-01 9.130643868976711097e-01
5.477386934673367236e-02 2.031741169926370993e-01 1.326781558658874337e-02 1.801138496622073093e-01 2.210895310542770054e-01 2.395661786063603971e-01 3.234597636763804351e-02 1.901238403935072707e-01 3.015053140807374965e-01 6.299748609253085219e-01 4.168335839713208785e-02 5.597819653308482302e-01 6.734775372738918131e-01 9.259731905906338767e-01 1.969091034384267205e-02 8.903922606762526559e-01 9.531582726752390045e-01
5.974874371859296984e-02 2.060473069075946240e-01 1.225196556007307133e-02 1.845668683510889585e-01 2.248513445672177813e-01 2.509660863420016819e-01 3.049925554406507019e-02 2.001829153959862329e-01 3.032392315702265306e-01 6.704620143854566061e-01 4.394840556156345140e-02 5.951319935632215508e-01 7.227114747558480712e-01 9.681612898884111029e-01 1.763716084491143143e-02 9.384840516263005528e-01 9.956427210378009374e-01
6.472361809045226733e-02 2.109254392857981553e-01 1.203936612889434064e-02 1.903437040607980357e-01 2.304525726405566022e-01 2.625202644325385082e-01 2.985711030760469786e-02 2.102419903984651950e-01 3.049731490597155648e-01 7.041637968175872286e-01 4.195370417180549483e-02 6.288544353621154936e-01 7.527013048075225088e-01 1.006350393637207574e+00 1.985958898787338126e-02 9.723749592569941314e-01 1.039090148027377980e+00
6.969849246231155093e-02 2.160001537668173321e-01 1.057131279909673260e-02 1.989685527622086503e-01 2.328794723439261694e-01 2.696672813441399752e-01 2.742478803328499831e-02 2.203010654009441294e-01 3.067070665492045989e-01 7.326619943509390387e-01 3.691625186517524804e-02 6.625768771610093255e-01 7.737512454876307455e-01 1.040723974446623235e+00 2.096902477431234965e-02 1.003509066005633166e+00 1.080124510674595584e+00
7.467336683417084842e-02 2.183497278173828493e-01 1.147443313938448055e-02 2.010214099956939560e-01 2.412924637008799500e-01 2.756218778161536598e-01 2.585637143875443508e-02 2.303601404034230637e-01 3.177746114959524859e-01 7.603220507632986180e-01 3.222504228524026432e-02 6.962993189599032684e-01 7.948011861677388712e-01 1.072574645439381635e+00 2.187859977519219026e-02 1.032013612729033802e+00 1.110346655910431357e+00
7.964824120603014590e-02 2.212614300092119457e-01 1.222618720795664964e-02 2.047183364426364838e-01 2.486693061618593936e-01 2.808617919991229228e-01 2.500049444111609315e-02 2.404192154059020536e-01 3.291657020687200341e-01 7.855059479087194152e-01 2.784469383478285764e-02 7.300217607587972113e-01 8.163025348749377574e-01 1.100175988724620968e+00 2.234874711585137924e-02 1.058345403251442773e+00 1.134507637375123501e+00
8.462311557788944338e-02 2.237350611352578178e-01 1.234940056284287990e-02 2.042119510832416940e-01 2.460768570033438629e-01 2.863846657618062119e-01 2.342827730682754336e-02 2.504782904083809880e-01 3.328029757076841899e-01 8.090359114648265626e-01 2.346389260125121209e-02 7.637442025576911542e-01 8.381261996528676095e-01 1.124990592049146532e+00 2.732002364692666038e-02 1.082484091155680339e+00 1.171275213432610540e+00
8.959798994974874087e-02 2.281723486105239063e-01 1.280423998333961484e-02 2.103467908338170211e-01 2.535065426781931697e-01 2.923002460528488777e-01 2.289119473199856952e-02 2.599065396650567239e-01 3.364402493466483457e-01 8.327029233951293019e-01 1.987152374686886047e-02 7.974666443565849860e-01 8.599653227530629218e-01 1.149515010417417660e+00 3.130925593484686076e-02 1.104087078240526321e+00 1.197071700290052165e+00
9.457286432160803835e-02 2.321565953210834865e-01 1.318839604352346415e-02 2.122121031685353099e-01 2.587310020639639885e-01 2.981837889573872857e-01 2.245121520238890778e-02 2.659219113066033091e-01 3.400775229856125570e-01 8.562623171842286274e-01 1.860312046887317022e-02 8.245761863866816199e-01 8.845779982459897051e-01 1.174571778287204715e+00 2.977378156311926219e-02 1.131712074641859633e+00 1.221912187042189402e+00
9.954773869346733584e-02 2.338089725452148215e-01 1.310814479208467428e-02 2.156326880407097302e-01 2.622640387476302126e-01 3.047248389641381006e-01 2.311922249626739007e-02 2.702535816057570761e-01 3.507440899065097373e-01 8.772818515655662619e-01 1.983279353017052341e-02 8.434920634674387685e-01 9.091906737389165993e-01 1.200348121018302017e+00 2.920482647329538523e-02 1.154688983563816773e+00 1.243785146387213825e+00
1.045226130653266333e-01 2.363240727536370378e-01 1.368411876057437290e-02 2.172978797627429792e-01 2.662747637376715049e-01 3.096791452209987083e-01 2.457341487989912754e-02 2.730362252844968363e-01 3.616967776760665054e-01 8.982093650120550610e-01 2.159276680649837091e-02 8.602006085314497508e-01 9.335997848872751304e-01 1.224732040776049136e+00 2.798836539085529374e-02 1.179658581401080708e+00 1.263497417684714019e+00
1.094974874371859308e-01 2.382445016277847105e-01 1.333819454864584517e-02 2.196141133318676997e-01 2.686903443559690574e-01 3.153386101505853967e-01 2.566314158712584489e-02 2.758188689632366519e-01 3.726494654456232736e-01 9.174534745892193310e-01 2.246470881423590429e-02 8.768125077741499851e-01 9.567001579304350578e-01 1.247548649767628692e+00 2.858764280953206977e-02 1.206995667491837620e+00 1.297148242117144079e+00
1.144723618090452283e-01 2.420328806056031290e-01 1.352665733095560936e-02 2.227432991775992743e-01 2.733722036961143131e-01 3.199317743558737770e-01 2.737151597764352767e-02 2.779773542925047525e-01 3.830851201254858451e-01 9.351805252561927739e-01 2.365252005728572804e-02 8.932434786793987946e-01 9.791723506666316634e-01 1.267596195854298058e+00 2.585431025363923649e-02 1.226996049810493039e+00 1.306825383937714635e+00
1.194472361809045258e-01 2.436678440807658053e-01 1.269272958048414841e-02 2.247403746794414681e-01 2.733503112558534065e-01 3.226877763891255468e-01 3.019600818359114563e-02 2.793879132339860405e-01 3.932869943651677858e-01 9.513817208039908602e-01 2.304421703849098002e-02 9.070658695138935634e-01 9.875284269669083459e-01 1.286521686313973012e+00 2.572077278106495862e-02 1.251209398373462678e+00 1.329895697790527853e+00
1.244221105527638233e-01 2.452430560927559566e-01 1.345748311078607748e-02 2.235666134849082776e-01 2.767798998367810848e-01 3.239357239825141899e-01 3.356655015571416434e-02 2.797557899507713275e-01 4.034727779037038942e-01 9.656734256842443020e-01 2.307323038494208181e-02 9.208882603483882212e-01 9.975877726052689853e-01 1.304891650783120749e+00 2.430829596555354744e-02 1.270646592222525184e+00 1.349459559029028366e+00
1.293969849246231207e-01 2.479686677078041246e-01 1.398954554522265949e-02 2.265089080751984396e-01 2.823406926387587723e-01 3.216314370025364355e-01 3.332306231275961039e-02 2.781983126297778997e-01 3.908419472175027054e-01 9.792888288837268140e-01 2.575160880655739601e-02 9.332320578001847000e-01 1.019183720745519439e+00 1.325839002881186390e+00 2.353487630872001801e-02 1.296359881016418525e+00 1.371737053787901006e+00
1.343718592964824043e-01 2.507144142164494660e-01 1.314240417703342947e-02 2.294071390075308747e-01 2.833795905211757837e-01 3.223001403505501017e-01 3.348198718698352366e-02 2.756996164153910356e-01 3.836896912206066435e-01 9.921215563699699036e-01 2.934042109785069477e-02 9.453383130066672635e-01 1.038747825728608243e+00 1.342649534031110425e+00 2.458288674168846930e-02 1.308050346114412177e+00 1.390070937217615876e+00
1.393467336683417157e-01 2.528547553286464300e-01 1.292892083065695467e-02 2.330422095592026288e-01 2.849635730453219939e-01 3.259274411209161504e-01 3.574825796962391444e-02 2.779817130236560407e-01 3.931757808306329260e-01 1.004203514303536826e+00 3.203186297509754560e-02 9.560394276596319019e-01 1.052504861110614254e+00 1.365830522311126449e+00 2.516707511902646285e-02 1.328377247585551979e+00 1.402730656574337598e+00
1.443216080402010271e-01 2.546269480328685608e-01 1.271988867542297834e-02 2.371715475741098533e-01 2.881715806044248263e-01 3.285977452325535286e-01 3.549665594783688732e-02 2.819434398871491498e-01 3.990247721129592806e-01 1.016984856205545018e+00 3.298025357776325495e-02 9.688220330617470788e-01 1.066016985612921353e+00 1.388950166723109891e+00 2.457020701751342490e-02 1.350109547304776836e+00 1.428379343349388542e+00
1.492964824120603107e-01 2.564735457283560671e-01 1.237381897763403966e-02 2.377761042465240948e-01 2.886024795474365634e-01 3.303410592194074846e-01 3.205926155554032764e-02 2.862308268191368632e-01 3.942089174285224873e-01 1.029270794730809957e+00 3.227145797662973187e-02 9.838042554177461874e-01 1.079358953119250675e+00 1.405812757335217267e+00 2.539866593143073545e-02 1.367958876215823238e+00 1.453242393494191598e+00
1.542713567839196220e-01 2.592331714058963565e-01 1.150126940334508970e-02 2.410148850108575491e-01 2.883212282829962225e-01 3.314001123741117105e-01 2.839859002072280328e-02 2.922747146200215251e-01 3.854963964632643347e-01 1.043466163935667490e+00 3.106545829855684310e-02 9.982839009160815458e-01 1.092660860147634416e+00 1.422115931607445871e+00 2.854127467162287032e-02 1.375102593139858387e+00 1.459301396780886328e+00
1.592462311557789056e-01 2.610590808824690412e-01 1.037768480227921515e-02 2.436164376386709962e-01 2.849893964536608371e-01 3.333766290165953161e-01 2.485361628204055609e-02 2.958000210757583681e-01 3.741361493191767140e-01 1.056991708717788025e+00 3.080489877363061166e-02 1.007809516470129729e+00 1.103192545397346347e+00 1.437278011007758094e+00 3.122974466989461226e-02 1.379568898929625975e+00 1.481092791496333660e+00
1.642211055276382170e-01 2.632083480139738585e-01 1.053716020331597718e-02 2.467962103574310451e-01 2.892519351071315414e-01 3.338227240863551049e-01 2.497108347274704099e-02 2.992314250651901264e-01 3.724490525923378481e-01 1.069342764483532049e+00 3.021565034049604817e-02 1.018113529646318627e+00 1.108864453326896982e+00 1.455367050949479824e+00 3.162793564982827044e-02 1.400509095117367542e+00 1.498141258872955017e+00
1.691959798994975006e-01 2.659594040931946290e-01 1.053331495863566586e-02 2.492965333968505670e-01 2.904244635473453573e-01 3.346127906541024322e-01 2.620340670559087939e-02 2.977500022009069158e-01 3.808680949139446881e-01 1.081744333127884428e+00 3.049813513449134081e-02 1.032158382280054632e+00 1.126702871296337172e+00 1.474562819131914226e+00 2.944993116645056377e-02 1.428340897840231882e+00 1.517871646443215594e+00
1.741708542713567842e-01 2.676810106440024595e-01 1.009424318016335399e-02 2.533978279885467644e-01 2.920991178932760834e-01 3.363278689496301266e-01 2.715658585046172926e-02 2.952721751030480957e-01 3.877109561765782475e-01 1.094306834404402018e+00 3.026804410079633745e-02 1.049966439392556738e+00 1.145713611861359116e+00 1.487323758937306284e+00 3.240715132947232652e-02 1.444197554731752264e+00 1.540219845135324173e+00
1.791457286432160956e-01 2.696560961580298788e-01 1.017697411060943143e-02 2.554071572829038628e-01 2.951760642677692115e-01 3.367780482778276463e-01 2.501541860863548336e-02 3.001663003366664140e-01 3.737820986732664497e-01 1.102689444215492198e+00 2.779000423364420477e-02 1.058332765565215938e+00 1.143259747098531953e+00 1.498694174791199707e+00 3.001988112190693767e-02 1.454431049399349085e+00 1.536545878519588015e+00
1.841206030150753792e-01 2.718527187725057193e-01 1.018466511731851848e-02 2.567246608873053337e-01 2.968006749285667101e-01 3.363639117362526854e-01 2.269563698217539824e-02 3.028313424072460736e-01 3.713475034649552642e-01 1.111980023599464795e+00 3.048928950673562149e-02 1.067891838573215901e+00 1.157485377851736885e+00 1.511963161618266493e+00 3.084246783090013877e-02 1.464190027673417882e+00 1.547280618273771058e+00
1.890954773869346905e-01 2.728131346297389959e-01 9.696071467949589351e-03 2.566544807412434737e-01 2.954901042941386335e-01 3.377131491648245332e-01 2.108675589550495361e-02 3.057943809815362735e-01 3.664008105755752198e-01 1.122759027222728578e+00 2.771527009986455084e-02 1.085489655446241208e+00 1.169490849100761842e+00 1.522656134550123941e+00 3.604081252202424174e-02 1.472505757499905643e+00 1.567103224712451892e+00
1.940703517587939742e-01 2.747507239856219474e-01 9.825849036790255953e-03 2.603428594165478893e-01 2.987395151757948897e-01 3.379342054993728084e-01 1.908308279952584258e-02 3.119534472222151855e-01 3.657570432815241968e-01 1.130865776545668444e+00 2.705736786483363757e-02 1.091209240956569682e+00 1.178706092632012314e+00 1.533316218923001184e+00 3.463689378607851671e-02 1.488589495416677178e+00 1.586572711604607111e+00
1.990452261306532855e-01 2.759459044257080440e-01 9.992274654058965616e-03 2.597996001069216021e-01 2.991511625400430918e-01 3.393685241952945075e-01 1.777126668847481966e-02 3.150833312020051569e-01 3.654375778802469998e-01 1.142314609559779814e+00 2.611869406794670168e-02 1.102710276392758759e+00 1.189078583037744830e+00 1.548991833335417123e+00 3.212806704172971317e-02 1.498839863489864532e+00 1.589431370647014674e+00
2.040201005025125691e-01 2.779975096163431192e-01 9.123342751007307988e-03 2.625819314834942908e-01 2.983930015405785174e-01 3.400133802335026934e-01 1.553190577585995998e-02 3.181791835157313231e-01 3.633955157252583001e-01 1.152191775845916810e+00 2.521873231318584943e-02 1.120694030616815828e+00 1.200631979351274081e+00 1.560799040056442877e+00 2.839667494686753252e-02 1.511929169716327293e+00 1.592532763386356853e+00
2.089949748743718805e-01 2.795613826606164198e-01 9.075056899146732511e-03 2.636617240851379385e-01 3.001307229235575247e-01 3.392878078485839777e-01 1.739104408732417006e-02 3.121519949851472853e-01 3.631162513981083251e-01 1.162390225560130386e+00 2.464134788500207604e-02 1.131886017312655923e+00 1.212414770251236895e+00 1.573306773784584944e+00 2.437307845646444204e-02 1.536466928752251881e+00 1.603097477284621153e+00
2.139698492462311641e-01 2.816932856427950549e-01 8.548993698166452992e-03 2.673386303829816124e-01 3.004316901374430304e-01 3.424601347218548808e-01 1.711157491790761542e-02 3.162761322970779054e-01 3.653949070610694183e-01 1.168700181162720009e+00 2.725385840459104703e-02 1.130365977337842720e+00 1.217894248187564310e+00 1.586295647848071200e+00 2.518357493845494247e-02 1.545268693196940823e+00 1.622283023368631616e+00
2.189447236180904754e-01 2.832629203023205866e-01 8.128184878521332174e-03 2.695646252521777808e-01 2.983353077655399033e-01 3.466470766590771246e-01 1.878213763401161834e-02 3.174063165880141590e-01 3.723071016819594625e-01 1.181834348629703380e+00 2.586952755788485617e-02 1.145342201965205753e+00 1.222251290225214504e+00 1.598906877990463160e+00 2.409118607928443373e-02 1.551164212449532176e+00 1.629043703976105872e+00
2.239195979899497591e-01 2.850141793808184110e-01 8.044174658506798858e-03 2.717422408285172231e-01 2.997966836230375742e-01 3.488359504726118998e-01 1.871338609496330310e-02 3.236190230795878975e-01 3.790592005045083646e-01 1.194024120564791680e+00 2.665978128578361250e-02 1.152706977211528594e+00 1.232215772602467618e+00 1.609063447777088429e+00 2.442570883225466533e-02 1.558741908731524406e+00 1.639766359191691336e+00
2.288944723618090704e-01 2.859541348840243247e-01 8.554205714929489363e-03 2.718058888790446104e-01 3.016006524212282991e-01 3.514529012692924614e-01 1.748346260594477869e-02 3.250878873207256325e-01 3.792828693984670596e-01 1.205564201471973629e+00 2.869008338929152427e-02 1.164897706935482224e+00 1.249077608765188030e+00 1.618028030645015658e+00 2.822328422942112572e-02 1.555948145180849229e+00 1.650556063760920900e+00
2.338693467336683540e-01 2.877513416897959919e-01 8.508945864011048868e-03 2.735466819236644920e-01 3.044878381302899006e-01 3.516010621958854387e-01 1.674333651592760722e-02 3.235578574742473679e-01 3.753121531609239780e-01 1.214172711354221557e+00 2.818956517969707642e-02 1.172709828522112918e+00 1.263745659181870762e+00 1.627429869762259784e+00 3.408274315717235020e-02 1.554757857269696286e+00 1.669878743665069054e+00
2.388442211055276654e-01 2.888459758188227089e-01 8.441389248789950978e-03 2.739990282866264781e-01 3.050609963809013947e-01 3.537510563517484163e-01 1.810620604894571523e-02 3.245915175597226532e-01 3.772088545141025206e-01 1.220031263132831167e+00 2.960997054923978841e-02 1.176953038929948514e+00 1.264227889884881106e+00 1.637083253504842961e+00 3.416550313839410158e-02 1.568438329950919474e+00 1.680570504792217479e+00
2.438190954773869490e-01 2.896311322709824165e-01 9.217831304783336704e-03 2.735557236613536114e-01 3.071107762213298176e-01 3.532479815944942203e-01 2.189751903192958121e-02 3.150851134450950997e-01 3.836715537668273779e-01 1.228648969637694321e+00 3.313746467133911466e-02 1.171340237086298641e+00 1.270501093181622521e+00 1.647101977879940948e+00 3.141756446955688842e-02 1.580627500540580987e+00 1.683190212885120385e+00
2.487939698492462326e-01 2.908066135226844429e-01 9.730875353860225785e-03 2.731018483525081697e-01 3.086567989205477036e-01 3.559012472756301060e-01 2.310399474833044892e-02 3.159626949320415434e-01 3.856755309871141568e-01 1.236604966761323698e+00 3.241206672648472981e-02 1.177169800098137431e+00 1.279569441437490296e+00 1.654275534789385160e+00 3.426636687311126334e-02 1.583691793845656282e+00 1.698081719512502641e+00
2.537688442211055162e-01 2.925261132061777181e-01 9.963752874043258975e-03 2.758417025993541993e-01 3.109040674169527563e-01 3.573224671351443171e-01 2.267824336414586348e-02 3.206539737633827269e-01 3.913231330012830744e-01 1.244447258898661923e+00 3.346875445168399216e-02 1.185745069218872461e+00 1.287312402340552442e+00 1.658657849007670437e+00 3.621803424724340248e-02 1.587148635835994082e+00 1.705072414196580510e+00
2.587437185929647998e-01 2.938057866204273894e-01 9.713215443726644707e-03 2.784126089014335448e-01 3.126951252730504893e-01 3.580418615078813649e-01 2.126543317026869523e-02 3.261763761443204346e-01 3.877540953097997067e-01 1.256403016193614830e+00 3.242809157817470173e-02 1.201687882649986383e+00 1.294609163716570643e+00 1.663435671854474718e+00 3.447667035540907116e-02 1.595608743978911281e+00 1.716028229863355792e+00
2.637185929648241389e-01 2.954166955080347323e-01 9.875238171210769245e-03 2.780323755646629258e-01 3.148144976531470629e-01 3.616381250591709229e-01 1.971153116240077080e-02 3.309245527586296975e-01 3.892970720073115620e-01 1.267231462012537779e+00 3.107507930677819510e-02 1.217218069874047348e+00 1.308233211091024639e+00 1.666292775475064492e+00 3.621658644907854718e-02 1.606924490041180764e+00 1.723279706936527989e+00
2.686934673366834225e-01 2.961046929309030240e-01 9.986240341492752873e-03 2.794337614720029950e-01 3.162775224316913825e-01 3.613898586288052384e-01 2.012499066564380282e-02 3.342275990790661844e-01 3.953780860035636668e-01 1.271054871259259755e+00 3.406749336364502112e-02 1.226330318793327656e+00 1.323836535413002835e+00 1.668708462326335296e+00 3.355458872114285701e-02 1.620907355603680822e+00 1.723519957877999387e+00
2.736683417085427061e-01 2.972583230706283275e-01 1.015331289974199039e-02 2.791379202460472775e-01 3.172364812134779166e-01 3.618389471730194540e-01 2.134256404545317384e-02 3.365408023314658825e-01 4.006060796285582648e-01 1.277485826832454263e+00 3.212890862671415743e-02 1.233665332403069748e+00 1.324786611516873380e+00 1.671515732026235046e+00 2.995985758813835692e-02 1.620991658503935451e+00 1.718155603647287588e+00
2.786432160804020453e-01 2.983710841791127333e-01 1.003496876362546669e-02 2.808556805607541618e-01 3.184186654144670614e-01 3.593756068959110261e-01 2.166216186324293122e-02 3.284559590155137765e-01 3.913216414930293929e-01 1.282887961262513254e+00 3.081472968197359469e-02 1.237137554151140684e+00 1.318378883177703242e+00 1.677295490396541577e+00 2.806194081560595133e-02 1.633808858460239932e+00 1.728934729001584403e+00
2.836180904522613289e-01 2.995221984351764122e-01 9.915498760062087941e-03 2.819566403437764324e-01 3.192338755654223204e-01 3.579129969624749164e-01 2.200097153964543015e-02 3.279347600288518016e-01 3.875262618983659757e-01 1.288850500680359445e+00 3.207107863179219087e-02 1.242268979987009470e+00 1.327365727270926055e+00 1.679829438559899302e+00 2.884886273317098515e-02 1.630068485545253187e+00 1.730563532190747766e+00
2.885929648241206125e-01 3.007805251943245217e-01 9.714386375390101150e-03 2.833922780016254195e-01 3.209342378646635185e-01 3.557699929805799299e-01 2.153305517091323729e-02 3.283601804564980631e-01 3.818958199867170111e-01 1.291397793822641971e+00 3.336425909405363321e-02 1.247657675232325181e+00 1.328727585728171512e+00 1.678317796473554058e+00 2.799245255511943406e-02 1.624495701787077140e+00 1.726365424875790699e+00
2.935678391959798961e-01 3.017648942155358172e-01 9.092158030577024777e-03 2.855037534811052380e-01 3.208692226476370091e-01 3.562214280922382237e-01 2.211494984950185608e-02 3.301607668387049888e-01 3.838788754966079853e-01 1.296671682706116879e+00 3.691660621625521971e-02 1.247144540454423023e+00 1.341085659348979497e+00 1.680522940887121397e+00 2.888418153661132665e-02 1.624676876391120350e+00 1.731975839239748183e+00
2.985427135678392352e-01 3.026493066155310219e-01 8.811519135988699764e-03 2.868907068515371694e-01 3.216966791937523884e-01 3.551601844028556831e-01 2.006979195685391903e-02 3.302239236836777558e-01 3.847481365846740498e-01 1.302671630771611300e+00 3.833269900529975155e-02 1.255062156981097576e+00 1.355924526671629327e+00 1.684926300290522816e+00 2.744291624992593187e-02 1.632740447946780860e+00 1.726049856450582398e+00
3.035175879396985188e-01 3.033842932044781837e-01 8.416652644603409006e-03 2.879375987884869037e-01 3.213047674930736841e-01 3.546461742254368721e-01 1.888872860467882830e-02 3.307550527752051717e-01 3.779666380819211025e-01 1.309730167300047210e+00 3.522428030309156938e-02 1.263947053771995899e+00 1.360733966382516202e+00 1.690289356327076886e+00 2.903840268013638259e-02 1.639057482323630133e+00 1.729958528150336461e+00
3.084924623115578024e-01 3.048035304951622892e-01 8.592443586021862936e-03 2.899828368194670158e-01 3.237237516072962729e-01 3.558276182199446303e-01 1.723552899555223436e-02 3.318059818606153843e-01 3.803015676797962263e-01 1.316947585436006207e+00 3.373717800295900765e-02 1.269799987317851597e+00 1.358592752732817210e+00 1.687459650409672607e+00 2.851538262674872815e-02 1.639583475716447580e+00 1.738554844043676217e+00
3.134673366834170860e-01 3.061925727114206408e-01 8.456615183158974758e-03 2.908180936827609031e-01 3.237353785690079144e-01 3.573228019490268248e-01 1.597745960657877620e-02 3.333134595545017009e-01 3.785239046543180663e-01 1.323947305991280299e+00 3.399281610546704691e-02 1.275825823874732423e+00 1.367933974049564405e+00 1.684828290714596166e+00 2.683071544046521442e-02 1.647860711194581773e+00 1.731646314415149934e+00
3.184422110552764251e-01 3.070205619770452476e-01 8.188227581610264469e-03 2.909634585522564154e-01 3.230119991096433441e-01 3.562817948734054996e-01 1.459756351498577194e-02 3.351513594759659154e-01 3.768593253388304865e-01 1.329053854286989633e+00 2.964353139523246902e-02 1.281876283990260657e+00 1.366318889460049979e+00 1.684613892993931161e+00 2.761262587748373326e-02 1.645020666152585909e+00 1.729770516913208267e+00
3.234170854271357087e-01 3.082257202583434941e-01 8.277210792946932197e-03 2.915109613660579191e-01 3.237938906150734097e-01 3.559933969550203026e-01 1.245920624162399383e-02 3.398351350541473637e-01 3.751426890092569022e-01 1.334167316249790236e+00 2.795239787853256996e-02 1.296044906677213504e+00 1.376096539813947972e+00 1.686477461066880679e+00 2.598034484517086629e-02 1.644479399712389212e+00 1.722706071658375748e+00
3.283919597989949923e-01 3.093274810376360762e-01 8.409502815843785881e-03 2.918351974014850025e-01 3.248835107808245581e-01 3.571213687202263731e-01 1.430026136301716481e-02 3.349926417848554383e-01 3.801629079738140238e-01 1.339740789196500304e+00 2.824684358765386372e-02 1.300651867084462454e+00 1.376590166204511689e+00 1.686982323043058285e+00 2.759078351403796911e-02 1.641005797903864138e+00 1.720489278504155006e+00
3.333668341708542759e-01 3.102509001427297131e-01 8.377184458652800828e-03 2.937490694371189814e-01 3.271055747886856824e-01 3.576331169192070170e-01 1.437452010335956744e-02 3.373426598431664147e-01 3.821464730051215009e-01 1.346864674121284189e+00 2.531459994227592061e-02 1.306328943323981528e+00 1.380866275031547907e+00 1.688079981782326211e+00 2.365492574787726038e-02 1.647755529828454524e+00 1.719589885413214780e+00
3.383417085427135595e-01 3.111192500954002016e-01 8.068088574702023119e-03 2.939772086581271537e-01 3.267177964300684301e-01 3.586997491502484370e-01 1.536677167988333148e-02 3.346380879333399894e-01 3.846490330761152543e-01 1.351676370900501523e+00 2.475141495784382445e-02 1.313960880345502957e+00 1.386704963353873721e+00 1.688275960262120234e+00 2.306211040716495131e-02 1.644154606795145801e+00 1.719795813551876051e+00
3.433165829145728987e-01 3.118064153245531100e-01 8.229752284543144156e-03 2.941047009762591258e-01 3.270101254796414780e-01 3.585035942388616337e-01 1.555562731579694137e-02 3.369072632136365653e-01 3.851216318817876627e-01 1.354359291675326649e+00 2.453088152602604308e-02 1.312365881714171234e+00 1.387317207737046809e+00 1.684636049756794263e+00 2.177206668681005639e-02 1.649787866184293739e+00 1.714627309570192271e+00
3.482914572864321823e-01 3.126960857481170808e-01 8.064024616084637664e-03 2.948575515170496764e-01 3.260219990240550425e-01 3.569619963793397299e-01 1.618015489402467588e-02 3.329493247606404860e-01 3.789574091525557131e-01 1.358353385932819180e+00 2.549807461993639640e-02 1.312612395305849278e+00 1.392685372160828550e+00 1.680741375248723912e+00 2.318796887242376495e-02 1.649372363788490947e+00 1.714294202528135136e+00
3.532663316582914659e-01 3.136202472434096999e-01 7.660582955095624098e-03 2.964889578424609873e-01 3.258697881060062529e-01 3.572222883656423487e-01 1.602423834868149308e-02 3.299126616537820800e-01 3.770287805132209735e-01 1.361358862152701965e+00 2.893745344419227164e-02 1.313784918687031178e+00 1.400113717916513068e+00 1.678149753873170891e+00 2.611670413643920122e-02 1.637255567213033336e+00 1.712296563896727353e+00
3.582412060301507495e-01 3.145042647801741809e-01 7.914935353617549851e-03 2.970704699580333785e-01 3.272727236344399881e-01 3.576424447839026133e-01 1.738013886985859124e-02 3.245093727754785884e-01 3.789333018876751003e-01 1.364170543290503579e+00 3.423583985551625214e-02 1.301330699539265279e+00 1.412933489732632220e+00 1.676025863535661298e+00 2.845968302423745183e-02 1.627514124774875670e+00 1.710743907497328520e+00
3.632160804020100886e-01 3.150885071536635995e-01 7.779574107429344104e-03 2.980542576248964570e-01 3.281430887480756287e-01 3.574553640705681046e-01 1.771920464534651116e-02 3.275612647446237702e-01 3.790156550956828019e-01 1.369495593402279443e+00 3.559665725562126404e-02 1.305983258862956076e+00 1.418494458355760601e+00 1.675500385697537009e+00 2.660168257400041467e-02 1.629964028209400784e+00 1.712080115932528290e+00
3.681909547738693722e-01 3.158742989173847215e-01 8.090716624596960491e-03 2.983937581080209900e-01 3.289039748801645402e-01 3.574804938176437963e-01 1.690612015700428822e-02 3.296117296351486758e-01 3.807345375865023862e-01 1.375396378094138061e+00 3.622172001974143657e-02 1.312511620995683526e+00 1.427297720123718250e+00 1.669268749157318599e+00 2.809342550595745822e-02 1.623309195512918190e+00 1.709123930482260523e+00
3.731658291457286558e-01 3.165905244657046813e-01 8.294728815036317426e-03 2.984813906191307042e-01 3.305858726888930010e-01 3.554094729238310713e-01 1.796216451403931380e-02 3.282373646128269873e-01 3.793696001625252445e-01 1.376819919727656494e+00 3.623877188581702685e-02 1.312598480271341295e+00 1.432480200473119414e+00 1.661917971213732859e+00 2.555512661241438402e-02 1.623500367310468206e+00 1.697513308590172354e+00
3.781407035175879394e-01 3.176165433346382905e-01 8.528372555847544417e-03 2.996282564412355298e-01 3.325752302462409715e-01 3.552286380819683620e-01 1.955930742246010656e-02 3.255020192600170947e-01 3.796317494817960103e-01 1.381868349950988506e+00 3.584864193565717727e-02 1.322837967626557365e+00 1.434057020117343928e+00 1.657077964451977525e+00 2.684042416925958366e-02 1.616496189805210815e+00 1.696175079332829405e+00
3.831155778894472785e-01 3.186299416790009387e-01 8.320770834840977501e-03 3.010715758858434343e-01 3.337293713350236168e-01 3.541442185895563033e-01 1.958567415701467293e-02 3.249316659326602630e-01 3.810062605147063741e-01 1.380704924083375973e+00 3.807052932724741545e-02 1.319529279664440224e+00 1.435937606039683345e+00 1.651434198789546004e+00 2.590329425210545836e-02 1.611633417611427754e+00 1.685092687537628642e+00
3.880904522613065621e-01 3.198376273931209934e-01 8.640545435579323821e-03 3.021379630728722732e-01 3.363518381055903284e-01 3.538112382386883192e-01 1.996578491738074113e-02 3.240781980564848008e-01 3.843245148429866864e-01 1.383906215550741781e+00 3.912329590297478760e-02 1.317098857994376759e+00 1.443436092371056967e+00 1.647395145610063505e+00 2.601199725891791686e-02 1.603183421612503379e+00 1.684251090966922826e+00
3.930653266331658457e-01 3.202415581163250979e-01 8.029293650545138439e-03 3.041127940556608844e-01 3.353207287455099994e-01 3.530611716391825472e-01 2.009802340939120108e-02 3.245161023205926365e-01 3.807111936578554956e-01 1.385578040616546991e+00 3.766080523922406276e-02 1.320831979764874209e+00 1.437075945942463795e+00 1.643444653499523511e+00 2.513106909729364777e-02 1.599505132104428018e+00 1.678158592836130003e+00
3.980402010050251294e-01 3.207615267894662892e-01 7.914453557855836291e-03 3.051258401592911729e-01 3.358949739210147500e-01 3.514820714435656912e-01 2.072957250148770025e-02 3.221608799817735069e-01 3.811567464857554821e-01 1.380752695078338643e+00 4.134908254533616045e-02 1.321746706800864146e+00 1.446093765833766476e+00 1.639187089566765509e+00 2.546853839997833061e-02 1.595256558476981557e+00 1.672050963639692078e+00
4.030150753768844685e-01 3.210878243219573713e-01 7.639634089507569073e-03 3.062059443163874239e-01 3.360602690143831284e-01 3.503383273671916709e-01 2.191219560833061741e-02 3.216358386605631114e-01 3.826888975162555107e-01 1.383168848096962833e+00 4.033851037108455301e-02 1.328454149793119488e+00 1.447662440082701396e+00 1.633039045257672184e+00 2.703899367472869034e-02 1.587255692935880758e+00 1.667057314285621761e+00
4.079899497487437521e-01 3.218011485982407716e-01 7.892012695804034514e-03 3.070621805528683801e-01 3.368984340681084322e-01 3.458775538523183868e-01 1.940989149874074171e-02 3.211917014497386313e-01 3.803569592487991979e-01 1.383048880675516568e+00 3.786346005960273403e-02 1.335134552227896565e+00 1.447039873382714115e+00 1.627389101296603302e+00 2.565170922711808299e-02 1.580227838416404573e+00 1.661003328556143410e+00
4.129648241206030357e-01 3.225217674917721933e-01 7.841512918150278164e-03 3.089504066178229702e-01 3.388037565888229463e-01 3.447809036242596159e-01 1.887410537008798669e-02 3.224695102974454719e-01 3.788963809232778202e-01 1.385774968882971692e+00 3.361438901130420209e-02 1.344578753609059873e+00 1.441851436162836286e+00 1.621132501579362728e+00 2.974753328597070853e-02 1.565874748815996753e+00 1.662256583363072693e+00
4.179396984924623193e-01 3.233417100227926611e-01 7.656596266099070618e-03 3.092941011018907060e-01 3.395072886186268901e-01 3.442860918789233393e-01 1.705188893392900473e-02 3.238473972328003159e-01 3.732305465215760010e-01 1.384816981666300073e+00 3.235987679190029109e-02 1.342935640555117160e+00 1.446347973646092466e+00 1.615133638336128330e+00 3.135577024014907926e-02 1.561369840224944072e+00 1.653201504926390619e+00
4.229145728643216029e-01 3.238141600248376495e-01 7.392471480194142547e-03 3.108531201711763337e-01 3.398916598018427715e-01 3.435233058217720403e-01 1.650510019007798285e-02 3.212178665390713062e-01 3.676353087119381691e-01 1.385712722200407088e+00 3.088280051914859062e-02 1.344218777367762518e+00 1.438660570190158694e+00 1.608540350128815577e+00 2.983806123037746963e-02 1.558042623255475378e+00 1.638717920301139719e+00
4.278894472361809420e-01 3.244454054494597672e-01 7.205743320974107233e-03 3.115994755327303745e-01 3.393006975929022118e-01 3.399812578695611820e-01 1.546038716483368047e-02 3.169105115349440394e-01 3.672907696623732288e-01 1.386576449318568827e+00 3.188710922096923972e-02 1.340431670456170510e+00 1.437967942025030421e+00 1.601441519769989608e+00 2.888899966166521421e-02 1.555152989017667631e+00 1.635189351328030005e+00
4.328643216080402256e-01 3.253467551312402284e-01 7.216270160671427007e-03 3.122503317638032350e-01 3.400192888978704198e-01 3.381139796742864134e-01 1.446621508687840479e-02 3.191441967968556281e-01 3.646370325198277640e-01 1.385014520121966575e+00 3.066563902915780959e-02 1.342060762455890011e+00 1.433424890443173894e+00 1.596756511353289776e+00 2.745455149243695991e-02 1.555793800921988046e+00 1.626993147664847150e+00
4.378391959798995092e-01 3.262516719702646673e-01 7.170874407980902358e-03 3.131401597452980745e-01 3.410391886329196542e-01 3.354117821662373489e-01 1.487277382290062670e-02 3.153511197903489660e-01 3.635180556414435160e-01 1.379658920089027685e+00 3.082959591302444555e-02 1.329816688589224194e+00 1.425220492375877779e+00 1.594537676315699759e+00 2.683025928606653371e-02 1.553168835867496433e+00 1.623039591117914737e+00
4.428140703517587928e-01 3.269968942974900150e-01 7.047207039112339012e-03 3.145669845107938456e-01 3.421793202364978859e-01 3.323748099571733339e-01 1.355933606186137015e-02 3.150057996511914093e-01 3.607286231980250113e-01 1.379508970246161592e+00 3.010748795180384282e-02 1.335974189911915744e+00 1.431624756932164955e+00 1.586835481415847182e+00 2.552544860925413939e-02 1.549296770277687196e+00 1.619258091059579741e+00
4.477889447236181319e-01 3.275301647932903903e-01 6.938295526743883460e-03 3.151180654509787571e-01 3.422053901333400594e-01 3.313774113833201085e-01 1.330198033848107100e-02 3.098820214502850945e-01 3.556072868985731272e-01 1.379182622127974600e+00 3.145783341204100997e-02 1.329968635039972646e+00 1.431185029294008704e+00 1.579799122155002511e+00 2.758334907966062191e-02 1.538558388721405601e+00 1.612108201102942839e+00
4.527638190954774156e-01 3.285497201054990435e-01 6.578411781512367128e-03 3.168505736893949543e-01 3.426872298052074384e-01 3.282275420482300698e-01 1.337327391547600206e-02 3.057789798479100263e-01 3.505196771081993123e-01 1.380268795510523727e+00 2.888349838351685420e-02 1.331861981936095063e+00 1.423530072465028384e+00 1.575441535247309677e+00 2.779849535406944683e-02 1.535077017135544120e+00 1.606835462550012084e+00
4.577386934673366992e-01 3.292923843666951678e-01 6.389951498163231637e-03 3.180334159190383869e-01 3.431490432029179471e-01 3.271969556049175720e-01 1.347309025729815680e-02 3.057457395201839678e-01 3.478255009027289568e-01 1.380175926337781078e+00 3.148738713279774365e-02 1.333525406112750833e+00 1.425209638736974371e+00 1.570776310415087362e+00 2.627570741263606999e-02 1.528086734535568869e+00 1.596327661775168716e+00
4.627135678391959828e-01 3.298560549510097806e-01 6.281340145593170173e-03 3.196407774167602800e-01 3.440062948349443817e-01 3.242475186916455865e-01 1.249096535168328116e-02 3.067516173300534610e-01 3.498572749944428018e-01 1.378808890284521915e+00 3.256197529674934726e-02 1.331642201599359199e+00 1.427652686370868285e+00 1.563270687932025726e+00 2.466886839715143678e-02 1.526212603171076099e+00 1.591514396305328205e+00
4.676884422110553219e-01 3.303258031096777403e-01 6.571874376724906597e-03 3.197160111283199324e-01 3.453813151818522220e-01 3.239160092828951010e-01 1.322377601275376291e-02 3.062470813342789144e-01 3.514683757549818544e-01 1.376067676760774683e+00 3.322019235740333865e-02 1.336378382496333561e+00 1.426097806026004777e+00 1.557755992103168730e+00 2.454899890844886023e-02 1.522174560814664845e+00 1.591671973140665219e+00
4.726633165829146055e-01 3.310324658569236966e-01 6.616942529810064533e-03 3.203906713814210216e-01 3.463642423581164143e-01 3.224098606862494387e-01 1.123078238184224351e-02 3.070716736070384090e-01 3.445484566234042201e-01 1.371592523999001001e+00 3.029936092697920608e-02 1.336893774260188517e+00 1.419537588043249920e+00 1.551540730749738639e+00 2.419344638983433535e-02 1.511196534473684405e+00 1.585190747576909143e+00
4.776381909547738891e-01 3.315284436454368211e-01 6.335681861530526732e-03 3.212491877380723171e-01 3.459796749368677093e-01 3.200468528395356560e-01 1.044872843395550782e-02 3.066313619265842449e-01 3.392419951014984392e-01 1.367462905997402611e+00 2.951311244514263216e-02 1.335478587572476838e+00 1.416014511236811435e+00 1.544062767971859929e+00 2.162103572866090964e-02 1.504684881018447440e+00 1.574519104503070199e+00
4.826130653266331727e-01 3.316852777643859440e-01 6.039724408864387446e-03 3.221805484964841426e-01 3.447170613680682894e-01 3.179603430288973076e-01 9.368636703517020312e-03 3.069132630271060314e-01 3.352832346026805577e-01 1.366425352892429723e+00 3.056442756253739679e-02 1.328298440383945289e+00 1.412797247705039005e+00 1.536511744816773550e+00 2.017552799546725242e-02 1.498304949824472487e+00 1.563099265567222451e+00
4.875879396984924563e-01 3.320324209134395410e-01 5.969478846435565152e-03 3.226348400684924678e-01 3.445474733374400689e-01 3.161379772301010638e-01 9.009095200767182343e-03 3.061319938574192934e-01 3.336151356310542715e-01 1.367426010455754737e+00 3.162253289525833455e-02 1.329347415915248520e+00 1.421574320332320340e+00 1.530149513833461095e+00 1.921127369000018292e-02 1.492682234678927244e+00 1.556456135418309961e+00
4.925628140703517954e-01 3.326879301374657816e-01 5.930085512549536537e-03 3.233507867151635962e-01 3.460596514891191577e-01 3.141407363604814540e-01 9.506517505191833597e-03 3.047133295512350348e-01 3.331391679407105788e-01 1.365822450018194356e+00 2.817048293566115635e-02 1.331239406171274009e+00 1.410042851449267554e+00 1.525697682127058696e+00 1.984256930499945712e-02 1.489859026462569735e+00 1.553970665772107740e+00
4.975376884422110790e-01 3.332485076846122274e-01 6.118760547387132147e-03 3.234867466444386608e-01 3.471570627331818093e-01 3.113614907863665460e-01 9.206099761454360209e-03 3.019736862095577234e-01 3.325738635160430112e-01 1.364532553466619058e+00 2.949439662947049914e-02 1.324296297289411006e+00 1.411430857515115322e+00 1.518706373121430087e+00 2.055308008286438337e-02 1.484485631857776156e+00 1.546697944602106523e+00
5.025125628140703071e-01 3.335921570395478097e-01 6.225421556690931280e-03 3.239513053325973058e-01 3.477016664877489172e-01 3.079986782015137203e-01 8.725089669695295855e-03 2.981125811466589504e-01 3.240382664613456476e-01 1.362891078368465791e+00 2.700971497968614535e-02 1.325741719586147171e+00 1.409106957029648610e+00 1.513012957424501703e+00 1.933230448780954430e-02 1.484611276762343168e+00 1.545974046394301027e+00
5.074874371859295907e-01 3.340625102892259557e-01 6.514265629378047061e-03 3.240885882693487763e-01 3.488056811919421074e-01 3.056140153907051515e-01 1.055899486082598204e-02 2.912672938187188532e-01 3.253392979005880203e-01 1.357582874074259482e+00 2.584518527358228152e-02 1.324907152056790327e+00 1.396517135134265786e+00 1.505022532078544417e+00 2.227775272363467784e-02 1.472243761543441387e+00 1.541721809739306170e+00
5.124623115577889854e-01 3.346169611702179414e-01 6.326789397235627402e-03 3.255316632588650116e-01 3.489720806154392729e-01 3.036996002150963436e-01 9.732528644058142595e-03 2.892580671211523735e-01 3.210621385052704335e-01 1.353239792922707352e+00 2.691120547191687418e-02 1.316740697778387537e+00 1.398587442501352029e+00 1.499969965257901494e+00 2.308212747801524981e-02 1.469110976861300877e+00 1.536670465573238609e+00
5.174371859296482690e-01 3.352778925197895110e-01 6.044669260075276329e-03 3.268737519375530809e-01 3.495724698528450691e-01 3.011739380199064398e-01 1.026242412206630067e-02 2.864880019144682710e-01 3.149597527712577061e-01 1.346733084648213952e+00 2.987702634717238903e-02 1.308611158629144233e+00 1.397448047345404287e+00 1.497399451410020399e+00 2.452290860399061051e-02 1.465816537552276921e+00 1.535294980591481284e+00
5.224120603015075526e-01 3.355650372714981677e-01 6.219638620892618992e-03 3.270460911093918122e-01 3.502746658423122605e-01 2.999903100797091104e-01 1.005639760897482186e-02 2.871218512772421572e-01 3.137242706142931992e-01 1.343244051181549770e+00 2.800887427160066168e-02 1.307431387904550268e+00 1.393885564547438616e+00 1.491355664083323429e+00 2.412304554035317808e-02 1.454068717667939437e+00 1.529374834020539753e+00
5.273869346733668362e-01 3.362293335017777496e-01 6.072776106308483066e-03 3.271515730459575444e-01 3.500469311184710164e-01 2.987586474038720907e-01 1.046239891469982058e-02 2.850473023807335582e-01 3.117323170781679531e-01 1.340176948320218830e+00 2.774597842328167807e-02 1.301717091435751428e+00 1.383601094818747823e+00 1.484389706991305236e+00 2.433097547772303249e-02 1.448873135506089094e+00 1.522264815689857054e+00
5.323618090452261198e-01 3.367499325402670274e-01 6.018207043228729000e-03 3.282109366808982909e-01 3.496990642571494168e-01 2.945840457033426785e-01 1.069179862469610102e-02 2.804572729256389896e-01 3.114995969259829467e-01 1.337473939875605700e+00 2.887995399016392989e-02 1.296396882938872341e+00 1.383278837016647778e+00 1.478473732619324466e+00 2.390952965593963822e-02 1.439855208693317179e+00 1.514921836323222859e+00
5.373366834170854034e-01 3.372257361411766796e-01 6.098692400169664941e-03 3.275643560478113669e-01 3.503060242165539351e-01 2.927500578728651215e-01 1.109244333741951291e-02 2.742244779303446012e-01 3.100052442175932343e-01 1.333258289460456769e+00 2.880292884769046491e-02 1.292910490301359294e+00 1.376879570756954552e+00 1.471550156818053123e+00 2.378925904226122240e-02 1.432962294293251615e+00 1.505287331135478412e+00
5.423115577889447980e-01 3.375501320616470791e-01 5.842036145737377999e-03 3.278166847834913522e-01 3.504013779019671260e-01 2.892564119924975197e-01 9.749323662057197970e-03 2.723423012532114607e-01 3.031769958555323718e-01 1.327194517553874409e+00 3.207800634615139146e-02 1.288255228912135175e+00 1.374500912260255614e+00 1.463668397438309121e+00 2.335298972547996191e-02 1.430645698387508880e+00 1.498312131316664964e+00
5.472864321608040816e-01 3.380338649275095309e-01 5.695906228787495605e-03 3.283299919491167729e-01 3.503987730073741536e-01 2.867751719033585500e-01 9.503949491916173845e-03 2.711517534962607501e-01 3.015378453702038941e-01 1.320265107897836243e+00 3.193545957143176239e-02 1.275550193457841708e+00 1.368422740396116222e+00 1.457951343686854528e+00 2.344194255046043798e-02 1.422824597347622788e+00 1.490682547220032017e+00
5.522613065326633652e-01 3.383672484904637900e-01 5.519513829517958860e-03 3.284912378989477966e-01 3.499186183398346195e-01 2.828926589195220886e-01 8.695505580726672554e-03 2.694049564711185618e-01 2.984725340409003502e-01 1.314462764775756298e+00 3.291532399729883013e-02 1.262655641079373892e+00 1.371147172954359172e+00 1.451236357703897584e+00 2.473718744362676455e-02 1.418428609974759391e+00 1.485446911179864937e+00
5.572361809045226488e-01 3.386577979595887244e-01 5.192051358508861965e-03 3.283844977387232467e-01 3.491266274211921594e-01 2.811974191770117426e-01 9.979069785803320117e-03 2.646726753146601552e-01 2.991469530356565265e-01 1.307755651585366774e+00 2.940583690036006892e-02 1.265741537225552493e+00 1.363148905432627789e+00 1.442933629686728114e+00 2.445167695262495319e-02 1.413287065891340122e+00 1.476225207285858376e+00
5.622110552763819324e-01 3.393017078908212580e-01 5.130368131963251692e-03 3.293449413878354881e-01 3.499225586824681877e-01 2.780264089023503082e-01 1.071949901604651693e-02 2.600179310948280698e-01 2.970927279904468921e-01 1.302846322198607076e+00 3.074192630722847111e-02 1.260154669781251568e+00 1.361902392485541791e+00 1.433593769886106761e+00 2.348660475546316198e-02 1.403331628109000917e+00 1.464351777174253577e+00
5.671859296482412161e-01 3.398737025438702264e-01 5.193120628171941401e-03 3.296360893098568279e-01 3.507399038136956859e-01 2.762113505375915490e-01 1.136651801396664115e-02 2.571588769740468239e-01 2.971133626249711779e-01 1.297632474712662631e+00 3.002097880353260528e-02 1.257080799574757268e+00 1.348664357320512597e+00 1.426097956717591320e+00 2.414845404915963445e-02 1.395826388367005455e+00 1.463404886818312045e+00
5.721608040201004997e-01 3.400455813899153079e-01 5.302135940175368468e-03 3.298503818695771583e-01 3.510738655157504273e-01 2.742873610928935890e-01 1.147401772936224203e-02 2.545980430651174076e-01 2.949116772463904468e-01 1.291094409785728647e+00 2.905881871552842138e-02 1.257925813484909838e+00 1.346933221705153061e+00 1.418426708678661274e+00 2.293707621708817451e-02 1.391439198205733030e+00 1.449181689565531395e+00
5.771356783919597833e-01 3.398744494519962411e-01 5.359777724460872833e-03 3.296937732640365937e-01 3.511220384582997567e-01 2.728240817580230848e-01 1.120586092934364175e-02 2.537022299050924468e-01 2.915476587071381687e-01 1.286086941255701444e+00 2.947511135259525683e-02 1.247237570677865781e+00 1.341839289968606685e+00 1.409719215832635708e+00 2.213801700429763805e-02 1.383130986290288966e+00 1.440534443610842930e+00
5.821105527638190669e-01 3.400073786396941578e-01 5.339735802172683281e-03 3.301240149504167665e-01 3.513729106218163589e-01 2.698789050948063317e-01 1.082392058145870660e-02 2.520237322401987501e-01 2.862325779562575612e-01 1.281906391838689485e+00 3.044718135273295073e-02 1.242089351140347908e+00 1.340112741179353639e+00 1.401286180062652154e+00 2.085469281469690475e-02 1.374102751605105643e+00 1.432645639586698882e+00
5.870854271356784615e-01 3.402967440274390354e-01 5.139095861456876094e-03 3.306034005664682529e-01 3.509871269519152515e-01 2.682087765157647463e-01 1.043787756396696853e-02 2.522461136716600549e-01 2.850025646405319191e-01 1.274867807388228691e+00 3.089212868874492701e-02 1.230034480134719388e+00 1.328784420415197287e+00 1.394203255257903340e+00 2.027268253559446828e-02 1.368348430436891361e+00 1.424729131830546613e+00
5.920603015075377451e-01 3.403884539749516547e-01 4.911388354919453240e-03 3.312914545955998880e-01 3.509356096303694605e-01 2.661909828062042349e-01 1.045269348423332259e-02 2.500472405535448805e-01 2.821877490753132989e-01 1.268755523258903839e+00 2.933374391310430984e-02 1.229725330783089765e+00 1.318436479865830568e+00 1.385407946672649881e+00 1.955221715978561203e-02 1.360265828299131785e+00 1.417580448178279662e+00
5.970351758793970287e-01 3.404490313798906320e-01 4.693137732537135121e-03 3.310740193411775278e-01 3.496290238907369674e-01 2.636183554050244848e-01 1.036121733379437304e-02 2.469326995552869330e-01 2.790851140712949374e-01 1.260898171780129307e+00 2.951376989055584654e-02 1.222897280651782381e+00 1.312467600523679279e+00 1.378515071602170350e+00 1.768894528250598147e-02 1.353487662347653053e+00 1.405214697880778907e+00
6.020100502512563123e-01 3.404022620345247274e-01 4.374323705324409395e-03 3.323167601789880909e-01 3.494769887572282685e-01 2.613687374120262641e-01 1.034436963263147581e-02 2.452625715060154921e-01 2.771787271234452121e-01 1.252607508126116320e+00 3.148927528841761331e-02 1.212846206534427207e+00 1.306823574596786441e+00 1.373017322284952657e+00 1.692679738437644424e-02 1.348181769054008328e+00 1.397443807754984002e+00
6.069849246231155959e-01 3.404976855691947968e-01 4.313636526190577254e-03 3.329089771132174302e-01 3.496501759780685226e-01 2.604021646547159397e-01 1.047286779008745408e-02 2.445905108769403924e-01 2.773719777107909734e-01 1.245579453853223439e+00 3.318700773391401737e-02 1.207167187001497277e+00 1.298742214779349702e+00 1.365588288910189130e+00 1.756978392737610500e-02 1.342376074133460495e+00 1.391672462390721510e+00
6.119597989949748795e-01 3.404449060833357743e-01 4.094876514050317835e-03 3.329593000587222629e-01 3.489105309744543471e-01 2.588744447317947728e-01 9.644710992418033951e-03 2.424566708383197322e-01 2.746164111172003097e-01 1.238125510871515012e+00 3.441455700997194528e-02 1.190852771745891658e+00 1.293215819364253116e+00 1.357872497688315194e+00 1.737192579615944726e-02 1.335744812066856468e+00 1.384065715406797903e+00
6.169346733668341631e-01 3.404239272090993085e-01 4.428684222032097141e-03 3.327952106871314153e-01 3.500211461022119108e-01 2.569476855385987024e-01 9.427268804434250915e-03 2.396366329962298924e-01 2.702925400940974221e-01 1.232672896964593701e+00 3.432712330498500358e-02 1.185462746353763031e+00 1.290221129715774628e+00 1.351449925797880258e+00 1.692973458617985996e-02 1.329020525802114161e+00 1.380995611007578505e+00
6.219095477386934467e-01 3.407854393797467019e-01 4.479265260058132650e-03 3.339165449489171489e-01 3.511772500363029570e-01 2.550558537896633338e-01 9.708848781240389178e-03 2.364089371103531290e-01 2.702646805156027066e-01 1.225774927599020181e+00 3.356642271799344796e-02 1.180586403298135023e+00 1.276883809462910691e+00 1.343329374228757311e+00 1.650367449058462097e-02 1.316240243020065925e+00 1.374323448487063004e+00
6.268844221105528414e-01 3.406401859155286371e-01 4.356712311297477810e-03 3.340736062966639386e-01 3.505957481074897242e-01 2.526436646268558350e-01 1.010114123874853581e-02 2.352598464227311781e-01 2.694268050571342332e-01 1.218643514958127172e+00 3.191788963547314423e-02 1.174636021946050768e+00 1.265872076016949066e+00 1.336676709125435458e+00 1.690027579551782802e-02 1.305995421556126690e+00 1.364731512792265677e+00
6.318592964824121250e-01 3.406342334440234376e-01 4.364544346472569968e-03 3.335077339887503878e-01 3.506907132020876117e-01 2.508199335548367270e-01 1.007081112714683195e-02 2.335800337403773907e-01 2.671172644683316166e-01 1.213632844629046525e+00 3.251085850369783009e-02 1.165369684226797764e+00 1.265399029692657162e+00 1.329416400737135628e+00 1.657340132434142674e-02 1.300087998987847104e+00 1.358152633452296421e+00
6.368341708542714086e-01 3.409198527708735549e-01 4.455842535377931013e-03 3.335426930533403889e-01 3.510898629697102313e-01 2.484477271722157210e-01 9.420686355850294708e-03 2.326772948025836729e-01 2.632275865295737871e-01 1.205295713386225209e+00 3.277917877408455943e-02 1.157510024212797362e+00 1.255546116481317309e+00 1.321426137015500712e+00 1.644731740975105203e-02 1.293336914357787748e+00 1.350563136037792766e+00
6.418090452261306922e-01 3.410448783543493789e-01 4.374386514699967615e-03 3.333815726327430951e-01 3.507542318563929284e-01 2.455096716017327318e-01 8.623700102933980552e-03 2.314023133771204443e-01 2.590762802552579180e-01 1.198179153701446786e+00 3.359884558139203392e-02 1.148162658792040158e+00 1.245111293215984460e+00 1.315139663105578283e+00 1.732588207800280292e-02 1.285485121557199406e+00 1.346274773482061704e+00
6.467839195979899758e-01 3.410771145310833030e-01 4.405004602752751047e-03 3.327919742923454716e-01 3.505769982477960345e-01 2.434492720955106493e-01 9.227506313190542847e-03 2.285867782089268940e-01 2.575860925741788598e-01 1.190405301818067585e+00 3.255615516715359287e-02 1.138098327534626808e+00 1.231445338581600657e+00 1.308283602411629110e+00 1.659902783616553842e-02 1.279876196965900714e+00 1.335832884575344881e+00
6.517587939698492594e-01 3.410873491132696556e-01 4.467692825114577895e-03 3.323932227164518305e-01 3.507768289222734093e-01 2.416279154201398105e-01 9.635194788048941777e-03 2.257589409808166137e-01 2.590058032689395717e-01 1.183515007518629814e+00 3.088978132650845379e-02 1.135860010271649623e+00 1.221074765574384546e+00 1.299463325007565784e+00 1.653672120360097017e-02 1.270351576570523333e+00 1.326492653147517631e+00
6.567336683417085430e-01 3.410344822516913066e-01 4.408502403692377176e-03 3.328406405263753531e-01 3.506768351804039341e-01 2.389787113955453290e-01 9.931806489817849096e-03 2.240139424874908747e-01 2.566543304357915001e-01 1.176829345505367552e+00 3.044622613026227997e-02 1.127264791900343344e+00 1.212489633509809428e+00 1.293622023471145521e+00 1.507244792050217545e-02 1.265190498455424750e+00 1.315442354218362198e+00
6.617085427135678266e-01 3.408623194378919141e-01 4.329839063752395113e-03 3.330787500065732765e-01 3.503868284566214464e-01 2.371887480843925256e-01 1.008432668835403459e-02 2.221558758907110631e-01 2.538895944754879785e-01 1.168552131125284665e+00 3.147222122581583986e-02 1.116675513882549042e+00 1.206445980812944851e+00 1.285733025344803604e+00 1.617792392702740653e-02 1.254524119990541919e+00 1.309988134264921333e+00
6.666834170854271102e-01 3.407581592513684310e-01 4.348385480521512955e-03 3.328293360760959385e-01 3.501634841606082182e-01 2.353925242068493073e-01 9.515998260864820535e-03 2.217461574763160137e-01 2.512394801005554124e-01 1.161734762659851761e+00 3.048503229821973581e-02 1.111107111378162315e+00 1.201204592534055537e+00 1.278995689716150963e+00 1.640637878171555958e-02 1.248564331048189757e+00 1.303670648403554511e+00
6.716582914572865048e-01 3.408123450550401001e-01 4.115845366904544861e-03 3.338681744518764982e-01 3.497121447096872560e-01 2.334349422631298021e-01 9.165337130347863542e-03 2.189644538330881296e-01 2.498045878374848539e-01 1.155374210110146294e+00 2.898651652471538609e-02 1.108393421186838701e+00 1.193628921210715843e+00 1.271309361627048107e+00 1.556308668808329028e-02 1.243341923855126874e+00 1.296038965882903238e+00
6.766331658291457885e-01 3.409410654490029335e-01 4.138882057656975526e-03 3.334467413130227653e-01 3.494880959708644430e-01 2.312182252660013870e-01 7.827363877580921503e-03 2.185121649733688665e-01 2.424772547981082771e-01 1.147977860548373918e+00 2.780920448551645746e-02 1.098593427445618165e+00 1.183427593017505774e+00 1.264197421242053920e+00 1.439886797688017840e-02 1.242115173298610431e+00 1.292681122123408688e+00
6.816080402010050721e-01 3.411008523939056958e-01 4.198646097952841473e-03 3.330575744440057995e-01 3.498460777182913484e-01 2.291897532699040119e-01 8.241351136882003187e-03 2.158252049482702883e-01 2.408848004013267041e-01 1.140088266238789894e+00 2.624892592434201199e-02 1.091887049945937660e+00 1.173584543592265383e+00 1.256412429620246352e+00 1.309065070027246556e-02 1.235153997967422423e+00 1.280215670862949962e+00
6.865829145728643557e-01 3.408846505439614427e-01 4.244784792646425636e-03 3.335003049602559555e-01 3.500957291041184583e-01 2.276255932494982148e-01 7.396396605297369045e-03 2.148281736903981110e-01 2.388065081995955352e-01 1.128890118298582212e+00 2.442388819984455187e-02 1.088834970462235541e+00 1.158205318599164979e+00 1.250809890146852732e+00 1.191349344241955481e-02 1.231296181040951510e+00 1.271056706450696794e+00
6.915577889447236393e-01 3.406673233167144543e-01 4.309973391788097553e-03 3.332838088816648670e-01 3.497064899171791752e-01 2.254301871590726203e-01 7.767153539496434236e-03 2.136531576378035147e-01 2.359466973841394255e-01 1.123583903071031731e+00 2.471644492662299075e-02 1.081563129072620866e+00 1.154857240279330455e+00 1.243893907453167635e+00 1.214588599457371888e-02 1.224624937119101808e+00 1.265141585004478708e+00
6.965326633165829229e-01 3.406830785190078648e-01 4.357217784967984744e-03 3.334318858618809389e-01 3.502754743330152576e-01 2.246492242175512910e-01 7.579134556693586586e-03 2.139934930047386052e-01 2.350086618201540356e-01 1.117278551408525056e+00 2.516874955120599472e-02 1.074726768482204164e+00 1.150586045501056143e+00 1.236518609137274627e+00 1.170342222478915409e-02 1.221335093172694730e+00 1.257871360885584933e+00
7.015075376884422065e-01 3.407271059809589553e-01 4.303205144715440203e-03 3.338851514797678832e-01 3.500636307499019884e-01 2.234690005041914118e-01 7.190762638234785183e-03 2.129777274238192630e-01 2.335320911469464800e-01 1.109159947402638569e+00 2.652976707890285571e-02 1.063985504605349686e+00 1.146756126462246339e+00 1.230634735383515865e+00 1.170792003280046387e-02 1.212870685125288617e+00 1.252230658031913579e+00
7.064824120603014901e-01 3.406355082520909905e-01 3.997248291057211439e-03 3.344616691483310311e-01 3.492382787022225710e-01 2.217351575757021409e-01 7.389321520730708463e-03 2.104926649490883594e-01 2.325369024610656199e-01 1.101871505007686380e+00 2.735589225100328037e-02 1.058030557160680285e+00 1.140374235263006630e+00 1.224195908943363609e+00 1.216171913347192934e-02 1.208131024021747768e+00 1.248589281478749147e+00
7.114572864321608847e-01 3.404360514154317063e-01 3.929277547718771496e-03 3.351072503583901740e-01 3.490583639572246710e-01 2.200566813265599220e-01 7.642145186774547579e-03 2.088482938614727724e-01 2.308575614474352167e-01 1.094966420015871966e+00 2.741656100376208341e-02 1.054824947420765158e+00 1.135469589033002658e+00 1.217913591082632419e+00 1.264288727322194529e-02 1.201034214699278291e+00 1.242509937823565114e+00
7.164321608040201683e-01 3.402789432139362025e-01 3.606275263162332569e-03 3.350662832658731216e-01 3.482015462113486892e-01 2.177103158767175750e-01 7.769068490612290878e-03 2.041431312470082526e-01 2.277570338980583198e-01 1.088402944927770566e+00 2.795913441142539729e-02 1.046692927865537914e+00 1.127464539343194794e+00 1.210741838871467468e+00 1.027267039382710398e-02 1.199162595105321749e+00 1.231547802168433625e+00
7.214070351758794519e-01 3.402617981570154049e-01 3.388764093101529363e-03 3.348281802289214681e-01 3.469784208169584550e-01 2.159570406306444978e-01 8.006312977848255297e-03 2.012624065380430316e-01 2.264150216966541729e-01 1.080852758722204099e+00 2.816953709860745697e-02 1.038556695440973510e+00 1.122710804849077926e+00 1.204139721947973252e+00 1.019346265615614887e-02 1.195526452312949628e+00 1.223891506856916722e+00
7.263819095477387355e-01 3.401488551069001276e-01 3.384300863650440035e-03 3.345469726937147503e-01 3.468651094167352622e-01 2.145876173329572811e-01 7.682532256437940923e-03 2.004205642390044506e-01 2.249196544466962600e-01 1.072340340459084107e+00 2.859729435911433082e-02 1.025825917440017720e+00 1.114022463111859595e+00 1.196870942103582136e+00 1.151694125871222975e-02 1.186116021750253102e+00 1.222211541892157971e+00
7.313567839195980191e-01 3.398045851930246997e-01 3.504385318623067652e-03 3.340952799958030184e-01 3.469029748838829974e-01 2.120284655443709365e-01 8.428568623593207451e-03 1.956381695228152640e-01 2.240502740476751631e-01 1.066385416560847288e+00 2.919646499163189302e-02 1.020470415344731929e+00 1.104782181618312098e+00 1.188956738405203328e+00 1.132889247946839741e-02 1.179391064546246204e+00 1.214462146690399535e+00
7.363316582914573027e-01 3.394439551684373946e-01 3.568341920939726002e-03 3.337244420359383179e-01 3.470811421563639310e-01 2.105190363701803236e-01 8.259643934363399692e-03 1.938103108701559052e-01 2.220696358889218680e-01 1.057213255069740843e+00 2.817473808158178772e-02 1.010686206318506475e+00 1.097726916433923394e+00 1.182648437660005936e+00 1.070987325688002763e-02 1.171869559341040867e+00 1.207911722440380586e+00
7.413065326633165864e-01 3.392389898687519501e-01 3.511119900734256324e-03 3.335806032641365215e-01 3.466948597437359836e-01 2.078524920478696525e-01 8.224542230455648972e-03 1.912686559267534614e-01 2.193090045810564825e-01 1.048314142194013643e+00 2.702263954482242436e-02 1.009505636731219624e+00 1.088081347587174230e+00 1.174768454449496735e+00 1.147834540422091633e-02 1.163343432477966788e+00 1.201115948043072645e+00
7.462814070351758700e-01 3.389313848882718472e-01 3.277144399049216911e-03 3.337335014990395199e-01 3.458701271607302341e-01 2.052429501334921969e-01 8.271769280486484729e-03 1.891595822464297028e-01 2.163571610440536697e-01 1.041535073160800629e+00 2.723014428723436256e-02 1.002895404111670441e+00 1.080960463390844728e+00 1.167365342109328186e+00 1.145841575373864399e-02 1.156341834623092035e+00 1.193052107987970567e+00
7.512562814070351536e-01 3.388827911300959506e-01 3.241319710435962113e-03 3.337542191210371434e-01 3.455525965962517598e-01 2.029450761799957981e-01 8.459251433423183725e-03 1.881113888219023700e-01 2.153692799871439190e-01 1.033418372854511436e+00 2.697982102333688903e-02 9.928509057104988322e-01 1.073207318523144771e+00 1.161725518102638244e+00 1.060015149388406422e-02 1.150727632426893132e+00 1.185594357089982953e+00
7.562311557788945482e-01 3.386424940298725650e-01 3.152031523189354704e-03 3.343376907594064473e-01 3.453029650111095750e-01 2.006073809610956771e-01 8.357916098125448695e-03 1.858596352033410892e-01 2.137113992971554355e-01 1.023921975322676925e+00 2.650923579155116741e-02 9.863145595389332110e-01 1.063371569187970378e+00 1.155477150535941133e+00 1.044198322996164711e-02 1.141630488353371220e+00 1.177387082840178678e+00
7.612060301507538318e-01 3.382803065021796618e-01 3.253613489468654228e-03 3.339408873912812492e-01 3.453427210949492898e-01 1.990603281086716081e-01 7.961471269526655681e-03 1.853399357519931456e-01 2.113657942800530598e-01 1.011877457338694830e+00 2.675325169543397302e-02 9.751562762591782230e-01 1.055669392550997010e+00 1.147159959144572028e+00 1.014694638048951533e-02 1.133724654142153510e+00 1.169050405761487665e+00
7.661809045226131154e-01 3.378641829057090207e-01 3.123098018835587970e-03 3.338523629000266224e-01 3.449276911301427662e-01 1.968648199201535332e-01 8.187871266166116269e-03 1.840952961519777553e-01 2.111718151800643928e-01 1.002368380210816534e+00 2.616533152889735647e-02 9.649779605808340710e-01 1.044431088795420681e+00 1.139879585961829589e+00 9.258250020900219909e-03 1.126270505584696657e+00 1.159474656790710156e+00
7.711557788944723990e-01 3.376100420437909144e-01 2.939286935337826444e-03 3.338837459452514422e-01 3.441037140222083512e-01 1.943485145970001160e-01 8.154817870493928644e-03 1.825215301146339564e-01 2.102469783640849299e-01 9.931828773717370495e-01 2.567323155483057506e-02 9.590129585726345773e-01 1.033389148022936910e+00 1.133867668169751930e+00 9.634431001428614763e-03 1.120815230304724963e+00 1.156210080840341492e+00
7.761306532663316826e-01 3.373837464514605200e-01 2.933774242118003701e-03 3.340336454411560463e-01 3.441551636281705573e-01 1.920819917748808892e-01 7.820086019540225739e-03 1.803554674273512570e-01 2.076455052524503464e-01 9.844992670167945770e-01 2.502822512316591960e-02 9.494979471153131012e-01 1.022423158630415996e+00 1.126981012084399048e+00 9.517890393593851292e-03 1.111114976820229527e+00 1.148650296594937004e+00
7.811055276381909662e-01 3.370977176462675029e-01 2.827753946876789340e-03 3.340931257865473736e-01 3.433018695647270802e-01 1.895920934495293475e-01 7.636971530951082790e-03 1.781428264752061286e-01 2.044565607966929988e-01 9.723956127780910563e-01 2.322043214784593954e-02 9.351205860862927821e-01 1.008590596811825169e+00 1.119645606366234780e+00 9.760615850597013227e-03 1.104969288201956390e+00 1.142139525986276993e+00
7.860804020100502498e-01 3.370744043958620595e-01 2.792489785156220851e-03 3.340592748699536818e-01 3.432362382430355074e-01 1.872600294160748635e-01 7.649684748945826708e-03 1.755393477468275565e-01 2.029348059988389241e-01 9.630463541098952529e-01 2.141073355592919281e-02 9.281376110983119432e-01 9.976270726309007797e-01 1.112164353410282747e+00 9.631992250211518850e-03 1.097468775628081650e+00 1.133891741243677975e+00
7.910552763819095334e-01 3.366898903309764601e-01 3.042118562151106820e-03 3.330018365753580900e-01 3.431165675274089333e-01 1.851026596502472477e-01 7.400400073323439021e-03 1.721580326367475877e-01 1.984738333272331734e-01 9.538154475726438042e-01 2.026694124028002864e-02 9.209614347894330422e-01 9.888899093187254463e-01 1.104389852340357470e+00 9.144213495552416804e-03 1.090696956909817272e+00 1.124631744988608961e+00
7.960301507537689281e-01 3.362083062999729477e-01 3.097286368935039513e-03 3.322649820744171256e-01 3.428637875656347367e-01 1.826110202692067253e-01 7.075862877231897836e-03 1.699489749838591357e-01 1.935965025843150167e-01 9.447904085116510808e-01 2.093615505580534442e-02 9.115395642113661712e-01 9.773877012641800643e-01 1.096638487264469441e+00 8.816338241113011454e-03 1.084881498179361081e+00 1.117102048655058022e+00
8.010050251256282117e-01 3.358413023531793273e-01 3.077261751435629838e-03 3.322028367724325082e-01 3.429337361894130298e-01 1.802077009605200231e-01 6.631580253175380600e-03 1.683149637779530472e-01 1.906205887315663150e-01 9.347641394726254882e-01 2.152083183745184120e-02 9.027007872253028919e-01 9.675562324475711629e-01 1.088908572911561290e+00 8.761523995418882965e-03 1.078110580601254975e+00 1.108660430720312062e+00
8.059798994974874953e-01 3.357402472019667683e-01 3.208132469503631110e-03 3.311987810971191437e-01 3.431032819860022620e-01 1.782120451059192034e-01 5.893678467487669520e-03 1.677232099753264427e-01 1.888703133814417789e-01 9.261385964137349713e-01 1.850267050515967335e-02 8.978293483093237048e-01 9.522072673887475025e-01 1.080989865567854258e+00 9.432562123206403651e-03 1.068195338283596474e+00 1.101925814460392505e+00
8.109547738693467789e-01 3.352618876394089509e-01 3.113871873043164498e-03 3.306079397365068173e-01 3.422438535611527222e-01 1.752665619593108959e-01 5.598624389303364680e-03 1.656075965853066045e-01 1.841356720527798640e-01 9.167357633890109714e-01 1.859601559194437592e-02 8.886650562434688094e-01 9.450375805989703615e-01 1.074083906932195243e+00 9.652818337586119291e-03 1.061657032649896415e+00 1.096177408293917299e+00
8.159296482412060625e-01 3.349974099025304075e-01 2.963074626670103399e-03 3.308021764811150400e-01 3.414941721395733931e-01 1.735313739106196240e-01 5.408685556268085295e-03 1.652669885090504998e-01 1.815902349697438023e-01 9.070424150319119638e-01 1.915747053448546913e-02 8.755141321366640694e-01 9.388163586169289143e-01 1.066759967045819213e+00 8.947655854780509066e-03 1.055554519247568601e+00 1.087084599371784588e+00
8.209045226130653461e-01 3.348241043881964307e-01 2.981515514155066732e-03 3.306372298204516835e-01 3.412690337313906142e-01 1.712915896981576924e-01 5.228008127966785740e-03 1.635421963845248294e-01 1.795199934437528844e-01 8.978238814119560152e-01 1.785094537267980022e-02 8.671836600519113869e-01 9.282807130868914181e-01 1.059863341380982815e+00 8.583120737676254788e-03 1.048687688740271184e+00 1.079070002237146220e+00
8.258793969849246297e-01 3.340864470916581341e-01 2.811769883613168732e-03 3.299837890910053972e-01 3.401333409447159228e-01 1.690418615813933378e-01 4.953204866910912094e-03 1.613890339237075977e-01 1.775613693448292174e-01 8.870087288092862732e-01 1.778259693874123179e-02 8.604080736767560911e-01 9.199983652439641668e-01 1.053000840354375578e+00 8.926012411210522760e-03 1.040346274961309936e+00 1.072561318814329923e+00
8.308542713567839133e-01 3.338244799411625996e-01 2.795398198571079004e-03 3.296888560489087405e-01 3.394984863196615632e-01 1.672237078701545310e-01 4.846595007391652811e-03 1.587382738539883098e-01 1.740826788068269571e-01 8.764180110234054411e-01 1.814501694680053720e-02 8.516664630686768822e-01 9.114981742193251080e-01 1.044707263759454774e+00 8.990251123700073940e-03 1.031685714859055469e+00 1.065708166276078561e+00
8.358291457286431969e-01 3.331910806569968186e-01 2.825496344802486733e-03 3.288623992110993322e-01 3.388180239757045409e-01 1.648168063029197550e-01 4.593940385651581332e-03 1.568759628837710918e-01 1.699577440629658764e-01 8.665707091508461080e-01 1.763078851919643378e-02 8.425079933997462467e-01 8.971922005231932618e-01 1.037717451189543727e+00 7.314815765910395555e-03 1.025548331525461876e+00 1.054244821882310612e+00
8.408040201005025915e-01 3.326086982130607161e-01 2.754812523194692143e-03 3.288790768292265132e-01 3.377515089710106388e-01 1.624353300924057941e-01 4.718132911239512547e-03 1.555495692945412789e-01 1.681378883040567651e-01 8.567840148503581554e-01 1.676839121536271432e-02 8.317836445510630172e-01 8.797351970329357895e-01 1.031248705481597527e+00 7.576567689209964471e-03 1.019213757981900725e+00 1.048863237724365183e+00
8.457788944723618751e-01 3.320940821494205997e-01 2.670053984613283624e-03 3.282277949005431017e-01 3.367314633193317919e-01 1.608211344174538815e-01 4.265496628344979911e-03 1.546154343799462372e-01 1.660635028607571340e-01 8.461745441823733671e-01 1.666729175486269046e-02 8.219606632113760636e-01 8.689000377539410902e-01 1.023410303906434837e+00 8.626062683417239779e-03 1.010735506490948010e+00 1.042558480285487033e+00
8.507537688442211588e-01 3.316408169303783349e-01 2.824555369383576538e-03 3.278459468641954366e-01 3.370168894103447443e-01 1.586161677442372575e-01 3.881865786903331093e-03 1.526903272441400838e-01 1.638594746366866250e-01 8.365082130562990770e-01 1.593823405428177950e-02 8.093914806523112571e-01 8.585416438969694086e-01 1.016003071471071939e+00 9.027014055339944304e-03 1.005069973000687122e+00 1.037389239399085783e+00
8.557286432160804424e-01 3.310620365445460789e-01 2.611617093377464720e-03 3.271392948356226515e-01 3.356739882469300662e-01 1.565118657951964365e-01 3.586677535606360833e-03 1.500699611989795013e-01 1.611237934962729546e-01 8.262815602947825022e-01 1.410229828190606889e-02 7.995567872270895604e-01 8.494939414533420052e-01 1.009260444954744429e+00 8.863131254242616330e-03 9.995531745163335202e-01 1.029306794512139245e+00
8.607035175879397260e-01 3.305587089648224230e-01 2.615784657250015167e-03 3.265871461046547242e-01 3.351396661473902694e-01 1.544085949219606568e-01 3.608424229629802419e-03 1.476789829851242464e-01 1.596152013330441322e-01 8.147909807018789419e-01 1.323328248617821473e-02 7.899995091598775998e-01 8.360800458742474461e-01 1.002158171651386098e+00 7.681354394796778215e-03 9.932461497765654457e-01 1.019281653767147855e+00
8.656783919597990096e-01 3.297591935140943842e-01 2.523787170366337349e-03 3.265137575616656740e-01 3.342752171691633079e-01 1.518818684403055452e-01 3.383174772881851044e-03 1.452390340679256819e-01 1.561865876671322539e-01 8.046699659302959384e-01 1.296916675533887550e-02 7.826436672898832159e-01 8.227134314414372707e-01 9.949246693468893898e-01 7.113063100726654646e-03 9.869100999232111038e-01 1.010623216833993476e+00
8.706532663316582932e-01 3.290287992752722324e-01 2.454400149247021670e-03 3.257486425161353893e-01 3.337024999500167177e-01 1.500694834368743735e-01 3.920158910182568179e-03 1.431165887406619652e-01 1.554932429834408325e-01 7.946328610881895349e-01 1.338260328749013225e-02 7.721920121533794035e-01 8.115367159920220397e-01 9.864838585339235077e-01 7.650066072725059986e-03 9.768186257067777989e-01 1.003160687336569712e+00
8.756281407035175768e-01 3.284600293516407032e-01 2.421201305430319486e-03 3.251040176690527805e-01 3.331972103147693987e-01 1.480536242284166693e-01 4.443588061960790717e-03 1.390199011113203154e-01 1.549317431460412453e-01 7.837591544174753455e-01 1.263210618972424905e-02 7.619147640149375178e-01 7.996037659480044191e-01 9.789566674010293790e-01 7.272194342146831754e-03 9.695322257892180495e-01 9.942298017346520300e-01
8.806030150753769714e-01 3.279035012029139495e-01 2.541976236695063333e-03 3.239529352814926599e-01 3.329057878694167139e-01 1.455627655498777373e-01 4.316650222773252971e-03 1.370525242027337554e-01 1.526188737981544474e-01 7.727030343401627421e-01 1.102837253650922056e-02 7.554240606007638359e-01 7.884264950142959583e-01 9.718819903029874974e-01 6.988830603153453093e-03 9.638314978288943236e-01 9.856821323513093036e-01
8.855778894472362550e-01 3.271167500642176984e-01 2.696493350593877607e-03 3.233181697856070125e-01 3.326100999332124997e-01 1.433134612066971625e-01 3.811779925734860679e-03 1.360428541208591469e-01 1.500556816734022747e-01 7.608036324982897503e-01 1.254450077985782945e-02 7.379611606873954788e-01 7.811354080191219573e-01 9.640498502689581750e-01 6.984843418548206638e-03 9.569036827303313286e-01 9.791202495790564120e-01
8.905527638190955386e-01 3.264526503118345135e-01 2.726031931913659809e-03 3.226672565437232465e-01 3.319416975024963579e-01 1.409306660143433143e-01 3.820355605189448139e-03 1.333596900453966616e-01 1.462476160079898002e-01 7.491522630888700629e-01 1.191839538416845749e-02 7.301134488548853829e-01 7.694069079215994922e-01 9.564263354763198333e-01 6.541718482921173722e-03 9.503046410586856174e-01 9.699858352616156365e-01
8.955276381909548222e-01 3.258133760638305398e-01 2.511934838149871944e-03 3.223563802921982080e-01 3.306997896060762110e-01 1.389842381779606562e-01 3.544002054550885166e-03 1.325526494114366294e-01 1.432646881405211514e-01 7.370269790122087050e-01 1.231075820093498717e-02 7.189146959425530836e-01 7.591436138587295268e-01 9.497111347859155117e-01 6.593505874468326249e-03 9.435595515734800376e-01 9.634306364737842410e-01
9.005025125628141058e-01 3.251363847261493634e-01 2.236193429987855252e-03 3.220629273281673255e-01 3.294352455271016833e-01 1.365941434500595464e-01 3.021266396449269562e-03 1.310181750777021648e-01 1.397151409900491137e-01 7.252332403550425521e-01 1.242109669651397449e-02 7.086222893225169184e-01 7.501716602793080391e-01 9.420219761005755865e-01 7.346570836556422408e-03 9.343564249571245650e-01 9.581525920666054130e-01
9.054773869346733894e-01 3.240506398081673956e-01 1.890536182830001091e-03 3.213601348563223659e-01 3.275547554568693509e-01 1.337614959434963724e-01 2.602413731987182708e-03 1.290347890249141094e-01 1.364003269574133870e-01 7.119086651583725889e-01 1.143900007863135962e-02 6.942045663768199315e-01 7.322472387961371787e-01 9.348789811675987105e-01 8.015024307651249028e-03 9.270491949425697653e-01 9.523440148809919625e-01
9.104522613065326730e-01 3.233287774947130599e-01 1.820928763335157539e-03 3.203118845593093678e-01 3.267589568981327242e-01 1.312099678930433722e-01 2.110636322533066163e-03 1.273490195661788893e-01 1.340513125031551067e-01 6.973858078517957138e-01 1.013474793409250771e-02 6.792049494433758383e-01 7.168202380421642150e-01 9.274068949540413831e-01 7.804908849311692313e-03 9.186169584340017069e-01 9.439446884648035052e-01
9.154271356783919567e-01 3.224001176414083014e-01 2.070437764610080170e-03 3.195721279847250074e-01 3.264503923734665691e-01 1.282187862374715159e-01 2.459071558341476092e-03 1.233379985106500959e-01 1.301291600763402057e-01 6.843456512831458394e-01 9.228775689546915920e-03 6.679923422060384253e-01 7.010251622668421945e-01 9.193441200602894270e-01 7.616315813094090559e-03 9.093282631393327931e-01 9.340893552549768275e-01
9.204020100502512403e-01 3.217393296390472779e-01 2.010479730042293457e-03 3.187525144257881693e-01 3.253842604059033472e-01 1.252124564235063131e-01 2.290438611572459017e-03 1.207270053098375845e-01 1.276570228434726062e-01 6.719353930055742552e-01 9.144747632823939029e-03 6.584435601852218767e-01 6.880635585452669067e-01 9.119644369007320339e-01 7.033027365694201338e-03 9.040747903037740230e-01 9.242621101727552801e-01
9.253768844221106349e-01 3.207685831960019884e-01 2.143007452010123933e-03 3.181227135964822539e-01 3.247071762750604607e-01 1.225522726601534496e-01 2.452269421689773788e-03 1.182418125172178813e-01 1.255721336674656130e-01 6.575585890976500814e-01 9.627243118540407263e-03 6.432981268999462543e-01 6.704696854565308506e-01 9.034135771773966761e-01 6.246643905239785549e-03 8.977384169328320729e-01 9.165688265761451348e-01
9.303517587939699185e-01 3.195952179442952401e-01 2.115549394012541766e-03 3.165452855748586702e-01 3.232783798570436073e-01 1.198311880397827378e-01 2.550916667370159430e-03 1.160150664086651018e-01 1.236958541524097455e-01 6.439014519418180260e-01 1.109433696729703392e-02 6.288359961493116268e-01 6.587245766468298180e-01 8.948990814050254983e-01 6.410765378564275106e-03 8.871253608150641012e-01 9.089232290344353427e-01
9.353266331658292021e-01 3.187084370036569192e-01 2.174897635226827157e-03 3.157461689369880919e-01 3.223161668843469441e-01 1.165573178028068008e-01 2.264109313881404201e-03 1.131790239264900549e-01 1.198565102298164708e-01 6.302365061058390339e-01 1.055972557673720384e-02 6.147338493484771904e-01 6.440985148648585845e-01 8.864930615374921885e-01 5.842992541080938712e-03 8.804115926181196317e-01 8.988843421799476152e-01
9.403015075376884857e-01 3.177072548344711533e-01 2.397923647165695754e-03 3.145962064751062215e-01 3.216234939769348489e-01 1.136470138303434796e-01 1.994596353486884684e-03 1.105099806999653295e-01 1.173411375967701870e-01 6.176528264693944559e-01 9.977431666799355461e-03 6.021482355024821986e-01 6.297610957639770968e-01 8.776746801558701350e-01 5.817181584470851319e-03 8.723475343611708510e-01 8.891910500218593860e-01
9.452763819095477693e-01 3.168239033995984832e-01 2.166532412785064903e-03 3.136247067151915480e-01 3.198080424009780431e-01 1.111833411069493155e-01 1.813383853821419608e-03 1.089399899522610071e-01 1.146981179873084317e-01 6.039482554657662483e-01 1.004073386631592311e-02 5.894745977969343409e-01 6.176365649877466613e-01 8.694100727891316271e-01 5.844573236010542315e-03 8.619261785066679726e-01 8.813145762504439595e-01
9.502512562814070529e-01 3.157374338656694368e-01 1.933529166498948113e-03 3.127324085458380587e-01 3.182999187188006451e-01 1.084583485337190095e-01 1.916047214468949477e-03 1.056861332050290508e-01 1.113554285182425108e-01 5.907175493103139496e-01 1.056669117172490124e-02 5.753846903531442125e-01 6.020240498327771306e-01 8.602903996929758268e-01 5.961028430535994169e-03 8.514738940814987611e-01 8.713796361372522226e-01
9.552261306532663365e-01 3.145407951020435799e-01 1.796579883344545485e-03 3.120434534106666380e-01 3.173480053622723118e-01 1.059242111420294757e-01 1.990566837400470183e-03 1.030656623552211743e-01 1.091643837261404570e-01 5.758583529460055139e-01 9.854687988330505105e-03 5.611341408485136517e-01 5.871887558344973668e-01 8.514771347349121555e-01 4.441397653822708354e-03 8.459106870037915726e-01 8.593653051480121263e-01
9.602010050251256201e-01 3.133438508015872759e-01 1.696358111313070330e-03 3.109532279813325695e-01 3.156898722085562659e-01 1.031465244288059802e-01 2.389360462802525998e-03 9.973071309756652292e-02 1.072261658361395031e-01 5.609542593337348837e-01 9.610499118631149820e-03 5.473351916996591626e-01 5.738227059503642202e-01 8.419732973337976656e-01 4.213320824969467304e-03 8.368864274999204822e-01 8.505042810073764059e-01
9.651758793969849037e-01 3.117321404834038634e-01 1.420365395668765802e-03 3.094452894496906858e-01 3.140080215225654614e-01 1.002010703821739207e-01 1.718929174284974807e-03 9.746998926126353158e-02 1.029742079861434151e-01 5.442688983257876201e-01 9.005974606139390340e-03 5.300315168544161848e-01 5.569148601720748104e-01 8.326763688128089314e-01 4.603089767693718803e-03 8.271195528850082690e-01 8.410061287645970163e-01
9.701507537688442984e-01 3.102018058376075915e-01 1.617105127848402846e-03 3.084246361164046935e-01 3.133436210505677333e-01 9.725127678561285016e-02 1.553000824016370022e-03 9.389933865089768183e-02 9.921456832506556078e-02 5.295716423233078896e-01 9.097050230609875568e-03 5.133397137137537536e-01 5.415541266867851533e-01 8.221216660967922696e-01 4.658416100859681143e-03 8.152603878694321127e-01 8.305396027315989915e-01
9.751256281407035820e-01 3.088478184983354247e-01 1.509759871109450473e-03 3.072451572344173654e-01 3.117163953704761292e-01 9.436545845371330232e-02 1.370177708209097253e-03 9.276145805093753693e-02 9.677623320188864786e-02 5.130638443880037869e-01 1.043952703327749067e-02 4.923447881016002614e-01 5.255700305903739933e-01 8.121425946811997587e-01 5.243944419323717625e-03 8.048446747884691055e-01 8.229361222861256708e-01
9.801005025125628656e-01 3.068264893025246520e-01 1.276149171894881001e-03 3.051822996362570928e-01 3.091182116510388656e-01 9.037295792751123824e-02 1.717437939510118618e-03 8.812514186729736299e-02 9.331362414912570957e-02 4.957426429840064985e-01 1.056622754513199085e-02 4.762187885601721349e-01 5.097182953841877806e-01 8.014628729813720875e-01 4.443305003492226297e-03 7.958041945449815247e-01 8.092613999692921389e-01
9.850753768844221492e-01 3.050068285563336534e-01 1.164115008917191276e-03 3.035887098753599633e-01 3.071106519519490319e-01 8.702804134587230345e-02 1.435415840917747543e-03 8.534727179437159861e-02 8.928752327867021943e-02 4.771665135674860170e-01 7.553775279855572296e-03 4.621561746030308226e-01 4.849721721676638064e-01 7.893536207754998646e-01 3.522746045312296227e-03 7.853110467041710674e-01 7.957663373240039251e-01
9.900502512562814328e-01 3.028277127959161374e-01 1.138433706470328311e-03 3.011467671934934254e-01 3.045336689649423279e-01 8.330316699985640394e-02 9.718691250483083932e-04 8.174604874534986687e-02 8.479968468020848693e-02 4.550340529652750488e-01 6.193169339338121943e-03 4.428205704674080256e-01 4.647815990606842251e-01 7.759112473867202375e-01 3.358325452786427388e-03 7.718594292937867030e-01 7.831659651446676307e-01
9.950251256281407164e-01 2.996658925170593291e-01 7.785442164176966350e-04 2.987140461038016448e-01 3.009804057602257221e-01 7.922957112650722000e-02 1.260764795618619320e-03 7.714408507748969634e-02 8.220103959128854942e-02 4.300553118441189371e-01 6.089071843538956287e-03 4.171862362800274338e-01 4.374731235399557661e-01 7.597850097739949904e-01 3.395031581713870827e-03 7.561935766711168627e-01 7.653665383685097634e-01
1.000000000000000000e+00 2.955575422059760760e-01 2.127393664453879876e-04 2.954053229019273363e-01 2.960524939263256550e-01 7.219834118247563104e-02 3.430247891497533981e-04 7.185817668709436334e-02 7.293272501872016811e-02 3.768013116555432029e-01 1.328786265458748936e-03 3.749183546555625579e-01 3.791817098589869151e-01 7.354855976846479404e-01 5.195893211907313351e-04 7.351138174608112807e-01 7.366944377571783553e-01
