# signal_efficiencies		0sq-mean	0sq-std	0sq-min	0sq-max	1sq-mean	1sq-std	1sq-min	1sq-max	2sq-mean	2sq-std	2sq-min	2sq-max	all-mean	all-std	all-min	all-max
1.000000000000000021e-02 4.058124574184588940e-01 5.851528456645786053e-02 3.158088643366421810e-01 5.129246145322648998e-01 1.939076069271245539e-01 1.029526817897204877e-01 0.000000000000000000e+00 2.914884576060695620e-01 9.879460955594187022e-01 5.621867881623205943e-01 0.000000000000000000e+00 1.557054051925440108e+00 2.073158998480615800e+00 1.074225852574256734e+00 0.000000000000000000e+00 3.106946790810136694e+00
1.497487437185929596e-02 4.317564923835566226e-01 3.470294912519591296e-02 3.935303865491076580e-01 5.197134915375580810e-01 3.025338867565040557e-01 1.527468912845478810e-01 0.000000000000000000e+00 4.454516518524915258e-01 1.559692864213008345e+00 8.207538006540412434e-01 0.000000000000000000e+00 2.358281851195534795e+00 3.205090435430241858e+00 1.592308539094851261e+00 0.000000000000000000e+00 4.697121590642110434e+00
1.994974874371859344e-02 4.799701040733537205e-01 3.802470655122029003e-02 4.366643354980794256e-01 5.644980954703042730e-01 4.111601665858835020e-01 2.028433410519120406e-01 0.000000000000000000e+00 5.994148460989134897e-01 2.131439632866598544e+00 1.081423358762976239e+00 0.000000000000000000e+00 3.159509650465630148e+00 4.337021872379867915e+00 2.111985089168235241e+00 0.000000000000000000e+00 6.287296390474084617e+00
2.492462311557788746e-02 5.210660249853686921e-01 4.936036210436538924e-02 4.636006879663414626e-01 6.102557537977687518e-01 5.197864464152630593e-01 2.530625996146445567e-01 0.000000000000000000e+00 7.533780403453355090e-01 2.703186401520188298e+00 1.342971713609298234e+00 0.000000000000000000e+00 3.960737449735724613e+00 5.467789502042672112e+00 2.631248918409010873e+00 0.000000000000000000e+00 7.865833117437837529e+00
2.989949748743718494e-02 5.549090574772462814e-01 4.862666366690619052e-02 4.890655245952348351e-01 6.349785182757674562e-01 6.284127262446425055e-01 3.033436792500418533e-01 0.000000000000000000e+00 9.073412345917576394e-01 3.274933170173778940e+00 1.604969292328531916e+00 0.000000000000000000e+00 4.761965249005819523e+00 6.597684136695109558e+00 3.150069713490023737e+00 0.000000000000000000e+00 9.435828034023213462e+00
3.487437185929648242e-02 5.850291326502123912e-01 3.308741264110877378e-02 5.249053950517275080e-01 6.445945603721924266e-01 7.368759583707167327e-01 3.535110239538356014e-01 0.000000000000000000e+00 1.059673951805126135e+00 3.846679938827367806e+00 1.867227007668525784e+00 0.000000000000000000e+00 5.563193048275913988e+00 7.599201676098223501e+00 3.573971249880000034e+00 0.000000000000000000e+00 1.100582295060858939e+01
3.984924623115577991e-02 6.164803041296422759e-01 4.308155780041699606e-02 5.199968777860671798e-01 6.750997265868144970e-01 8.452223051196481318e-01 4.035956732981847428e-01 0.000000000000000000e+00 1.210837815247067795e+00 4.417815270825864005e+00 2.129090766148709957e+00 0.000000000000000000e+00 6.358306480995066678e+00 8.479410430420569966e+00 3.339177807033808953e+00 2.245976043638507669e+00 1.257581786719396533e+01
4.482412060301507739e-02 6.480260329268674457e-01 4.160201519227561123e-02 5.660090126833787760e-01 7.039648211363543906e-01 9.497701342294038174e-01 4.504086643100211895e-01 0.000000000000000000e+00 1.359612253738202492e+00 4.988817865052888045e+00 2.390950891958756763e+00 0.000000000000000000e+00 7.152092535999495126e+00 9.104338456555645109e+00 2.601885213288980481e+00 5.664745526957204014e+00 1.414581278377933948e+01
4.979899497487437487e-02 6.669922147469528051e-01 4.409541062297839958e-02 5.883651689276515606e-01 7.224688259591981465e-01 1.042620276292209436e+00 4.896546431663771348e-01 0.000000000000000000e+00 1.512493888355620708e+00 5.559574899987556051e+00 2.652673383585060218e+00 0.000000000000000000e+00 7.945878591003924463e+00 9.410508474026896053e+00 1.964788111683535066e+00 6.349000547469390909e+00 1.369869218755769857e+01
5.477386934673367236e-02 6.806943628688031378e-01 4.959885875557877577e-02 5.952875053471856637e-01 7.484349903557300232e-01 1.142565112268553618e+00 5.150909962296811306e-01 7.844050125706432397e-02 1.664329405572892773e+00 6.081962343390536319e+00 2.875293420236626041e+00 0.000000000000000000e+00 8.739664646008352022e+00 9.525426935782050464e+00 1.729372679519113110e+00 7.033255567981577805e+00 1.279980887902004660e+01
5.974874371859296984e-02 6.878219972162412654e-01 4.541026001261431327e-02 6.089532850097418848e-01 7.583067228758285649e-01 1.239460168172135779e+00 4.790493073121303014e-01 3.820052411219022059e-01 1.815493269014834432e+00 6.518660867609389342e+00 3.056044324750862629e+00 0.000000000000000000e+00 9.533450701012780470e+00 9.769188280168744853e+00 1.774309906064998055e+00 7.406103510457837658e+00 1.333306230064350473e+01
6.472361809045226733e-02 7.027586220897668046e-01 4.439150561558749541e-02 6.275093228084691610e-01 7.755880327417985498e-01 1.340606615226309195e+00 4.583286246118474239e-01 6.855699809867400463e-01 1.966657132456775869e+00 6.900817715146724041e+00 2.831274104940151304e+00 1.351055534068361430e+00 1.032723675601720714e+01 1.008480359531050752e+01 2.000466419982049437e+00 7.480814269167380459e+00 1.444321635258943282e+01
6.969849246231155093e-02 7.185246456152147854e-01 3.884795141950402042e-02 6.563606696807726681e-01 7.810769575315938962e-01 1.388489002014061446e+00 3.957250117442349113e-01 8.520412524585253555e-01 2.117820995898717307e+00 7.235318839349626607e+00 2.394017376294225397e+00 3.214165982895707874e+00 1.112102281102163381e+01 1.020424653685392968e+01 2.150090932971324253e+00 7.517568264692228830e+00 1.555337040453535558e+01
7.467336683417084842e-02 7.246049437756492129e-01 4.203071484205238989e-02 6.617544497367835454e-01 8.093968324848332951e-01 1.421117769361187833e+00 3.643980255932949275e-01 9.172060826217625085e-01 2.268984859340658744e+00 7.504239318393357117e+00 1.992453931867881556e+00 4.779458546125573193e+00 1.145879270793264659e+01 1.007623347847824569e+01 1.917641690704732449e+00 7.510707038949865577e+00 1.462072218782671840e+01
7.964824120603014590e-02 7.329216264120234081e-01 4.466164933442279966e-02 6.731459221772336798e-01 8.339194630053223811e-01 1.441160600321366614e+00 3.636522951385073865e-01 9.823709127849996614e-01 2.360057126861125010e+00 7.650616474543336487e+00 1.615742907274850593e+00 5.125587606096974724e+00 1.100696225211668633e+01 9.751500020802840396e+00 1.552810071627610089e+00 7.472068804081397175e+00 1.256788859993848106e+01
8.462311557788944338e-02 7.397554071155448829e-01 4.464295454139489971e-02 6.697579946219993641e-01 8.212283095478983830e-01 1.451251599892417365e+00 3.341263061612068652e-01 1.047535742948236814e+00 2.253477993993017847e+00 7.722357865346052286e+00 1.421921488541334266e+00 5.471716666068376256e+00 1.055513179630072784e+01 9.579538637966054537e+00 1.811262112126995172e+00 7.414026372762715589e+00 1.320916576214466787e+01
8.959798994974874087e-02 7.538183503374868977e-01 4.624748186073975725e-02 6.899327381123311342e-01 8.461372204854868961e-01 1.451182860784283379e+00 3.011509524938281723e-01 1.103804253251040812e+00 2.146898861124911129e+00 7.772787842386624568e+00 1.357237117175094765e+00 5.817845726039777787e+00 1.010891665262347772e+01 9.421950412260878593e+00 1.777737829100097144e+00 7.330612398536829666e+00 1.254232306192711377e+01
9.457286432160803835e-02 7.663152044546341912e-01 4.748524435351891837e-02 6.951101282044299667e-01 8.629282518921982392e-01 1.455315071244380531e+00 2.710567147354605577e-01 1.126367239299630896e+00 2.040319728256804410e+00 7.925589811198723744e+00 1.430569961728959116e+00 5.981286100813371753e+00 1.067020815492842623e+01 9.287962328924766808e+00 1.492301116278988982e+00 7.454630067864269627e+00 1.205300755955647318e+01
9.954773869346733584e-02 7.705068982075020667e-01 4.707027769509554427e-02 7.058228940782772520e-01 8.735416858015865316e-01 1.481858542178248417e+00 2.836981130542550189e-01 1.135182858656554439e+00 2.138859545000155737e+00 8.059502255871100473e+00 1.538501301849011238e+00 6.014673744018288026e+00 1.123149965723337473e+01 9.229433260814294826e+00 1.275950793011424222e+00 7.472495180243478252e+00 1.153365466301605657e+01
1.045226130653266333e-01 7.779147717261214456e-01 4.898453386772027435e-02 7.104410444719545525e-01 8.860167568897181489e-01 1.495180078047525285e+00 3.054630930749257511e-01 1.135704524635103629e+00 2.245748537910309928e+00 8.230952122841680207e+00 1.656372781776195069e+00 6.034329956911168580e+00 1.179279115953832324e+01 9.201653413130907566e+00 1.139643066276973871e+00 7.559992529540867423e+00 1.099525059426794549e+01
1.094974874371859308e-01 7.832383828365222511e-01 4.762228329988495157e-02 7.173966567723139010e-01 8.927147526159577851e-01 1.515424552407079517e+00 3.246159128900614199e-01 1.136226190613652820e+00 2.352637530820463674e+00 8.328103589043468702e+00 1.730702448208422783e+00 6.053384952882349346e+00 1.235408266184327175e+01 9.168963154048075381e+00 1.171945109005564589e+00 7.726899863309826699e+00 1.151858223312973806e+01
1.144723618090452283e-01 7.952801130226603288e-01 4.821802706724486604e-02 7.272281987240689638e-01 9.078057903766739711e-01 1.529102410540601920e+00 3.509220734082222903e-01 1.133781229321785933e+00 2.459526523730618308e+00 8.338697029020162077e+00 1.814778157219953947e+00 6.069665280267964036e+00 1.282431966896487374e+01 9.022723028427810377e+00 9.184275151114733582e-01 7.721366544576455659e+00 1.059655075407226299e+01
1.194472361809045258e-01 7.996971891047381931e-01 4.505917743192663916e-02 7.331591512417144907e-01 9.057899287661366206e-01 1.529010613949662201e+00 3.879085874514023868e-01 1.127781370750807310e+00 2.566415516640772942e+00 8.159278553946917256e+00 1.433308891408748620e+00 6.045941121473004110e+00 1.124843099883426767e+01 8.919718162943672368e+00 8.552075267382086565e-01 7.831494155753522257e+00 1.057060771194935178e+01
1.244221105527638233e-01 8.040430773005354803e-01 4.763677926849606281e-02 7.281621266125557490e-01 9.164474438274632373e-01 1.520377334735441455e+00 4.291504329217066260e-01 1.116057169988020847e+00 2.672967684697165058e+00 7.943845817761237882e+00 1.216217204992946055e+00 6.022216962678044183e+00 9.926334708035174259e+00 8.826144221326639894e+00 7.581600826205666666e-01 7.840256719951153919e+00 1.040216366647650048e+01
1.293969849246231207e-01 8.124817192352496997e-01 4.949995241183574590e-02 7.374544290455511408e-01 9.348860942557902787e-01 1.455716816511846590e+00 3.519089321686958427e-01 1.093762744576169510e+00 2.301902210119119552e+00 7.869484593463130118e+00 1.340349650312201435e+00 5.986326786830966640e+00 1.032322773553738848e+01 8.846863962535238102e+00 7.218232799814651157e-01 8.008544830407549497e+00 1.041017049801706840e+01
1.343718592964824043e-01 8.209648590010022451e-01 4.639903905485186220e-02 7.466166963358559228e-01 9.369754225897461986e-01 1.423825055096012537e+00 3.032095961839330611e-01 1.068400426344277232e+00 2.041475610321978884e+00 7.778987335803021708e+00 1.452360854671981727e+00 5.948482089178972920e+00 1.053519835932765858e+01 8.772176082924930896e+00 7.026689403826442692e-01 7.866796393226207051e+00 1.028595007054563659e+01
1.393467336683417157e-01 8.273877252393363468e-01 4.554657390791443800e-02 7.583371893532292463e-01 9.411211889068449299e-01 1.435373149171483620e+00 3.224528671140391989e-01 1.071793641858564294e+00 2.117057542042950047e+00 7.664311389841944155e+00 1.445855651464998060e+00 5.897707341930441771e+00 1.021865512348765392e+01 8.890001253326815345e+00 6.840157750944985127e-01 7.933390581763328342e+00 9.981898262195947780e+00
1.443216080402010271e-01 8.325625194592948253e-01 4.479874160200555955e-02 7.717754972506124522e-01 9.511720792887399245e-01 1.434837953665368149e+00 3.153584017269784323e-01 1.085284391801493165e+00 2.139328030680675674e+00 7.586967091986801748e+00 1.390808976679337006e+00 5.906804446455023339e+00 9.956411295426480734e+00 9.014073014622491442e+00 6.676885764956975722e-01 8.035050245961107507e+00 1.018433061377963611e+01
1.492964824120603107e-01 8.380260413307588641e-01 4.343884913558040267e-02 7.730966845309757973e-01 9.513002505910280737e-01 1.418402961959422282e+00 2.654833385634733367e-01 1.100768869529239025e+00 2.008328697732536749e+00 7.489805004714210845e+00 1.256519600429018668e+00 5.971885243173916002e+00 9.731893125459331273e+00 8.986364474531345792e+00 6.763886760662402020e-01 8.063981792296599949e+00 1.037560613753832861e+01
1.542713567839196220e-01 8.466847619418237381e-01 4.026800133843778939e-02 7.834995546286110946e-01 9.489730763299879523e-01 1.398370423634051285e+00 2.160812948837417258e-01 1.126761080690461991e+00 1.857419793064869040e+00 7.467811664008219275e+00 1.125029697194222189e+00 6.034383519241854010e+00 9.586700314579822191e+00 8.965530942000809134e+00 6.973121011245032586e-01 7.894939822209249947e+00 9.937927091162167770e+00
1.592462311557789056e-01 8.521124545632694502e-01 3.616785458026506445e-02 7.917271152064894180e-01 9.359232341118057796e-01 1.389392691958445170e+00 1.756768862310029988e-01 1.137918493208539328e+00 1.709461059779662007e+00 7.442509178262407765e+00 1.036591436022137325e+00 5.988999228297587685e+00 9.313802599048205622e+00 8.930767862283714109e+00 7.279334821715225390e-01 7.701618540261042867e+00 1.004786975551577832e+01
1.642211055276382170e-01 8.587303085902279198e-01 3.673328407488218872e-02 8.019525555914165382e-01 9.498818166711484601e-01 1.377154792817940399e+00 1.710439157825560941e-01 1.149013251971159333e+00 1.663311467098536278e+00 7.407443751863938886e+00 9.525569582940421887e-01 5.972469201494005731e+00 8.815094716025255295e+00 8.969277014633950884e+00 7.233635557106942171e-01 7.813016855650237069e+00 1.002342459616856907e+01
1.691959798994975006e-01 8.674501400412010232e-01 3.663792140298371969e-02 8.098593395310627052e-01 9.529286883022934918e-01 1.369534319103377529e+00 1.801936785606143288e-01 1.132980620766345314e+00 1.713699421579183202e+00 7.396414315371299786e+00 9.510736516342120916e-01 6.036655455639595047e+00 8.998914637036733666e+00 9.031998043684332345e+00 6.688436571415664611e-01 8.049702494790190954e+00 1.009083610298363531e+01
1.741708542713567842e-01 8.726088833121815602e-01 3.507568446725335687e-02 8.232659563002870939e-01 9.577880107735802229e-01 1.368871681089644188e+00 1.869684213523664651e-01 1.112466619605678497e+00 1.751328257992127657e+00 7.397753331759595596e+00 9.554746827177318380e-01 6.180344529973688772e+00 9.263509988704877074e+00 8.975787590319329823e+00 7.105161372632291528e-01 8.078952216856313484e+00 1.024416346583853965e+01
1.791457286432160956e-01 8.786798341910861954e-01 3.534541575999186613e-02 8.295110226021157329e-01 9.676161915266733304e-01 1.356887273886812517e+00 1.623027756148290313e-01 1.131953831741686400e+00 1.611469047449268110e+00 7.261182595421058927e+00 7.923821911582958899e-01 6.137936645381684819e+00 8.523648085749321979e+00 8.883630542681883568e+00 6.173180973289879026e-01 8.018027465344459870e+00 9.695788363742691374e+00
1.841206030150753792e-01 8.855315835456953888e-01 3.531164045657903677e-02 8.334027672167538814e-01 9.723516129103305650e-01 1.340626350981432680e+00 1.419067097894880503e-01 1.139679824587908730e+00 1.572204889005606621e+00 7.204075109882526640e+00 8.057446260521082815e-01 6.125757740511819982e+00 8.578044047056973653e+00 8.854838015536733664e+00 6.064590003868649548e-01 7.959654889758495777e+00 9.574552749141838959e+00
1.890954773869346905e-01 8.881209826191346357e-01 3.351568171748032371e-02 8.325735876602597951e-01 9.668227518868941495e-01 1.337530405001268852e+00 1.289539880289460871e-01 1.149150743701063293e+00 1.520841144487414809e+00 7.170884934455932225e+00 7.174400861706109467e-01 6.270283812743272733e+00 8.556203164455343568e+00 8.798566546536763511e+00 6.825828552964159357e-01 7.888344240979384026e+00 9.680671242394417675e+00
1.940703517587939742e-01 8.941165741501351238e-01 3.396062284535198567e-02 8.445954616259221392e-01 9.773137267575719989e-01 1.328034512866096195e+00 1.144915987148709541e-01 1.175668305552223458e+00 1.501840469012425849e+00 7.090839280196620464e+00 6.695775230481842977e-01 6.193134837226468292e+00 8.438550177096928451e+00 8.733828057136348022e+00 6.391131636728133447e-01 7.943366228117165306e+00 9.783781281397454066e+00
1.990452261306532855e-01 8.975712143532014187e-01 3.445000835730771538e-02 8.421911916621619421e-01 9.778946221590050225e-01 1.326791239292890223e+00 1.045303161547844889e-01 1.186126358070691778e+00 1.487212800425113279e+00 7.102162803984983341e+00 6.294459231735680671e-01 6.228542596566561507e+00 8.374725187440837715e+00 8.765954177477846443e+00 5.767634816879035897e-01 7.914028671204472509e+00 9.518919002715719557e+00
2.040201005025125691e-01 9.039672279681376654e-01 3.140581427068430548e-02 8.511376024413933594e-01 9.744371265433646734e-01 1.321194800961265514e+00 9.012888741835335671e-02 1.196509946948012049e+00 1.461785695740403623e+00 7.084077566821115113e+00 6.009132986417144995e-01 6.384216849800615101e+00 8.367226813515561190e+00 8.732534012627018782e+00 4.893710222537961951e-01 7.931774924125654991e+00 9.293268106390545569e+00
2.089949748743718805e-01 9.087172584222166227e-01 3.120539719255849623e-02 8.542966701456817802e-01 9.797084899616979037e-01 1.309636274874518058e+00 9.813224751031604520e-02 1.159420784347225952e+00 1.449612783449380160e+00 7.080274320462166315e+00 5.815409343387664132e-01 6.417639368203029271e+00 8.376213431808047005e+00 8.719708083146326061e+00 4.092181076141604423e-01 8.118578685381315552e+00 9.235637616626570789e+00
2.139698492462311641e-01 9.154212416503366700e-01 2.936579645019147047e-02 8.663005758218539354e-01 9.800076588924823140e-01 1.320097741034410799e+00 9.652236893518749417e-02 1.175389267860354137e+00 1.453795926853846288e+00 7.005410435827276849e+00 5.913021131721168944e-01 6.233232124245319028e+00 8.198408941035529196e+00 8.729053871588572378e+00 4.168100550910862623e-01 8.078811401626900590e+00 9.349129830674360875e+00
2.189447236180904754e-01 9.202094133820256650e-01 2.786159687783601804e-02 8.733743230613697506e-01 9.720390199468410541e-01 1.337305671677920138e+00 1.065671968818442256e-01 1.176048843710964187e+00 1.487597194293614367e+00 7.071113043392029063e+00 5.517764951282927433e-01 6.337857249707467666e+00 8.008208564328114676e+00 8.732995982149471814e+00 3.845453596341728009e-01 8.004276131903692360e+00 9.233292592275764932e+00
2.239195979899497591e-01 9.256379704399094743e-01 2.754916420935831986e-02 8.802905865967974863e-01 9.764211516038601157e-01 1.342504780457336011e+00 1.060539259761910241e-01 1.202771091938502401e+00 1.520735731560844739e+00 7.127485119212288112e+00 5.608779911262609108e-01 6.315946803714275859e+00 7.989110992079013762e+00 8.704717929540271015e+00 3.780697465083006636e-01 7.960138959276629400e+00 9.199881384943306983e+00
2.288944723618090704e-01 9.283103649742185937e-01 2.926112336328134944e-02 8.800344875295418312e-01 9.820004747664721201e-01 1.349695803874632727e+00 9.844054383200898095e-02 1.205256986212496217e+00 1.512288173612298170e+00 7.178082448963481355e+00 6.056031918003386139e-01 6.376675350933893149e+00 8.166606949937142090e+00 8.667771923494335340e+00 4.197898392933241962e-01 7.789367735207550325e+00 9.173933510512750189e+00
2.338693467336683540e-01 9.339185165682046819e-01 2.909427153777423281e-02 8.854848363208424056e-01 9.913282016495778004e-01 1.343455945310081168e+00 9.241239960455772950e-02 1.192847413587383665e+00 1.478738773915379223e+00 7.160548079946781108e+00 5.838027774653767876e-01 6.368448411477549698e+00 8.287842270914199005e+00 8.646912867234515687e+00 4.926539423638430781e-01 7.653286233939087246e+00 9.298634040844635962e+00
2.388442211055276654e-01 9.371353365097631061e-01 2.882636277791086887e-02 8.865761029151268957e-01 9.926841872203195916e-01 1.349337785198589712e+00 9.880144766291401592e-02 1.193487226930301404e+00 1.481409010653517377e+00 7.098398026384299619e+00 5.772490326808831229e-01 6.307390242040655792e+00 8.036031975561146012e+00 8.626328674838347865e+00 4.893297826630244596e-01 7.701369773471242297e+00 9.278096776056115047e+00
2.438190954773869490e-01 9.393223549596101396e-01 3.143666306957651480e-02 8.846521479348182782e-01 9.991426191194783257e-01 1.341848075560302833e+00 1.182382595715781443e-01 1.143165042567858336e+00 1.512265205068559881e+00 7.101997535047883225e+00 6.196239403343571928e-01 6.109935136722770999e+00 7.941150774522808042e+00 8.610268940884711952e+00 4.361089742778468947e-01 7.733324721259678292e+00 9.131763797047794284e+00
2.487939698492462326e-01 9.428487617718925851e-01 3.313832222041553088e-02 8.827144735487401084e-01 1.003876066384642218e+00 1.350794787051281087e+00 1.240992590813456559e-01 1.143729977894783811e+00 1.516063265501585100e+00 7.084015746291423277e+00 5.892147466554988888e-01 6.087000301933066737e+00 7.929484083147295692e+00 8.566764997583419472e+00 4.649812468766446050e-01 7.662338402621078792e+00 9.189556407534293925e+00
2.537688442211055162e-01 9.482333794837416452e-01 3.392190063370219277e-02 8.915734781352890881e-01 1.011030936094763577e+00 1.352525330062572584e+00 1.220510470614432214e-01 1.162459492806281913e+00 1.542176788650111208e+00 7.073562379288910407e+00 5.960485511261272018e-01 6.104264034317637311e+00 7.891878171318849944e+00 8.489271356068430308e+00 4.753913971641642866e-01 7.601388690158909611e+00 9.126601060105970831e+00
2.587437185929647998e-01 9.521197776297196658e-01 3.305110760657941488e-02 8.998658889742928713e-01 1.016624636107885671e+00 1.350143527556339151e+00 1.131252286001625945e-01 1.185248302665256270e+00 1.512693217314002414e+00 7.135008994711542485e+00 5.781462495107070332e-01 6.223931784693368385e+00 7.849666908065348281e+00 8.419123147682311625e+00 4.423526932821447710e-01 7.599066041128151205e+00 9.129372968375928821e+00
2.637185929648241389e-01 9.571479936493405560e-01 3.357873302374136254e-02 8.982048505616785361e-01 1.023354072705249695e+00 1.363297746319645398e+00 1.043180323951390792e-01 1.204411817787526262e+00 1.514354663006876489e+00 7.176847736488883633e+00 5.515740196661772510e-01 6.340004968187508361e+00 7.952122858301226671e+00 8.335114966199144604e+00 4.520453573483512177e-01 7.629277245466576929e+00 9.080656235001683285e+00
2.686934673366834225e-01 9.590461926213500465e-01 3.393334711232974532e-02 9.025627723588947049e-01 1.027836907750526940e+00 1.356900270343193160e+00 1.064814638266398106e-01 1.216662578146508578e+00 1.542921947998812771e+00 7.108344158022904757e+00 5.917424321694657596e-01 6.367033737692842088e+00 8.102134322282136480e+00 8.247377623593250107e+00 4.064057133368031427e-01 7.689127784669008925e+00 8.938239368646096139e+00
2.736683417085427061e-01 9.625365371664393876e-01 3.446171776879169285e-02 9.012124455295479342e-01 1.030600168840962949e+00 1.354642733557352985e+00 1.125041136312886353e-01 1.224181529158918869e+00 1.566606942014730386e+00 7.076041519658387458e+00 5.410504719848103772e-01 6.370576364572004380e+00 7.929196183499380268e+00 8.170193714858784872e+00 3.494584573790073256e-01 7.604065225896501801e+00 8.733119038476164775e+00
2.786432160804020453e-01 9.658916225771868591e-01 3.404222483192529541e-02 9.066482305243120932e-01 1.034139407015036927e+00 1.337132532476318358e+00 1.108888845579800997e-01 1.182520067807015574e+00 1.505477911612859154e+00 7.032267723573047746e+00 5.002290578745159921e-01 6.323995243467198435e+00 7.624833461670529111e+00 8.134582322351585404e+00 3.233685376787603927e-01 7.653809286620497865e+00 8.749916633643300301e+00
2.836180904522613289e-01 9.693842405741154300e-01 3.360908140641782199e-02 9.100141468080900076e-01 1.036432104046569158e+00 1.325301457820131645e+00 1.108832340269294697e-01 1.177046945904697495e+00 1.477952018695370295e+00 7.008044195280483279e+00 5.047349657418844782e-01 6.302745807444261494e+00 7.640318532452130995e+00 8.068059719524692142e+00 3.204151211678130107e-01 7.537728669412516069e+00 8.652829931229380378e+00
2.885929648241206125e-01 9.732460663157741498e-01 3.291448159062276141e-02 9.145103710113141604e-01 1.041762775890528347e+00 1.310204192708994464e+00 1.068368244226420433e-01 1.176085689602048179e+00 1.441619813968675556e+00 6.934214014892718936e+00 5.114512332114321547e-01 6.287206040937032725e+00 7.516986693907823813e+00 7.961581836436924853e+00 2.968655634031301949e-01 7.411624261225894905e+00 8.492840106014844181e+00
2.935678391959798961e-01 9.761807290752330113e-01 3.078473437721538850e-02 9.212814619011625572e-01 1.041067245387722551e+00 1.308665048767416739e+00 1.090766672315812563e-01 1.181508671119116727e+00 1.447046685457829662e+00 6.911784306951533452e+00 5.515856633699955935e-01 6.200416998296458537e+00 7.598677711078557273e+00 7.901829028798426080e+00 2.990270803170581582e-01 7.346297459276087238e+00 8.457343717505578340e+00
2.985427135678392352e-01 9.787898876830644079e-01 2.981688385976036249e-02 9.256215753444672067e-01 1.043433493445771854e+00 1.299089220889023011e+00 9.801565428286349024e-02 1.179046724531304768e+00 1.446650615748528157e+00 6.898909373278020674e+00 5.670708858792855578e-01 6.220897202039685325e+00 7.727446812995157899e+00 7.866828400057755744e+00 2.765485432431056823e-01 7.356376443258174191e+00 8.295216949513610771e+00
3.035175879396985188e-01 9.808999647644551789e-01 2.845285016707947701e-02 9.288242883142991957e-01 1.041653219132710584e+00 1.292674530220579099e+00 9.123704023644566008e-02 1.178799430077060562e+00 1.406421507954839001e+00 6.893205978404095546e+00 5.118472845596272469e-01 6.254214251862081575e+00 7.674973497597583183e+00 7.845957849277658269e+00 2.877586540578984664e-01 7.351732401262759176e+00 8.249809235994053580e+00
3.084924623115578024e-01 9.853363036022146915e-01 2.904315390261519997e-02 9.353819438226552707e-01 1.049461771334879723e+00 1.294547423450776114e+00 8.301824711036157045e-02 1.180973485289534608e+00 1.414042126189612558e+00 6.895176905648163768e+00 4.801167731693934959e-01 6.251295939605806318e+00 7.506399529147496530e+00 7.746160537851596750e+00 2.769726591384593650e-01 7.297106484983247654e+00 8.257589412330890610e+00
3.134673366834170860e-01 9.896709306997939493e-01 2.855429267105905056e-02 9.378827221799204139e-01 1.049077244947734799e+00 1.298094816733635470e+00 7.640015151576805275e-02 1.185247909357497020e+00 1.400773417125254605e+00 6.899747794533442224e+00 4.805390051532770768e-01 6.252067438279826916e+00 7.540277038826419975e+00 7.653309269903469492e+00 2.527240425515783206e-01 7.312786213675560809e+00 8.105151917397627415e+00
3.184422110552764251e-01 9.921152625300692085e-01 2.761549522129050707e-02 9.380765879105450455e-01 1.046208548704114616e+00 1.289653653559549529e+00 6.907981785641316430e-02 1.191035010675751016e+00 1.388377501059547603e+00 6.870980661356377084e+00 4.046072508119314959e-01 6.254318730478709121e+00 7.397365134760063299e+00 7.588808602538088977e+00 2.537020128662136886e-01 7.233826767435107996e+00 8.012131718127752933e+00
3.234170854271357087e-01 9.958421654406345302e-01 2.789722041954915271e-02 9.396254753930002313e-01 1.048468519099987617e+00 1.284883989932185333e+00 5.859598332103938684e-02 1.209641996009015452e+00 1.376080167961985179e+00 6.850236337422027866e+00 3.773977685621364708e-01 6.352027039507806450e+00 7.441362934999242285e+00 7.545261984385499332e+00 2.324924600413442177e-01 7.177930630758637243e+00 7.874526451709063402e+00
3.283919597989949923e-01 9.992255666786565849e-01 2.832530155897693136e-02 9.404332332163647390e-01 1.051779418816559453e+00 1.287507761026249531e+00 6.695233514314935519e-02 1.185619581061839067e+00 1.397247342702233386e+00 6.840401806826541531e+00 3.749854573223216359e-01 6.338593087993076303e+00 7.343208663016881133e+00 7.493628697825923446e+00 2.407652914466250627e-01 7.100989031664179052e+00 7.789722924485308120e+00
3.333668341708542759e-01 1.002011159856790012e+00 2.821498707052581129e-02 9.465649827791090543e-01 1.058937439116621304e+00 1.287024313620073634e+00 6.704205492457321336e-02 1.193773701962900224e+00 1.403400117708990757e+00 6.848387794036651322e+00 3.303418572045995205e-01 6.338999832751678554e+00 7.306439674018872843e+00 7.447697921868519089e+00 2.024245788509134170e-01 7.109130088980839979e+00 7.721263132741071900e+00
3.383417085427135595e-01 1.004613076793322346e+00 2.714707889449209655e-02 9.470608844917987046e-01 1.057249763019067146e+00 1.289342087210276322e+00 7.131548080457957017e-02 1.179682524781850539e+00 1.412158577015598659e+00 6.830697287134876561e+00 3.176377984555489586e-01 6.362248627978487114e+00 7.295952820886125068e+00 7.397788476931265400e+00 1.923908928327976164e-01 7.036233032390190267e+00 7.666035060009332547e+00
3.433165829145728987e-01 1.006615917038156782e+00 2.766634421693684592e-02 9.472272982176069833e-01 1.057878381184884198e+00 1.285751555015863135e+00 7.185767955578419020e-02 1.187526596973947246e+00 1.410952479742676458e+00 6.788323551706634262e+00 3.070546722907208648e-01 6.283611589280016396e+00 7.212705335651963701e+00 7.318646318288072550e+00 1.785110548222987592e-01 7.037769471468987348e+00 7.567178504332354727e+00
3.482914572864321823e-01 1.009301588639870628e+00 2.708362378928673084e-02 9.494885642218099386e-01 1.054185785274697196e+00 1.276162930992728040e+00 7.354503202772347259e-02 1.168312958238530097e+00 1.377646363646829464e+00 6.765843750456400407e+00 3.137028576938187818e-01 6.229065896586119422e+00 7.200021822049517795e+00 7.241809659393460663e+00 1.852885517733909859e-01 6.993755957996154571e+00 7.513669080447650472e+00
3.532663316582914659e-01 1.012105536870983480e+00 2.571470299167879364e-02 9.546865418083845256e-01 1.053333867608670316e+00 1.274817380411166878e+00 7.231680593939454615e-02 1.153396732135310909e+00 1.365359251352100234e+00 6.735921513819121742e+00 3.493919732914740894e-01 6.187063157488967846e+00 7.217032781955295739e+00 7.178997531017225597e+00 2.038762274337088953e-01 6.864719003983061896e+00 7.448938136756786399e+00
3.582412060301507495e-01 1.014785755816193680e+00 2.655592789248060331e-02 9.563826633052112669e-01 1.057741165085764878e+00 1.274515296617843241e+00 7.789725714134211609e-02 1.128755628476380890e+00 1.371422051902442041e+00 6.708002775134926488e+00 4.015299014589532867e-01 6.010665826145620727e+00 7.308954914466924357e+00 7.122297779334067158e+00 2.168815689213457187e-01 6.758650397945831223e+00 7.390668750288079458e+00
3.632160804020100886e-01 1.016459879752130480e+00 2.608938335209748036e-02 9.594248101318718636e-01 1.060354650729553594e+00 1.271395853184464242e+00 7.949189495470691813e-02 1.139962869506158771e+00 1.368907976342284893e+00 6.707352851597796928e+00 4.153557987505954729e-01 6.009591335544761215e+00 7.301568091946299965e+00 7.078775955102945439e+00 1.997621309224156538e-01 6.742675732073139194e+00 7.357803172215064968e+00
3.681909547738693722e-01 1.018819849141238798e+00 2.711670705475084653e-02 9.603220691487899252e-01 1.062603731082318204e+00 1.269098914868913131e+00 7.548604188703510187e-02 1.146962171668342911e+00 1.374182046046054317e+00 6.713429455723165518e+00 4.204240721768237043e-01 6.027436717445049830e+00 7.339459094926993998e+00 6.995857574562288406e+00 2.061780328363172210e-01 6.664267964620712803e+00 7.293043351653886397e+00
3.731658291457286558e-01 1.020949720113240922e+00 2.778870074478417482e-02 9.603852091884552689e-01 1.067962373395357600e+00 1.257884852726421920e+00 7.939966889930884231e-02 1.139593952947782096e+00 1.365033117302351107e+00 6.668171224107295458e+00 4.108620936173592031e-01 5.984193362223468426e+00 7.329110129798783291e+00 6.907143804841561874e+00 1.832631604656902169e-01 6.635332945465741261e+00 7.165431112033523675e+00
3.781407035175879394e-01 1.024122596196639368e+00 2.856485440322631408e-02 9.639808311931377105e-01 1.074359889600258855e+00 1.255268579586831024e+00 8.600925127454084329e-02 1.126685287109562505e+00 1.363609814517667385e+00 6.665443912493405954e+00 4.018382865440469076e-01 6.038382512588833961e+00 7.272879265402554694e+00 6.840450462268302445e+00 1.881671333839604332e-01 6.559270767625901222e+00 7.118957429967685435e+00
3.831155778894472785e-01 1.027251726889123251e+00 2.786217365194540094e-02 9.685657020226918767e-01 1.077944498051266464e+00 1.248503799922915825e+00 8.569534459526584325e-02 1.122884412279123945e+00 1.367394585011014740e+00 6.598209409875789966e+00 4.148552560102434783e-01 5.965632671855235714e+00 7.223662665847834674e+00 6.770144603695557706e+00 1.781382081493187719e-01 6.499918180336647922e+00 7.003865657805383726e+00
3.880904522613065621e-01 1.031040263596354256e+00 2.893128557263606807e-02 9.718976154703197201e-01 1.086479878262085697e+00 1.245175923644055827e+00 8.689576950438063219e-02 1.117982495952425381e+00 1.380185286394058242e+00 6.579606867855448016e+00 4.189236893330500200e-01 5.904157887239623648e+00 7.247577620180891245e+00 6.713401950957980091e+00 1.756282787189777650e-01 6.419458485732095987e+00 6.965477365331859794e+00
3.930653266331658457e-01 1.032130648502422421e+00 2.686890508370237685e-02 9.782550905289864041e-01 1.082709794824026073e+00 1.240072963860920030e+00 8.703753524441705525e-02 1.118431799398248661e+00 1.361084967682070435e+00 6.543409473876023341e+00 3.948612403411249083e-01 5.899930018944418819e+00 7.101315053199191318e+00 6.658970100015304538e+00 1.666536891680304167e-01 6.371787128436889880e+00 6.892012951195876980e+00
3.980402010050251294e-01 1.033619265715922220e+00 2.647506701443275851e-02 9.814130656450560375e-01 1.084353693972205379e+00 1.231579617469575672e+00 8.902557431768345908e-02 1.107536355476477663e+00 1.360752861065305463e+00 6.448201124684757701e+00 4.253168938461495685e-01 5.871585007773034270e+00 7.145534791361533244e+00 6.604552993894735380e+00 1.658321534879589887e-01 6.322041564460204377e+00 6.821012781196632346e+00
4.030150753768844685e-01 1.034463015401237529e+00 2.554459695520840123e-02 9.847963409963577108e-01 1.084627302137244564e+00 1.225178758803308954e+00 9.395548270052864193e-02 1.104166587381209652e+00 1.365400703597975829e+00 6.424506651319343398e+00 4.082258378729389792e-01 5.894801129644232418e+00 7.101264884416062628e+00 6.539952679606249930e+00 1.730708468698768931e-01 6.250823689124006322e+00 6.759830228892468540e+00
4.079899497487437521e-01 1.036609852557170530e+00 2.637874234211949956e-02 9.874371474366072654e-01 1.087168058664818471e+00 1.204237446604845330e+00 8.249891423020334902e-02 1.101177466048473441e+00 1.352619633058806503e+00 6.375886684877172250e+00 3.751449969448689137e-01 5.918043141029341925e+00 7.034154148503304782e+00 6.479964074738987279e+00 1.611769147247815448e-01 6.187591652051520619e+00 6.693676678443418737e+00
4.129648241206030357e-01 1.038781646594677088e+00 2.620913791299387882e-02 9.935116139437983884e-01 1.093297520859564553e+00 1.198021956389272891e+00 7.970545401194192858e-02 1.105154399183552849e+00 1.343982510783035433e+00 6.355556439464573160e+00 3.275704942406287845e-01 5.965604972421886032e+00 6.919233541822649158e+00 6.418998290982678157e+00 1.836449529284745197e-01 6.083070444292468792e+00 6.676774377171688535e+00
4.179396984924623193e-01 1.041286989248872530e+00 2.557944261258350907e-02 9.944522763715746283e-01 1.095391410004837862e+00 1.194221770120682979e+00 7.139379900029024784e-02 1.109542244508319619e+00 1.316855177730124726e+00 6.304252821311780330e+00 3.118819074170588457e-01 5.917429759215932172e+00 6.915020910034002100e+00 6.360957310524595343e+00 1.905088617873356982e-01 6.038604297946155164e+00 6.594771576384123257e+00
4.229145728643216029e-01 1.042634564058700253e+00 2.468904273595757051e-02 9.994349133269466723e-01 1.096417621662675312e+00 1.189555721401839072e+00 6.847496806899104616e-02 1.097888489093822750e+00 1.290624811519650361e+00 6.271954906955479636e+00 2.913801505259995261e-01 5.895740358707101336e+00 6.781978364728347586e+00 6.300393017813303409e+00 1.779935521948566302e-01 6.002022783493177194e+00 6.481654090940033974e+00
4.278894472361809420e-01 1.044516278506661289e+00 2.404961615559801646e-02 1.001718481274435524e+00 1.094177086860181447e+00 1.173470494982266299e+00 6.367364794000214545e-02 1.079725702326585379e+00 1.287399788083676277e+00 6.242369036804313431e+00 2.938277733840645167e-01 5.833008901732953611e+00 6.727199550162905162e+00 6.238641969752102945e+00 1.696558169425048113e-01 5.968846343502752561e+00 6.438910768489611414e+00
4.328643216080402256e-01 1.047303601513664750e+00 2.407492964924717524e-02 1.003687232202845836e+00 1.096334581202450753e+00 1.164450745732070081e+00 5.936004617532188860e-02 1.087553545147561751e+00 1.274358006301788748e+00 6.191048496810008572e+00 2.770565957764284382e-01 5.816524765758530613e+00 6.636437958979917617e+00 6.192553714238291818e+00 1.593144312942175733e-01 5.956279198809257380e+00 6.369260375519054662e+00
4.378391959798995092e-01 1.050104703155324781e+00 2.391711934902952461e-02 1.006451865282718794e+00 1.099504943783724764e+00 1.152286085530877413e+00 6.048373799951760332e-02 1.071632233233666964e+00 1.268003269862436611e+00 6.109320276271322570e+00 2.676906208584954316e-01 5.690653245452605979e+00 6.514589640625260358e+00 6.161978538380198600e+00 1.539767110868681954e-01 5.925991097401865915e+00 6.326617468484376339e+00
4.428140703517587928e-01 1.052375151153778887e+00 2.350139670806367098e-02 1.011000987456014411e+00 1.103080461172137650e+00 1.138767352632329644e+00 5.478328711267683310e-02 1.069350008971450938e+00 1.254695547355229701e+00 6.074958642247933582e+00 2.590472878788953603e-01 5.712116331062082608e+00 6.535587006286541545e+00 6.100869949328354025e+00 1.443832563054859852e-01 5.889566674301803140e+00 6.286074896000554801e+00
4.477889447236181319e-01 1.053941970248870152e+00 2.312618112416641586e-02 1.012644667316515701e+00 1.102927517483838438e+00 1.133645171833897125e+00 5.321651863749241734e-02 1.048525627956214290e+00 1.231854223353504363e+00 6.041325051282873559e+00 2.653594431781279295e-01 5.639977446961825791e+00 6.492473670199065516e+00 6.045443953839165552e+00 1.536435899386515980e-01 5.816769303806290203e+00 6.227100584093779645e+00
4.527638190954774156e-01 1.057129631930475044e+00 2.192195365335228990e-02 1.018210778409562423e+00 1.104304927782129520e+00 1.120053406870851198e+00 5.306406179672101125e-02 1.031879151279572193e+00 1.209512902906889842e+00 6.018642335467729865e+00 2.385585091089654497e-01 5.629676097613790731e+00 6.385399540110594963e+00 6.005916687011297661e+00 1.530354799903315965e-01 5.784441775405151809e+00 6.180265666009605141e+00
4.577386934673366992e-01 1.059398384237200785e+00 2.128706281273638062e-02 1.021953944675331627e+00 1.105618857774393282e+00 1.114984214688768960e+00 5.323558380044533800e-02 1.030974198347537563e+00 1.197256146862140325e+00 5.989796936878698297e+00 2.567936040147398291e-01 5.618179623182081528e+00 6.365520256078749384e+00 5.965377668767655628e+00 1.430095316393972804e-01 5.734245093486229017e+00 6.105174455637050634e+00
4.627135678391959828e-01 1.061074221793167016e+00 2.092158693150825838e-02 1.027106811629359351e+00 1.108258354194569417e+00 1.102342176209904379e+00 4.927768510364772397e-02 1.034066304394819058e+00 1.204337151442423925e+00 5.951086535107696029e+00 2.633431172608282078e-01 5.581032567015066448e+00 6.353212215915354122e+00 5.910379439576084692e+00 1.327379518144529147e-01 5.711874620435231087e+00 6.063374116337188369e+00
4.676884422110553219e-01 1.062442829419111279e+00 2.188184216406826796e-02 1.027178590344080877e+00 1.112630988293547896e+00 1.100184680659931358e+00 5.206218023589016114e-02 1.031390028467650488e+00 1.209714703131089530e+00 5.902563179712979391e+00 2.645973516229373490e-01 5.593298321161303654e+00 6.306871268416037069e+00 5.867380040156695564e+00 1.307091309457398820e-01 5.678740966972155135e+00 6.049733020709613385e+00
4.726633165829146055e-01 1.064600497180541394e+00 2.202518969995274911e-02 1.029241000219422553e+00 1.115694496295334348e+00 1.093281619121399206e+00 4.393180292894232480e-02 1.033806142792646598e+00 1.180556849224217553e+00 5.840576257640280211e+00 2.360918560961470236e-01 5.575036306883578874e+00 6.219845702269126697e+00 5.821547907232226038e+00 1.274325683045627322e-01 5.610651862732891182e+00 6.000391543447445741e+00
4.776381909547738891e-01 1.066057573445549966e+00 2.107853434927850489e-02 1.031914693302602437e+00 1.114191688696650973e+00 1.083211516529808405e+00 4.063256673583612311e-02 1.031412319738885364e+00 1.158284069959132356e+00 5.784278995281925795e+00 2.256811897461058480e-01 5.543569409758847044e+00 6.161144843678998839e+00 5.769850314418164317e+00 1.124098616284124469e-01 5.566577763476911578e+00 5.929663508957174756e+00
4.826130653266331727e-01 1.066390095256473325e+00 2.007938993716367609e-02 1.034831312888452093e+00 1.109765037772097784e+00 1.074286593133163992e+00 3.622680871116654155e-02 1.031785107597730677e+00 1.141623678027929634e+00 5.753486181480025330e+00 2.300437711939109509e-01 5.472525913800018849e+00 6.106914781539193093e+00 5.718936691261822247e+00 1.036104700251916227e-01 5.523990628612871490e+00 5.856583129514395303e+00
4.875879396984924563e-01 1.067359650400484750e+00 1.983633000464378113e-02 1.036168914660662299e+00 1.108993377519794210e+00 1.066492254202630496e+00 3.471105846754656693e-02 1.028139663767193790e+00 1.134135649567583171e+00 5.738684705123497487e+00 2.356543994867077996e-01 5.460422944888713381e+00 6.150555058094668404e+00 5.675119606591779942e+00 9.768229691196650410e-02 5.485924409272638691e+00 5.809911718111751888e+00
4.925628140703517954e-01 1.069356157120361583e+00 1.970368015219616312e-02 1.038375204857685974e+00 1.113832712992997687e+00 1.058132952785953318e+00 3.647349287202644730e-02 1.022117307062289537e+00 1.131379909054375466e+00 5.703738018934414455e+00 2.059456819800769833e-01 5.454569696356826647e+00 6.032446913905125108e+00 5.641884056779718826e+00 1.000853190912389251e-01 5.462303947305730212e+00 5.785566740618206083e+00
4.975376884422110790e-01 1.071040799811644240e+00 2.032413347251817159e-02 1.038663099742060947e+00 1.117290352059779890e+00 1.046831891430651806e+00 3.518398637854216332e-02 1.011174773056760401e+00 1.128306010790615099e+00 5.673761277966383076e+00 2.127422395000281574e-01 5.389115159240823516e+00 6.018284399307212595e+00 5.596529750814635662e+00 1.026830496845966417e-01 5.426633906476581615e+00 5.737212121318884250e+00
5.025125628140703071e-01 1.072007145242212633e+00 2.067010779405029086e-02 1.040041203532460878e+00 1.118907059486432320e+00 1.033408502510110960e+00 3.300496259706851149e-02 9.961309559475658437e-01 1.094394539463396709e+00 5.640934336370592384e+00 1.923830691985907171e-01 5.381356741016914746e+00 5.976294877378075299e+00 5.558275063481710632e+00 9.589403422302203439e-02 5.418231203274883612e+00 5.722893202944522528e+00
5.074874371859295907e-01 1.073397466622882268e+00 2.162213755906618878e-02 1.040338713655189373e+00 1.122389851268055683e+00 1.023875882763314538e+00 3.977907442669256083e-02 9.701667914132572346e-01 1.098646679841433604e+00 5.583873563795382466e+00 1.805422515292434416e-01 5.358831176628339854e+00 5.859087165734126579e+00 5.509676503627519928e+00 1.092814834818230385e-01 5.349852586682351863e+00 5.691112094156813406e+00
5.124623115577889854e-01 1.075065868713597217e+00 2.099343488515719933e-02 1.044957230026909434e+00 1.122751024223958449e+00 1.016055507241360401e+00 3.646216298460724925e-02 9.622468570443241109e-01 1.081508283842698814e+00 5.535680192535172850e+00 1.852892480266855324e-01 5.289131048507649702e+00 5.852735413526432673e+00 5.476034310396054039e+00 1.122431415581568448e-01 5.326603106181027947e+00 5.655890436576066271e+00
5.174371859296482690e-01 1.077088721019569650e+00 2.005511168288282020e-02 1.049242495920724494e+00 1.124560205852616512e+00 1.006069838837850616e+00 3.825646266904805803e-02 9.515871819742000026e-01 1.057614422004435228e+00 5.474757210842343902e+00 2.016768240304262771e-01 5.221664675518978171e+00 5.823458092805347874e+00 5.454965567450038577e+00 1.185436281685118415e-01 5.302950474379097834e+00 5.639450967153289085e+00
5.224120603015075526e-01 1.077877078434742009e+00 2.062822198338309584e-02 1.049660586082358016e+00 1.126710285065055217e+00 1.001105896282724839e+00 3.734394478942713869e-02 9.534412251313056919e-01 1.052306745458924109e+00 5.434128705738576315e+00 1.863685590176611118e-01 5.199576588584483794e+00 5.777702155642033155e+00 5.417432862191416731e+00 1.154793351779080102e-01 5.239993001191852962e+00 5.600959653512201264e+00
5.273869346733668362e-01 1.079915444958238435e+00 2.013167861569395076e-02 1.049860186498355663e+00 1.125768472215689764e+00 9.960216036794229399e-01 3.873883647103181643e-02 9.454015611810362429e-01 1.044192698048183043e+00 5.397694317494215355e+00 1.811850230132555084e-01 5.149855967149644442e+00 5.686285431876679120e+00 5.376137592761073059e+00 1.154280124691620252e-01 5.208451647934639439e+00 5.557293527007485245e+00
5.323618090452261198e-01 1.081479950170707527e+00 1.994132513059259162e-02 1.053213939514236808e+00 1.124431590590350361e+00 9.801092788976297765e-01 3.935558465854598065e-02 9.282768733939363859e-01 1.042723410621964497e+00 5.364870484724425737e+00 1.865729236825562909e-01 5.103737797179706881e+00 5.665854033071780371e+00 5.340365221844523447e+00 1.125384343033491719e-01 5.159743967260078890e+00 5.513197024110885636e+00
5.373366834170854034e-01 1.082898670855452439e+00 2.020038741165923815e-02 1.050933529168502467e+00 1.126272212607941858e+00 9.729048610449708701e-01 4.067018976829142596e-02 9.053666151983433830e-01 1.036551035529812648e+00 5.322878021452078556e+00 1.834491173035469047e-01 5.069729884844911716e+00 5.604797272160753963e+00 5.300419080218709666e+00 1.109393100717888103e-01 5.121437731776890878e+00 5.458847147038433434e+00
5.423115577889447980e-01 1.083816168380671074e+00 1.934404412034819096e-02 1.051625103003048345e+00 1.126414953196204882e+00 9.596096360076573628e-01 3.556221815779120332e-02 8.982341336436743262e-01 1.010605641603274263e+00 5.271144093607299297e+00 2.017541174339917975e-01 5.029494662795429782e+00 5.572110582401864853e+00 5.256585259915004471e+00 1.080373482527709622e-01 5.104405876460456071e+00 5.417927969828054913e+00
5.472864321608040816e-01 1.085263632534696487e+00 1.885332547704043904e-02 1.053180059170614191e+00 1.126235396000173861e+00 9.501297788432718772e-01 3.453354325825572224e-02 8.936140717247103016e-01 1.004038322423961072e+00 5.214446176761249774e+00 1.974701641515345663e-01 4.943055584772532818e+00 5.515937382431316038e+00 5.223348417275435196e+00 1.076403827089454784e-01 5.062771237130577973e+00 5.374531216348360729e+00
5.522613065326633652e-01 1.086215286992353368e+00 1.826090376632447457e-02 1.053574866971101809e+00 1.124474110369704238e+00 9.356158477955386354e-01 3.148139100732766371e-02 8.870254831949492269e-01 9.922645236406489877e-01 5.166235985668141240e+00 2.007278700616256517e-01 4.857939776717291380e+00 5.518180125411108250e+00 5.186073749103618624e+00 1.128275701496202765e-01 5.037004157025146256e+00 5.342880276738185330e+00
5.572361809045226488e-01 1.087026567119477871e+00 1.716886162975590421e-02 1.053087943372029489e+00 1.121683303947291099e+00 9.291470137126086604e-01 3.599058766916658075e-02 8.698573042162094371e-01 9.942742063265118668e-01 5.112670068562625403e+00 1.768623960437261111e-01 4.865051260406167088e+00 5.451547941161064337e+00 5.141998584384009696e+00 1.106741208483884992e-01 5.008233145641358242e+00 5.293261235727210412e+00
5.622110552763819324e-01 1.089009371723038688e+00 1.696275619937130663e-02 1.056122329931971748e+00 1.124162169892636287e+00 9.173905225292303678e-01 3.847460440896347672e-02 8.530769037627974338e-01 9.862899749822500173e-01 5.072003622579469351e+00 1.828800662733346127e-01 4.823382334173273556e+00 5.429244557485409572e+00 5.093810604141184584e+00 1.053645982591227132e-01 4.958542497104411417e+00 5.232237661358271730e+00
5.671859296482412161e-01 1.090756307881660225e+00 1.716615395418210829e-02 1.056950953657009418e+00 1.126713238912076864e+00 9.105532832341614036e-01 4.070305530999301230e-02 8.427176644497619273e-01 9.859240396956445718e-01 5.029955730064016528e+00 1.760790988197709073e-01 4.796470707575792858e+00 5.332741739491548394e+00 5.054557432904089431e+00 1.076344442940148638e-01 4.920210294213770652e+00 5.221596478709663813e+00
5.721608040201004997e-01 1.091182678112850413e+00 1.752109258197767291e-02 1.057527992639428982e+00 1.127663471609179124e+00 9.033372403371883186e-01 4.096931046645935909e-02 8.334531391315195270e-01 9.774656536614820812e-01 4.981137231945042210e+00 1.684246218769626657e-01 4.791661578156441337e+00 5.309114273165002729e+00 5.014899921517514514e+00 1.014179504591160436e-01 4.895897231792922355e+00 5.151276002047863400e+00
5.771356783919597833e-01 1.090477952868692757e+00 1.770457187939599233e-02 1.056884953893043155e+00 1.127668912473663188e+00 8.977827387746307730e-01 3.990041496680484662e-02 8.300573734732162867e-01 9.648451597596074958e-01 4.942259796986396836e+00 1.685956261149741398e-01 4.723973706827924168e+00 5.265613358910101738e+00 4.971197450248621585e+00 9.714531242405417821e-02 4.854876820886110167e+00 5.106819352693333869e+00
5.821105527638190669e-01 1.090779634296615175e+00 1.763340981041377348e-02 1.058177098871295518e+00 1.128348142036197377e+00 8.869850831395696966e-01 3.839378815056912475e-02 8.239384261413038590e-01 9.452552658354348436e-01 4.908877946977098006e+00 1.724268502833781191e-01 4.687484067170121449e+00 5.243155932036114741e+00 4.929189233106860080e+00 9.082762376891258260e-02 4.811229499579454227e+00 5.066266386881904893e+00
5.870854271356784615e-01 1.091598917436384930e+00 1.696470163947226203e-02 1.059632380221918524e+00 1.126921985511883051e+00 8.807545835073711249e-01 3.695720228647880051e-02 8.244748127068983745e-01 9.404695168794646731e-01 4.860135318916899649e+00 1.720440729365058929e-01 4.615024800032483832e+00 5.164457385593743233e+00 4.893534625486091194e+00 8.771087722863547820e-02 4.782034843646241207e+00 5.026070318614142884e+00
5.920603015075377451e-01 1.091767642573307828e+00 1.620872889162828026e-02 1.061775805066857981e+00 1.126605396117210223e+00 8.733356984119768907e-01 3.688609327408407662e-02 8.165734502967930686e-01 9.300284824825073571e-01 4.817072028777345416e+00 1.612815930240873163e-01 4.605516002480424476e+00 5.093403326456172664e+00 4.850907923127662613e+00 8.400131664536608644e-02 4.743258494712097928e+00 4.989684280916475423e+00
5.970351758793970287e-01 1.091835803682989381e+00 1.547945751094608260e-02 1.060940066691010264e+00 1.122141333334839119e+00 8.639904286783028908e-01 3.645733940521862088e-02 8.055227453021173156e-01 9.186148903061511772e-01 4.765680745510971761e+00 1.600948204839066358e-01 4.562238884470820821e+00 5.048894168220785517e+00 4.816820114859969415e+00 7.545176443361491236e-02 4.710381213118899346e+00 4.931124675318121930e+00
6.020100502512563123e-01 1.091551799325064298e+00 1.442485900740988515e-02 1.064910943027939538e+00 1.121499337909739102e+00 8.558236290361419529e-01 3.631311719747559730e-02 7.995197681449748295e-01 9.115141301167030141e-01 4.713252746107175817e+00 1.684698601525893846e-01 4.503180864649023896e+00 5.007078852090567800e+00 4.789043347671578132e+00 7.180303433248173828e-02 4.683997841904534276e+00 4.892996097023678104e+00
6.069849246231155959e-01 1.091739713381296495e+00 1.422089083293986284e-02 1.066741911803649634e+00 1.121934472777220249e+00 8.521862826723507478e-01 3.673222464925427616e-02 7.969890354578289537e-01 9.118954880910983274e-01 4.668408016922512616e+00 1.753495344586345206e-01 4.467353534912906987e+00 4.952493116889166380e+00 4.753435558381871928e+00 7.409733639515597714e-02 4.655774020095198473e+00 4.863799535664151463e+00
6.119597989949748795e-01 1.091440645653491970e+00 1.349382875164170485e-02 1.066791424219178719e+00 1.119357055093859632e+00 8.465719654652484882e-01 3.372577089873961265e-02 7.894185906136251818e-01 9.018255742463686664e-01 4.622043637660790516e+00 1.793903808785267673e-01 4.378949179243530665e+00 4.912987875800156168e+00 4.716946490727236707e+00 7.283340509176654265e-02 4.624382414428342969e+00 4.827100294013579429e+00
6.169346733668341631e-01 1.091250393716856282e+00 1.459048744286326957e-02 1.066137773060009009e+00 1.122891544183445722e+00 8.396027960393391831e-01 3.285151142746379344e-02 7.795101789612142174e-01 8.862699144532850681e-01 4.586556979652845811e+00 1.771447690021986376e-01 4.346121304843272526e+00 4.887924950790458745e+00 4.686191609143766534e+00 7.065933222955630977e-02 4.592889998375309091e+00 4.809914406426678113e+00
6.219095477386934467e-01 1.092320735688665723e+00 1.475660489784200516e-02 1.069711735484619064e+00 1.126576817374135286e+00 8.327941037642825339e-01 3.375336472367948537e-02 7.682400297450721061e-01 8.859054855148831287e-01 4.544151859303466878e+00 1.712859515430124324e-01 4.316274061211861302e+00 4.807770979122402366e+00 4.648678022713443880e+00 6.845236130734445867e-02 4.536845337930082600e+00 4.777745095015148991e+00
6.268844221105528414e-01 1.091723412485085865e+00 1.434711933239172198e-02 1.070116500195435583e+00 1.124527656608460546e+00 8.242060303740601501e-01 3.505488997064325901e-02 7.641303219124105928e-01 8.826972100453308601e-01 4.501127141691240396e+00 1.609783151432851167e-01 4.281636322334313682e+00 4.741642635384752502e+00 4.617585645931675309e+00 6.963761313670499553e-02 4.491695197770341430e+00 4.733681915942198337e+00
6.318592964824121250e-01 1.091587185323531273e+00 1.436817463952664957e-02 1.068147495373792610e+00 1.124713481863703457e+00 8.176755981544617802e-01 3.487084269778734785e-02 7.582161557312135924e-01 8.743348880719947758e-01 4.469687428375093141e+00 1.624006319841767298e-01 4.231566569329735295e+00 4.731662939778863652e+00 4.584250380506673217e+00 6.791979160950956107e-02 4.464513798000155909e+00 4.702553472323996786e+00
6.368341708542714086e-01 1.092412357383118593e+00 1.466475104791885135e-02 1.068154807717654586e+00 1.125904308964718270e+00 8.092560992580042356e-01 3.254682312910482656e-02 7.549727771336656179e-01 8.604825152037489655e-01 4.422201278647891698e+00 1.616960446566953757e-01 4.188942719146171001e+00 4.673281024410429474e+00 4.548231322125210419e+00 6.704535717075198187e-02 4.434147429241105165e+00 4.667525365926088909e+00
6.418090452261306922e-01 1.092710012083724536e+00 1.439134345213679590e-02 1.067519958392443069e+00 1.124673862545808367e+00 7.989139759064060042e-01 2.971131258349007931e-02 7.504670027864623894e-01 8.457869030088118745e-01 4.381495972439473974e+00 1.638399679510140483e-01 4.139943964361251894e+00 4.612999592721177322e+00 4.519460665683084244e+00 7.030355239706495563e-02 4.399607909287876595e+00 4.646367497461105778e+00
6.467839195979899758e-01 1.092704474690017413e+00 1.448619956780945045e-02 1.065480829297249743e+00 1.123968138961797480e+00 7.916580165591170504e-01 3.172356170767459682e-02 7.407281929769552464e-01 8.403950880556998460e-01 4.337953948367434975e+00 1.569651984057305882e-01 4.088338981153558649e+00 4.537622049560065207e+00 4.488573161748516505e+00 6.700689994235077551e-02 4.374293962629752563e+00 4.600218542887581918e+00
6.517587939698492594e-01 1.092628406446291889e+00 1.468760643279891018e-02 1.064070768990081017e+00 1.124506909176053115e+00 7.852400789739684139e-01 3.307428759335961227e-02 7.309787208264528768e-01 8.451176919915539543e-01 4.299221483938132415e+00 1.477456850741240557e-01 4.073482836468974355e+00 4.479992588895541417e+00 4.450057217729910697e+00 6.638778185569781110e-02 4.333608784613187659e+00 4.558967243062714836e+00
6.567336683417085430e-01 1.092346253700608338e+00 1.448932886222093798e-02 1.065438318106596727e+00 1.124059662937747950e+00 7.760043453874039265e-01 3.402320979783492877e-02 7.249279962135998234e-01 8.367551827673037623e-01 4.262137041838164109e+00 1.442064727028307125e-01 4.029685357604553708e+00 4.432050747845882377e+00 4.423726920474842395e+00 6.022127643466167884e-02 4.310493243739260905e+00 4.511173816307323392e+00
6.617085427135678266e-01 1.091673909191633429e+00 1.422638869799270137e-02 1.066120332741385957e+00 1.122988867045620287e+00 7.697293806549670991e-01 3.448761481145980884e-02 7.185094428559318791e-01 8.269930270524197269e-01 4.218224346527351898e+00 1.475806930096053848e-01 3.977447019746158663e+00 4.397128110737656748e+00 4.389501619653977116e+00 6.432486413652005464e-02 4.265869207765138782e+00 4.486260057415010216e+00
6.666834170854271102e-01 1.091227163416357282e+00 1.428237379628110454e-02 1.065205180227278170e+00 1.122139870381642091e+00 7.634346177724745663e-01 3.248932348863727698e-02 7.170008166359927992e-01 8.176607127421826604e-01 4.181493125397122590e+00 1.418835573691598628e-01 3.948427396356231966e+00 4.366525188303975291e+00 4.360075110746762128e+00 6.496238293849540546e-02 4.240018541677986974e+00 4.458076087895147310e+00
6.716582914572865048e-01 1.091301281645770116e+00 1.351549476065203037e-02 1.068514349264761965e+00 1.120543019955903219e+00 7.566117894130084398e-01 3.121659128149171375e-02 7.074889177578694843e-01 8.125419207100436081e-01 4.147287819553144850e+00 1.338431663763417212e-01 3.932464723159609932e+00 4.325180674697713279e+00 4.327090096724166557e+00 6.137081171858408540e-02 4.217216534079596180e+00 4.424865775274945179e+00
6.766331658291457885e-01 1.091622277192121571e+00 1.358638381742560686e-02 1.067038028757006707e+00 1.119696316636404898e+00 7.489094203687420848e-01 2.657941419668354704e-02 7.058498860707697053e-01 7.872311418216382251e-01 4.108780691201206814e+00 1.270225729869152720e-01 3.885230087763162921e+00 4.272034907018414707e+00 4.296590893970185121e+00 5.660635758381992594e-02 4.210107842194061867e+00 4.408843619386304091e+00
6.816080402010050721e-01 1.092046614585591158e+00 1.377872052435515429e-02 1.065669645212546479e+00 1.120765215636705836e+00 7.418986392830544396e-01 2.793412614843562500e-02 6.966927459844871606e-01 7.816320626378121528e-01 4.068485200883838360e+00 1.187779550255031319e-01 3.852164405731871355e+00 4.221338562907847702e+00 4.263669477311903044e+00 5.119870759406666694e-02 4.180793649095564390e+00 4.356968078552778678e+00
6.865829145728643557e-01 1.091238677029211734e+00 1.392753336648547627e-02 1.067027810113089670e+00 1.121479039115358400e+00 7.364570139263130200e-01 2.503418168398090921e-02 6.932354377021281433e-01 7.743907235688228807e-01 4.013792906364307633e+00 1.093658208502608781e-01 3.835402919194970117e+00 4.145914405530258584e+00 4.239473131968099828e+00 4.641964665760452136e-02 4.163661310507118962e+00 4.318491114349341409e+00
6.915577889447236393e-01 1.090428957672874732e+00 1.413662211437469347e-02 1.066228114722205245e+00 1.120094537437112736e+00 7.289134232129763635e-01 2.624036398850966567e-02 6.891872223004852360e-01 7.645098444464327736e-01 3.986271655601193231e+00 1.099810823213442507e-01 3.800458869021412944e+00 4.126432339255568849e+00 4.210358031304795468e+00 4.714710755790994801e-02 4.135788302477339862e+00 4.292960247831390852e+00
6.965326633165829229e-01 1.090385168205793232e+00 1.428884741029461981e-02 1.066623511440930816e+00 1.121860198881196258e+00 7.261542495276622766e-01 2.558319993811842066e-02 6.902294296413603591e-01 7.611855947836474456e-01 3.954614683568550504e+00 1.112009031413814936e-01 3.767756715253080202e+00 4.102963068027977833e+00 4.179642747599874752e+00 4.526833588654463614e-02 4.121068458383339461e+00 4.262317835716681103e+00
7.015075376884422065e-01 1.090435082700276670e+00 1.410807061520216038e-02 1.068018820023977078e+00 1.121061843307798567e+00 7.220510735949292602e-01 2.423272267916365408e-02 6.867254193445329058e-01 7.560404662579013335e-01 3.915380311137469427e+00 1.163922293716788542e-01 3.718686695027603850e+00 4.081722944925105345e+00 4.154865879051848232e+00 4.511601061387956330e-02 4.086621747186390152e+00 4.238189515654276818e+00
7.064824120603014901e-01 1.090041133091129932e+00 1.310114545894321483e-02 1.069818153719557463e+00 1.118251173501504159e+00 7.160995886863527060e-01 2.486684733333036426e-02 6.783076253993896021e-01 7.525384760132767248e-01 3.880160881412694884e+00 1.190962439757363434e-01 3.690471701776850466e+00 4.049257671061056385e+00 4.128113185080946934e+00 4.672446290647844919e-02 4.066586824353808360e+00 4.221933289949113544e+00
7.114572864321608847e-01 1.089296031881257454e+00 1.287507535608622272e-02 1.071844029246571184e+00 1.117561948842467512e+00 7.103479244269605974e-01 2.568087120129004461e-02 6.727180923478910390e-01 7.467279866747071893e-01 3.846914743793634184e+00 1.187305421891600710e-01 3.674119698965323089e+00 4.023708513739316039e+00 4.102114577622951508e+00 4.839542625684997712e-02 4.037700907326427391e+00 4.196374863660029320e+00
7.164321608040201683e-01 1.088690617082171741e+00 1.181313282175479491e-02 1.071624250898263853e+00 1.114653776053575518e+00 7.023634579677927592e-01 2.605270216768703490e-02 6.569315562197934888e-01 7.361299792691343713e-01 3.815502526829375629e+00 1.202119088703754585e-01 3.637197223989349748e+00 3.984708006871951813e+00 4.072835568790859284e+00 3.916993026361648839e-02 4.028777228503640728e+00 4.152236795331432972e+00
7.214070351758794519e-01 1.088545304562667848e+00 1.109639193795075758e-02 1.070760997945675141e+00 1.110547853764453752e+00 6.963873871511216951e-01 2.680762572298834093e-02 6.472619614279498945e-01 7.314894549933119716e-01 3.780145759404257344e+00 1.202889567602044435e-01 3.600611566335655933e+00 3.960391587935691682e+00 4.045917770087440246e+00 3.874443013043622763e-02 4.013227682878786950e+00 4.121015392315343639e+00
7.263819095477387355e-01 1.088088193026110595e+00 1.107881043762593866e-02 1.069758393942271679e+00 1.110083654869223224e+00 6.917002602280372114e-01 2.569669633429069039e-02 6.443874727541977210e-01 7.263418521550861762e-01 3.741063563860996144e+00 1.211276780547095588e-01 3.545376283888078461e+00 3.919146745324857850e+00 4.016645493652966081e+00 4.362491793634688808e-02 3.975987370692399825e+00 4.112726215046216716e+00
7.313567839195980191e-01 1.086875782612978680e+00 1.146864858898380760e-02 1.068200173799686237e+00 1.110116334544702932e+00 6.830582227391241990e-01 2.813646278451933241e-02 6.284432720510227943e-01 7.233099187782479067e-01 3.713169650110305753e+00 1.228726246548726558e-01 3.521001812830026445e+00 3.875964667563904786e+00 3.985083057179242161e+00 4.275046464386474815e-02 3.949044043783227043e+00 4.081426259790687183e+00
7.363316582914573027e-01 1.085611514539869260e+00 1.167499898183185433e-02 1.066908066247608478e+00 1.110609889323446398e+00 6.779267477657373586e-01 2.754015294276591572e-02 6.223221582144801145e-01 7.165492493200199542e-01 3.671915113403775077e+00 1.177214774342529718e-01 3.478733214423590070e+00 3.842617051452248855e+00 3.959714613404976546e+00 4.028202644443230201e-02 3.919259316542102578e+00 4.054838328851911200e+00
7.413065326633165864e-01 1.084857817535436864e+00 1.148451792906841906e-02 1.066359202228419845e+00 1.109255563244057941e+00 6.689480011558850414e-01 2.737417858538138127e-02 6.138495514181627755e-01 7.071869598177756844e-01 3.632200464724345323e+00 1.121839785448295185e-01 3.471775666463964960e+00 3.798554547213200738e+00 3.928612492465203498e+00 4.300764719273369313e-02 3.885884922403063602e+00 4.027466095438835048e+00
7.462814070351758700e-01 1.083769619519292515e+00 1.071587084087144426e-02 1.066780766886894494e+00 1.106467588219077980e+00 6.601803010307881747e-01 2.749902038769836549e-02 6.068219093412720033e-01 6.972074638268251912e-01 3.601710208860480655e+00 1.123848163888653828e-01 3.442872649413650787e+00 3.765623187939331817e+00 3.899440701465488157e+00 4.277732103583904016e-02 3.858349669092455692e+00 3.995472740982451310e+00
7.512562814070351536e-01 1.083530085664210496e+00 1.059611567812327598e-02 1.066771551350021774e+00 1.105342502712994612e+00 6.524682053624329958e-01 2.809192064781682041e-02 6.033046731203314250e-01 6.938149643018669543e-01 3.565948109964364399e+00 1.106907539866115592e-01 3.400381677721521445e+00 3.730331841731155063e+00 3.876957079532669326e+00 3.945993376034736405e-02 3.836086765140115595e+00 3.965919699650361618e+00
7.562311557788945482e-01 1.082665134013107266e+00 1.030187237881714790e-02 1.068600654970327302e+00 1.104441281404584085e+00 6.446346745636978293e-01 2.771746090857857281e-02 5.958256462566390299e-01 6.881903070816640655e-01 3.524854841176558118e+00 1.080597585446923109e-01 3.372279285890209088e+00 3.686673703835184224e+00 3.852329927513829411e+00 3.873838452848597097e-02 3.801062287252497729e+00 3.933722226524668297e+00
7.612060301507538318e-01 1.081403806263838030e+00 1.063134915253489791e-02 1.067230150825502877e+00 1.104488262737120863e+00 6.394318210414544623e-01 2.637333923374513001e-02 5.940601151768155619e-01 6.802822945390766263e-01 3.473863523128617459e+00 1.082722138447885230e-01 3.326019733400608303e+00 3.652278814185585532e+00 3.820172306522329198e+00 3.751268587668975946e-02 3.770598126237992176e+00 3.901210112087828641e+00
7.661809045226131154e-01 1.079967475108790653e+00 1.020235119761173266e-02 1.066867269394827344e+00 1.103048889037805180e+00 6.320985536160879104e-01 2.709652057629452840e-02 5.899110415827525378e-01 6.795566024526251692e-01 3.433514701684174497e+00 1.051689586272439719e-01 3.284037356901987614e+00 3.603641033821592288e+00 3.791982938511804235e+00 3.410618537848561505e-02 3.741933881879076829e+00 3.864274945148656659e+00
7.711557788944723990e-01 1.079061624166787414e+00 9.598999555524217325e-03 1.066896712225545718e+00 1.100274333667281779e+00 6.237145611045057381e-01 2.696391984922630325e-02 5.846850384349863150e-01 6.763984132991273102e-01 3.394810988270275054e+00 1.025316086643856123e-01 3.258921246175150443e+00 3.556291250093063461e+00 3.768591637308814857e+00 3.541383680597257055e-02 3.720709617364120980e+00 3.850828835686740170e+00
7.761306532663316826e-01 1.078248380795779671e+00 9.579227722683041069e-03 1.067313669644592622e+00 1.100363496618588233e+00 6.161662905450574490e-01 2.582412814742098342e-02 5.775208331821892749e-01 6.676686198413016582e-01 3.358409591338942679e+00 9.931678480818986743e-02 3.220107563163304487e+00 3.509706551333650726e+00 3.742091899596045490e+00 3.487752489741031275e-02 3.684088718438884857e+00 3.821610541058181543e+00
7.811055276381909662e-01 1.077241319194089941e+00 9.230355042255430909e-03 1.067436475578388722e+00 1.097497330345004407e+00 6.078962900676837533e-01 2.517786600698646363e-02 5.702145051678526588e-01 6.570067814216569158e-01 3.308758500389843871e+00 9.141613808050599865e-02 3.162757259703313117e+00 3.452055950064119028e+00 3.714071722574199264e+00 3.566982128441967270e-02 3.660561204670852664e+00 3.796378484377481932e+00
7.860804020100502498e-01 1.077092905752191632e+00 9.113304778197245382e-03 1.067255773186069900e+00 1.097206516740853122e+00 6.001622129880901380e-01 2.519140620372395736e-02 5.616385365485232484e-01 6.518929800712054412e-01 3.270343837317432278e+00 8.378923396359284903e-02 3.134380904162604509e+00 3.406419571730934681e+00 3.685637476715883931e+00 3.508781066139772531e-02 3.632214719183273210e+00 3.764894285355955272e+00
7.910552763819095334e-01 1.075767730149888912e+00 9.925167250710827463e-03 1.063739206310286178e+00 1.096740292240456993e+00 5.930120260486750894e-01 2.432725247054335488e-02 5.505320907665680608e-01 6.370600692123803421e-01 3.232715630299265452e+00 7.886317623269507859e-02 3.105440102721225948e+00 3.369990033113310801e+00 3.656256313597450180e+00 3.320752945378113719e-02 3.606619977635635355e+00 3.729860228666530997e+00
7.960301507537689281e-01 1.074127159700305700e+00 1.010245994642214665e-02 1.061270113542370552e+00 1.095840590762141575e+00 5.847741125937276907e-01 2.322187242095049078e-02 5.432737847887993965e-01 6.208931356708943250e-01 3.196229807231427689e+00 8.099059319751135411e-02 3.068110168294828188e+00 3.322964919696931307e+00 3.627083828957417211e+00 3.193165769775013763e-02 3.584574610563832309e+00 3.701281262498856250e+00
8.010050251256282117e-01 1.072861613433031769e+00 1.003494352409949400e-02 1.061001105183674520e+00 1.095995660854670151e+00 5.768383515286550356e-01 2.173873285766481783e-02 5.379019385242248541e-01 6.110297763779012348e-01 3.156145265938210986e+00 8.274111079155140047e-02 3.033246588356620421e+00 3.282866805779648622e+00 3.598110541633781079e+00 3.163936778773689812e-02 3.559171876313750538e+00 3.669514793714055312e+00
8.059798994974874953e-01 1.072464557652538231e+00 1.045930754456955020e-02 1.057665221444373138e+00 1.096476626178477520e+00 5.702480940551107880e-01 1.930633678018624580e-02 5.359357104579094422e-01 6.052166907476267399e-01 3.121592192649262909e+00 7.077603412607237632e-02 3.013598040309786175e+00 3.221678695713481755e+00 3.568579886763634246e+00 3.396501779414373701e-02 3.522583888877981018e+00 3.644056282456387574e+00
8.109547738693467789e-01 1.070838566462152475e+00 1.014884173092438918e-02 1.055677216800612994e+00 1.093600801917031795e+00 5.605623569532645067e-01 1.831244397746486716e-02 5.290029381572479705e-01 5.896076014729508818e-01 3.084412090416647434e+00 7.079579533140656356e-02 2.977879248136876988e+00 3.192562745603937824e+00 3.542795943151369364e+00 3.467699437665283657e-02 3.498229007339249463e+00 3.622253705170274340e+00
8.159296482412060625e-01 1.069910782163945084e+00 9.654823489537394873e-03 1.056246387806032638e+00 1.091085328970325286e+00 5.548483614657154783e-01 1.767543013241263186e-02 5.278601303065402206e-01 5.812116595682614850e-01 3.046394099580447268e+00 7.253153051356146797e-02 2.927468785075237001e+00 3.167267487848462792e+00 3.515602928730452881e+00 3.205789160740329935e-02 3.475515633942356963e+00 3.588494667933922244e+00
8.209045226130653461e-01 1.069281416931447959e+00 9.712851615210288739e-03 1.055647087861565581e+00 1.090282340269052685e+00 5.474931562281686315e-01 1.706793126806404812e-02 5.222106970513847868e-01 5.743848164132234757e-01 3.010363169552850326e+00 6.726267095878746272e-02 2.895364678229366273e+00 3.125630688903987764e+00 3.490038353331530452e+00 3.067074126373706480e-02 3.450157125387265822e+00 3.558742819536543145e+00
8.258793969849246297e-01 1.066815109470697909e+00 9.156842966611591222e-03 1.053459279027371576e+00 1.086512266812621252e+00 5.401147118951941106e-01 1.615508254712566538e-02 5.151736552862218321e-01 5.679323469726311746e-01 2.968609452569975993e+00 6.670849563968211937e-02 2.869205322847029560e+00 3.092848767828133560e+00 3.464690415374777732e+00 3.181556430639879279e-02 3.419648053782890607e+00 3.534493201005792340e+00
8.308542713567839133e-01 1.065899450189219611e+00 9.101152546811088970e-03 1.052439364327307780e+00 1.084377074135993047e+00 5.341529499823466365e-01 1.578939927074956770e-02 5.065278589859285585e-01 5.565202787736180934e-01 2.927983593053100186e+00 6.773634194754522830e-02 2.835914437460778537e+00 3.059443929034860954e+00 3.434342650723412049e+00 3.196607269594904654e-02 3.388119544438894959e+00 3.509098201562024233e+00
8.358291457286431969e-01 1.063776142407239389e+00 9.196655466306604201e-03 1.049691997496747797e+00 1.082095091548335164e+00 5.262801113960533517e-01 1.495015084432579910e-02 5.004524237718812607e-01 5.430195808561673054e-01 2.890353157501356574e+00 6.546003651952386759e-02 2.801274414291243353e+00 3.004413889173247476e+00 3.408713293531772770e+00 2.593999454907864807e-02 3.365620666217670198e+00 3.467380273835043880e+00
8.408040201005025915e-01 1.061820336444261770e+00 8.964222382748967058e-03 1.049687797008493906e+00 1.078557762213513627e+00 5.185018076173056878e-01 1.534327397102757361e-02 4.961217078776056222e-01 5.370536529823215499e-01 2.853164800704385051e+00 6.190339463268751397e-02 2.761095665817261402e+00 2.938081543066319412e+00 3.385024174069284353e+00 2.681596620175563661e-02 3.342495884151454710e+00 3.447421382228523790e+00
8.457788944723618751e-01 1.060086487078732320e+00 8.685622595556847375e-03 1.047512943113855455e+00 1.075174326489797494e+00 5.132232176905145993e-01 1.386089550852326151e-02 4.930665384789643113e-01 5.302654131544703997e-01 2.813189036892532968e+00 6.122798244917612015e-02 2.724434932664547393e+00 2.896848852599827939e+00 3.356581665641227286e+00 3.045748270682720193e-02 3.311898034910932598e+00 3.424252308064072547e+00
8.507537688442211588e-01 1.058553922252330803e+00 9.186812807856208074e-03 1.046215277364039631e+00 1.076042002682964682e+00 5.060316859661058153e-01 1.260191543574637474e-02 4.868017102527203988e-01 5.230631235836467052e-01 2.776886477659497476e+00 5.826131731871275754e-02 2.678020952034283919e+00 2.857632998567795291e+00 3.329747109791798998e+00 3.181029399577661038e-02 3.291277418537403410e+00 3.405171517138210646e+00
8.557286432160804424e-01 1.056614034676507830e+00 8.491688375790376955e-03 1.043863481427645512e+00 1.071611536407591547e+00 4.991751725057229083e-01 1.163337574842253017e-02 4.782917081716214214e-01 5.141415245227390907e-01 2.738722892174505485e+00 5.131891250004616545e-02 2.641751184057800739e+00 2.823462029979456389e+00 3.305327947613995399e+00 3.116521962542909835e-02 3.271236346913883430e+00 3.375865371687129635e+00
8.607035175879397260e-01 1.054921179584992874e+00 8.503001609425880902e-03 1.042015161047652683e+00 1.069814142148771685e+00 4.923304167021426703e-01 1.169433517210185895e-02 4.705333488582791324e-01 5.092148284876319986e-01 2.696210333123904235e+00 4.791771958472231668e-02 2.606663337382451040e+00 2.773520740161529829e+00 3.279714922240059671e+00 2.694620795602332627e-02 3.248485500781540303e+00 3.339821171780334996e+00
8.656783919597990096e-01 1.052267093267117870e+00 8.201663405121578307e-03 1.041722921446164518e+00 1.066944656737100150e+00 4.841201328791021052e-01 1.095293942402393583e-02 4.626245714785747198e-01 4.980641275507727839e-01 2.658893917867291901e+00 4.677070758084119623e-02 2.579627278341674490e+00 2.724083981360700957e+00 3.253723695289354456e+00 2.489654685852404556e-02 3.225697178272069809e+00 3.308702501607335034e+00
8.706532663316582932e-01 1.049839379226887193e+00 7.974047106469163079e-03 1.039185483707490310e+00 1.065025526585049898e+00 4.782332217950724385e-01 1.268410992936948312e-02 4.557491474566853773e-01 4.957922408623857136e-01 2.622082626665776850e+00 4.806177330118825697e-02 2.541657160433155482e+00 2.682874239280353290e+00 3.223601751063394083e+00 2.671405904337664436e-02 3.189888574928501974e+00 3.281872858584747199e+00
8.756281407035175768e-01 1.047938242079784477e+00 7.863829508986631620e-03 1.037040806088658451e+00 1.063326962302619805e+00 4.716935031134589229e-01 1.436471458303267487e-02 4.425109452619317429e-01 4.939491701864087148e-01 2.582444457030129037e+00 4.516116899243060451e-02 2.504493379630480465e+00 2.639173044966711235e+00 3.196748782398004529e+00 2.533632767464218463e-02 3.163945501312251718e+00 3.249994038015467712e+00
8.806030150753769714e-01 1.046078400956309329e+00 8.253796355067262794e-03 1.033254187481033037e+00 1.062324632013394554e+00 4.636222271323739430e-01 1.394346500722940842e-02 4.361519859846079150e-01 4.864347798683560375e-01 2.542349860523339000e+00 3.926416831480169373e-02 2.480909966198948435e+00 2.598421882467571997e+00 3.171545872156538159e+00 2.430175061885052334e-02 3.143575144928911325e+00 3.219552212081894016e+00
8.855778894472362550e-01 1.043472632100746367e+00 8.753491558313371626e-03 1.031144743538213948e+00 1.061309412989330347e+00 4.563374901368962289e-01 1.230453482413599274e-02 4.328830461116844330e-01 4.781186528253036916e-01 2.499508206136429322e+00 4.445996430899168406e-02 2.418714094504890166e+00 2.571743170091345565e+00 3.143786215615892665e+00 2.424026262304920798e-02 3.119005407016098630e+00 3.196108784245286216e+00
8.905527638190955386e-01 1.041266361986888267e+00 8.847311110334113438e-03 1.028984307812130794e+00 1.059084565515445053e+00 4.486306924915538508e-01 1.232018116049165245e-02 4.242277336780467811e-01 4.657883021693670633e-01 2.457733913030588191e+00 4.207449671674311914e-02 2.390631105179394478e+00 2.529393036570492193e+00 3.116824149051228510e+00 2.265523020054224443e-02 3.095636331898246052e+00 3.163798660582748834e+00
8.955276381909548222e-01 1.039141724048938453e+00 8.150236994082316402e-03 1.027927766884930705e+00 1.054999062199142967e+00 4.423367861181837779e-01 1.142265994077658678e-02 4.216162685185994019e-01 4.561380381079302992e-01 2.414511734483366645e+00 4.328093219780854151e-02 2.350927312526036594e+00 2.492444394188083834e+00 3.093074748984429689e+00 2.279193471775014038e-02 3.071821896817025888e+00 3.140517635765046389e+00
9.005025125628141058e-01 1.036896079261663051e+00 7.253643637499189445e-03 1.026928595865835181e+00 1.050842681884882390e+00 4.346179304288666501e-01 9.729884864679187034e-03 4.166661586231929504e-01 4.446715066589806975e-01 2.372658706254740402e+00 4.352038100092692208e-02 2.314558931744708392e+00 2.460218365127431195e+00 3.066029659202539115e+00 2.534693834192434589e-02 3.039602017014902735e+00 3.121712044529318941e+00
9.054773869346733894e-01 1.033326401897465496e+00 6.130212479276235353e-03 1.024603501687732399e+00 1.044690517889384163e+00 4.254820557832522110e-01 8.373043980140187914e-03 4.102760915176385526e-01 4.339749718236931564e-01 2.325649308061677800e+00 3.987301300193371589e-02 2.264021674214861335e+00 2.396691046248483392e+00 3.040934301464490730e+00 2.760595412722370579e-02 3.013987109513527329e+00 3.101117814354533930e+00
9.104522613065326730e-01 1.030938675010979466e+00 5.902967955310560975e-03 1.021160442416377823e+00 1.042060203485372760e+00 4.172588845938722812e-01 6.786388636695767258e-03 4.048465035872989559e-01 4.263980583456279394e-01 2.274711434103356300e+00 3.516616644230380340e-02 2.211730318151830410e+00 2.342282482342513905e+00 3.014765758573402010e+00 2.682744221602229029e-02 2.984576332176774205e+00 3.071642596612321530e+00
9.154271356783919567e-01 1.027882482489688387e+00 6.710273891920980754e-03 1.018718630988801888e+00 1.041011374129194644e+00 4.076318207513399128e-01 7.898422617051809383e-03 3.919558684934991155e-01 4.137695145087041948e-01 2.229160962989631845e+00 3.188662894673901377e-02 2.172726774155646634e+00 2.286896141568407703e+00 2.986636478607087586e+00 2.612495003412613342e-02 2.952309958428287029e+00 3.037240405390671416e+00
9.204020100502512403e-01 1.025695613484136626e+00 6.514096975478351342e-03 1.016019604601998916e+00 1.037507387938725545e+00 3.979639381642584017e-01 7.351572341259680031e-03 3.835687986421432161e-01 4.058126789295966041e-01 2.185993174305567166e+00 3.148439121753143777e-02 2.139583718337309648e+00 2.241603397197301284e+00 2.960913547762029197e+00 2.407931430242004137e-02 2.933915448421656080e+00 3.003032930489911490e+00
9.253768844221106349e-01 1.022506213344732462e+00 6.941787170365470473e-03 1.013936627583568839e+00 1.035266292216924233e+00 3.894160668968752459e-01 7.866476273762069288e-03 3.755916623798301601e-01 3.991057823427730522e-01 2.136267843813271838e+00 3.300566458482057791e-02 2.087419246538928519e+00 2.180569746127063890e+00 2.931249446555785898e+00 2.135015459679373909e-02 2.911862120004649501e+00 2.976225609290821250e+00
9.303517587939699185e-01 1.018662301681772853e+00 6.850597586899484677e-03 1.008787511075464716e+00 1.030590914112126333e+00 3.806796180144423891e-01 8.177916549537081123e-03 3.684481699974299085e-01 3.930728154411486375e-01 2.089235936786018044e+00 3.788709160432744000e-02 2.037820442527112696e+00 2.139907980166587897e+00 2.901786364054292910e+00 2.187003621825660618e-02 2.875288768017118635e+00 2.949645334779853467e+00
9.353266331658292021e-01 1.015748311790749536e+00 7.041001791520575502e-03 1.006159669411278434e+00 1.027429433116083146e+00 3.701785040239244928e-01 7.252868896862049025e-03 3.593586658610850026e-01 3.807493030437922310e-01 2.042358979235939120e+00 3.593229421295401210e-02 1.989655386429056039e+00 2.089564278689223453e+00 2.872760809393388293e+00 1.989561224264213210e-02 2.852066070953370946e+00 2.914963579302492835e+00
9.403015075376884857e-01 1.012465811905267188e+00 7.760903078494359002e-03 1.002398234081131267e+00 1.025142496603554276e+00 3.608503694157789710e-01 6.385521554610303768e-03 3.508102983160167332e-01 3.726790563718999083e-01 1.999340813428246433e+00 3.382804643436830572e-02 1.946810282771741507e+00 2.040425930005902888e+00 2.842404398074468652e+00 1.976989878823206051e-02 2.824308277190765715e+00 2.881549802934145088e+00
9.452763819095477693e-01 1.009565781276837493e+00 7.009889531983320293e-03 9.992159062345821186e-01 1.019222122795718111e+00 3.529583398943001993e-01 5.802052449335784109e-03 3.457818973249078276e-01 3.642060422268322273e-01 1.952698976964179156e+00 3.392775476265093293e-02 1.903822610301604712e+00 1.998995236444614854e+00 2.813997137594804521e+00 1.982481245270952333e-02 2.788627320992777214e+00 2.854392205935425419e+00
9.502512562814070529e-01 1.006010253020854117e+00 6.254102480427847777e-03 9.962912635168515996e-01 1.014299673055873985e+00 3.442363616137650295e-01 6.126219637832533774e-03 3.353741714863021639e-01 3.535007587314817346e-01 1.907835339098090444e+00 3.557644999492504123e-02 1.856229056898685892e+00 1.945929336654588004e+00 2.782758958782529657e+00 2.018100138527847975e-02 2.752931403572656421e+00 2.820313916964181544e+00
9.552261306532663365e-01 1.002100391373942134e+00 5.809709097512366811e-03 9.940253873824589359e-01 1.011179197938863572e+00 3.361300537761355844e-01 6.361280764982311410e-03 3.269970060758528585e-01 3.464861084017060722e-01 1.857656450377703106e+00 3.306277159241038238e-02 1.808272094716834921e+00 1.895701815400186341e+00 2.752622895999103481e+00 1.500881895089840531e-02 2.733819874712247078e+00 2.779284271027528508e+00
9.602010050251256201e-01 9.981915567275748691e-01 5.483937874121531594e-03 9.904638200662034819e-01 1.005776354590917743e+00 3.272515087850543791e-01 7.631522509814863027e-03 3.163446338334292007e-01 3.402833473881043957e-01 1.807521623434318325e+00 3.214334200776508554e-02 1.761991937478895709e+00 1.850597094032880641e+00 2.720227808043596873e+00 1.421182859269666705e-02 2.703075789545653862e+00 2.749010899562370103e+00
9.651758793969849037e-01 9.929441280138131543e-01 4.590278067569157454e-03 9.855544677013268196e-01 1.000299784061292163e+00 3.178416263896732263e-01 5.486284047929102653e-03 3.091263819727101403e-01 3.266939569341023586e-01 1.751629906501062095e+00 3.001531094282534548e-02 1.704212502752409542e+00 1.793808189627506433e+00 2.688603333729788325e+00 1.549848062421851740e-02 2.669900087303707537e+00 2.716656067811783259e+00
9.701507537688442984e-01 9.879626646787171840e-01 5.224758785510459982e-03 9.822214003944236271e-01 9.981143510630322568e-01 3.084247877463399123e-01 4.953318366577260691e-03 2.977353037009012882e-01 3.146877444496184451e-01 1.702562684031684537e+00 3.021753848588146565e-02 1.648681943790685667e+00 1.742399278863884682e+00 2.652820139280365641e+00 1.565501491611707638e-02 2.629774004031268486e+00 2.681115126276147897e+00
9.751256281407035820e-01 9.835530527064927364e-01 4.876380815897299846e-03 9.783770302111376438e-01 9.928189604779433797e-01 2.992177114415806027e-01 4.368364796508320685e-03 2.941042815175888836e-01 3.069043586634596643e-01 1.647668736345095253e+00 3.454984901965487548e-02 1.579145736542397538e+00 1.689102212124597768e+00 2.619050454931796335e+00 1.759149417046422872e-02 2.594581333774311549e+00 2.655271447318053646e+00
9.801005025125628656e-01 9.769909226128197233e-01 4.120092758652632581e-03 9.716829887312472547e-01 9.843904108162817579e-01 2.864905277488100088e-01 5.471775058588793442e-03 2.793301350777540604e-01 2.958602207895388858e-01 1.590275139001015248e+00 3.485877130058077922e-02 1.525906938435122928e+00 1.636431167321290125e+00 2.583004453697426150e+00 1.487609227529364427e-02 2.564064826068989333e+00 2.609120123666619051e+00
9.850753768844221492e-01 9.710832445719950190e-01 3.757071620915293422e-03 9.665066951928493744e-01 9.778735925776516069e-01 2.758338956010100707e-01 4.570437262520173245e-03 2.704827683757739520e-01 2.830286957668276537e-01 1.528937223635862708e+00 2.483622154642476515e-02 1.479604576967197493e+00 1.554616194964337339e+00 2.542261443608210936e+00 1.177093331033858374e-02 2.528757058298705118e+00 2.563691570080202986e+00
9.900502512562814328e-01 9.640189770102001177e-01 3.672691607787029536e-03 9.585965134327263382e-01 9.695228057337533789e-01 2.639745168345162263e-01 3.092445284594385040e-03 2.590201359915743629e-01 2.687367926996155343e-01 1.456168341402259703e+00 2.029176164167700511e-02 1.416171522037036778e+00 1.488127346746032531e+00 2.497170257792473258e+00 1.119769439267371755e-02 2.483664611729401894e+00 2.521363792122916614e+00
9.950251256281407164e-01 9.537895327417548197e-01 2.510395992346165644e-03 9.507204754342297726e-01 9.580282903175385556e-01 2.510140695743777739e-01 4.009440436719463076e-03 2.443834727938944407e-01 2.604649546583718278e-01 1.374394132147050973e+00 1.986677182023699126e-02 1.332419858494845011e+00 1.398611799324383176e+00 2.443262845045018228e+00 1.129115069462148686e-02 2.431320296396191516e+00 2.461828030344515028e+00
1.000000000000000000e+00 9.405163898259857325e-01 6.855319801007272139e-04 9.400258811141172233e-01 9.421113396541811458e-01 2.286632039744499190e-01 1.089788641671569349e-03 2.275825261712978442e-01 2.309963730764021672e-01 1.201172367306947431e+00 4.304728290934174174e-03 1.195072893243698919e+00 1.208884492515073017e+00 2.362399435862121866e+00 1.721926784662320287e-03 2.361167370672467847e+00 2.366405648422706953e+00
