# mN	mSQ	0sq(mean)	1sq(mean)	2sq(mean)	S-comb(mean)	0sq(std)	1sq(std)	2sq(std)	S-comb(std)	0sq(min)	1sq(min)	2sq(min)	S-comb(min)	0sq(max)	1sq(max)	2sq(max)	S-comb(max)
2.000000000000000000e+02 2.000000000000000000e+03 2.274497539415551994e+00 1.662201590811848373e+00 5.623704680161031533e+00 7.417348451549590216e+00 1.064796707820055144e-01 1.187322948276187534e-01 1.399527631424498653e-01 1.609358605919641860e-01 2.202309601487614454e+00 1.589945633848411255e+00 5.506010517356315859e+00 7.309878449763163921e+00 2.371819666194676657e+00 1.786916233564448397e+00 5.885071824953230113e+00 7.599013914458911501e+00
2.000000000000000000e+02 2.200000000000000000e+03 2.244039145844860972e+00 1.192882337939761950e+00 4.558343271348566539e+00 6.085034685797414689e+00 1.026427730096362428e-01 1.254960546944302591e-01 1.327305214575226766e-01 1.315019617901739268e-01 2.178276659275890204e+00 1.138103825733270069e+00 4.460571111298710534e+00 5.943470403481295072e+00 2.381152175058436349e+00 1.387504649063895590e+00 4.750708321989429272e+00 6.273395661950617708e+00
2.000000000000000000e+02 2.300000000000000000e+03 9.845016925047371803e-01 7.992475133949297206e-01 3.494050322509045792e+00 4.195081518644636631e+00 5.823670395328708893e-02 1.211804165442180309e-01 1.213376232670649452e-01 1.289476382999777127e-01 9.675782966606165658e-01 7.324807663479975250e-01 3.378609718504965276e+00 4.118168862602236580e+00 1.014680847524685348e+00 9.865661856709703192e-01 3.637804104869255539e+00 4.356656978804610780e+00
2.000000000000000000e+02 2.700000000000000000e+03 2.275426187874660666e+00 3.637875882539017836e-01 1.761114214134485323e+00 3.154358808314919660e+00 1.272783622338961307e-01 1.017237240211907034e-01 1.379392459328851739e-01 1.135184518472988902e-01 2.220362040920281999e+00 2.482398068515819511e-01 1.633368614884862957e+00 3.015473816491802239e+00 2.407521455674292987e+00 6.012855424404561777e-01 1.934354182141187817e+00 3.343286428398459353e+00
2.000000000000000000e+02 3.000000000000000000e+03 2.206619465698340665e+00 1.374374699245810016e-01 1.037947400733286285e+00 2.427875635343386573e+00 1.155896849197104725e-01 8.738088151361492195e-02 1.373489577859868804e-01 1.130325379783589657e-01 2.152198037251686458e+00 8.163672156874045294e-02 8.322863914928640972e-01 2.352701982831209460e+00 2.288893165522143391e+00 3.769222874717104155e-01 1.221650990071952991e+00 2.557101884402858794e+00
3.000000000000000000e+02 2.000000000000000000e+03 1.066815177813554838e+00 1.532737839885333075e+00 5.446503947390318068e+00 6.670069261374588443e+00 4.379338144443480074e-02 1.237734394938873189e-01 1.471222950064271784e-01 1.549530102183745706e-01 1.051575751566040662e+00 1.477885505439618941e+00 5.338380184648142013e+00 6.560185559420789403e+00 1.104297210712301469e+00 1.629705411276789029e+00 5.635501413685450878e+00 6.837400596736134872e+00
3.000000000000000000e+02 2.200000000000000000e+03 1.047078282346823430e+00 1.110797495955468950e+00 4.124203990747697723e+00 5.033430935597928091e+00 4.516765826387247190e-02 1.268158951225248632e-01 1.187143249078781992e-01 1.249712950171666531e-01 1.026451600174213219e+00 1.034471492402142090e+00 4.009326039500634487e+00 4.910095869257557588e+00 1.081563271922608926e+00 1.288205875851774262e+00 4.291500462079946843e+00 5.214239335078778126e+00
3.000000000000000000e+02 2.300000000000000000e+03 1.018324596822910433e+00 8.052436725918742377e-01 3.594260670303452088e+00 4.285790248301141858e+00 4.452253942835807110e-02 1.163524352790768490e-01 1.198799175478046791e-01 1.291628930854982205e-01 9.988950713161408590e-01 7.230484603528725129e-01 3.491048079587856012e+00 4.188560029063755685e+00 1.043528611064533207e+00 9.815519092748601349e-01 3.777664879573523926e+00 4.529781706742824099e+00
3.000000000000000000e+02 2.700000000000000000e+03 1.001417526134412483e+00 3.558456321204716555e-01 1.554047071017765180e+00 2.069842432325562864e+00 4.017245330186747926e-02 1.045149858373096846e-01 1.560549636673473073e-01 1.315623863934813065e-01 9.911732327926866537e-01 2.639868500029011744e-01 1.442628562816884896e+00 1.971395147909961398e+00 1.028439658981327831e+00 6.012169663347138870e-01 1.746262830272442557e+00 2.181474933883420064e+00
3.000000000000000000e+02 3.000000000000000000e+03 1.002269916963958618e+00 1.295196819472650973e-01 7.080697958570768558e-01 1.156926075386947916e+00 4.163008175372440167e-02 7.401547897568608314e-02 1.438174532402718975e-01 1.251815119203982807e-01 9.860289365024516028e-01 6.891352918869106392e-02 5.686464225670411210e-01 1.127513562430975336e+00 1.028558010087011532e+00 3.292824527368835019e-01 9.334299865014944464e-01 1.200154658949971642e+00
5.000000000000000000e+02 2.000000000000000000e+03 2.924979794347445927e-01 1.187471190057637571e+00 4.372956637236961264e+00 5.246808608597963719e+00 1.296874188618959804e-02 1.121543988530631225e-01 1.168445080734131503e-01 1.274777415784895673e-01 2.892549335798957899e-01 1.140220035786514874e+00 4.250767191114161569e+00 5.093888676032210405e+00 2.988805783500753654e-01 1.277547219575712933e+00 4.525133886288775997e+00 5.418910635996895486e+00
5.000000000000000000e+02 2.200000000000000000e+03 2.920114582190549979e-01 8.370040720183793415e-01 3.540962085109558899e+00 4.122029005450722927e+00 1.106669163653212218e-02 1.235447688608845018e-01 1.205337630701991819e-01 1.266833523098550296e-01 2.883184753355900742e-01 7.710069411450031218e-01 3.465135781914624236e+00 4.013663599166792828e+00 2.983983109942791034e-01 9.200254975330061091e-01 3.715833280002227568e+00 4.312298477111429662e+00
5.000000000000000000e+02 2.300000000000000000e+03 2.836626020644383295e-01 6.276478341612274914e-01 3.120427992531388472e+00 3.540224835079366805e+00 1.370578503966413814e-02 1.265628408021103879e-01 1.186363999419391413e-01 1.165618500833704441e-01 2.803074594194911451e-01 5.963897122628988301e-01 3.004415330931210271e+00 3.437633629731031704e+00 2.934757469582215395e-01 7.934408908437839969e-01 3.254407629155922521e+00 3.698210803328994878e+00
5.000000000000000000e+02 2.700000000000000000e+03 2.713632215635460865e-01 2.390723807504992193e-01 1.345707913559632374e+00 1.560352889846077673e+00 9.795977062564549878e-03 9.359873292818086943e-02 1.438318645693358322e-01 1.422289061782013031e-01 2.686869906636059069e-01 1.834467230552783157e-01 1.265257862576340431e+00 1.468811286307037722e+00 2.778347324629593107e-01 4.696748106770436415e-01 1.478870280973287654e+00 1.704193532926492116e+00
5.000000000000000000e+02 3.000000000000000000e+03 2.732415490473548147e-01 9.009864785451418556e-02 5.674763630949166693e-01 6.457402220159649264e-01 7.487527368222634573e-03 5.952310059207970017e-02 1.340694166521922692e-01 1.292628669590052681e-01 2.707138434804494120e-01 5.280699246074406494e-02 4.662800772985968289e-01 5.844369200990321422e-01 2.800476518123000136e-01 2.570657741521302775e-01 8.266925407369316581e-01 8.531205833332375921e-01
7.000000000000000000e+02 2.000000000000000000e+03 1.000335160243075450e-01 7.925906404020442997e-01 3.359365517432626458e+00 4.042350615791860946e+00 7.117737787726291163e-03 7.231720942689136289e-02 1.155821747972221591e-01 1.240265170204965517e-01 9.777575787388267936e-02 7.506390398807886166e-01 3.251060047467163816e+00 3.911122457443723999e+00 1.038071081832333126e-01 8.501628212177322341e-01 3.520745711676595224e+00 4.227608042394852994e+00
7.000000000000000000e+02 2.200000000000000000e+03 8.833010065738627903e-02 5.907238366961268250e-01 2.898018794181369095e+00 3.337554967495457880e+00 5.938087865134566296e-03 9.833768867140575687e-02 1.270967765803603100e-01 1.255847201646210498e-01 8.667348773654748317e-02 5.489259667721599900e-01 2.776735486842582645e+00 3.215048713577728368e+00 9.031352922776245129e-02 6.425266720439687385e-01 3.030684029152001191e+00 3.477996383672877112e+00
7.000000000000000000e+02 2.300000000000000000e+03 9.040759229778359829e-02 5.015284154042338738e-01 2.608110444576831277e+00 2.943884462046214345e+00 3.000240774763436938e-03 1.091720663555322546e-01 1.279851170665408377e-01 1.252498506653148547e-01 8.893649488345480025e-02 4.820450857949007961e-01 2.516941881145645876e+00 2.844054205877736496e+00 9.477949595815188255e-02 6.485250741392284413e-01 2.774835215396114663e+00 3.132053869035965388e+00
7.000000000000000000e+02 2.700000000000000000e+03 8.499251115728975736e-02 1.810430882384475859e-01 1.220216380472996409e+00 1.364216724475544318e+00 2.731972869046076467e-03 8.159240635881183368e-02 1.450908581987076229e-01 1.442427076369490746e-01 8.379940273247647731e-02 1.493608284781640372e-01 1.151481761333944753e+00 1.293500008697493042e+00 8.737712293251011231e-02 3.899456974000658493e-01 1.356414074552094062e+00 1.503914025683746880e+00
7.000000000000000000e+02 3.000000000000000000e+03 8.229163604156035372e-02 8.384539992564717104e-02 4.975963815926899292e-01 5.644303704786147735e-01 2.187931200923425631e-03 5.926838289119311376e-02 1.327616931325163452e-01 1.353017071128006510e-01 8.152929698445426920e-02 4.963759851715340843e-02 4.388552961492562798e-01 5.055937998800292821e-01 8.446115812834625869e-02 2.503068051600225163e-01 7.590312942981355393e-01 7.965664741376854430e-01
9.000000000000000000e+02 2.000000000000000000e+03 3.975890421922615575e-02 4.917234934567538684e-01 2.342614379279903236e+00 2.815718967849095034e+00 2.601079677983927224e-02 2.955243029222461709e-02 7.408956788136120131e-02 8.693556577063273061e-02 3.921274924478002771e-02 4.750681407104833109e-01 2.283508135211143486e+00 2.751347517349146177e+00 9.569567118069836897e-02 5.273165966575209529e-01 2.430870675466362485e+00 2.929210127242195760e+00
9.000000000000000000e+02 2.200000000000000000e+03 3.557390154838659113e-02 4.101537251341169643e-01 2.164524495023600892e+00 2.502857670266335877e+00 1.961223464992680431e-03 4.930888014447586815e-02 1.165319957645062077e-01 1.128947391908764475e-01 3.454208410016910979e-02 3.860660940277233499e-01 2.063269906884430238e+00 2.387257025441010594e+00 3.811311269579886057e-02 4.416834894262788858e-01 2.293199789368293384e+00 2.641155757707657870e+00
9.000000000000000000e+02 2.300000000000000000e+03 3.016857560218670284e-02 3.394783587018234683e-01 2.032679159965613103e+00 2.306277676104408592e+00 3.103030123687919393e-03 5.769797417116218075e-02 1.297120596899339340e-01 1.255655558917748438e-01 2.961221932302937968e-02 3.171170021060951139e-01 1.952704266981190484e+00 2.211968794117759707e+00 3.117144519576257877e-02 3.887477939443599873e-01 2.146807677955053340e+00 2.425057327558491238e+00
9.000000000000000000e+02 2.700000000000000000e+03 3.063017839117403510e-02 1.628378108532739788e-01 1.137641548068236919e+00 1.269892009924188603e+00 1.176409381144714753e-03 7.405947268295716424e-02 1.395948007054046425e-01 1.402419748700986235e-01 3.000111593462375173e-02 1.457826000419182311e-01 1.069684804769762687e+00 1.192354981153610716e+00 3.169238132714032041e-02 3.522699096465242707e-01 1.272600247182614330e+00 1.404063622307174075e+00
9.000000000000000000e+02 3.000000000000000000e+03 2.957723178978265491e-02 7.459369526587580901e-02 4.847263181041716607e-01 5.392912954325568275e-01 8.985007068833746361e-04 5.117003881265050347e-02 1.281893366147485169e-01 1.324104278283667890e-01 2.902700894156302891e-02 4.791398141135089217e-02 4.359534560960530714e-01 4.868712806282062822e-01 3.048496081704470811e-02 2.172255065812472574e-01 7.337580592697382498e-01 7.746246099745929259e-01
1.100000000000000000e+03 2.000000000000000000e+03 1.899155268379390180e-02 3.296252208966248265e-01 1.516413818772729405e+00 1.851367057435516328e+00 1.412754207477660926e-03 1.165968183478742481e-02 4.864136050140439177e-02 5.675919069026613695e-02 1.836443420717933164e-02 3.160499243702701855e-01 1.461292037796701360e+00 1.782092622039059604e+00 2.034807634922341027e-02 3.471434781624438970e-01 1.562450755634876121e+00 1.907321368771980108e+00
1.100000000000000000e+03 2.200000000000000000e+03 1.717963725401897707e-02 2.518097872761487777e-01 1.385117932362457616e+00 1.630499714851251891e+00 2.057332088548344262e-03 1.202981837568847974e-02 6.017076169856989259e-02 6.693280967209237764e-02 1.661237234661848763e-02 2.396144528601356072e-01 1.340194809969853740e+00 1.579568437039248208e+00 1.781078695477975732e-02 2.725356357532177087e-01 1.464320882584979167e+00 1.727542549426522411e+00
1.100000000000000000e+03 2.300000000000000000e+03 1.378027040063234399e-02 2.309936594859838821e-01 1.309298142628184891e+00 1.526348029399384965e+00 9.864580705776773359e-04 2.668296550907396994e-02 1.095014436973220234e-01 1.144875171032925520e-01 1.345091683911482476e-02 2.192567188871084316e-01 1.261629965266824582e+00 1.474503658715351273e+00 1.452186058078367044e-02 2.454438109716071958e-01 1.375587108669772407e+00 1.597532405340558403e+00
1.100000000000000000e+03 2.700000000000000000e+03 1.056811213666453489e-02 1.216306627067202106e-01 9.806871380467010457e-01 1.080668182171030223e+00 1.529930992866323754e-03 4.189078923323296538e-02 1.359732957987299651e-01 1.371841145536150663e-01 1.039965438827773411e-02 1.093290420988966144e-01 9.048313088427623052e-01 9.953807045770372008e-01 1.094640395682290081e-02 2.075126710436802913e-01 1.087806325755754644e+00 1.185110898823348080e+00
1.100000000000000000e+03 3.000000000000000000e+03 1.078559032745143344e-02 6.470664690188121515e-02 4.565389628453348503e-01 5.024379685737457857e-01 3.675697240507675746e-04 5.157078404894678558e-02 1.209890959070714783e-01 1.244780236348314306e-01 1.063553456237023923e-02 4.296751948087778467e-02 4.179060200247569079e-01 4.570684983545611479e-01 1.118319742969935658e-02 2.137438747842459463e-01 6.848702021642600890e-01 7.230275910113804771e-01
