# PT cut	0sq-mean	0sq-std	0sq-min	0sq-max	1sq-mean	1sq-std	1sq-min	1sq-max	2sq-mean	2sq-std	2sq-min	2sq-max	all-mean	all-std	all-min	all-max
0.000000000000000000e+00 7.103312263703609464e-01 8.235700383209506106e-03 6.974405811056521021e-01 7.263545742014952955e-01 9.297114149540292027e-01 4.841931288562661452e-03 9.185607084910762943e-01 9.349611276365602519e-01 9.377847339711731234e-01 3.571939098107845736e-03 9.298981720637418125e-01 9.422705037634125924e-01 8.467472792955341720e-01 4.387171261348389584e-03 8.379569424024558844e-01 8.523816744652185085e-01
1.000000000000000000e+00 7.292223685850431902e-01 5.907167610316978006e-03 7.203079112790878868e-01 7.418806923073030246e-01 9.264715048674958542e-01 3.241142121843528564e-03 9.209572742022715808e-01 9.309971606273661493e-01 9.330163380316497390e-01 2.513092675020565242e-03 9.293930849941278716e-01 9.361575815759104469e-01 8.514703408749975111e-01 2.320097536131429314e-03 8.483499405193921650e-01 8.559105278494688607e-01
2.000000000000000000e+00 6.903416707024740973e-01 2.800319489568329351e-03 6.858833408355593519e-01 6.969488801860257432e-01 8.852979651162791175e-01 5.279099772805667320e-03 8.749435505678745395e-01 8.935387371552190316e-01 8.911555893482947521e-01 5.152844472116588186e-03 8.817806224458493158e-01 9.008437596350657994e-01 8.113371037621867066e-01 3.015407229552642850e-03 8.049945952415713535e-01 8.162257276278009899e-01
3.000000000000000000e+00 6.369760228359743204e-01 2.406440248902110002e-03 6.331643348873432497e-01 6.415146404910156974e-01 8.581629259058951575e-01 6.910086875699938957e-03 8.492103839913465180e-01 8.718226068144944163e-01 8.590868287864974473e-01 6.389824883057224243e-03 8.515249465339652657e-01 8.737154410045651076e-01 7.718514681271482214e-01 3.990926952607866396e-03 7.660748742702239156e-01 7.790449501874038285e-01
4.000000000000000000e+00 6.048791349495964420e-01 2.349512652363570497e-03 6.005230884824014348e-01 6.081833659203033093e-01 8.431699905354245184e-01 8.150070476616335519e-03 8.344370267712276634e-01 8.596641765819360570e-01 8.420869336934870830e-01 8.176027559667495281e-03 8.331261262975221404e-01 8.582353592599799574e-01 7.486254889407734092e-01 5.126328038149412757e-03 7.432300683058081781e-01 7.568909917901870399e-01
5.000000000000000000e+00 5.868129660685341698e-01 3.670353687721559718e-03 5.799411330965518196e-01 5.921877589928649099e-01 8.299130442130880914e-01 9.508529769644918916e-03 8.190736546782043659e-01 8.435769334775555794e-01 8.296784613030256939e-01 1.037099290522741288e-02 8.153685834383955777e-01 8.450362445190450211e-01 7.344443594161409461e-01 6.779665557933400692e-03 7.256045340031433977e-01 7.451836002811911275e-01
6.000000000000000000e+00 5.776535558810913518e-01 4.728182772949831789e-03 5.697011878717634925e-01 5.849157533774251849e-01 8.246710722011897365e-01 1.198972156805987350e-02 8.080729448350458810e-01 8.407389129259059679e-01 8.221439942452424265e-01 1.253631919731571821e-02 8.031956828922810487e-01 8.393364043287483423e-01 7.259542586430509647e-01 8.448502286759747987e-03 7.143441040897349215e-01 7.386077351312769768e-01
7.000000000000000000e+00 5.707385650102932972e-01 5.311875958936798647e-03 5.626988610482323017e-01 5.790041028423893454e-01 8.153742056517035985e-01 1.369288832671466428e-02 7.939004191454841486e-01 8.334373309897241677e-01 8.142934222508534381e-01 1.419831586556053946e-02 7.905207047023437017e-01 8.323912870368990191e-01 7.195728290179830289e-01 9.534815630007180409e-03 7.051380906095695567e-01 7.327134906841539230e-01
8.000000000000000000e+00 5.693146133422367638e-01 6.018237063263529897e-03 5.602978983381436962e-01 5.797867061295347568e-01 8.109661472417520889e-01 1.468406388134532205e-02 7.859347958355867858e-01 8.304500743645213401e-01 8.108562933112146709e-01 1.537459840638289062e-02 7.831364012494499427e-01 8.297654373858992516e-01 7.155923912051627145e-01 1.041460819085904439e-02 6.988025313013345174e-01 7.297962425688724331e-01
9.000000000000000000e+00 5.655883060490610736e-01 6.669765050012381631e-03 5.548245685139329142e-01 5.773183360779987616e-01 8.045263487020010151e-01 1.630599393994358950e-02 7.763657720389399719e-01 8.252971200648999694e-01 8.075685765393941784e-01 1.653940662374308798e-02 7.773586592224790426e-01 8.268205211800814247e-01 7.111941102390976210e-01 1.165547759473213596e-02 6.916830629828114585e-01 7.263154036624230869e-01
1.000000000000000000e+01 5.615790016018807895e-01 7.269107210590298150e-03 5.489905367565837135e-01 5.737805528544730471e-01 8.040920936992970169e-01 1.706432300551782855e-02 7.716784410492157908e-01 8.256637033531637471e-01 8.054694376936328837e-01 1.750511567249136632e-02 7.717517373519289237e-01 8.256921519961306632e-01 7.080607711215696209e-01 1.250747155762898036e-02 6.862924511595698274e-01 7.239071701168945383e-01
1.100000000000000000e+01 5.588797552276226765e-01 7.551634087568676913e-03 5.468768683073080838e-01 5.718328968545691726e-01 7.980383315305570324e-01 1.812163293198471373e-02 7.613015481341265378e-01 8.182128853434289528e-01 8.017103198076949155e-01 1.857768265299323054e-02 7.652423616237826742e-01 8.224452635094900987e-01 7.044992641321030646e-01 1.320932839461302910e-02 6.806904377559143127e-01 7.209631720854927650e-01
1.200000000000000000e+01 5.581948130095241156e-01 8.252615029197498189e-03 5.446807966320014183e-01 5.712107307505431830e-01 7.924399337479718364e-01 2.031071913879510180e-02 7.511592414818820673e-01 8.143878447809625998e-01 7.975712193178313703e-01 2.016870430658602997e-02 7.581525589852358138e-01 8.196947464031049124e-01 7.017396839989620272e-01 1.430048158126115063e-02 6.768062098636882240e-01 7.195743558611423785e-01
1.300000000000000000e+01 5.555235853137523439e-01 8.711554317278645890e-03 5.406822730099540841e-01 5.711956557841686433e-01 7.847653630340725162e-01 2.121165735466032376e-02 7.423151027582477468e-01 8.085372160627366522e-01 7.931836236144137464e-01 2.166570039932908670e-02 7.509284844713138840e-01 8.168002059011124638e-01 6.975276536129875193e-01 1.560222095978794701e-02 6.706426205691247144e-01 7.174795505485140890e-01
1.400000000000000000e+01 5.559868375476547664e-01 8.690407150622600149e-03 5.416850301175093474e-01 5.718569179485297749e-01 7.759741583288264355e-01 2.322696295651893381e-02 7.307747431043807307e-01 8.015483031368306754e-01 7.877824012064966741e-01 2.310724672646088246e-02 7.439207208637569346e-01 8.130147466521946420e-01 6.941733449590465899e-01 1.656627919960921083e-02 6.660818092247561273e-01 7.154338987747199674e-01
1.500000000000000000e+01 5.536654261765157070e-01 9.280245771353655762e-03 5.382704365536281621e-01 5.704778797950452729e-01 7.699118949432125492e-01 2.443612015944611818e-02 7.241895957274202544e-01 7.965993442401297919e-01 7.819962934661602860e-01 2.491217369108169113e-02 7.364484759826493976e-01 8.098636510692029944e-01 6.894896325328314646e-01 1.803511177066795604e-02 6.595819995090537180e-01 7.128127234878482987e-01
1.600000000000000000e+01 5.531063881005313654e-01 9.521130720036486209e-03 5.370833496769034099e-01 5.696673507505178868e-01 7.626218733098971692e-01 2.685736486030021117e-02 7.128785830178474558e-01 7.925491819902650281e-01 7.746377411365239496e-01 2.681403316080620269e-02 7.266963121871177211e-01 8.042812581640633729e-01 6.845386034772052986e-01 1.937234177239859773e-02 6.528439317546577136e-01 7.092786761733024248e-01
1.700000000000000000e+01 5.516383967716913528e-01 9.388575076347310117e-03 5.358445037680892309e-01 5.685706049345772284e-01 7.561243408599243043e-01 2.838456371494041744e-02 7.034778934559221542e-01 7.877229245538128755e-01 7.687006123194687346e-01 2.830640928863425998e-02 7.191905407091094826e-01 8.005144806459230100e-01 6.802493112237376627e-01 2.028242455148815057e-02 6.470712362440282917e-01 7.065236024601662113e-01
1.800000000000000000e+01 5.500104427504772797e-01 9.032600193090819379e-03 5.352210229292908572e-01 5.660828005329480161e-01 7.480848262574364416e-01 2.954460193900506834e-02 6.952842752839372142e-01 7.805014534883720767e-01 7.618848568194888093e-01 2.973803259146989841e-02 7.116960775622312996e-01 7.955686701686984774e-01 6.755136866001449913e-01 2.128307159263203435e-02 6.402504933403379006e-01 7.031071792569584256e-01
1.900000000000000000e+01 5.488500360929293720e-01 9.047954557897287808e-03 5.350159144195839600e-01 5.664492556663685008e-01 7.444530827474310497e-01 3.075483932134728121e-02 6.934812736614386353e-01 7.786675229853975422e-01 7.550561583369357344e-01 3.154051313602027062e-02 7.029608729046061821e-01 7.919727618403926694e-01 6.711221560199879255e-01 2.213792907577904340e-02 6.347175599930127143e-01 7.009946957797672518e-01
2.500000000000000000e+01 5.392098461811719590e-01 9.806626368703994998e-03 5.277641240869216377e-01 5.616081551040652542e-01 6.982623377501351314e-01 4.150547375615671469e-02 6.337210992428340406e-01 7.576661371011357282e-01 7.094293927662769228e-01 4.059184477824414466e-02 6.459345096972402001e-01 7.698382512703578762e-01 6.411824437785795805e-01 2.731626287323609542e-02 5.983057302234185970e-01 6.869216875892071306e-01
3.000000000000000000e+01 5.366505518406444741e-01 9.513510391162209590e-03 5.268522616126865010e-01 5.587398882068173034e-01 6.633682057869119131e-01 4.922316528031357719e-02 5.904698485667928542e-01 7.485436384532179188e-01 6.768460001678904270e-01 4.736827065066413073e-02 6.049388612166092249e-01 7.588343624793176811e-01 6.200719179321033669e-01 3.112183401988126430e-02 5.735258334780635181e-01 6.789510680563239919e-01
3.500000000000000000e+01 5.354759658180030524e-01 8.883343199830091852e-03 5.264337508904609608e-01 5.539323084385964213e-01 6.366310674689021898e-01 5.672783596047962368e-02 5.510133856138453856e-01 7.410458355868037028e-01 6.499255108889483434e-01 5.369042791229122064e-02 5.702023341768387432e-01 7.508691356527052996e-01 6.023870474803506569e-01 3.456074852785068208e-02 5.523774419212363895e-01 6.714087950101768065e-01
4.000000000000000000e+01 5.350879954948685180e-01 9.395906964377392923e-03 5.223268259036517591e-01 5.507437108624216870e-01 6.128774168469443007e-01 6.290631487265824218e-02 5.217152852893456316e-01 7.319001825310980092e-01 6.301552101238701020e-01 5.829128523368124620e-02 5.472453248600979148e-01 7.418097036734264682e-01 5.907505032174228399e-01 3.644345225175121827e-02 5.401901093177712276e-01 6.640596468636295047e-01
4.500000000000000000e+01 5.372048341354336287e-01 1.013135503819922664e-02 5.227716115508761474e-01 5.564047907432549955e-01 6.018192266089777975e-01 6.521585295969795082e-02 5.098031030286641618e-01 7.237182260681449542e-01 6.187146364888231886e-01 6.206434761803696770e-02 5.350224837817079138e-01 7.348994430098356734e-01 5.840409356474824953e-01 3.777444231922373608e-02 5.350886403821559778e-01 6.578399443203151176e-01
5.000000000000000000e+01 5.391204610215342141e-01 1.010100460264980356e-02 5.241094777470167720e-01 5.581884113385574553e-01 5.988769436181720085e-01 6.552520024767410911e-02 5.128872025419145553e-01 7.185313007030826871e-01 6.133711840235800405e-01 6.344251304392138635e-02 5.330377398910751685e-01 7.286517708711707231e-01 5.812633627370474843e-01 3.835608029648261003e-02 5.352370943476201237e-01 6.524634242645181992e-01
