# FPR	TPR_MEAN	TPR_STD	TPR_MIN	TPR_MAX
0.000000000000000000e+00 1.546681664791901378e-04 1.827896512935883028e-04 0.000000000000000000e+00 5.624296962879640586e-04
2.004008016032063962e-03 5.919572553430821685e-03 1.327158312321359036e-03 3.655793025871766164e-03 7.592800899887513708e-03
4.008016032064127925e-03 1.254218222722159812e-02 1.019379581574345267e-03 1.082677165354330694e-02 1.363892013498312766e-02
6.012024048096191453e-03 1.803993250843644730e-02 2.711245131094566774e-03 1.490438695163104690e-02 2.418447694038245235e-02
8.016032064128255849e-03 2.296119235095613054e-02 2.598043215706295241e-03 1.996625421822272387e-02 2.798087739032621007e-02
1.002004008016032024e-02 2.699662542182226788e-02 2.808631096096481702e-03 2.320022497187851362e-02 3.332395950506186755e-02
1.202404809619238291e-02 3.151012373453318527e-02 3.313356591983936637e-03 2.559055118110236185e-02 3.880764904386951875e-02
1.402805611222444730e-02 3.532058492688413404e-02 3.318930948792123310e-03 3.163667041619797754e-02 4.204161979752531197e-02
1.603206412825651170e-02 4.091676040494938299e-02 4.627244845867360505e-03 3.571428571428571230e-02 4.935320584926883997e-02
1.803607214428857436e-02 4.548650168728908538e-02 4.947004011580678762e-03 4.021372328458942824e-02 5.413385826771653642e-02
2.004008016032064049e-02 4.998593925759280132e-02 4.717897683050083051e-03 4.457255343082115046e-02 5.764904386951631016e-02
2.204408817635270315e-02 5.399325084364454963e-02 3.749238365009387956e-03 4.977502812148481420e-02 5.919572553430821338e-02
2.404809619238476581e-02 5.809898762654668036e-02 4.282783039334602491e-03 5.244656917885264641e-02 6.271091113610798018e-02
2.605210420841683194e-02 6.289370078740157133e-02 4.047467192225851461e-03 5.652418447694038117e-02 6.805399325084364459e-02
2.805611222444889460e-02 6.643700787401575492e-02 3.751478801513719909e-03 6.074240719910010966e-02 7.199100112485939951e-02
3.006012024048096073e-02 7.083802024746907455e-02 3.001762689762184268e-03 6.453880764904386391e-02 7.480314960629921850e-02
3.206412825651302340e-02 7.540776152980878388e-02 1.841957255343079115e-03 7.156917885264342527e-02 7.845894263217097209e-02
3.406813627254508953e-02 7.958380202474690801e-02 2.226752856561208058e-03 7.578740157480315376e-02 8.338020247469066226e-02
3.607214428857714872e-02 8.447694038245219528e-02 3.023419289562026546e-03 7.845894263217097209e-02 8.900449943757030025e-02
3.807615230460921485e-02 8.863892013498313183e-02 3.527649444446955690e-03 8.267716535433071445e-02 9.631608548931383518e-02
4.008016032064128098e-02 9.364454443194601685e-02 3.274070363507164058e-03 8.787964004499437820e-02 9.912823397075365417e-02
4.208416833667334017e-02 9.746906636670416013e-02 3.369183915107770363e-03 9.125421822272215822e-02 1.026434195725534348e-01
4.408817635270540630e-02 1.013779527559055121e-01 4.099375629109463896e-03 9.476940382452193889e-02 1.091113610798650213e-01
4.609218436873747243e-02 1.061164229471316112e-01 3.884456640547360486e-03 9.997187851518560264e-02 1.122047244094488139e-01
4.809619238476953162e-02 1.100815523059617551e-01 3.727263862035621027e-03 1.046119235095613054e-01 1.162823397075365556e-01
5.010020040080159776e-02 1.134842519685039103e-01 3.978693224193647314e-03 1.085489313835770464e-01 1.203599550056242973e-01
5.210420841683366389e-02 1.176884139482564651e-01 4.470343223888478823e-03 1.112204724409448786e-01 1.252812148481439736e-01
5.410821643286573002e-02 1.211051743532058494e-01 4.927302252266082747e-03 1.138920134983127108e-01 1.306242969628796380e-01
5.611222444889778921e-02 1.244656917885264280e-01 5.205438003224560108e-03 1.175478065241844783e-01 1.342800899887514054e-01
5.811623246492985534e-02 1.282480314960629808e-01 4.936682406276697577e-03 1.202193475815523105e-01 1.368110236220472509e-01
6.012024048096192147e-02 1.322975253093363335e-01 5.332878333316646083e-03 1.228908886389201288e-01 1.415916760404949404e-01
6.212424849699398066e-02 1.363892013498312905e-01 5.972423440099232372e-03 1.257030371203599617e-01 1.462317210348706431e-01
6.412825651302604679e-02 1.398200224971878347e-01 5.958570365871328732e-03 1.296400449943757027e-01 1.497469066366704238e-01
6.613226452905811292e-02 1.433773903262092475e-01 5.431179032133340648e-03 1.345613048368953790e-01 1.529808773903262031e-01
6.813627254509017905e-02 1.469347581552306048e-01 6.099510512302572587e-03 1.368110236220472509e-01 1.574803149606299191e-01
7.014028056112224518e-02 1.506749156355455532e-01 6.563279841339503262e-03 1.404668166479190183e-01 1.614173228346456601e-01
7.214428857715429744e-02 1.544431946006749046e-01 5.739539248282977610e-03 1.470753655793025916e-01 1.639482564679415055e-01
7.414829659318636357e-02 1.579583802024746852e-01 5.495286402112563133e-03 1.497469066366704238e-01 1.667604049493813245e-01
7.615230460921842970e-02 1.618110236220472176e-01 5.093328053394117517e-03 1.535433070866141780e-01 1.704161979752530920e-01
7.815631262525049583e-02 1.654527559055118113e-01 5.082545098150479876e-03 1.593082114735658028e-01 1.736501687289088991e-01
8.016032064128256196e-02 1.689820022497187657e-01 5.128143788756939041e-03 1.619797525309336350e-01 1.761811023622047168e-01
8.216432865731462809e-02 1.722300337457817743e-01 5.159909322722267162e-03 1.654949381327334157e-01 1.795556805399325107e-01
8.416833667334668034e-02 1.755343082114735886e-01 5.021949214133443994e-03 1.694319460067491567e-01 1.827896512935882900e-01
8.617234468937874647e-02 1.793307086614173151e-01 5.335380157248285383e-03 1.739313835770528727e-01 1.878515185601799808e-01
8.817635270541081260e-02 1.830708661417322913e-01 5.059914008843243403e-03 1.767435320584926917e-01 1.910854893138357602e-01
9.018036072144287874e-02 1.867407199100112325e-01 4.623590314683163546e-03 1.819460067491563693e-01 1.943194600674915673e-01
9.218436873747494487e-02 1.892716535433070779e-01 5.064776223257200054e-03 1.840551181102362266e-01 1.983970753655792951e-01
9.418837675350701100e-02 1.926462317210348718e-01 4.986887652894009433e-03 1.870078740157480324e-01 2.019122609673790758e-01
9.619238476953906325e-02 1.960489313835770686e-01 4.996235080112859835e-03 1.901012373453318249e-01 2.048650168728908816e-01
9.819639278557112938e-02 1.992969628796400494e-01 4.696877299462980798e-03 1.934758155230596188e-01 2.059898762654668036e-01
1.002004008016031955e-01 2.025590551181102872e-01 4.190573047775652746e-03 1.969910011248593995e-01 2.082395950506186755e-01
1.022044088176352616e-01 2.060039370078740328e-01 4.042286150560320257e-03 2.005061867266591802e-01 2.116141732283464694e-01
1.042084168336673278e-01 2.097300337457817798e-01 4.271411939781468055e-03 2.035995500562429728e-01 2.161136107986501576e-01
1.062124248496993939e-01 2.125562429696287725e-01 4.433060198374571062e-03 2.051462317210348829e-01 2.192069741282339779e-01
1.082164328657314600e-01 2.153683914510686193e-01 4.189086664977233719e-03 2.085208098987626490e-01 2.214566929133858220e-01
1.102204408817635123e-01 2.185883014623171972e-01 4.267244210663384205e-03 2.123172103487064033e-01 2.253937007874015630e-01
1.122244488977955784e-01 2.218925759280089838e-01 4.148014336095525757e-03 2.154105736782902236e-01 2.270809898762654599e-01
1.142284569138276445e-01 2.247890888638920115e-01 4.199927516770883898e-03 2.178008998875140545e-01 2.290494938132733305e-01
1.162324649298597107e-01 2.271934758155230993e-01 3.929870599470442274e-03 2.199100112485939396e-01 2.322834645669291376e-01
1.182364729458917768e-01 2.307789651293588595e-01 3.569905922370931323e-03 2.253937007874015630e-01 2.349550056242969698e-01
1.202404809619238429e-01 2.345753655793025860e-01 3.490945669775130829e-03 2.290494938132733305e-01 2.402980877390326342e-01
1.222444889779558952e-01 2.369938132733408198e-01 3.218190334617359108e-03 2.320022497187851640e-01 2.425478065241844783e-01
1.242484969939879613e-01 2.404760308017609982e-01 3.170594310812809187e-03 2.363610798650168654e-01 2.455005624296962841e-01
1.262525050100200275e-01 2.436164229471316500e-01 3.096046489458014785e-03 2.393138357705286712e-01 2.480314960629921295e-01
1.282565130260520936e-01 2.471737907761529518e-01 2.782783976747517114e-03 2.432508436445444400e-01 2.514060742407199234e-01
1.302605210420841597e-01 2.499859392575927708e-01 2.545305091374394906e-03 2.463442069741282325e-01 2.543588301462317292e-01
1.322645290581162258e-01 2.528262092238470204e-01 2.776382512438656160e-03 2.488751406074240780e-01 2.581552305961754556e-01
1.342685370741482920e-01 2.562148481439819880e-01 3.187666748898072919e-03 2.529527559055118058e-01 2.625140607424071848e-01
1.362725450901803581e-01 2.590551181102361822e-01 2.953559267220464638e-03 2.547806524184477173e-01 2.640607424071991227e-01
1.382765531062124242e-01 2.617688413948256465e-01 3.296367055211515181e-03 2.571709786276715204e-01 2.675759280089988756e-01
1.402805611222444904e-01 2.647075365579302231e-01 3.320360290352264866e-03 2.599831271091113671e-01 2.701068616422946933e-01
1.422845691382765287e-01 2.678290213723284463e-01 2.977957693147823253e-03 2.640607424071991227e-01 2.732002249718785136e-01
1.442885771543085949e-01 2.712176602924634139e-01 3.166914968205442743e-03 2.653262092238470315e-01 2.755905511811023723e-01
1.462925851703406610e-01 2.742969628796400050e-01 3.457227482250391313e-03 2.679977502812148638e-01 2.789651293588301662e-01
1.482965931863727271e-01 2.773622047244094224e-01 3.481957689303463201e-03 2.715129358830146167e-01 2.821991001124859455e-01
1.503006012024047933e-01 2.801602924634420400e-01 3.548353085643349801e-03 2.743250843644544634e-01 2.859955005624296720e-01
1.523046092184368594e-01 2.829302587176603101e-01 3.480026644389473851e-03 2.778402699662542163e-01 2.886670416197975042e-01
1.543086172344689255e-01 2.858408323959504838e-01 4.095732800428196312e-03 2.793869516310460988e-01 2.926040494938133008e-01
1.563126252505009917e-01 2.887654668166478866e-01 4.263930277715997745e-03 2.817772778402699574e-01 2.956974128233970656e-01
1.583166332665330578e-01 2.917744656917884427e-01 4.457255343082111576e-03 2.845894263217098041e-01 2.976659167604049361e-01
1.603206412825651239e-01 2.948115860517435127e-01 4.816517522083700251e-03 2.869797525309336073e-01 3.028683914510686415e-01
1.623246492985971901e-01 2.975112485939257478e-01 4.917019706381199097e-03 2.895106861642294804e-01 3.069460067491563415e-01
1.643286573146292562e-01 3.005061867266591302e-01 4.858917351674196632e-03 2.921822272215973126e-01 3.083520809898762649e-01
1.663326653306613223e-01 3.028262092238470093e-01 4.703544268467448400e-03 2.940101237345331686e-01 3.094769403824522147e-01
1.683366733466933607e-01 3.051884139482564651e-01 4.512709790987093697e-03 2.979471316085489097e-01 3.121484814398200469e-01
1.703406813627254268e-01 3.079021372328459294e-01 4.680685775379798096e-03 2.999156355455567802e-01 3.146794150731158646e-01
1.723446893787574929e-01 3.106017997750281090e-01 5.129762752236976218e-03 3.020247469066366652e-01 3.174915635545556558e-01
1.743486973947895591e-01 3.133998875140607820e-01 5.581760549549731956e-03 3.031496062992126150e-01 3.211473565804274233e-01
1.763527054108216252e-01 3.164370078740157410e-01 4.936602309537779960e-03 3.080708661417322913e-01 3.241001124859392846e-01
1.783567134268536913e-01 3.193616422947131994e-01 4.960493616272021976e-03 3.117266591676040588e-01 3.269122609673790758e-01
1.803607214428857575e-01 3.222440944881889702e-01 5.248180344036263746e-03 3.128515185601799531e-01 3.298650168728908816e-01
1.823647294589178236e-01 3.252530933633295818e-01 4.834033343742035436e-03 3.169291338582677087e-01 3.315523059617547785e-01
1.843687374749498897e-01 3.286417322834645494e-01 4.558825762308852184e-03 3.205849268841394761e-01 3.353487064116985605e-01
1.863727454909819559e-01 3.315101237345331464e-01 4.899538274865194130e-03 3.228346456692913202e-01 3.395669291338582751e-01
1.883767535070140220e-01 3.338723284589426576e-01 4.802623534492271411e-03 3.250843644544432198e-01 3.412542182227221721e-01
1.903807615230460881e-01 3.366141732283464694e-01 4.539682223109573964e-03 3.285995500562429728e-01 3.433633295838020016e-01
1.923847695390781265e-01 3.393982002249719132e-01 4.605317087792703060e-03 3.311304836895387904e-01 3.461754780652418484e-01
1.943887775551101926e-01 3.422103487064117600e-01 4.454304715439615613e-03 3.357705286839144931e-01 3.485658042744657070e-01
1.963927855711422588e-01 3.452755905511811219e-01 4.324312691804711034e-03 3.390044994375703280e-01 3.510967379077615247e-01
1.983967935871743249e-01 3.481439820022497189e-01 4.266688205856056411e-03 3.418166479190101192e-01 3.540494938132733305e-01
2.004008016032063910e-01 3.508858267716535861e-01 4.381111634458140572e-03 3.433633295838020016e-01 3.571428571428571508e-01
2.024048096192384572e-01 3.536698537682790300e-01 4.527493554291476055e-03 3.463160854893138629e-01 3.609392575928008773e-01
2.044088176352705233e-01 3.562710911136107717e-01 4.212031451901291322e-03 3.489876265466816396e-01 3.634701912260967505e-01
2.064128256513025894e-01 3.592238470191226329e-01 4.010048795794906099e-03 3.530652418447693952e-01 3.652980877390326064e-01
2.084168336673346555e-01 3.616563554555680127e-01 4.238071971398430816e-03 3.551743532058492803e-01 3.679696287964004386e-01
2.104208416833667217e-01 3.641169853768278508e-01 4.391906146320449789e-03 3.571428571428571508e-01 3.700787401574803237e-01
2.124248496993987878e-01 3.676321709786276593e-01 4.282967685825857414e-03 3.607986501687289183e-01 3.741563554555680793e-01
2.144288577154308539e-01 3.699943757030371150e-01 4.083042042651100802e-03 3.636107986501687095e-01 3.759842519685039353e-01
2.164328657314629201e-01 3.725393700787401619e-01 4.011256519350422413e-03 3.655793025871765800e-01 3.776715410573678322e-01
2.184368737474949584e-01 3.753515185601799531e-01 4.136463944671325485e-03 3.685320584926884413e-01 3.802024746906636499e-01
2.204408817635270246e-01 3.783464566929133910e-01 4.170047359763624784e-03 3.710629921259842590e-01 3.835770528683914438e-01
2.224448897795590907e-01 3.808773903262091531e-01 4.495833061271934869e-03 3.728908886389201149e-01 3.873734533183352258e-01
2.244488977955911568e-01 3.828318335208099055e-01 4.396787630714649869e-03 3.747187851518560264e-01 3.882170978627671465e-01
2.264529058116232230e-01 3.848987626546681584e-01 4.449153072137871159e-03 3.762654668166479088e-01 3.904668166479189906e-01
2.284569138276552891e-01 3.876406074240719701e-01 3.854003068973735086e-03 3.809055118110236116e-01 3.929977502812148638e-01
2.304609218436873552e-01 3.909589426321710137e-01 3.776690283325698054e-03 3.844206974128234200e-01 3.953880764904387224e-01
2.324649298597194214e-01 3.933955368554882814e-01 4.251324994518804884e-03 3.854049493813273553e-01 3.980596175478064991e-01
2.344689378757514875e-01 3.964426321709786372e-01 3.784534428338479691e-03 3.906074240719910051e-01 4.015748031496063075e-01
2.364729458917835536e-01 3.988892013498311906e-01 4.077833476184695299e-03 3.928571428571428492e-01 4.052305961754780750e-01
2.384769539078156197e-01 4.012795275590551047e-01 4.328996381876164257e-03 3.944038245219347316e-01 4.076209223847019336e-01
2.404809619238476859e-01 4.035995500562429283e-01 4.932174943481572489e-03 3.963723284589426576e-01 4.114173228346456601e-01
2.424849699398797520e-01 4.060320584926883636e-01 5.378872639758800443e-03 3.982002249718785136e-01 4.138076490438695187e-01
2.444889779559117904e-01 4.080005624296963451e-01 5.189175992153661175e-03 4.004499437570303577e-01 4.157761529808773893e-01
2.464929859719438565e-01 4.109955005624296720e-01 5.646399203716430740e-03 4.026996625421822018e-01 4.192913385826771422e-01
2.484969939879759226e-01 4.137654668166478866e-01 5.368939416415802537e-03 4.048087739032620869e-01 4.212598425196850127e-01
2.505010020040079888e-01 4.158323959505061396e-01 5.699441761773189202e-03 4.063554555680539693e-01 4.225253093363329771e-01
2.525050100200400549e-01 4.181946006749156508e-01 5.659269781767979970e-03 4.093082114735658306e-01 4.244938132733408476e-01
2.545090180360721210e-01 4.205146231721035299e-01 5.853407860023729023e-03 4.116985376827896337e-01 4.274465691788526533e-01
2.565130260521041872e-01 4.229471316085488541e-01 6.112138576781626399e-03 4.135264341957255452e-01 4.303993250843644591e-01
2.585170340681362533e-01 4.253655793025872822e-01 6.114661060124307844e-03 4.152137232845894421e-01 4.337739032620922530e-01
2.605210420841683194e-01 4.276293588301462445e-01 6.187062190512797495e-03 4.177446569178852598e-01 4.354611923509561500e-01
2.625250501002003856e-01 4.305961754780652240e-01 6.204660070257661530e-03 4.198537682789651448e-01 4.392575928008998765e-01
2.645290581162324517e-01 4.329443194600675615e-01 6.159327430412911940e-03 4.232283464566929387e-01 4.423509561304836968e-01
2.665330661322645178e-01 4.354049493813272886e-01 6.054680416914093311e-03 4.258998875140607154e-01 4.441788526434195528e-01
2.685370741482965840e-01 4.377671541057367999e-01 5.849742020317604159e-03 4.288526434195725767e-01 4.460067491563554642e-01
2.705410821643286501e-01 4.404527559055117503e-01 5.957591479859501021e-03 4.311023622047244208e-01 4.482564679415073083e-01
2.725450901803607162e-01 4.426040494938132674e-01 5.683323555908948756e-03 4.346175478065241737e-01 4.502249718785151789e-01
2.745490981963927823e-01 4.450506186726658764e-01 5.789475470172229798e-03 4.358830146231720826e-01 4.530371203599550256e-01
2.765531062124248485e-01 4.479049493813273553e-01 5.990684868608739215e-03 4.384139482564679557e-01 4.568335208098987521e-01
2.785571142284569146e-01 4.504921259842520342e-01 5.733076975210625072e-03 4.422103487064116822e-01 4.589426321709786372e-01
2.805611222444889807e-01 4.527840269966253994e-01 5.623523568872750185e-03 4.453037120359955026e-01 4.614735658042744548e-01
2.825651302605209914e-01 4.550478065241844172e-01 5.318623344399395908e-03 4.486782902137232965e-01 4.628796400449943782e-01
2.845691382765530575e-01 4.576349831271091517e-01 5.249781119635102411e-03 4.513498312710911287e-01 4.652699662542182368e-01
2.865731462925851236e-01 4.600956130483688789e-01 4.898226670526932038e-03 4.545838020247469080e-01 4.676602924634420955e-01
2.885771543086171897e-01 4.620219347581552283e-01 4.754298597657692117e-03 4.561304836895387904e-01 4.687851518560179898e-01
2.905811623246492559e-01 4.642857142857142461e-01 4.808280518568516099e-03 4.579583802024747019e-01 4.717379077615297955e-01
2.925851703406813220e-01 4.666197975253092989e-01 4.799720458818016941e-03 4.599268841394825724e-01 4.744094488188976277e-01
2.945891783567133881e-01 4.696147356580427923e-01 5.287456136364316814e-03 4.625984251968504046e-01 4.773622047244094335e-01
2.965931863727454543e-01 4.717097862767153371e-01 5.282349768024103068e-03 4.642857142857143016e-01 4.789088863892013714e-01
2.985971943887775204e-01 4.739454443194600630e-01 4.941325795686370842e-03 4.673790776152980664e-01 4.810179977502812010e-01
3.006012024048095865e-01 4.758436445444319540e-01 5.152374827129602153e-03 4.690663667041619633e-01 4.829865016872890715e-01
3.026052104208416527e-01 4.779668166479189573e-01 4.925697019409837167e-03 4.706130483689539012e-01 4.856580427446569037e-01
3.046092184368737188e-01 4.801462317210349329e-01 5.182981142403025702e-03 4.723003374578177982e-01 4.888920134983127386e-01
3.066132264529057849e-01 4.822412823397075887e-01 4.956107538394053692e-03 4.758155230596175511e-01 4.911417322834645827e-01
3.086172344689378511e-01 4.844628796400449744e-01 4.867637317123306960e-03 4.779246344206974362e-01 4.926884139482564651e-01
3.106212424849699172e-01 4.871766029246343832e-01 4.810664742484383090e-03 4.804555680539932538e-01 4.946569178852643356e-01
3.126252505010019833e-01 4.893982002249718799e-01 5.050214684176853978e-03 4.820022497187851362e-01 4.969066366704161797e-01
3.146292585170340494e-01 4.920556805399324274e-01 5.346503699901530675e-03 4.852362204724409711e-01 4.997187851518560264e-01
3.166332665330661156e-01 4.944741282339707444e-01 4.692181610704178329e-03 4.883295838020247359e-01 5.011248593925758943e-01
3.186372745490981817e-01 4.969910011248593884e-01 4.745453693056895031e-03 4.910011248593925681e-01 5.043588301462317292e-01
3.206412825651302478e-01 4.992407199100113435e-01 4.300013198914545524e-03 4.939538807649043739e-01 5.066085489313836288e-01
3.226452905811623140e-01 5.014904386951630766e-01 4.458918369875387346e-03 4.960629921259842590e-01 5.089988751406073764e-01
3.246492985971943801e-01 5.034730033745781208e-01 4.413841509632738733e-03 4.981721034870641440e-01 5.108267716535432879e-01
3.266533066132264462e-01 5.057086614173228467e-01 3.991468098071275679e-03 5.012654668166479643e-01 5.129358830146231174e-01
3.286573146292585124e-01 5.083239595050617066e-01 3.602295248185941132e-03 5.036557930258717120e-01 5.140607424071991227e-01
3.306613226452905785e-01 5.108970753655792674e-01 3.170533730333193346e-03 5.064679415073115587e-01 5.161698537682789523e-01
3.326653306613226446e-01 5.127390326209224636e-01 3.314997081730340460e-03 5.080146231721034411e-01 5.177165354330708347e-01
3.346693386773546552e-01 5.150309336332956622e-01 3.522742159089208968e-03 5.105455568053993698e-01 5.205286839145106814e-01
3.366733466933867214e-01 5.170416197975253869e-01 3.349173212814271841e-03 5.129358830146231174e-01 5.223565804274465929e-01
3.386773547094187875e-01 5.191507311586052165e-01 2.987899490493405464e-03 5.157480314960629642e-01 5.236220472440944462e-01
3.406813627254508536e-01 5.208942632170978637e-01 2.867977870005110341e-03 5.175759280089988756e-01 5.261529808773903749e-01
3.426853707414829198e-01 5.233127109111361808e-01 2.878024803599720047e-03 5.198256467941507752e-01 5.291057367829021807e-01
3.446893787575149859e-01 5.254780652418447051e-01 2.827433152818002900e-03 5.222159730033745229e-01 5.305118110236219930e-01
3.466933867735470520e-01 5.274465691788525756e-01 2.699369594154412376e-03 5.232002249718785691e-01 5.319178852643419164e-01
3.486973947895791182e-01 5.297525309336332811e-01 2.314006926565871734e-03 5.251687289088864397e-01 5.329021372328458517e-01
3.507014028056111843e-01 5.317491563554554990e-01 2.515104858136770621e-03 5.262935883014623339e-01 5.343082114735657751e-01
3.527054108216432504e-01 5.339145106861641343e-01 2.548681678373959994e-03 5.284026996625421635e-01 5.369797525309336628e-01
3.547094188376753165e-01 5.361501687289088602e-01 2.812464830350352909e-03 5.302305961754780750e-01 5.396512935883014395e-01
3.567134268537073827e-01 5.379218222722159659e-01 3.056748483186564301e-03 5.319178852643419164e-01 5.426040494938132452e-01
3.587174348697394488e-01 5.403824521934758041e-01 3.355071102799591157e-03 5.330427446569179217e-01 5.444319460067491567e-01
3.607214428857715149e-01 5.424775028121484599e-01 3.071845859531192879e-03 5.355736782902137394e-01 5.456974128233971211e-01
3.627254509018035811e-01 5.447975253093362280e-01 2.872799277642776056e-03 5.378233970753655280e-01 5.475253093363329215e-01
3.647294589178356472e-01 5.468785151856018212e-01 3.464881911966780689e-03 5.389482564679415333e-01 5.507592800899887564e-01
3.667334669338677133e-01 5.488892013498312128e-01 3.263819070885936278e-03 5.413385826771653919e-01 5.527277840269966269e-01
3.687374749498997795e-01 5.515044994375702947e-01 3.128981209208112936e-03 5.449943757030371039e-01 5.555399325084364737e-01
3.707414829659318456e-01 5.545697412823397121e-01 3.578976859809067032e-03 5.485095613048368568e-01 5.610236220472440971e-01
3.727454909819639117e-01 5.567069741282340001e-01 3.635755635281194900e-03 5.503374578177727683e-01 5.628515185601800086e-01
3.747494989979959779e-01 5.589566929133858997e-01 3.712169144082338914e-03 5.523059617547806388e-01 5.649606299212598381e-01
3.767535070140280440e-01 5.607142857142857206e-01 3.932385201920895849e-03 5.534308211473565331e-01 5.673509561304836968e-01
3.787575150300601101e-01 5.621062992125983593e-01 3.700433729224016609e-03 5.553993250843644036e-01 5.684758155230595911e-01
3.807615230460921762e-01 5.640185601799775350e-01 3.712169144082341082e-03 5.576490438695163032e-01 5.700224971878514735e-01
3.827655310621242424e-01 5.662964004499437820e-01 3.682330995157632233e-03 5.600393700787401619e-01 5.712879640044994378e-01
3.847695390781562530e-01 5.681524184476940409e-01 3.653656250159060051e-03 5.618672665916760733e-01 5.728346456692913202e-01
3.867735470941883191e-01 5.701209223847019114e-01 4.051860989472877775e-03 5.627109111361079385e-01 5.748031496062991907e-01
3.887775551102203853e-01 5.720894263217097819e-01 3.852771708881940187e-03 5.645388076490438500e-01 5.769122609673791313e-01
3.907815631262524514e-01 5.744938132733409253e-01 4.197926424507790293e-03 5.656636670416197443e-01 5.804274465691788842e-01
3.927855711422845175e-01 5.766451068616422759e-01 4.234805238492911524e-03 5.676321709786277259e-01 5.822553430821146847e-01
3.947895791583165837e-01 5.792604049493814689e-01 4.616144087874801162e-03 5.698818897637795144e-01 5.845050618672665843e-01
3.967935871743486498e-01 5.817069741282339113e-01 4.916215476752351828e-03 5.712879640044994378e-01 5.870359955005624020e-01
3.987975951903807159e-01 5.839707536557929846e-01 4.866642120772418992e-03 5.732564679415073083e-01 5.890044994375702725e-01
4.008016032064127820e-01 5.859111361079865077e-01 5.006493143841800331e-03 5.742407199100112436e-01 5.908323959505061840e-01
4.028056112224448482e-01 5.875281214848143696e-01 4.777860132068448284e-03 5.767716535433070613e-01 5.919572553430820783e-01
4.048096192384769143e-01 5.895669291338581086e-01 5.110842935048676497e-03 5.784589426321710137e-01 5.951912260967379131e-01
4.068136272545089804e-01 5.918447694038245777e-01 5.719733039481565869e-03 5.795838020247469080e-01 5.977221597300337308e-01
4.088176352705410466e-01 5.938976377952756014e-01 6.183146525224665450e-03 5.812710911136107494e-01 6.002530933633295485e-01
4.108216432865731127e-01 5.955708661417322691e-01 5.902514773276643437e-03 5.842238470191225552e-01 6.022215973003374190e-01
4.128256513026051788e-01 5.976096737907761192e-01 5.484698935105082433e-03 5.860517435320584667e-01 6.034870641169853833e-01
4.148296593186372450e-01 5.997047244094487750e-01 5.523724670668695748e-03 5.881608548931384073e-01 6.057367829021372829e-01
4.168336673346693111e-01 6.020106861642293694e-01 5.241187705334170860e-03 5.912542182227221721e-01 6.088301462317210477e-01
4.188376753507013772e-01 6.037120359955006066e-01 5.093095149883519399e-03 5.928008998875140545e-01 6.100956130483689011e-01
4.208416833667334433e-01 6.060601799775027221e-01 5.317879850138451138e-03 5.943475815523059369e-01 6.127671541057367888e-01
4.228456913827655095e-01 6.079021372328459183e-01 5.154062897677776783e-03 5.963160854893138074e-01 6.140326209223847531e-01
4.248496993987975756e-01 6.097300337457818298e-01 5.142157871696737860e-03 5.981439820022497189e-01 6.152980877390326064e-01
4.268537074148296417e-01 6.113188976377952333e-01 5.168561370665840371e-03 5.992688413948256132e-01 6.179696287964004942e-01
4.288577154308617079e-01 6.137795275590551825e-01 5.419426749333627891e-03 6.003937007874016185e-01 6.202193475815522827e-01
4.308617234468937740e-01 6.157199100112485946e-01 5.747731562421187594e-03 6.012373453318334837e-01 6.224690663667041823e-01
4.328657314629258401e-01 6.178290213723284241e-01 5.785786208691520022e-03 6.034870641169853833e-01 6.252812148481440291e-01
4.348697394789579063e-01 6.193053993250844380e-01 5.973499187147740183e-03 6.051743532058492248e-01 6.282339707536558349e-01
4.368737474949899169e-01 6.219628796400449300e-01 5.945616142415140366e-03 6.074240719910011244e-01 6.297806524184477173e-01
4.388777555110219830e-01 6.235658042744656182e-01 6.252779107072298920e-03 6.092519685039370358e-01 6.330146231721034411e-01
4.408817635270540491e-01 6.254358830146230508e-01 5.632885034858300076e-03 6.119235095613048125e-01 6.338582677165354173e-01
4.428857715430861153e-01 6.277559055118110409e-01 5.371939713632411899e-03 6.160011248593926236e-01 6.362485939257592760e-01
4.448897795591181814e-01 6.296681664791899946e-01 5.182218187554797802e-03 6.182508436445444122e-01 6.383577052868391055e-01
4.468937875751502475e-01 6.312992125984252523e-01 5.039869084847121289e-03 6.203599550056242418e-01 6.399043869516310989e-01
4.488977955911823137e-01 6.332677165354330118e-01 4.852402744800489963e-03 6.234533183352081176e-01 6.414510686164229813e-01
4.509018036072143798e-01 6.353487064116986049e-01 4.706128593239766733e-03 6.255624296962879471e-01 6.432789651293587818e-01
4.529058116232464459e-01 6.374859392575926709e-01 4.569113913844295889e-03 6.279527559055118058e-01 6.449662542182227343e-01
4.549098196392785121e-01 6.391872890888639080e-01 4.766342806846152191e-03 6.293588301462317292e-01 6.467941507311586458e-01
4.569138276553105782e-01 6.412823397075364529e-01 4.712258062055296216e-03 6.313273340832395997e-01 6.487626546681665163e-01
4.589178356713426443e-01 6.430118110236221485e-01 4.721332659532073012e-03 6.330146231721034411e-01 6.510123734533183049e-01
4.609218436873747105e-01 6.451631046119234991e-01 4.807129090687205404e-03 6.348425196850393526e-01 6.534026996625421635e-01
4.629258517034067766e-01 6.467097862767154925e-01 4.685920404589580257e-03 6.362485939257592760e-01 6.545275590551180578e-01
4.649298597194388427e-01 6.493391451068616371e-01 4.761362691276959172e-03 6.387795275590550936e-01 6.571991001124859455e-01
4.669338677354709088e-01 6.511107986501688538e-01 4.806656102901397769e-03 6.399043869516310989e-01 6.580427446569179217e-01
4.689378757515029750e-01 6.525871766029246457e-01 4.435178085233089373e-03 6.425759280089988756e-01 6.594488188976378451e-01
4.709418837675350411e-01 6.543025871766029455e-01 4.395056111686546779e-03 6.451068616422946933e-01 6.604330708661417804e-01
4.729458917835671072e-01 6.563273340832396219e-01 3.824832085617726682e-03 6.496062992125983815e-01 6.622609673790775808e-01
4.749498997995991734e-01 6.580568053993249844e-01 4.040329313910976695e-03 6.510123734533183049e-01 6.647919010123733985e-01
4.769539078156312395e-01 6.597581552305962216e-01 3.880255423755070085e-03 6.528402699662542163e-01 6.660573678290213628e-01
4.789579158316633056e-01 6.620078740157481212e-01 3.938915655395176796e-03 6.542463442069741397e-01 6.673228346456693272e-01
4.809619238476953718e-01 6.640888638920133813e-01 4.306812514614915925e-03 6.548087739032620869e-01 6.716816647919010563e-01
4.829659318637274379e-01 6.658042744656917922e-01 4.742786583843508832e-03 6.569178852643419164e-01 6.758998875140607154e-01
4.849699398797595040e-01 6.680258717660291223e-01 4.730765984606491448e-03 6.581833520809898808e-01 6.774465691788525978e-01
4.869739478957915702e-01 6.696006749156355742e-01 4.700916466584202126e-03 6.600112485939257922e-01 6.788526434195725212e-01
4.889779559118235808e-01 6.716535433070864869e-01 4.757769624872118693e-03 6.614173228346457156e-01 6.805399325084364737e-01
4.909819639278556469e-01 6.733267716535433767e-01 5.080210639086570057e-03 6.624015748031496509e-01 6.825084364454443442e-01
4.929859719438877130e-01 6.754499437570304909e-01 5.062960761778312335e-03 6.647919010123733985e-01 6.844769403824522147e-01
4.949899799599197792e-01 6.772356580427446593e-01 4.860727674829911152e-03 6.674634420697412862e-01 6.863048368953881262e-01
4.969939879759518453e-01 6.785995500562428395e-01 4.607892144610204604e-03 6.690101237345331686e-01 6.867266591676040033e-01
4.989979959919839114e-01 6.802868391451069030e-01 4.429379356490126263e-03 6.712598425196850682e-01 6.877109111361079385e-01
5.010020040080159776e-01 6.823397075365579267e-01 4.432948702616318348e-03 6.740719910011248039e-01 6.903824521934758263e-01
5.030060120240480437e-01 6.840973003374577477e-01 3.875284477371631914e-03 6.761811023622047445e-01 6.908042744656918144e-01
5.050100200400801098e-01 6.863329583802025846e-01 3.904129142587335274e-03 6.780089988751406560e-01 6.933352080989876320e-01
5.070140280561121759e-01 6.879358830146231618e-01 3.962136582074353777e-03 6.792744656917885093e-01 6.936164229471316611e-01
5.090180360721442421e-01 6.897356580427447259e-01 4.223936887092757074e-03 6.803993250843644036e-01 6.960067491563554087e-01
5.110220440881763082e-01 6.913807649043868242e-01 4.154205832224113631e-03 6.825084364454443442e-01 6.982564679415073083e-01
5.130260521042083743e-01 6.931524184476940409e-01 4.368819968604076634e-03 6.839145106861642676e-01 6.999437570303711498e-01
5.150300601202404405e-01 6.949662542182226677e-01 3.901292280843746477e-03 6.874296962879640205e-01 7.017716535433070613e-01
5.170340681362725066e-01 6.968082114735658639e-01 4.144962817612799812e-03 6.889763779527559029e-01 7.033183352080989437e-01
5.190380761523045727e-01 6.986079865016872059e-01 3.648891339347749146e-03 6.909448818897637734e-01 7.041619797525309199e-01
5.210420841683366389e-01 7.002109111361080052e-01 3.724610778260268890e-03 6.927727784026996849e-01 7.064116985376828195e-01
5.230460921843687050e-01 7.019403824521934787e-01 3.470355302194086215e-03 6.950224971878514735e-01 7.079583802024747019e-01
5.250501002004007711e-01 7.036557930258717786e-01 3.365308791604638625e-03 6.978346456692913202e-01 7.097862767154106134e-01
5.270541082164328373e-01 7.057086614173228023e-01 3.942026369200275770e-03 6.986782902137232965e-01 7.116141732283464139e-01
5.290581162324649034e-01 7.074100112485938174e-01 3.873957814400081148e-03 7.003655793025871379e-01 7.130202474690663372e-01
5.310621242484969695e-01 7.090129358830146167e-01 3.792883635432619648e-03 7.020528683914510903e-01 7.147075365579302897e-01
5.330661322645290356e-01 7.110517435320586888e-01 4.187174826067061213e-03 7.041619797525309199e-01 7.178008998875140545e-01
5.350701402805611018e-01 7.125140607424073069e-01 4.355744762359336185e-03 7.052868391451068142e-01 7.193475815523059369e-01
5.370741482965931679e-01 7.137935883014623339e-01 4.049029977497724253e-03 7.085208098987626490e-01 7.203318335208098722e-01
5.390781563126252340e-01 7.154808773903261754e-01 3.893708748986711692e-03 7.100674915635545315e-01 7.213160854893138074e-01
5.410821643286573002e-01 7.172103487064116489e-01 4.265668675483535663e-03 7.110517435320584667e-01 7.237064116985376661e-01
5.430861723446893663e-01 7.188695163104612540e-01 4.004325649342519410e-03 7.127390326209224192e-01 7.251124859392575894e-01
5.450901803607214324e-01 7.206974128233969434e-01 4.217847752362799060e-03 7.142857142857143016e-01 7.260967379077615247e-01
5.470941883767534986e-01 7.227924634420698213e-01 4.317930141561912571e-03 7.158323959505061840e-01 7.290494938132733305e-01
5.490981963927855647e-01 7.242829021372327869e-01 4.370810669893345803e-03 7.175196850393700254e-01 7.304555680539932538e-01
5.511022044088176308e-01 7.256608548931382519e-01 4.571558001774803266e-03 7.190663667041620188e-01 7.320022497187851362e-01
5.531062124248496970e-01 7.273622047244094890e-01 4.855335399582738111e-03 7.213160854893138074e-01 7.352362204724409711e-01
5.551102204408817631e-01 7.290073115860518094e-01 5.100794730544691222e-03 7.224409448818898127e-01 7.376265466816648297e-01
5.571142284569138292e-01 7.309898762654667426e-01 4.891764414115628776e-03 7.238470191226096251e-01 7.386107986501687650e-01
5.591182364729458953e-01 7.327615298087739593e-01 5.039241396195688096e-03 7.256749156355455366e-01 7.401574803149606474e-01
5.611222444889779615e-01 7.342519685039370358e-01 5.015961697253565853e-03 7.270809898762654599e-01 7.421259842519685179e-01
5.631262525050100276e-01 7.362204724409447953e-01 4.786025565126101472e-03 7.287682789651294124e-01 7.435320584926884413e-01
5.651302605210419827e-01 7.379499437570303799e-01 4.831271909550247448e-03 7.305961754780652129e-01 7.456411698537682708e-01
5.671342685370740488e-01 7.392716535433070391e-01 4.785219977747731147e-03 7.325646794150730834e-01 7.471878515185601533e-01
5.691382765531061150e-01 7.406214848143981566e-01 5.030150760788564684e-03 7.338301462317210477e-01 7.497187851518559709e-01
5.711422845691381811e-01 7.423509561304836302e-01 4.891926074566579040e-03 7.350956130483689011e-01 7.505624296962879471e-01
5.731462925851702472e-01 7.440804274465693258e-01 4.960254475664604805e-03 7.376265466816648297e-01 7.529527559055118058e-01
5.751503006012023134e-01 7.459926884139481684e-01 5.210543859304778147e-03 7.395950506186727003e-01 7.557649043869516525e-01
5.771543086172343795e-01 7.478627671541058231e-01 5.425260521306452324e-03 7.418447694038244888e-01 7.587176602924634583e-01
5.791583166332664456e-01 7.494797525309336850e-01 5.246013811330359558e-03 7.438132733408323594e-01 7.605455568053993698e-01
5.811623246492985118e-01 7.513779527559055760e-01 5.009177717770924368e-03 7.452193475815522827e-01 7.616704161979752641e-01
5.831663326653305779e-01 7.532480314960628975e-01 5.111017007116139960e-03 7.469066366704162352e-01 7.637795275590550936e-01
5.851703406813626440e-01 7.546681664791901056e-01 5.075830634502504282e-03 7.480314960629921295e-01 7.643419572553430408e-01
5.871743486973947102e-01 7.562007874015748143e-01 5.027162777924708108e-03 7.495781777277840119e-01 7.654668166479190461e-01
5.891783567134267763e-01 7.578458942632170237e-01 4.806553273310713338e-03 7.511248593925758943e-01 7.665916760404949404e-01
5.911823647294588424e-01 7.595331833520810871e-01 4.998905388197598734e-03 7.522497187851518996e-01 7.694038245219347871e-01
5.931863727454909085e-01 7.608970753655792674e-01 4.709089367103990072e-03 7.535151856017997529e-01 7.706692913385826404e-01
5.951903807615229747e-01 7.625281214848144140e-01 4.876240329323090934e-03 7.552024746906637054e-01 7.727784026996625810e-01
5.971943887775550408e-01 7.638638920134983579e-01 4.838284913027995210e-03 7.571709786276715759e-01 7.740438695163104343e-01
5.991983967935871069e-01 7.652699662542181702e-01 4.767483350638087453e-03 7.584364454443194292e-01 7.748875140607424106e-01
6.012024048096191731e-01 7.671822272215973459e-01 4.943225924882911453e-03 7.597019122609673936e-01 7.762935883014623339e-01
6.032064128256512392e-01 7.691788526434194528e-01 5.157897367011761089e-03 7.608267716535432879e-01 7.789651293588301106e-01
6.052104208416833053e-01 7.713160854893139629e-01 5.090377154885594897e-03 7.623734533183351703e-01 7.799493813273340459e-01
6.072144288577153715e-01 7.732986501687288960e-01 5.446446312945698622e-03 7.646231721034870699e-01 7.831833520809898808e-01
6.092184368737474376e-01 7.748453318335208895e-01 5.507451186547222995e-03 7.660292463442069932e-01 7.845894263217098041e-01
6.112224448897795037e-01 7.766872890888639747e-01 5.931500477654556673e-03 7.672947131608548466e-01 7.872609673790775808e-01
6.132264529058115698e-01 7.779808773903261754e-01 5.835462203257468609e-03 7.695444319460067462e-01 7.885264341957255452e-01
6.152304609218436360e-01 7.793728908886390361e-01 5.745478119979228852e-03 7.703880764904387224e-01 7.895106861642294804e-01
6.172344689378757021e-01 7.812710911136109271e-01 5.627881310046786364e-03 7.712317210348705876e-01 7.907761529808774448e-01
6.192384769539077682e-01 7.833098987626546661e-01 5.291941181501023071e-03 7.732002249718785691e-01 7.926040494938132452e-01
6.212424849699398344e-01 7.850112485939257922e-01 5.451145099825690371e-03 7.750281214848143696e-01 7.948537682789651448e-01
6.232464929859719005e-01 7.862907761529809303e-01 5.360241966924601115e-03 7.767154105736783221e-01 7.955568053993250510e-01
6.252505010020039666e-01 7.875562429696286726e-01 5.111403812708539829e-03 7.779808773903261754e-01 7.962598425196850682e-01
6.272545090180360328e-01 7.889060742407199012e-01 5.140562041825609378e-03 7.791057367829021807e-01 7.975253093363329215e-01
6.292585170340680989e-01 7.905933633295838536e-01 4.874456047123369544e-03 7.805118110236219930e-01 7.982283464566929387e-01
6.312625250501001650e-01 7.920416197975252981e-01 4.781065951809362370e-03 7.823397075365579045e-01 8.000562429696288502e-01
6.332665330661322312e-01 7.936304836895387016e-01 4.713621413988714273e-03 7.838863892013497869e-01 8.007592800899887564e-01
6.352705410821642973e-01 7.951912260967379797e-01 4.822322200718452689e-03 7.848706411698537222e-01 8.020247469066367207e-01
6.372745490981963634e-01 7.967519685039370358e-01 4.810027694909254845e-03 7.865579302587176747e-01 8.038526434195725212e-01
6.392785571142284295e-01 7.984955005624295721e-01 4.928666289131901530e-03 7.871203599550056218e-01 8.051181102362204856e-01
6.412825651302604957e-01 7.997328458942631890e-01 5.112409370284961597e-03 7.885264341957255452e-01 8.075084364454443442e-01
6.432865731462925618e-01 8.014482564679414889e-01 5.293061848976383064e-03 7.906355455568053747e-01 8.098987626546682028e-01
6.452905811623246279e-01 8.030933633295838092e-01 5.282499475396140384e-03 7.927446569178853153e-01 8.113048368953881262e-01
6.472945891783566941e-01 8.045275590551181910e-01 5.315555760301856648e-03 7.948537682789651448e-01 8.131327334083239267e-01
6.492985971943887602e-01 8.062570303712035535e-01 5.068678238661431835e-03 7.969628796400449744e-01 8.142575928008999320e-01
6.513026052104208263e-01 8.076771653543307616e-01 4.939224802438749867e-03 7.985095613048368568e-01 8.156636670416197443e-01
6.533066132264528925e-01 8.093925759280089505e-01 5.017222820928477975e-03 8.000562429696288502e-01 8.174915635545556558e-01
6.553106212424849586e-01 8.107845894263217001e-01 5.099631811663471979e-03 8.017435320584926917e-01 8.188976377952755792e-01
6.573146292585170247e-01 8.126124859392576116e-01 4.917260949620798349e-03 8.038526434195725212e-01 8.200224971878514735e-01
6.593186372745490909e-01 8.141169853768278619e-01 4.773616870237447699e-03 8.058211473565803917e-01 8.214285714285713969e-01
6.613226452905811570e-01 8.157058492688413764e-01 4.652406243116815297e-03 8.072272215973003151e-01 8.221316085489314140e-01
6.633266533066132231e-01 8.171822272215972793e-01 4.898630278496442225e-03 8.087739032620921975e-01 8.248031496062991907e-01
6.653306613226452892e-01 8.186304836895386128e-01 4.680537938795423583e-03 8.101799775028121209e-01 8.263498312710910731e-01
6.673346693386772444e-01 8.203037120359955026e-01 4.655783377997919567e-03 8.115860517435320443e-01 8.273340832395950084e-01
6.693386773547093105e-01 8.215551181102362932e-01 4.642366566507701194e-03 8.124296962879640205e-01 8.283183352080989437e-01
6.713426853707413766e-01 8.227643419572553407e-01 4.528890699794107036e-03 8.141169853768278619e-01 8.293025871766028789e-01
6.733466933867734427e-01 8.242407199100112436e-01 4.560104921516194669e-03 8.152418447694038672e-01 8.304274465691788842e-01
6.753507014028055089e-01 8.254077615298088810e-01 4.392288762615341804e-03 8.166479190101236796e-01 8.322553430821146847e-01
6.773547094188375750e-01 8.268841394825645619e-01 4.306261618689071792e-03 8.183352080989876320e-01 8.338020247469066781e-01
6.793587174348696411e-01 8.280652418447693730e-01 4.188496684344397876e-03 8.203037120359955026e-01 8.349268841394825724e-01
6.813627254509017073e-01 8.296259842519685401e-01 3.870179438365770400e-03 8.218503937007873850e-01 8.366141732283464139e-01
6.833667334669337734e-01 8.312429696287964020e-01 4.131944798688036088e-03 8.226940382452193612e-01 8.381608548931384073e-01
6.853707414829658395e-01 8.326631046119234991e-01 4.148490933097828508e-03 8.236782902137232965e-01 8.387232845894263544e-01
6.873747494989979057e-01 8.340410573678290751e-01 4.027390346237949385e-03 8.249437570303711498e-01 8.401293588301462778e-01
6.893787575150299718e-01 8.355596175478066101e-01 4.053422080729156968e-03 8.259280089988751961e-01 8.411136107986502131e-01
6.913827655310620379e-01 8.371344206974129509e-01 4.162573491531811054e-03 8.274746906636670785e-01 8.435039370078739607e-01
6.933867735470941041e-01 8.384420697412824364e-01 4.050372514338968118e-03 8.290213723284589609e-01 8.444881889763780070e-01
6.953907815631261702e-01 8.396934758155231160e-01 3.990105741917572384e-03 8.308492688413948724e-01 8.454724409448819422e-01
6.973947895791582363e-01 8.411276715410572757e-01 3.911540843935164616e-03 8.326771653543306728e-01 8.470191226096738246e-01
6.993987975951903024e-01 8.427727784026997071e-01 3.866985366602638304e-03 8.345050618672665843e-01 8.487064116985376661e-01
7.014028056112223686e-01 8.440241844769402757e-01 3.601883602776113046e-03 8.366141732283464139e-01 8.501124859392575894e-01
7.034068136272544347e-01 8.453037120359955248e-01 3.626908474781291841e-03 8.373172103487064311e-01 8.510967379077615247e-01
7.054108216432865008e-01 8.467379077615297955e-01 3.552668548336048587e-03 8.391451068616423425e-01 8.525028121484814481e-01
7.074148296593185670e-01 8.482564679415073305e-01 3.486837323442359277e-03 8.404105736782901959e-01 8.536276715410573424e-01
7.094188376753506331e-01 8.495781777277839897e-01 3.345629488181213040e-03 8.422384701912261074e-01 8.547525309336333477e-01
7.114228456913826992e-01 8.514341957255343596e-01 3.592072520098047068e-03 8.439257592800899488e-01 8.565804274465691481e-01
7.134268537074147654e-01 8.527137232845894976e-01 3.479714168780722542e-03 8.458942632170978193e-01 8.578458942632171125e-01
7.154308617234468315e-01 8.541619797525310531e-01 3.736455452801506864e-03 8.467379077615297955e-01 8.591113610798649658e-01
7.174348697394788976e-01 8.550759280089987868e-01 3.811498744259842093e-03 8.478627671541056898e-01 8.610798650168728363e-01
7.194388777555109638e-01 8.564116985376827307e-01 3.836186967949932556e-03 8.494094488188976833e-01 8.619235095613048125e-01
7.214428857715430299e-01 8.576490438695163476e-01 4.118717633933896734e-03 8.502530933633295485e-01 8.634701912260966949e-01
7.234468937875750960e-01 8.594628796400449744e-01 3.915986179972058730e-03 8.526434195725534071e-01 8.652980877390326064e-01
7.254509018036071621e-01 8.610236220472440305e-01 3.632573139754386067e-03 8.547525309336333477e-01 8.660011248593926236e-01
7.274549098196392283e-01 8.622890888638921059e-01 3.604709287734938952e-03 8.564398200224971891e-01 8.669853768278965589e-01
7.294589178356712944e-01 8.638076490438695298e-01 3.510795909289221757e-03 8.582677165354331006e-01 8.682508436445444122e-01
7.314629258517033605e-01 8.655511811023621771e-01 3.140806040886339780e-03 8.615016872890888244e-01 8.699381327334083647e-01
7.334669338677354267e-01 8.667322834645668772e-01 3.192624628476867146e-03 8.626265466816648297e-01 8.714848143982002471e-01
7.354709418837674928e-01 8.681383577052868006e-01 3.096429608211660658e-03 8.644544431946006302e-01 8.728908886389201705e-01
7.374749498997995589e-01 8.694600674915635707e-01 3.195348183271538335e-03 8.655793025871766355e-01 8.747187851518559709e-01
7.394789579158316251e-01 8.709223847019120779e-01 3.380431743580239630e-03 8.668447694038244888e-01 8.765466816647918824e-01
7.414829659318636912e-01 8.722581552305962438e-01 3.254841686207570004e-03 8.682508436445444122e-01 8.773903262092238586e-01
7.434869739478957573e-01 8.735095613048369234e-01 3.246905224019743311e-03 8.697975253093362946e-01 8.785151856017997529e-01
7.454909819639278235e-01 8.750562429696288058e-01 3.088374133811411671e-03 8.717660292463441651e-01 8.802024746906637054e-01
7.474949899799598896e-01 8.765607424071990561e-01 3.201683842938012666e-03 8.730314960629921295e-01 8.818897637795275468e-01
7.494989979959919557e-01 8.780371203599550700e-01 3.269356946981705030e-03 8.737345331833520357e-01 8.835770528683914993e-01
7.515030060120240218e-01 8.792041619797524854e-01 3.098121149324679479e-03 8.748593925759280410e-01 8.849831271091113116e-01
7.535070140280560880e-01 8.805399325084364293e-01 3.224297166942887566e-03 8.761248593925758943e-01 8.870922384701912522e-01
7.555110220440881541e-01 8.817632170978626505e-01 2.879158039753564741e-03 8.775309336332958177e-01 8.875140607424072403e-01
7.575150300601202202e-01 8.831552305961754001e-01 2.768217030894214170e-03 8.786557930258717120e-01 8.886389201349831346e-01
7.595190380761522864e-01 8.843925759280090171e-01 2.375225243394672378e-03 8.816085489313836288e-01 8.889201349831271637e-01
7.615230460921843525e-01 8.855736782902136062e-01 2.622846732681833899e-03 8.824521934758154940e-01 8.906074240719910051e-01
7.635270541082164186e-01 8.867407199100110216e-01 2.604275731352640854e-03 8.830146231721034411e-01 8.917322834645668994e-01
7.655310621242484848e-01 8.880624296962880138e-01 2.577721817592290143e-03 8.847019122609673936e-01 8.937007874015747699e-01
7.675350701402805509e-01 8.890044994375705389e-01 2.396273947443519885e-03 8.859673790776152469e-01 8.944038245219347871e-01
7.695390781563125060e-01 8.904246344206974140e-01 2.537214117285292465e-03 8.869516310461191821e-01 8.962317210348705876e-01
7.715430861723445721e-01 8.917463442069741841e-01 2.583850321752024712e-03 8.884983127109111756e-01 8.977784026996625810e-01
7.735470941883766383e-01 8.930399325084362738e-01 2.663425302262090871e-03 8.892013498312710817e-01 8.984814398200224872e-01
7.755511022044087044e-01 8.944178852643418498e-01 2.747751130241218951e-03 8.906074240719910051e-01 9.000281214848143696e-01
7.775551102204407705e-01 8.954302587176602435e-01 2.676753248333674836e-03 8.908886389201350342e-01 9.003093363329583987e-01
7.795591182364728366e-01 8.967800899887514721e-01 2.704966726381829306e-03 8.928571428571429047e-01 9.022778402699662692e-01
7.815631262525049028e-01 8.979611923509562832e-01 2.821308198366893026e-03 8.937007874015747699e-01 9.036839145106861926e-01
7.835671342685369689e-01 8.992266591676042475e-01 2.641062599505150394e-03 8.951068616422946933e-01 9.049493813273340459e-01
7.855711422845690350e-01 9.006749156355453589e-01 2.490935026746744687e-03 8.965129358830146167e-01 9.060742407199100512e-01
7.875751503006011012e-01 9.020247469066365875e-01 2.301670951028158153e-03 8.986220472440944462e-01 9.073397075365579045e-01
7.895791583166331673e-01 9.032480314960629197e-01 1.940637159070597020e-03 9.004499437570303577e-01 9.076209223847019336e-01
7.915831663326652334e-01 9.045838020247469746e-01 1.877201267522911592e-03 9.019966254218222401e-01 9.091676040494938160e-01
7.935871743486972996e-01 9.059195725534309185e-01 1.738592462162751170e-03 9.041057367829021807e-01 9.104330708661417804e-01
7.955911823647293657e-01 9.071569178852643134e-01 1.938190591316449156e-03 9.052305961754780750e-01 9.119797525309336628e-01
7.975951903807614318e-01 9.083239595050617288e-01 1.878043628466144607e-03 9.060742407199100512e-01 9.129640044994375980e-01
7.995991983967934980e-01 9.094769403824521925e-01 2.073947589144252077e-03 9.071991001124859455e-01 9.143700787401575214e-01
8.016032064128255641e-01 9.107424071991003789e-01 2.053831230203625145e-03 9.084645669291339098e-01 9.157761529808774448e-01
8.036072144288576302e-01 9.120359955005623576e-01 2.122380457155599500e-03 9.093082114735657751e-01 9.169010123734533391e-01
8.056112224448896963e-01 9.132030371203599950e-01 1.991519398331767065e-03 9.108548931383576575e-01 9.183070866141732624e-01
8.076152304609217625e-01 9.144263217097863272e-01 1.895020876134021533e-03 9.125421822272216099e-01 9.192913385826771977e-01
8.096192384769538286e-01 9.156496062992125484e-01 1.930422670753015628e-03 9.129640044994375980e-01 9.205568053993250510e-01
8.116232464929858947e-01 9.170978627671541039e-01 1.820526806483640549e-03 9.150731158605174276e-01 9.216816647919010563e-01
8.136272545090179609e-01 9.180258717660292334e-01 1.764048884990120948e-03 9.161979752530933219e-01 9.225253093363329215e-01
8.156312625250500270e-01 9.190101237345331686e-01 1.765169271819467568e-03 9.173228346456693272e-01 9.235095613048368568e-01
8.176352705410820931e-01 9.202896512935883067e-01 1.808814913295876160e-03 9.181664791901011924e-01 9.249156355455567802e-01
8.196392785571141593e-01 9.214285714285713746e-01 2.281829333532158464e-03 9.184476940382452215e-01 9.270247469066367207e-01
8.216432865731462254e-01 9.226518560179977069e-01 2.159548774381924319e-03 9.199943757030371039e-01 9.277277840269966269e-01
8.236472945891782915e-01 9.236923509561304479e-01 1.869655812863073524e-03 9.214004499437570272e-01 9.281496062992126150e-01
8.256513026052103577e-01 9.249999999999998224e-01 1.753031200844620613e-03 9.225253093363329215e-01 9.292744656917885093e-01
8.276553106212424238e-01 9.262092238470194250e-01 1.827680181020467209e-03 9.239313835770528449e-01 9.305399325084364737e-01
8.296593186372744899e-01 9.271653543307086798e-01 2.023965603537290422e-03 9.244938132733407921e-01 9.323678290213722741e-01
8.316633266533065560e-01 9.279527559055118502e-01 2.096135562832888207e-03 9.254780652418447273e-01 9.333520809898763204e-01
8.336673346693386222e-01 9.292182227221597035e-01 2.247256808099785865e-03 9.268841394825646507e-01 9.350393700787401619e-01
8.356713426853706883e-01 9.301321709786275482e-01 2.131907179665530876e-03 9.278683914510685860e-01 9.357424071991000680e-01
8.376753507014027544e-01 9.309617547806523508e-01 2.242677394530583328e-03 9.281496062992126150e-01 9.364454443194600852e-01
8.396793587174348206e-01 9.318897637795273692e-01 2.260414675377795009e-03 9.294150731158604684e-01 9.375703037120359795e-01
8.416833667334668867e-01 9.328599550056242418e-01 2.243779068416595305e-03 9.305399325084364737e-01 9.386951631046118738e-01
8.436873747494989528e-01 9.337879640044995933e-01 2.236895752923241144e-03 9.312429696287963798e-01 9.395388076490438500e-01
8.456913827655310190e-01 9.348284589426322233e-01 2.087676985642698217e-03 9.320866141732283561e-01 9.401012373453317972e-01
8.476953907815630851e-01 9.359392575928009439e-01 2.178462362976856838e-03 9.326490438695163032e-01 9.410854893138357324e-01
8.496993987975951512e-01 9.368672665916759623e-01 2.216072925179478088e-03 9.336332958380202385e-01 9.417885264341957496e-01
8.517034068136272174e-01 9.379499437570302245e-01 2.584309373690108717e-03 9.341957255343081856e-01 9.441788526434196083e-01
8.537074148296592835e-01 9.390607424071990561e-01 2.288231930982952134e-03 9.360236220472440971e-01 9.447412823397075554e-01
8.557114228456913496e-01 9.400449943757029914e-01 2.295994811805409774e-03 9.370078740157480324e-01 9.454443194600674616e-01
8.577154308617234157e-01 9.411557930258716009e-01 2.257833018741181239e-03 9.385545556805399148e-01 9.465691788526434669e-01
8.597194388777554819e-01 9.421259842519684735e-01 2.232250801177288434e-03 9.393982002249718910e-01 9.474128233970753321e-01
8.617234468937875480e-01 9.430399325084366513e-01 2.289311682994698161e-03 9.401012373453317972e-01 9.486782902137232965e-01
8.637274549098196141e-01 9.438554555680541691e-01 2.237425990545961144e-03 9.409448818897637734e-01 9.492407199100112436e-01
8.657314629258516803e-01 9.452052868391449536e-01 2.209863861735558623e-03 9.423509561304836968e-01 9.505061867266592079e-01
8.677354709418837464e-01 9.460770528683912772e-01 2.139128355458834365e-03 9.433352080989876320e-01 9.509280089988751961e-01
8.697394789579158125e-01 9.475393700787403395e-01 1.993900531327895582e-03 9.447412823397075554e-01 9.517716535433070613e-01
8.717434869739478787e-01 9.485376827896512264e-01 1.942215596156574367e-03 9.460067491563554087e-01 9.523340832395950084e-01
8.737474949899798338e-01 9.497890888638920170e-01 1.658273671976897559e-03 9.474128233970753321e-01 9.524746906636670785e-01
8.757515030060118999e-01 9.508858267716535639e-01 1.675589830020411024e-03 9.485376827896513374e-01 9.534589426321710137e-01
8.777555110220439660e-01 9.519544431946005414e-01 1.881251669373817459e-03 9.488188976377952555e-01 9.552868391451068142e-01
8.797595190380760322e-01 9.529527559055118724e-01 1.776556858502485780e-03 9.500843644544432198e-01 9.558492688413948724e-01
8.817635270541080983e-01 9.538526434195725434e-01 1.734436889213644131e-03 9.513498312710910731e-01 9.562710911136107494e-01
8.837675350701401644e-01 9.548650168728908261e-01 1.701291728037591109e-03 9.521934758155230494e-01 9.569741282339707666e-01
8.857715430861722306e-01 9.557930258717661776e-01 1.731470672537926969e-03 9.531777277840269846e-01 9.579583802024747019e-01
8.877755511022042967e-01 9.568616422947131550e-01 1.814653071417501309e-03 9.544431946006749490e-01 9.592238470191225552e-01
8.897795591182363628e-01 9.578458942632170903e-01 1.755960997272118821e-03 9.550056242969628961e-01 9.600674915635545315e-01
8.917835671342684289e-01 9.587457817772779833e-01 1.953583175810835564e-03 9.554274465691788842e-01 9.614735658042744548e-01
8.937875751503004951e-01 9.597862767154105024e-01 1.814870956160030170e-03 9.568335208098988076e-01 9.621766029246344720e-01
8.957915831663325612e-01 9.607142857142856318e-01 1.741716824207205231e-03 9.579583802024747019e-01 9.627390326209224192e-01
8.977955911823646273e-01 9.616001124859392402e-01 1.544699107727833670e-03 9.593644544431946253e-01 9.638638920134983135e-01
8.997995991983966935e-01 9.626265466816648075e-01 1.551531408788946360e-03 9.603487064116985605e-01 9.647075365579302897e-01
9.018036072144287596e-01 9.635686164229472217e-01 1.540854654012709796e-03 9.611923509561305368e-01 9.659730033745781430e-01
9.038076152304608257e-01 9.644825646794149554e-01 1.536678975513435094e-03 9.620359955005624020e-01 9.670978627671541483e-01
9.058116232464928919e-01 9.656074240719909607e-01 1.454726339300054135e-03 9.633014623172103663e-01 9.675196850393700254e-01
9.078156312625249580e-01 9.663667041619797837e-01 1.486453912981153128e-03 9.637232845894263544e-01 9.682227221597300426e-01
9.098196392785570241e-01 9.674493813273340459e-01 1.665174252295694270e-03 9.644263217097862606e-01 9.692069741282339779e-01
9.118236472945890903e-01 9.684195725534306964e-01 1.688694577728053897e-03 9.652699662542182368e-01 9.704724409448819422e-01
9.138276553106211564e-01 9.694038245219346317e-01 1.838895694518749048e-03 9.656917885264342249e-01 9.718785151856017546e-01
9.158316633266532225e-01 9.703318335208098722e-01 1.666064481844622448e-03 9.673790776152980664e-01 9.731439820022497189e-01
9.178356713426852886e-01 9.710629921259841257e-01 1.629833535527797691e-03 9.682227221597300426e-01 9.737064116985376661e-01
9.198396793587173548e-01 9.718082114735657751e-01 1.505550340998938101e-03 9.694881889763780070e-01 9.739876265466816951e-01
9.218436873747494209e-01 9.725956130483689455e-01 1.693662970427325162e-03 9.699100112485938840e-01 9.745500562429696423e-01
9.238476953907814870e-01 9.734251968503938590e-01 1.657737081348637301e-03 9.707536557930258603e-01 9.758155230596174956e-01
9.258517034068135532e-01 9.745500562429697533e-01 1.766288947968755116e-03 9.717379077615297955e-01 9.769403824521935009e-01
9.278557114228456193e-01 9.754077615298089032e-01 1.614783065213939994e-03 9.727221597300337308e-01 9.772215973003374190e-01
9.298597194388776854e-01 9.763638920134981580e-01 1.684298530863829113e-03 9.738470191226096251e-01 9.789088863892013714e-01
9.318637274549097516e-01 9.773340832395949196e-01 1.705701932971963363e-03 9.745500562429696423e-01 9.800337457817772657e-01
9.338677354709418177e-01 9.783042744656917922e-01 1.631349124331462914e-03 9.753937007874016185e-01 9.808773903262092420e-01
9.358717434869738838e-01 9.788667041619797393e-01 1.565801143119054930e-03 9.763779527559055538e-01 9.812992125984252301e-01
9.378757515030059499e-01 9.797244094488188892e-01 1.658690900231561162e-03 9.770809898762654599e-01 9.822834645669291653e-01
9.398797595190380161e-01 9.806383577052868450e-01 1.562008627111392042e-03 9.784870641169853833e-01 9.831271091113610305e-01
9.418837675350700822e-01 9.813695163104612096e-01 1.344621672644569655e-03 9.794713160854893186e-01 9.832677165354331006e-01
9.438877755511021483e-01 9.820022497187853583e-01 1.096377316626434215e-03 9.801743532058492248e-01 9.834083239595050596e-01
9.458917835671342145e-01 9.826631046119235213e-01 1.044761416662532555e-03 9.807367829021372829e-01 9.839707536557930068e-01
9.478957915831662806e-01 9.835629921259843034e-01 7.789448247730326952e-04 9.820022497187851362e-01 9.845331833520809539e-01
9.498997995991983467e-01 9.842800899887513832e-01 8.888346810618207852e-04 9.824240719910011244e-01 9.856580427446569592e-01
9.519038076152304129e-01 9.853768278965129301e-01 8.174601717518889662e-04 9.838301462317210477e-01 9.865016872890888244e-01
9.539078156312624790e-01 9.860939257592800100e-01 8.281526615651013884e-04 9.848143982002249830e-01 9.872047244094488416e-01
9.559118236472945451e-01 9.868250843644543746e-01 6.321081775306353068e-04 9.859392575928008773e-01 9.877671541057367888e-01
9.579158316633266113e-01 9.876406074240720034e-01 9.035052770763432909e-04 9.863610798650168654e-01 9.893138357705286712e-01
9.599198396793586774e-01 9.883858267716533197e-01 1.010418685220572464e-03 9.865016872890888244e-01 9.897356580427446593e-01
9.619238476953907435e-01 9.894122609673789981e-01 1.019864331034239183e-03 9.873453318335208007e-01 9.905793025871766355e-01
9.639278557114228096e-01 9.901574803149608694e-01 9.515705464391756990e-04 9.881889763779527769e-01 9.914229471316085007e-01
9.659318637274548758e-01 9.906496062992127261e-01 9.927521433129133602e-04 9.890326209223847531e-01 9.918447694038244888e-01
9.679358717434869419e-01 9.913385826771653475e-01 1.063795293553332008e-03 9.894544431946006302e-01 9.929696287964004942e-01
9.699398797595190080e-01 9.919291338582677531e-01 1.010418685220558152e-03 9.900168728908886884e-01 9.932508436445444122e-01
9.719438877755510742e-01 9.925196850393701586e-01 8.525031716098894997e-04 9.910011248593926236e-01 9.938132733408323594e-01
9.739478957915831403e-01 9.931383577052868006e-01 9.428039715545618238e-04 9.917041619797525298e-01 9.945163104611923766e-01
9.759519038076150954e-01 9.937148481439820324e-01 8.319635653817264789e-04 9.922665916760404770e-01 9.947975253093362946e-01
9.779559118236471615e-01 9.944600674915635707e-01 6.749156355455647417e-04 9.933914510686163712e-01 9.952193475815522827e-01
9.799599198396792277e-01 9.951209223847019558e-01 7.676959333362690444e-04 9.940944881889763884e-01 9.963442069741282880e-01
9.819639278557112938e-01 9.956552305961754445e-01 6.487779524780428473e-04 9.946569178852643356e-01 9.969066366704162352e-01
9.839679358717433599e-01 9.962598425196850238e-01 5.972092402023264747e-04 9.950787401574803237e-01 9.970472440944881942e-01
9.859719438877754261e-01 9.969769403824522147e-01 5.771759210285146071e-04 9.957817772778402299e-01 9.977502812148481004e-01
9.879759519038074922e-01 9.975393700787401619e-01 5.771759210285133061e-04 9.967660292463441651e-01 9.984533183352081176e-01
9.899799599198395583e-01 9.980596175478065879e-01 4.161599715114807849e-04 9.973284589426322233e-01 9.985939257592800766e-01
9.919839679358716245e-01 9.987345331833521467e-01 4.171090262708496794e-04 9.977502812148481004e-01 9.991563554555680238e-01
9.939879759519036906e-01 9.991844769403824822e-01 3.255297216757740649e-04 9.985939257592800766e-01 9.995781777277840119e-01
9.959919839679357567e-01 9.994235095613047681e-01 2.306133220874047166e-04 9.990157480314960647e-01 9.997187851518559709e-01
9.979959919839678228e-01 9.997047244094489082e-01 1.326487785722331274e-04 9.994375703037120529e-01 9.998593925759280410e-01
1.000000000000000000e+00 1.000000000000000000e+00 0.000000000000000000e+00 1.000000000000000000e+00 1.000000000000000000e+00
