# FPR	TPR_MEAN	TPR_STD	TPR_MIN	TPR_MAX
0.000000000000000000e+00 7.445141065830722556e-03 4.495600184236970068e-03 3.358710255261979191e-04 1.528213166144200622e-02
2.004008016032063962e-03 1.116771159874608149e-01 5.322139916443045619e-03 1.050156739811912293e-01 1.213054187192118272e-01
4.008016032064127925e-03 1.671742051052395872e-01 4.561420364003121973e-03 1.609381997313031887e-01 1.736453201970443450e-01
6.012024048096191453e-03 2.046036654589968029e-01 5.686651304941414166e-03 1.932937751903269219e-01 2.116210701743836964e-01
8.016032064128255849e-03 2.329825347066726005e-01 4.020254427083527413e-03 2.268248992386923402e-01 2.384684281236005288e-01
1.002004008016032024e-02 2.569917151813703171e-01 2.823498266167554383e-03 2.526869682042096055e-01 2.613636363636363535e-01
1.202404809619238291e-02 2.786721898790864294e-01 2.942766062954398510e-03 2.732310792655620046e-01 2.826354679802955405e-01
1.402805611222444730e-02 2.952026421854007654e-01 4.077775649640509419e-03 2.892409314823107813e-01 3.037393640841916653e-01
1.603206412825651170e-02 3.108766233766233622e-01 4.738457217596167385e-03 3.056426332288401104e-01 3.219323779668607499e-01
1.803607214428857436e-02 3.248320644872369489e-01 4.369609038517349026e-03 3.198611733094491871e-01 3.346394984326018784e-01
2.004008016032064049e-02 3.366715181370353305e-01 4.298555042967268543e-03 3.311688311688311681e-01 3.442118226600985320e-01
2.204408817635270315e-02 3.472850425436632138e-01 4.054208147675568072e-03 3.391737572772055564e-01 3.537281683833408130e-01
2.404809619238476581e-02 3.569861173309449298e-01 3.640049318027579334e-03 3.501455441110613576e-01 3.633004926108374111e-01
2.605210420841683194e-02 3.676836094939542887e-01 3.228174098835376836e-03 3.626287505597850513e-01 3.746081504702194476e-01
2.805611222444889460e-02 3.766737572772055898e-01 3.332902979679751385e-03 3.715293327362292897e-01 3.826130765785938359e-01
3.006012024048096073e-02 3.850033587102552057e-01 3.659303305407659700e-03 3.784146887595163378e-01 3.906739811912225968e-01
3.206412825651302340e-02 3.933889386475593053e-01 3.790389634897575830e-03 3.885467980295566615e-01 3.995745633676668351e-01
3.406813627254508953e-02 4.011643528884907828e-01 3.423871569854211334e-03 3.955441110613524547e-01 4.070756829377519259e-01
3.607214428857714872e-02 4.086710703090014052e-01 3.228678824077688050e-03 4.022615315718763851e-01 4.142409314823107813e-01
3.807615230460921485e-02 4.155564263322884533e-01 3.322903061773428268e-03 4.089229735781459985e-01 4.212942230183609471e-01
4.008016032064128098e-02 4.219827586206896797e-01 3.396566957755663575e-03 4.168159426780116417e-01 4.283475145544111129e-01
4.208416833667334017e-02 4.280620241827138850e-01 3.382829690715111800e-03 4.235893416927899446e-01 4.337774294670846409e-01
4.408817635270540630e-02 4.345107478728167938e-01 3.223647456873069816e-03 4.302507836990595580e-01 4.403269144648455091e-01
4.609218436873747243e-02 4.404724585759067779e-01 3.420575193983953384e-03 4.348410210479176086e-01 4.457008508732646646e-01
4.809619238476953162e-02 4.457512315270936165e-01 4.280320840535973073e-03 4.383116883116883189e-01 4.516345723242274901e-01
5.010020040080159776e-02 4.500223914017017490e-01 4.196058467114290730e-03 4.427339901477832518e-01 4.558329601433049882e-01
5.210420841683366389e-02 4.556930138826690291e-01 4.266006449784781607e-03 4.475481415136587371e-01 4.615987460815046961e-01
5.410821643286573002e-02 4.606918943125840049e-01 4.825256149505648302e-03 4.517465293327362352e-01 4.666927899686520442e-01
5.611222444889778921e-02 4.654332736229288559e-01 4.801849668630882827e-03 4.574563367666815705e-01 4.719547693685624545e-01
5.811623246492985534e-02 4.696876399462605600e-01 4.942382052642175713e-03 4.618226600985221864e-01 4.772167487684729204e-01
6.012024048096192147e-02 4.739811912225705415e-01 5.033697165846109586e-03 4.656291983878190766e-01 4.820868786386027782e-01
6.212424849699398066e-02 4.788177339901477647e-01 4.545730293269080458e-03 4.712270488132557222e-01 4.865651589789520837e-01
6.412825651302604679e-02 4.832904164800716496e-01 4.225042273566702311e-03 4.769368562472010575e-01 4.900358262427227940e-01
6.613226452905811292e-02 4.869793999104343740e-01 4.012858424660615923e-03 4.807433945364980032e-01 4.927227944469323995e-01
6.813627254509017905e-02 4.911609941782355548e-01 3.830292083261598469e-03 4.845499328257948934e-01 4.970891177787729598e-01
7.014028056112224518e-02 4.949955217196596036e-01 3.833542683596730550e-03 4.886363636363636465e-01 5.012315270935960854e-01
7.214428857715429744e-02 4.988860277653380804e-01 3.983408493619152412e-03 4.919950738916256117e-01 5.041424093148231256e-01
7.414829659318636357e-02 5.026589789520823359e-01 4.297840575831058871e-03 4.958016121809225019e-01 5.094043887147335914e-01
7.615230460921842970e-02 5.063143752798925368e-01 3.996002696767943056e-03 5.003358710255262354e-01 5.130989699955217365e-01
7.815631262525049583e-02 5.092700403045230528e-01 3.693325791918741427e-03 5.034706672637707658e-01 5.156180026869682242e-01
8.016032064128256196e-02 5.124888042991491144e-01 3.787594288737162248e-03 5.059337214509628255e-01 5.191446484549933071e-01
8.216432865731462809e-02 5.161833855799373705e-01 3.800973415755966572e-03 5.104120017913121865e-01 5.226712942230183900e-01
8.416833667334668034e-02 5.195812807881773354e-01 3.779921297980016418e-03 5.129870129870129913e-01 5.255821764442454302e-01
8.617234468937874647e-02 5.228112404836543492e-01 3.678452254458687218e-03 5.157859381997312864e-01 5.288289296909987058e-01
8.817635270541081260e-02 5.263546798029555829e-01 3.598664690235404973e-03 5.192006269592476242e-01 5.317957904164800631e-01
9.018036072144287874e-02 5.299093148231077688e-01 3.292473651765555776e-03 5.243506493506493449e-01 5.344267801164352960e-01
9.218436873747494487e-02 5.328034034930586582e-01 3.529931863488940114e-03 5.267577250335870875e-01 5.375615763546798265e-01
9.418837675350701100e-02 5.356471115091805402e-01 3.332653817560527615e-03 5.300044782803403631e-01 5.406963725929243569e-01
9.619238476953906325e-02 5.387595163457232772e-01 3.443310556141940867e-03 5.329713390058217204e-01 5.433833407971339069e-01
9.819639278557112938e-02 5.416648007165248968e-01 3.370449889374261924e-03 5.359381997313031887e-01 5.462942230183609471e-01
1.002004008016031955e-01 5.446036721898790400e-01 3.667920743238498385e-03 5.377854903716973167e-01 5.490371697268249251e-01
1.022044088176352616e-01 5.474977608598298184e-01 4.132127525047036426e-03 5.406963725929243569e-01 5.531236005373936226e-01
1.042084168336673278e-01 5.507557098074340463e-01 4.338175170081278592e-03 5.436632333184057142e-01 5.567062248096731336e-01
1.062124248496993939e-01 5.530676220331393056e-01 4.174585460675818427e-03 5.457904164800716496e-01 5.588893864755933860e-01
1.082164328657314600e-01 5.554411106135244136e-01 4.139246078039680692e-03 5.484773846842811995e-01 5.609605911330048933e-01
1.102204408817635123e-01 5.580161218092252184e-01 4.383813878039797413e-03 5.499328257948947751e-01 5.630877742946708286e-01
1.122244488977955784e-01 5.606806986117330860e-01 4.361655961899565948e-03 5.527877295118674983e-01 5.660546350201522969e-01
1.142284569138276445e-01 5.631325570980744155e-01 4.164650233956106000e-03 5.555306762203313653e-01 5.683497536945812945e-01
1.162324649298597107e-01 5.652709359605910810e-01 4.160675525651971567e-03 5.570980743394536860e-01 5.703090013434840566e-01
1.182364729458917768e-01 5.682657859381997634e-01 4.422886383107453752e-03 5.598969995521719811e-01 5.745073891625616103e-01
1.202404809619238429e-01 5.707400358262427753e-01 4.585664631152615127e-03 5.614084191670398738e-01 5.766345723242275456e-01
1.222444889779558952e-01 5.729791759964173448e-01 4.623638078542369884e-03 5.633676668159426359e-01 5.785938199731303078e-01
1.242484969939879613e-01 5.753974473802059286e-01 4.752073881556913293e-03 5.657747424988803786e-01 5.814487236901030309e-01
1.262525050100200275e-01 5.776197939991043473e-01 4.803673284545587237e-03 5.674540976265114445e-01 5.839117778772950906e-01
1.282565130260520936e-01 5.798925212718316624e-01 4.905697547178515701e-03 5.697492163009404420e-01 5.862068965517240882e-01
1.302605210420841597e-01 5.823499776085983015e-01 4.782245289352570622e-03 5.729399910434392895e-01 5.879982086878638992e-01
1.322645290581162258e-01 5.846786833855800447e-01 4.950604854658104646e-03 5.742834751455441200e-01 5.907971339005821942e-01
1.342685370741482920e-01 5.870521719659650417e-01 5.272714535629089219e-03 5.757389162561575846e-01 5.938759516345722966e-01
1.362725450901803581e-01 5.891513658755038740e-01 5.386528481350148778e-03 5.774742498880429675e-01 5.959471562919839149e-01
1.382765531062124242e-01 5.914408866995073399e-01 5.262947024446667371e-03 5.806090461262874980e-01 5.982982534706672295e-01
1.402805611222444904e-01 5.936968204209585043e-01 5.169565617483185341e-03 5.830721003134796687e-01 6.002575011195701027e-01
1.422845691382765287e-01 5.959751455441110179e-01 5.111744785989499711e-03 5.858150470219435357e-01 6.021047917599641197e-01
1.442885771543085949e-01 5.982590685176892853e-01 4.852471060689362084e-03 5.892297357814598735e-01 6.038961038961039307e-01
1.462925851703406610e-01 6.002742946708463645e-01 4.597539466243406175e-03 5.914128974473802369e-01 6.055194805194805685e-01
1.482965931863727271e-01 6.026197939991042585e-01 4.768488068100933293e-03 5.929243170622481296e-01 6.079265562024183112e-01
1.503006012024047933e-01 6.048253470667264153e-01 4.509324774509824649e-03 5.963390058217644674e-01 6.098858038513210733e-01
1.523046092184368594e-01 6.070588893864756752e-01 4.210554843345724885e-03 5.986901030004477819e-01 6.118450515002239465e-01
1.543086172344689255e-01 6.090573219883564926e-01 3.985638054188910852e-03 6.013210927004030149e-01 6.135803851321092184e-01
1.563126252505009917e-01 6.113804299149127042e-01 4.254149032799196123e-03 6.033363188535602051e-01 6.168831168831169220e-01
1.583166332665330578e-01 6.139946260635915642e-01 4.315300075357590172e-03 6.058553515450066929e-01 6.198499776085982793e-01
1.603206412825651239e-01 6.159538737124943264e-01 4.168816592385624596e-03 6.079825347066726282e-01 6.215853112404836622e-01
1.623246492985971901e-01 6.180362740707567859e-01 3.970150856662100179e-03 6.108934169278996684e-01 6.230407523510971268e-01
1.643286573146292562e-01 6.199451410658307626e-01 3.984242267240647832e-03 6.133004926108374111e-01 6.255597850425436146e-01
1.663326653306613223e-01 6.217196596506940898e-01 4.019958224640080534e-03 6.146999552171965586e-01 6.281907747424988475e-01
1.683366733466933607e-01 6.237740707568294463e-01 4.053821667481251681e-03 6.173309449171517915e-01 6.309337214509628255e-01
1.703406813627254268e-01 6.254758172861623056e-01 3.749745083995469942e-03 6.197380206000895342e-01 6.321652485445589109e-01
1.723446893787574929e-01 6.273790864308106396e-01 3.914995077993407846e-03 6.225929243170622573e-01 6.351880877742946963e-01
1.743486973947895591e-01 6.293327362292880922e-01 4.139851669235093505e-03 6.236005373936408525e-01 6.375391849529780108e-01
1.763527054108216252e-01 6.314151365875503297e-01 4.000031360875192822e-03 6.257277205553067878e-01 6.388826690550828413e-01
1.783567134268536913e-01 6.336094939543215343e-01 3.834163868201850497e-03 6.287505597850425731e-01 6.405060456784594791e-01
1.803607214428857575e-01 6.358766233766233178e-01 3.848134369583548244e-03 6.306538289296910182e-01 6.432489923869234572e-01
1.823647294589178236e-01 6.377630989699955011e-01 3.925925397607821048e-03 6.325570980743394633e-01 6.461598746081504974e-01
1.843687374749498897e-01 6.397055530676220014e-01 4.068374274496245648e-03 6.342364532019704182e-01 6.482870577698164327e-01
1.863727454909819559e-01 6.418327362292879368e-01 4.371706150713141996e-03 6.359158083296014841e-01 6.512539184952977900e-01
1.883767535070140220e-01 6.436408419167041206e-01 4.165492866321209887e-03 6.378750559785042462e-01 6.524294670846394473e-01
1.903807615230460881e-01 6.453873712494402337e-01 4.153197604961559111e-03 6.399462606359157535e-01 6.541648007165248302e-01
1.923847695390781265e-01 6.470163457232422921e-01 4.259081372625194220e-03 6.413457232422750121e-01 6.559561128526645302e-01
1.943887775551101926e-01 6.487012987012987786e-01 4.109005244175044542e-03 6.431930138826690291e-01 6.572436184505150436e-01
1.963927855711422588e-01 6.504926108374384786e-01 4.248484514482852442e-03 6.449843260188087291e-01 6.589789520824003155e-01
1.983967935871743249e-01 6.524070756829377649e-01 4.145751547441062571e-03 6.462718316166592425e-01 6.605463502015226362e-01
2.004008016032063910e-01 6.540304523063142916e-01 3.952034826272274662e-03 6.482310792655620046e-01 6.618338557993730387e-01
2.024048096192384572e-01 6.557601880877743650e-01 3.763092234982020820e-03 6.504702194357366851e-01 6.631773399014778692e-01
2.044088176352705233e-01 6.575459023734884223e-01 3.551984970820127197e-03 6.520935960591133229e-01 6.641289744738020362e-01
2.064128256513025894e-01 6.593036274070755987e-01 3.465318097291661924e-03 6.542207792207792583e-01 6.660882221227049094e-01
2.084168336673346555e-01 6.606751007613078652e-01 3.548706051140145933e-03 6.552283922973578534e-01 6.675996417375728020e-01
2.104208416833667217e-01 6.622928795342588604e-01 3.490456130850028583e-03 6.568517689207344912e-01 6.689991043439319496e-01
2.124248496993987878e-01 6.642185400806089879e-01 3.691288956333179348e-03 6.591468875951634887e-01 6.717420510523959276e-01
2.144288577154308539e-01 6.659370801612181090e-01 3.496846822605077440e-03 6.607142857142856984e-01 6.727496641289745227e-01
2.164328657314629201e-01 6.675380653828928423e-01 3.203853781448032581e-03 6.625055978504253984e-01 6.737012987012986898e-01
2.184368737474949584e-01 6.691894312583966942e-01 3.180564426004344955e-03 6.642969099865652094e-01 6.750447828034035203e-01
2.204408817635270246e-01 6.708799820868786012e-01 3.243972433603065694e-03 6.658643081056874191e-01 6.769480519480519654e-01
2.224448897795590907e-01 6.725481415136588259e-01 3.046300620746022775e-03 6.683833407971339069e-01 6.781236005373936226e-01
2.244488977955911568e-01 6.740595611285266076e-01 3.016218222034615284e-03 6.698387819077473715e-01 6.795790416480071983e-01
2.264529058116232230e-01 6.755261979399911354e-01 3.029073367848619802e-03 6.712382445141066301e-01 6.812024182713838361e-01
2.284569138276552891e-01 6.772895208240035103e-01 2.750869362836011207e-03 6.733094491715181373e-01 6.823779668607254933e-01
2.304609218436873552e-01 6.790024630541873218e-01 2.602494786416403687e-03 6.752127183161665824e-01 6.832736229287953433e-01
2.324649298597194214e-01 6.806986117330944275e-01 2.610183473821091164e-03 6.763882669055082397e-01 6.843372145096282555e-01
2.344689378757514875e-01 6.825123152709358099e-01 2.716105638532181465e-03 6.779556650246305605e-01 6.861845051500223835e-01
2.364729458917835536e-01 6.839285714285713302e-01 2.796242556756233563e-03 6.787393640841916653e-01 6.875279892521272140e-01
2.384769539078156197e-01 6.853448275862069616e-01 2.930623061056231507e-03 6.796350201522615153e-01 6.892073443797581689e-01
2.404809619238476859e-01 6.870297805642632261e-01 2.819722331554821125e-03 6.815942678011643885e-01 6.912225705329153591e-01
2.424849699398797520e-01 6.885859829825347056e-01 2.889320614206380110e-03 6.827698163905060458e-01 6.932377966860725493e-01
2.444889779559117904e-01 6.899182713837885839e-01 2.779720274383939461e-03 6.845611285266457458e-01 6.945812807881773798e-01
2.464929859719438565e-01 6.915248544558889598e-01 2.809786360760510322e-03 6.859046126287505762e-01 6.964285714285713969e-01
2.484969939879759226e-01 6.932713837886251840e-01 2.885277862578519356e-03 6.876399462606359592e-01 6.976600985221674822e-01
2.505010020040079888e-01 6.947156291983878074e-01 2.631728036198697530e-03 6.903269144648455091e-01 6.990035826242723127e-01
2.525050100200400549e-01 6.962662337662338663e-01 2.441388087236079970e-03 6.922861621137482713e-01 7.000671742051052249e-01
2.545090180360721210e-01 6.979064039408866549e-01 2.251867100183546199e-03 6.936856247201075298e-01 7.014106583072100554e-01
2.565130260521041872e-01 6.993562472010748099e-01 2.388655973231041708e-03 6.949731303179579323e-01 7.031459919390954383e-01
2.585170340681362533e-01 7.008844603672190754e-01 2.532085404563457712e-03 6.966524854455888871e-01 7.048813255709807102e-01
2.605210420841683194e-01 7.022727272727273817e-01 2.710330959547340400e-03 6.979399910434392895e-01 7.066166592028660931e-01
2.625250501002003856e-01 7.039576802507837572e-01 2.771727462758746992e-03 6.990035826242723127e-01 7.081280788177339858e-01
2.645290581162324517e-01 7.054635020152261182e-01 2.883756973820382746e-03 7.006269592476489505e-01 7.096394984326018784e-01
2.665330661322645178e-01 7.067622033139274729e-01 2.830343147366134408e-03 7.020824003582624151e-01 7.106471115091804736e-01
2.685370741482965840e-01 7.084303627407074755e-01 2.885060641842780802e-03 7.033139274518585005e-01 7.127742946708464089e-01
2.705410821643286501e-01 7.098466188983431069e-01 2.807761466141466336e-03 7.051052395879982004e-01 7.135579937304075138e-01
2.725450901803607162e-01 7.110501567398118672e-01 2.743723443036793445e-03 7.065047021943573480e-01 7.145096283027317918e-01
2.745490981963927823e-01 7.127071204657413617e-01 2.615795901234194230e-03 7.077362292879534333e-01 7.160210479175996845e-01
2.765531062124248485e-01 7.141625615763546042e-01 2.639052542394187961e-03 7.094715629198388163e-01 7.175884460367218942e-01
2.785571142284569146e-01 7.157355575459023456e-01 2.595791509318067826e-03 7.113188535602328333e-01 7.194917151813703393e-01
2.805611222444889807e-01 7.172301836094939764e-01 2.474756428990864364e-03 7.128302731751007260e-01 7.209471562919839149e-01
2.825651302605209914e-01 7.186464397671293858e-01 2.612517453250728146e-03 7.136699507389162589e-01 7.221786833855798893e-01
2.845691382765530575e-01 7.197884012539186305e-01 2.717818354985095889e-03 7.143976712942230467e-01 7.235781459919391478e-01
2.865731462925851236e-01 7.212550380653828253e-01 2.796601139900955959e-03 7.153493058665472137e-01 7.256493506493506551e-01
2.885771543086171897e-01 7.224305866547245936e-01 2.787397892569864859e-03 7.165808329601432991e-01 7.272167487684728648e-01
2.905811623246492559e-01 7.237012987012987342e-01 2.778451766669582778e-03 7.176444245409762113e-01 7.282243618450514600e-01
2.925851703406813220e-01 7.251791312136139922e-01 2.534188373423405197e-03 7.198275862068965747e-01 7.291759964173757380e-01
2.945891783567133881e-01 7.266121809225258854e-01 2.438350651136698098e-03 7.215629198387819576e-01 7.307433945364979477e-01
2.965931863727454543e-01 7.281124048365427148e-01 2.376813276138635151e-03 7.233542319749216576e-01 7.318629646215852880e-01
2.985971943887775204e-01 7.293383340797132686e-01 2.438177152670696103e-03 7.240819525302284454e-01 7.330944917151813733e-01
3.006012024048095865e-01 7.304635020152261404e-01 2.351097178683379633e-03 7.253134796238244197e-01 7.338781907747424782e-01
3.026052104208416527e-01 7.318517689207344468e-01 2.384290033827887820e-03 7.266009852216748222e-01 7.346618898343035831e-01
3.046092184368737188e-01 7.330832960143304211e-01 2.481786641979591163e-03 7.272727272727272929e-01 7.358934169278996684e-01
3.066132264529057849e-01 7.343987908643081486e-01 2.456563578863926560e-03 7.286721898790864405e-01 7.371809225257500708e-01
3.086172344689378511e-01 7.356806986117330194e-01 2.408221017050152842e-03 7.300716524854455880e-01 7.385803851321092184e-01
3.106212424849699172e-01 7.370689655172414367e-01 2.267785865278787449e-03 7.320309001343484612e-01 7.398678907299597318e-01
3.126252505010019833e-01 7.383004926108374111e-01 2.286774998958661983e-03 7.334303627407076087e-01 7.414352888490819415e-01
3.146292585170340494e-01 7.398566950291087796e-01 2.226058968067814656e-03 7.352776533811016257e-01 7.432266009852216415e-01
3.166332665330661156e-01 7.413177339901477758e-01 2.245352164564300926e-03 7.367890729959695184e-01 7.448499776085982793e-01
3.186372745490981817e-01 7.426116002717482178e-01 2.279383191544411685e-03 7.380206000895656038e-01 7.459695476936856195e-01
3.206412825651302478e-01 7.438983430362740012e-01 2.264328767221214424e-03 7.390841916703985159e-01 7.471450962830272768e-01
3.226452905811623140e-01 7.450962830273175630e-01 2.156909228571732978e-03 7.407635467980295818e-01 7.484326018808777903e-01
3.246492985971943801e-01 7.462606359158082681e-01 2.237992316624533295e-03 7.419950738916256672e-01 7.500559785042543171e-01
3.266533066132264462e-01 7.475425436632333609e-01 2.202233061025550120e-03 7.433385579937303866e-01 7.513994626063591475e-01
3.286573146292585124e-01 7.488412449619346045e-01 2.115372792721750134e-03 7.445141065830721550e-01 7.526869682042095500e-01
3.306613226452905785e-01 7.501791312136139034e-01 2.130686299215018339e-03 7.455217196596506390e-01 7.535826242722793999e-01
3.326653306613226446e-01 7.514162561576354094e-01 2.170067926123855906e-03 7.469771607702642147e-01 7.551500223914017207e-01
3.346693386773546552e-01 7.527037617554859228e-01 2.124094736320030971e-03 7.487124944021495976e-01 7.567733990147783585e-01
3.366733466933867214e-01 7.538513210927003660e-01 2.102855442290985349e-03 7.498320644872369378e-01 7.580609046126287609e-01
3.386773547094187875e-01 7.551668159426780935e-01 2.090787766659996105e-03 7.511195700850873402e-01 7.590125391849529279e-01
3.406813627254508536e-01 7.563479623824450604e-01 2.178448642926187045e-03 7.524070756829377427e-01 7.603000447828034414e-01
3.426853707414829198e-01 7.575459023734885111e-01 2.032227878290097066e-03 7.535826242722793999e-01 7.611957008508732914e-01
3.446893787575149859e-01 7.586822660098523352e-01 2.102356179124758532e-03 7.541424093148231256e-01 7.622033139274518865e-01
3.466933867735470520e-01 7.598746081504702543e-01 2.139404400708902389e-03 7.553179579041647829e-01 7.631549484997760535e-01
3.486973947895791182e-01 7.611117330944917603e-01 2.283792627753151745e-03 7.558777429467085085e-01 7.641625615763546486e-01
3.507014028056111843e-01 7.623768472906402582e-01 2.467814121880823608e-03 7.569413345275414207e-01 7.654500671742050510e-01
3.527054108216432504e-01 7.634572324227496543e-01 2.411003991025132721e-03 7.579489476041200158e-01 7.661218092252575218e-01
3.547094188376753165e-01 7.647727272727273817e-01 2.393164532135147286e-03 7.591244961934616731e-01 7.674652933273622413e-01
3.567134268537073827e-01 7.661665920286609976e-01 2.534633484137328863e-03 7.604120017913121865e-01 7.692566054635020523e-01
3.587174348697394488e-01 7.675884460367219386e-01 2.553233519608913860e-03 7.618114643976713340e-01 7.704321540528437096e-01
3.607214428857715149e-01 7.687472010747873341e-01 2.636635090083062991e-03 7.627071204657411840e-01 7.717196596506941120e-01
3.627254509018035811e-01 7.699619346171070466e-01 2.682556274865036984e-03 7.639386475593372694e-01 7.733990147783251778e-01
3.647294589178356472e-01 7.712102552619793938e-01 2.825827940514630526e-03 7.649462606359157535e-01 7.749104343931929595e-01
3.667334669338677133e-01 7.724809673085535344e-01 2.680920384418344644e-03 7.664017017465293291e-01 7.758620689655172376e-01
3.687374749498997795e-01 7.736453201970443505e-01 2.634584161232903475e-03 7.676332288401254145e-01 7.769816390506045778e-01
3.707414829659318456e-01 7.749440214957457052e-01 2.749017656243664311e-03 7.688647559337214998e-01 7.787729511867442778e-01
3.727454909819639117e-01 7.760971786833856800e-01 2.923857539493186428e-03 7.697604120017913498e-01 7.805082848186296607e-01
3.747494989979959779e-01 7.771495745633676400e-01 2.896312879596179158e-03 7.707120465741155169e-01 7.816838334079713180e-01
3.767535070140280440e-01 7.783755038065383047e-01 2.981342824011524052e-03 7.716636811464397949e-01 7.828593819973130863e-01
3.787575150300601101e-01 7.792991491267352577e-01 3.022030543168868159e-03 7.723354231974921547e-01 7.836430810568741911e-01
3.807615230460921762e-01 7.803235557545902257e-01 3.026574006020103878e-03 7.731191222570532595e-01 7.843148231079265509e-01
3.827655310621242424e-01 7.815942678011643663e-01 2.939612428719113896e-03 7.747424988804298973e-01 7.854343931930138911e-01
3.847695390781562530e-01 7.827026421854008653e-01 2.738579192833873969e-03 7.761979399910434729e-01 7.865539632781012314e-01
3.867735470941883191e-01 7.839397671294223713e-01 2.640388021793213524e-03 7.780452306314374900e-01 7.880653828929691240e-01
3.887775551102203853e-01 7.850425436632333387e-01 2.677388131414809753e-03 7.791088222122705131e-01 7.892409314823107813e-01
3.907815631262524514e-01 7.862572772055531622e-01 2.526119552991309275e-03 7.807321988356471509e-01 7.902485445588893764e-01
3.927855711422845175e-01 7.874272279444692879e-01 2.578076020290152696e-03 7.819637259292431253e-01 7.917039856695029520e-01
3.947895791583165837e-01 7.885356023287057869e-01 2.440585749635711468e-03 7.831392745185848936e-01 7.921518137035378215e-01
3.967935871743486498e-01 7.898454993282579828e-01 2.263193688937454543e-03 7.849865651589789106e-01 7.933833407971339069e-01
3.987975951903807159e-01 7.908922973578146332e-01 2.101730069689187151e-03 7.864979847738468033e-01 7.939991043439319496e-01
4.008016032064127820e-01 7.918159426780115862e-01 2.132038910683742121e-03 7.876175548589341435e-01 7.951186744290192898e-01
4.028056112224448482e-01 7.930138826690551479e-01 2.098738568319550874e-03 7.892409314823107813e-01 7.961822660098522020e-01
4.048096192384769143e-01 7.940103000447827908e-01 2.160045032352905705e-03 7.905844155844156118e-01 7.973578145991938593e-01
4.068136272545089804e-01 7.953313927451858278e-01 2.064810211249903677e-03 7.925996417375728020e-01 7.987012987012986898e-01
4.088176352705410466e-01 7.963781907747424782e-01 2.143362761543201114e-03 7.936072548141513971e-01 7.999888042991490922e-01
4.108216432865731127e-01 7.973522167487684387e-01 1.976199773148748680e-03 7.946708463949843093e-01 8.004926108374383897e-01
4.128256513026051788e-01 7.984941782355575723e-01 2.072271000358473329e-03 7.958463949843259666e-01 8.020040304523062824e-01
4.148296593186372450e-01 7.996977160770264437e-01 2.046977072104036455e-03 7.966300940438871825e-01 8.028996865203761324e-01
4.168336673346693111e-01 8.008284818629647361e-01 2.129244528818374262e-03 7.972458575906852252e-01 8.039632781012091556e-01
4.188376753507013772e-01 8.018528884908195931e-01 2.215935800208750431e-03 7.982534706672638203e-01 8.050828481862964958e-01
4.208416833667334433e-01 8.029108822212270846e-01 2.110293093520022520e-03 7.996529332736229678e-01 8.059225257501119177e-01
4.228456913827655095e-01 8.038289296909987280e-01 2.188494640387929780e-03 8.004926108374383897e-01 8.068741603224361958e-01
4.248496993987975756e-01 8.048981191222569498e-01 2.252263657937059443e-03 8.016121809225257300e-01 8.083296014330496604e-01
4.268537074148296417e-01 8.059281236005373383e-01 2.326773986448609291e-03 8.030676220331393056e-01 8.092812360053739384e-01
4.288577154308617079e-01 8.069413345275414651e-01 2.528940063322094017e-03 8.035154500671741751e-01 8.104008060904612787e-01
4.308617234468937740e-01 8.080105239587996868e-01 2.523885706886558854e-03 8.042991491267352799e-01 8.119682042095834884e-01
4.328657314629258401e-01 8.091748768472907249e-01 2.551962944141580088e-03 8.056426332288401104e-01 8.133116883116883189e-01
4.348697394789579063e-01 8.101656963725929472e-01 2.673499607093478541e-03 8.062024182713838361e-01 8.144312583967756591e-01
4.368737474949899169e-01 8.112012987012986454e-01 2.588974049985974524e-03 8.074899238692342385e-01 8.151030004478280189e-01
4.388777555110219830e-01 8.122648902821316685e-01 2.747518284727344575e-03 8.083296014330496604e-01 8.165584415584415945e-01
4.408817635270540491e-01 8.133116883116884299e-01 2.773281541494124550e-03 8.091692789968651933e-01 8.171182266009852091e-01
4.428857715430861153e-01 8.144480519480519209e-01 2.614387930952086821e-03 8.106806986117330860e-01 8.182937751903268664e-01
4.448897795591181814e-01 8.154948499776086823e-01 2.670004482246258245e-03 8.117442901925661092e-01 8.191334527541423993e-01
4.468937875751502475e-01 8.165864308105688085e-01 2.554025007815180926e-03 8.128078817733990213e-01 8.200291088222122493e-01
4.488977955911823137e-01 8.174540976265113335e-01 2.457067389271649915e-03 8.138714733542319335e-01 8.206448723690102920e-01
4.509018036072143798e-01 8.183777429467085085e-01 2.372755729749040973e-03 8.149910434393192737e-01 8.217084639498433152e-01
4.529058116232464459e-01 8.194581280788177935e-01 2.373752615247423561e-03 8.158307210031348067e-01 8.224361845051499920e-01
4.549098196392785121e-01 8.204713390058216982e-01 2.337657243827386162e-03 8.167823555754589737e-01 8.236117330944917603e-01
4.569138276553105782e-01 8.214901477832512455e-01 2.317733168127274028e-03 8.176220331392745067e-01 8.246753246753246724e-01
4.589178356713426443e-01 8.226209135691895380e-01 2.264750815820149987e-03 8.188535602328705920e-01 8.260188087774295029e-01
4.609218436873747105e-01 8.235053739364085468e-01 2.294907038618750669e-03 8.196372592924316969e-01 8.270824003582624151e-01
4.629258517034067766e-01 8.246249440214956650e-01 2.152728329562580371e-03 8.205329153605015469e-01 8.281459919390954383e-01
4.649298597194388427e-01 8.258900582176442740e-01 2.006819618341835164e-03 8.217644424540976322e-01 8.293775190326914126e-01
4.669338677354709088e-01 8.268081056874162504e-01 1.920225891625664807e-03 8.230519480519480346e-01 8.303851321092700077e-01
4.689378757515029750e-01 8.275638154948501413e-01 1.898356453108079617e-03 8.237796686072548225e-01 8.307210031347962431e-01
4.709418837675350411e-01 8.284090909090908728e-01 1.814437675197581347e-03 8.246753246753246724e-01 8.312807881773398577e-01
4.729458917835671072e-01 8.292935512763099926e-01 1.710828011302809124e-03 8.260188087774295029e-01 8.316726377071205212e-01
4.749498997995991734e-01 8.305138826690550147e-01 1.756521261821695871e-03 8.274182713837886505e-01 8.330161218092252406e-01
4.769539078156312395e-01 8.315438871473354032e-01 1.721746280903064825e-03 8.287617554858933699e-01 8.340797133900582638e-01
4.789579158316633056e-01 8.324507389162562054e-01 1.623463484249070866e-03 8.296014330497089029e-01 8.346954769368561955e-01
4.809619238476953718e-01 8.334919390953873242e-01 1.624582608702564764e-03 8.305530676220331809e-01 8.358710255261979638e-01
4.829659318637274379e-01 8.343931930138825948e-01 1.799375882864309413e-03 8.311688311688312236e-01 8.371585311240483662e-01
4.849699398797595040e-01 8.355351545006717284e-01 1.918683138044365456e-03 8.321764442454097077e-01 8.389498432601880662e-01
4.869739478957915702e-01 8.366435288849081164e-01 2.142273295845259409e-03 8.327922077922077504e-01 8.403493058665472137e-01
4.889779559118235808e-01 8.375223914017017046e-01 2.046280421678720301e-03 8.337998208687863455e-01 8.411889834303627467e-01
4.909819639278556469e-01 8.384404388714733480e-01 2.193821792762328752e-03 8.345835199283475614e-01 8.424764890282131491e-01
4.929859719438877130e-01 8.393976712942231577e-01 2.367434123666669211e-03 8.349753694581281138e-01 8.437639946260635515e-01
4.949899799599197792e-01 8.403772951186745388e-01 2.300198903813538594e-03 8.361509180474697711e-01 8.446596506941334015e-01
4.969939879759518453e-01 8.412953425884459602e-01 2.243257801523908246e-03 8.373264666368114284e-01 8.456112852664576796e-01
4.989979959919839114e-01 8.422581728616211905e-01 2.056697783299114932e-03 8.386139722346619418e-01 8.458351992834751698e-01
5.010020040080159776e-01 8.431650246305417706e-01 2.062418577962641178e-03 8.396775638154948540e-01 8.464509628302732125e-01
5.030060120240480437e-01 8.441670398566950562e-01 2.290854886232698926e-03 8.405732198835647040e-01 8.476824899238691868e-01
5.050100200400801098e-01 8.452082400358260639e-01 2.269415786076517567e-03 8.418047469771607894e-01 8.485221674876847198e-01
5.070140280561121759e-01 8.461878638602776670e-01 2.489382399555749217e-03 8.425324675324675772e-01 8.495297805642633149e-01
5.090180360721442421e-01 8.471339005821763024e-01 2.391245501942393641e-03 8.436520376175548064e-01 8.502575011195701027e-01
5.110220440881763082e-01 8.478896103896105263e-01 2.440566490292137101e-03 8.441558441558441039e-01 8.513210927004030149e-01
5.130260521042083743e-01 8.488188535602330109e-01 2.424722336113654085e-03 8.451074787281683820e-01 8.523846842812360380e-01
5.150300601202404405e-01 8.498096730855351222e-01 2.426524496383036886e-03 8.460031347962382320e-01 8.532803403493058880e-01
5.170340681362725066e-01 8.508900582176444072e-01 2.445825066441374533e-03 8.470667263770712552e-01 8.545678459471562904e-01
5.190380761523045727e-01 8.518976712942230023e-01 2.433365684114289790e-03 8.480743394536498503e-01 8.554075235109718234e-01
5.210420841683366389e-01 8.528493058665473914e-01 2.422653691687073809e-03 8.489140170174652722e-01 8.564151365875504185e-01
5.230460921843687050e-01 8.536889834303629243e-01 2.391278262813990342e-03 8.493058665472458246e-01 8.570309001343484612e-01
5.250501002004007711e-01 8.546294223018360281e-01 2.468068065781370713e-03 8.497536945812808051e-01 8.577586206896551380e-01
5.270541082164328373e-01 8.556762203313927895e-01 2.616754085812289781e-03 8.504254366323331649e-01 8.587662337662337331e-01
5.290581162324649034e-01 8.566390506045677977e-01 2.609102776764332839e-03 8.514330497089117600e-01 8.597178683385580111e-01
5.310621242484969695e-01 8.573835647111508473e-01 2.516300702931951322e-03 8.522727272727272929e-01 8.603896103896103709e-01
5.330661322645290356e-01 8.583240035826242842e-01 2.570559490384139150e-03 8.531124048365427148e-01 8.613412449619346489e-01
5.350701402805611018e-01 8.592756381549484512e-01 2.543722611232438358e-03 8.542319749216300551e-01 8.625167935512763062e-01
5.370741482965931679e-01 8.599865651589789772e-01 2.598246963455883886e-03 8.551836094939543331e-01 8.634124496193461562e-01
5.390781563126252340e-01 8.608318405732198197e-01 2.513360035670552089e-03 8.561352440662785002e-01 8.638042991491267086e-01
5.410821643286573002e-01 8.615315718763995045e-01 2.539129664964530700e-03 8.566950291088222258e-01 8.643640841916704343e-01
5.430861723446893663e-01 8.623768472906403471e-01 2.509716813934336974e-03 8.579265562024183112e-01 8.653716972682490294e-01
5.450901803607214324e-01 8.631941334527543086e-01 2.645059851493875361e-03 8.584303627407076087e-01 8.660994178235557062e-01
5.470941883767534986e-01 8.640506045678458813e-01 2.584752500476435091e-03 8.592700403045230306e-01 8.667151813703537488e-01
5.490981963927855647e-01 8.650862068965518015e-01 2.564701464380148878e-03 8.600537393640842465e-01 8.678347514554410891e-01
5.511022044088176308e-01 8.659482758620690168e-01 2.435939844162666231e-03 8.613972234661889660e-01 8.683385579937303866e-01
5.531062124248496970e-01 8.668215405284371844e-01 2.501988664527512573e-03 8.621809225257500708e-01 8.692901925660546647e-01
5.551102204408817631e-01 8.678347514554409781e-01 2.459744142337592920e-03 8.634124496193461562e-01 8.704097626511420049e-01
5.571142284569138292e-01 8.686464397671296300e-01 2.486384690435164239e-03 8.643640841916704343e-01 8.711374832064486817e-01
5.591182364729458953e-01 8.695980743394537971e-01 2.564310453496819291e-03 8.652597402597402843e-01 8.719771607702642147e-01
5.611222444889779615e-01 8.705385132109269009e-01 2.624317415307840778e-03 8.659314823107926440e-01 8.729287953425884927e-01
5.631262525050100276e-01 8.713502015226153308e-01 2.750225680079575359e-03 8.664912673533363696e-01 8.739923869234214049e-01
5.651302605210419827e-01 8.721394984326018562e-01 2.573970515382773428e-03 8.678347514554410891e-01 8.747201074787281927e-01
5.671342685370740488e-01 8.728784146887594853e-01 2.407264440260447561e-03 8.687304075235109391e-01 8.754478280340349805e-01
5.691382765531061150e-01 8.738300492610836523e-01 2.418044608381421032e-03 8.694581280788177269e-01 8.767353336318853829e-01
5.711422845691381811e-01 8.745689655172415033e-01 2.399650332823529287e-03 8.702978056426332598e-01 8.775750111957008048e-01
5.731462925851702472e-01 8.752854903716972279e-01 2.429034954066743197e-03 8.710255261979399366e-01 8.783587102552620207e-01
5.751503006012023134e-01 8.761643528884908161e-01 2.484562888163233986e-03 8.718092252575011525e-01 8.795342588446036780e-01
5.771543086172343795e-01 8.771383788625166655e-01 2.525716365824747563e-03 8.727608598298253195e-01 8.806538289296910182e-01
5.791583166332664456e-01 8.779556650246306271e-01 2.489854398538559905e-03 8.734885803851321073e-01 8.816614420062696134e-01
5.811623246492985118e-01 8.788177339901477314e-01 2.669981009576217080e-03 8.741603224361844671e-01 8.828929690998656987e-01
5.831663326653305779e-01 8.796854008060902563e-01 2.656361405187537914e-03 8.749440214957456829e-01 8.832848186296462512e-01
5.851703406813626440e-01 8.805698611733095982e-01 2.468296592953874401e-03 8.762315270935960854e-01 8.839005821764442938e-01
5.871743486973947102e-01 8.814655172413793371e-01 2.583182046044814068e-03 8.769592476489028732e-01 8.848522167487684609e-01
5.891783567134267763e-01 8.821540528437079587e-01 2.486832057018865776e-03 8.777429467084639780e-01 8.855239587998208206e-01
5.911823647294588424e-01 8.830553067622034513e-01 2.407394609101334241e-03 8.784146887595163378e-01 8.862516793551276084e-01
5.931863727454909085e-01 8.837886251679355487e-01 2.252674056471039299e-03 8.792543663233318707e-01 8.870353784146887133e-01
5.951903807615229747e-01 8.845499328257947491e-01 2.218359685539310257e-03 8.800940438871472926e-01 8.882669055082847986e-01
5.971943887775550408e-01 8.853504254366322268e-01 2.244375038356903433e-03 8.809896999552171426e-01 8.889946260635915865e-01
5.991983967935871069e-01 8.863020600089566159e-01 2.231212174033354780e-03 8.817733990147783585e-01 8.898902821316614364e-01
6.012024048096191731e-01 8.870633676668158163e-01 2.222177407909567328e-03 8.827250335871025255e-01 8.902261531571876718e-01
6.032064128256512392e-01 8.878806538289296668e-01 2.216699291970017100e-03 8.832848186296462512e-01 8.908978952082400316e-01
6.052104208416833053e-01 8.887315270935960410e-01 2.367970130762142057e-03 8.839565606806986109e-01 8.921854008060904340e-01
6.072144288577153715e-01 8.895712046574114629e-01 2.529094945254144015e-03 8.844043887147335914e-01 8.931370353784147120e-01
6.092184368737474376e-01 8.905284370801613836e-01 2.386050501243916835e-03 8.856359158083295657e-01 8.936968204209583266e-01
6.112224448897795037e-01 8.913233318405733296e-01 2.368386941302666124e-03 8.863636363636363535e-01 8.944245409762651144e-01
6.132264529058115698e-01 8.920678459471561572e-01 2.398527035487791649e-03 8.869793999104343962e-01 8.950403045230631571e-01
6.152304609218436360e-01 8.929635020152260072e-01 2.448821241043415593e-03 8.877071204657411840e-01 8.958240035826242620e-01
6.172344689378757021e-01 8.939655172413794038e-01 2.410432053170797305e-03 8.887707120465740962e-01 8.968316166592028571e-01
6.192384769539077682e-01 8.946372592924316525e-01 2.497645186642787323e-03 8.893304970891178218e-01 8.981191222570532595e-01
6.212424849699398344e-01 8.953369905956112262e-01 2.553632362158776183e-03 8.897223466188983743e-01 8.988468428123600473e-01
6.232464929859719005e-01 8.960479175996416412e-01 2.555220978071291900e-03 8.904500671742050510e-01 8.996305418719211522e-01
6.252505010020039666e-01 8.969099865651589676e-01 2.576495415240379668e-03 8.912337662337662669e-01 9.003022839229736229e-01
6.272545090180360328e-01 8.977496641289743895e-01 2.510584430034021580e-03 8.921294223018361169e-01 9.009180474697715546e-01
6.292585170340680989e-01 8.983934169278997572e-01 2.541011002330647965e-03 8.928571428571429047e-01 9.018696820420958327e-01
6.312625250501001650e-01 8.992107030900136078e-01 2.548128970114189266e-03 8.936968204209583266e-01 9.025414240931481924e-01
6.332665330661322312e-01 8.999776085982983398e-01 2.564011045485801478e-03 8.944245409762651144e-01 9.033811016569637253e-01
6.352705410821642973e-01 9.008004926108373889e-01 2.581143275902116844e-03 8.953761755485893925e-01 9.041648007165248302e-01
6.372745490981963634e-01 9.015338110165694863e-01 2.548713040266957063e-03 8.963278101209135595e-01 9.050604567845946802e-01
6.392785571142284295e-01 9.021663681146439018e-01 2.533675162655108556e-03 8.972234661889834095e-01 9.055642633228839777e-01
6.412825651302604957e-01 9.029780564263323317e-01 2.518759003891224337e-03 8.978952082400358803e-01 9.061240483654277034e-01
6.432865731462925618e-01 9.037449619346171747e-01 2.534936362011904181e-03 8.988468428123600473e-01 9.074675324675324228e-01
6.452905811623246279e-01 9.045510523958798510e-01 2.454572835959950485e-03 8.997984773846843254e-01 9.083631885356023838e-01
6.472945891783566941e-01 9.053963278101209156e-01 2.535523471147875952e-03 9.008620689655172376e-01 9.091468875951634887e-01
6.492985971943887602e-01 9.063087774294670274e-01 2.566728877374820257e-03 9.019256605463501497e-01 9.103224361845051460e-01
6.513026052104208263e-01 9.071932377966860361e-01 2.482499928767166464e-03 9.029332736229287448e-01 9.109941782355575057e-01
6.533066132264528925e-01 9.077418271383788095e-01 2.401921444020666159e-03 9.034930586654724705e-01 9.113300492610837411e-01
6.553106212424849586e-01 9.086822660098523574e-01 2.414750727506796354e-03 9.046126287505598107e-01 9.121697268248992740e-01
6.573146292585170247e-01 9.094267801164350740e-01 2.460508394070306474e-03 9.054523063143752326e-01 9.129534258844603789e-01
6.593186372745490909e-01 9.102384684281235039e-01 2.449947059460129157e-03 9.062919838781907655e-01 9.136251679355127386e-01
6.613226452905811570e-01 9.109493954321539189e-01 2.389410176242591933e-03 9.070756829377518704e-01 9.140170174652932911e-01
6.633266533066132231e-01 9.115707568293774932e-01 2.296763307068164575e-03 9.076354679802955960e-01 9.144648454993282716e-01
6.653306613226452892e-01 9.123544558889389311e-01 2.160516460757155865e-03 9.084751455441110179e-01 9.153045230631438045e-01
6.673346693386772444e-01 9.131493506493507661e-01 2.134132295933042350e-03 9.093708016121808679e-01 9.160882221227049094e-01
6.693386773547093105e-01 9.140618002686968779e-01 2.114743128181251295e-03 9.100425436632333387e-01 9.168159426780116972e-01
6.713426853707413766e-01 9.146663681146438574e-01 2.202197487835060464e-03 9.104903716972682082e-01 9.177675772503358642e-01
6.733466933867734427e-01 9.153660994178235422e-01 2.176757806110127518e-03 9.109941782355575057e-01 9.184952978056426520e-01
6.753507014028055089e-01 9.160770264218539571e-01 2.251254733499305407e-03 9.117778772951187216e-01 9.190550828481862666e-01
6.773547094188375750e-01 9.166368114643976828e-01 2.144758515563676467e-03 9.125055978504253984e-01 9.195029108822212471e-01
6.793587174348696411e-01 9.174429019256604700e-01 1.954411535061716370e-03 9.137931034482759118e-01 9.200626959247648617e-01
6.813627254509017073e-01 9.181818181818182101e-01 1.877275675658134123e-03 9.145768025078370167e-01 9.206224809673085874e-01
6.833667334669337734e-01 9.188871473354233155e-01 1.769664596129157325e-03 9.153045230631438045e-01 9.211822660098522020e-01
6.853707414829658395e-01 9.196148678907298812e-01 1.806814081024313463e-03 9.158643081056874191e-01 9.219099865651589898e-01
6.873747494989979057e-01 9.204321540528436207e-01 1.762069586378164562e-03 9.167599641737572691e-01 9.226936856247200947e-01
6.893787575150299718e-01 9.212102552619793050e-01 1.823086764331161534e-03 9.173197492163009947e-01 9.231415136587550752e-01
6.913827655310620379e-01 9.219267801164352516e-01 1.745246020538607267e-03 9.182154052843708447e-01 9.238692342140617519e-01
6.933867735470941041e-01 9.226041200179130319e-01 1.812044156398151659e-03 9.187751903269144593e-01 9.247089117778772849e-01
6.953907815631261702e-01 9.232926556202418755e-01 1.813401159603176237e-03 9.197828034034930544e-01 9.259404388714733702e-01
6.973947895791582363e-01 9.240427675772501237e-01 1.793139252351324967e-03 9.205665024630541593e-01 9.264442454097626678e-01
6.993987975951903024e-01 9.247592924317060703e-01 1.825354221962786428e-03 9.215741155396327544e-01 9.275638154948500080e-01
7.014028056112223686e-01 9.254310344827587631e-01 1.771867779832894760e-03 9.224137931034482873e-01 9.280116435288848775e-01
7.034068136272544347e-01 9.260803851321091074e-01 1.682384564167997785e-03 9.231974921630093922e-01 9.285154500671741751e-01
7.054108216432865008e-01 9.267745185848635936e-01 1.605997824343532304e-03 9.242051052395879873e-01 9.290752351097179007e-01
7.074148296593185670e-01 9.274686520376175247e-01 1.702712988933104783e-03 9.245969547693685398e-01 9.301388266905508129e-01
7.094188376753506331e-01 9.281907747424987809e-01 1.637177466227579190e-03 9.252127183161665824e-01 9.308665472458576007e-01
7.114228456913826992e-01 9.288233318405731964e-01 1.677348031829583620e-03 9.261083743842364324e-01 9.314263322884012153e-01
7.134268537074147654e-01 9.295118674429019290e-01 1.701378209840659740e-03 9.268920734437975373e-01 9.318741603224361958e-01
7.154308617234468315e-01 9.303347514554412001e-01 1.733210567284544212e-03 9.276757725033587532e-01 9.327698163905060458e-01
7.174348697394788976e-01 9.309505150022392428e-01 1.678655250489681332e-03 9.281795790416480507e-01 9.331616659202865982e-01
7.194388777555109638e-01 9.315270935960591192e-01 1.597850488192793534e-03 9.290752351097179007e-01 9.336654724585758958e-01
7.214428857715430299e-01 9.322772055530675894e-01 1.624109969170516076e-03 9.299149126735333226e-01 9.342252575011196214e-01
7.234468937875750960e-01 9.330049261083743772e-01 1.553703529038300392e-03 9.306426332288401104e-01 9.348410210479175531e-01
7.254509018036071621e-01 9.336262875055979515e-01 1.599859383865362373e-03 9.311464397671294080e-01 9.355127630989700238e-01
7.274549098196392283e-01 9.343931930138825726e-01 1.653783515691163416e-03 9.317622033139274507e-01 9.362964621585311287e-01
7.294589178356712944e-01 9.352552619793998989e-01 1.585130960473561494e-03 9.328817733990147909e-01 9.371921182266009787e-01
7.314629258517033605e-01 9.358878190774744255e-01 1.557178715428671157e-03 9.334975369458128336e-01 9.379198387819077665e-01
7.334669338677354267e-01 9.365875503806538882e-01 1.576329234822949074e-03 9.341692789968651933e-01 9.388154948499776165e-01
7.354709418837674928e-01 9.372424988804297641e-01 1.566888231951884137e-03 9.351209135691894714e-01 9.397111509180474664e-01
7.374749498997995589e-01 9.378806538289297112e-01 1.508940013746143611e-03 9.357366771159875141e-01 9.404948499776085713e-01
7.394789579158316251e-01 9.386587550380653955e-01 1.486922268892249726e-03 9.365763546798029360e-01 9.410546350201522969e-01
7.414829659318636912e-01 9.392745185848634382e-01 1.582083656321968748e-03 9.369122257053291714e-01 9.416144200626959115e-01
7.434869739478957573e-01 9.400078369905955356e-01 1.639902678758177641e-03 9.372480967308554067e-01 9.421742051052396372e-01
7.454909819639278235e-01 9.406403940886700621e-01 1.603801243198303911e-03 9.375839677563815311e-01 9.426780116435289347e-01
7.474949899799598896e-01 9.412897447380206284e-01 1.665075880648361328e-03 9.385356023287058091e-01 9.434617107030900396e-01
7.494989979959919557e-01 9.419614867890728771e-01 1.645387174860361325e-03 9.394312583967756591e-01 9.442454097626511444e-01
7.515030060120240218e-01 9.427115987460815694e-01 1.623222192571157057e-03 9.400470219435737018e-01 9.448611733094491871e-01
7.535070140280560880e-01 9.433441558441557628e-01 1.690226418605574217e-03 9.405508284818629994e-01 9.458687863860277822e-01
7.555110220440881541e-01 9.440214957456337652e-01 1.626654811973571443e-03 9.411665920286610421e-01 9.466524854455888871e-01
7.575150300601202202e-01 9.447212270488133390e-01 1.528992155574980484e-03 9.419502910882221469e-01 9.472682489923869298e-01
7.595190380761522864e-01 9.453761755485894369e-01 1.525617085327094944e-03 9.425660546350201896e-01 9.479399910434392895e-01
7.615230460921843525e-01 9.460367218987910665e-01 1.359482664531033030e-03 9.436856247201075298e-01 9.481079265562024627e-01
7.635270541082164186e-01 9.466077026421853002e-01 1.353893099671387139e-03 9.443573667711598896e-01 9.488916256157635676e-01
7.655310621242484848e-01 9.472122704881327238e-01 1.382793697956051244e-03 9.449171518137035042e-01 9.493954321540528651e-01
7.675350701402805509e-01 9.479399910434391785e-01 1.422118448844570445e-03 9.455888938647559749e-01 9.503470667263770322e-01
7.695390781563125060e-01 9.485501567398120226e-01 1.349639299684655047e-03 9.464845499328258249e-01 9.507948947604120127e-01
7.715430861723445721e-01 9.491939095387369463e-01 1.493944521914114445e-03 9.472682489923869298e-01 9.518025078369906078e-01
7.735470941883766383e-01 9.498040752351096794e-01 1.559591669263690186e-03 9.477160770264217993e-01 9.523063143752799053e-01
7.755511022044087044e-01 9.503246753246754608e-01 1.569635662187367437e-03 9.482198835647110968e-01 9.526981639050604578e-01
7.775551102204407705e-01 9.510188087774296140e-01 1.599457806582334001e-03 9.490595611285266298e-01 9.533699059561128175e-01
7.795591182364728366e-01 9.516065830721002206e-01 1.636114839417328760e-03 9.494514106583071822e-01 9.542095835199283504e-01
7.815631262525049028e-01 9.522055530676221125e-01 1.561950741298285010e-03 9.500671742051052249e-01 9.546574115539633310e-01
7.835671342685369689e-01 9.527877295118672984e-01 1.558415820985712416e-03 9.504590237348857773e-01 9.553291536050156907e-01
7.855711422845690350e-01 9.534258844603671346e-01 1.435060026347028013e-03 9.512987012987013102e-01 9.556650246305419261e-01
7.875751503006011012e-01 9.541256157635465973e-01 1.312155722500070150e-03 9.520824003582624151e-01 9.561128526645767955e-01
7.895791583166331673e-01 9.547917599641738695e-01 1.273360251510332166e-03 9.524182713837886505e-01 9.568965517241379004e-01
7.915831663326652334e-01 9.553459471562920635e-01 1.212047732362238730e-03 9.529220779220779480e-01 9.574003582624271980e-01
7.935871743486972996e-01 9.560064935064935820e-01 1.233675303443859065e-03 9.535378414688759907e-01 9.580161218092252406e-01
7.955911823647293657e-01 9.566502463054187277e-01 1.147272582218850350e-03 9.544894760412001578e-01 9.585199283475145382e-01
7.975951903807614318e-01 9.572212270488131836e-01 1.176561097664095357e-03 9.548253470667263931e-01 9.590797133900582638e-01
7.995991983967934980e-01 9.578481862964622895e-01 1.111423562994243294e-03 9.557210031347962431e-01 9.594715629198388163e-01
8.016032064128255641e-01 9.584191670398567453e-01 1.207839198103022533e-03 9.559449171518137334e-01 9.603112404836542382e-01
8.036072144288576302e-01 9.589285714285715745e-01 1.210754356831286174e-03 9.566166592028660931e-01 9.610389610389610260e-01
8.056112224448896963e-01 9.595107478728168715e-01 1.251229142895891270e-03 9.570644872369010736e-01 9.617107030900133857e-01
8.076152304609217625e-01 9.601824899238691202e-01 1.183531739947866904e-03 9.584079713390057931e-01 9.624944021495746016e-01
8.096192384769538286e-01 9.607310792655621157e-01 1.082066080002263295e-03 9.591356918943125809e-01 9.628302731751007260e-01
8.116232464929858947e-01 9.611733094491714535e-01 1.065122522283181057e-03 9.596954769368561955e-01 9.629982086878638992e-01
8.136272545090179609e-01 9.618506493506494559e-01 9.582794011371900114e-04 9.604791759964174114e-01 9.635020152261531967e-01
8.156312625250500270e-01 9.624384236453202845e-01 9.146962963708070177e-04 9.610949395432154541e-01 9.639498432601880662e-01
8.176352705410820931e-01 9.629478280340346696e-01 8.933615088646347426e-04 9.616547245857590687e-01 9.642857142857143016e-01
8.196392785571141593e-01 9.635579937304074027e-01 8.359373333558136861e-04 9.622704881325571113e-01 9.647895208240035991e-01
8.216432865731462254e-01 9.639330497089118044e-01 8.563247535552606128e-04 9.626063591580833467e-01 9.651813703537841516e-01
8.236472945891782915e-01 9.644144648454993085e-01 8.478664729980524718e-04 9.631661442006269613e-01 9.656291983878191321e-01
8.256513026052103577e-01 9.649966412897448276e-01 8.911137899053891628e-04 9.637259292431705759e-01 9.665248544558889821e-01
8.276553106212424238e-01 9.655284370801613392e-01 7.852170060501103372e-04 9.645656068069861089e-01 9.669726824899238515e-01
8.296593186372744899e-01 9.660658307210032714e-01 7.207110138571719933e-04 9.650134348410210894e-01 9.673645320197044040e-01
8.316633266533065560e-01 9.665640394088670373e-01 7.036611544069038861e-04 9.654612628750559589e-01 9.679243170622481296e-01
8.336673346693386222e-01 9.670062695924765972e-01 7.651669782732564143e-04 9.659090909090909394e-01 9.685400806090461723e-01
8.356713426853706883e-01 9.675548589341694816e-01 8.135970577261181528e-04 9.664128974473802369e-01 9.693237796686072771e-01
8.376753507014027544e-01 9.680082848186295497e-01 7.996309393166258503e-04 9.668607254814151064e-01 9.698275862068965747e-01
8.396793587174348206e-01 9.685008956560678950e-01 7.405471626957495961e-04 9.674764890282131491e-01 9.703313927451858723e-01
8.416833667334668867e-01 9.690158978952083668e-01 7.465316497793008255e-04 9.681482310792655088e-01 9.707792207792207417e-01
8.436873747494989528e-01 9.695476936856245453e-01 7.844983448882557678e-04 9.688199731303179796e-01 9.713949843260187844e-01
8.456913827655310190e-01 9.700626959247647951e-01 8.076439228334626741e-04 9.690438871473354698e-01 9.718987908643080820e-01
8.476953907815630851e-01 9.704825347066725616e-01 9.016015440264257179e-04 9.693797581728615942e-01 9.724025974025973795e-01
8.496993987975951512e-01 9.709863412449619702e-01 9.283153526858841645e-04 9.696596506941334015e-01 9.729064039408866771e-01
8.517034068136272174e-01 9.714845499328257361e-01 1.058630331392995368e-03 9.697716077026421466e-01 9.732422749664129125e-01
8.537074148296592835e-01 9.720275414240930889e-01 1.009803187822029069e-03 9.703873712494401893e-01 9.738020600089565271e-01
8.557114228456913496e-01 9.724977608598297518e-01 1.013829285321647330e-03 9.708351992834751698e-01 9.745857590685177430e-01
8.577154308617234157e-01 9.730631437527987870e-01 1.001624238528674680e-03 9.713390058217644674e-01 9.749776085982982954e-01
8.597194388777554819e-01 9.735221674876847198e-01 9.624396462309717758e-04 9.716748768472905917e-01 9.752015226153156746e-01
8.617234468937875480e-01 9.739308105687417561e-01 1.048771880516720942e-03 9.720107478728168271e-01 9.758172861621137173e-01
8.637274549098196141e-01 9.744458128078818948e-01 9.051396984916218642e-04 9.725145544111061247e-01 9.759852216748768905e-01
8.657314629258516803e-01 9.749608150470219226e-01 9.513216998389014377e-04 9.729623824451411052e-01 9.766009852216748222e-01
8.677354709418837464e-01 9.755094043887148070e-01 8.766491134889239489e-04 9.736901030004477819e-01 9.770488132557098027e-01
8.697394789579158125e-01 9.760915808329601040e-01 8.148478433122562353e-04 9.742498880429915076e-01 9.773287057769816100e-01
8.717434869739478787e-01 9.766177787729513060e-01 7.764886459618058380e-04 9.748096730855351222e-01 9.777765338110165905e-01
8.737474949899798338e-01 9.772111509180474442e-01 8.175353434956960643e-04 9.752575011195701027e-01 9.781683833407971429e-01
8.757515030060118999e-01 9.776701746529331549e-01 7.878663752176368225e-04 9.758732646663681454e-01 9.785042543663233783e-01
8.777555110220439660e-01 9.782019704433496665e-01 7.996113450814551493e-04 9.764330497089117600e-01 9.793439319301388002e-01
8.797595190380760322e-01 9.786889834303627023e-01 7.027699360714173256e-04 9.773287057769816100e-01 9.797917599641737807e-01
8.817635270541080983e-01 9.791759964173756270e-01 7.071926420669022917e-04 9.777205553067621624e-01 9.801836094939543331e-01
8.837675350701401644e-01 9.796182266009851869e-01 7.858752014537800966e-04 9.780004478280340807e-01 9.807433945364979477e-01
8.857715430861722306e-01 9.800660546350202784e-01 7.615751551865021160e-04 9.786721898790864405e-01 9.811912225705329282e-01
8.877755511022042967e-01 9.805530676220330921e-01 7.676202291277124624e-04 9.791759964173757380e-01 9.816390506045677977e-01
8.897795591182363628e-01 9.809841021047918108e-01 7.234233592221570681e-04 9.796238244514106075e-01 9.820309001343484612e-01
8.917835671342684289e-01 9.814263322884013707e-01 7.501119570085059991e-04 9.800156739811912709e-01 9.826466636811463928e-01
8.937875751503004951e-01 9.819637259292430809e-01 7.670485057304474207e-04 9.805754590237348856e-01 9.830385132109270563e-01
8.957915831663325612e-01 9.823443797581727921e-01 6.843128880401347716e-04 9.810232870577698661e-01 9.833184057321988636e-01
8.977955911823646273e-01 9.827530228392298284e-01 6.462790440515117163e-04 9.816390506045677977e-01 9.838781907747424782e-01
8.997995991983966935e-01 9.832792207792205863e-01 7.547970138778353809e-04 9.818629646215852880e-01 9.843819973130317758e-01
9.018036072144287596e-01 9.837214509628301462e-01 6.950357454172993808e-04 9.823107926556202685e-01 9.847738468428123282e-01
9.038076152304608257e-01 9.842308553515449754e-01 7.341725419552705412e-04 9.827586206896551380e-01 9.853336318853560538e-01
9.058116232464928919e-01 9.846450962830275433e-01 7.716307369817836884e-04 9.832064487236901185e-01 9.858374384236453514e-01
9.078156312625249580e-01 9.850593372145096671e-01 7.810756744435662065e-04 9.835423197492163538e-01 9.862292879534259038e-01
9.098196392785570241e-01 9.854399910434393783e-01 8.086714477136303396e-04 9.838222122704881611e-01 9.866211374832064562e-01
9.118236472945890903e-01 9.860165696372593658e-01 7.517811000537281919e-04 9.842700403045230306e-01 9.871249440214957538e-01
9.138276553106211564e-01 9.864587998208689257e-01 8.171519560503371065e-04 9.845499328257949490e-01 9.875727720555306233e-01
9.158316633266532225e-01 9.868450515002237244e-01 7.703911360877164442e-04 9.852216748768473087e-01 9.879086430810568586e-01
9.178356713426852886e-01 9.871865203761756025e-01 7.487111864920299297e-04 9.856695029108821782e-01 9.882445141065830940e-01
9.198396793587173548e-01 9.875503806538290519e-01 7.286672680373086110e-04 9.862292879534259038e-01 9.886363636363636465e-01
9.218436873747494209e-01 9.879310344827587631e-01 6.947651806583159638e-04 9.866211374832064562e-01 9.888602776533811367e-01
9.238476953907814870e-01 9.884460367218987908e-01 7.589991606215103432e-04 9.870129870129870087e-01 9.893640841916704343e-01
9.258517034068135532e-01 9.888994626063590809e-01 7.813163510128984333e-04 9.876287505597850513e-01 9.898678907299597318e-01
9.278557114228456193e-01 9.893137035378414268e-01 6.825935350074338647e-04 9.881885356023286660e-01 9.901477832512315391e-01
9.298597194388776854e-01 9.896775638154948762e-01 7.165248544558994398e-04 9.885803851321092184e-01 9.904276757725033464e-01
9.318637274549097516e-01 9.901030004478281743e-01 7.340658292783560539e-04 9.888042991491267086e-01 9.909874608150470721e-01
9.338677354709418177e-01 9.904332736229287670e-01 6.573363905166889828e-04 9.892521271831616891e-01 9.912673533363188794e-01
9.358717434869738838e-01 9.907859381997312642e-01 6.349058163348764942e-04 9.896439767129422416e-01 9.914912673533363696e-01
9.378757515030059499e-01 9.911442006269591820e-01 5.960067915004995266e-04 9.901477832512315391e-01 9.917151813703537488e-01
9.398797595190380161e-01 9.915920286609942735e-01 5.591128969630026341e-04 9.905956112852664086e-01 9.922189879086430464e-01
9.418837675350700822e-01 9.918999104343931839e-01 5.310882228024272050e-04 9.909314823107926440e-01 9.923869234214062196e-01
9.438877755511021483e-01 9.921518137035377771e-01 4.239609545177225932e-04 9.913233318405731964e-01 9.926108374384235988e-01
9.458917835671342145e-01 9.924149126735335447e-01 3.577810385417444440e-04 9.916592028660994318e-01 9.928347514554410891e-01
9.478957915831662806e-01 9.927563815494849786e-01 3.128792792763580724e-04 9.921070309001343013e-01 9.931706224809673245e-01
9.498997995991983467e-01 9.931818181818181657e-01 2.345759834276398557e-04 9.927227944469323440e-01 9.935624720107478769e-01
9.519038076152304129e-01 9.936128526645766623e-01 2.803958751985758443e-04 9.931146439767128964e-01 9.941222570532914915e-01
9.539078156312624790e-01 9.939543215405283183e-01 3.035253406118819256e-04 9.935624720107478769e-01 9.945141065830721550e-01
9.559118236472945451e-01 9.942733990147785139e-01 2.876772314717710756e-04 9.937863860277653671e-01 9.947939991043439623e-01
9.579158316633266113e-01 9.945700850873263610e-01 3.432536882390429742e-04 9.940662785490371745e-01 9.952418271383788317e-01
9.599198396793586774e-01 9.950682937751903490e-01 3.825015742466534728e-04 9.942901925660546647e-01 9.957456336766681293e-01
9.619238476953907435e-01 9.954433497536945286e-01 3.497648757683379157e-04 9.946260635915807891e-01 9.959695476936856195e-01
9.639278557114228096e-01 9.957400358262427087e-01 3.306524725844655027e-04 9.950179131213614525e-01 9.963054187192118549e-01
9.659318637274548758e-01 9.959975369458128336e-01 3.169095354840457610e-04 9.953537841468875769e-01 9.965293327362292342e-01
9.679358717434869419e-01 9.963222122704881167e-01 2.962632920375949048e-04 9.958575906851768744e-01 9.967532467532467244e-01
9.699398797595190080e-01 9.965685176892071784e-01 2.602247939805197663e-04 9.961374832064486817e-01 9.969211822660098976e-01
9.719438877755510742e-01 9.968204209583522157e-01 2.611263723620915527e-04 9.964173757277206001e-01 9.973130317957904500e-01
9.739478957915831403e-01 9.970835199283476502e-01 2.837287482641056430e-04 9.965293327362292342e-01 9.974809673085535122e-01
9.759519038076150954e-01 9.973298253470668229e-01 2.799484941793501888e-04 9.968652037617554695e-01 9.978168383340797476e-01
9.779559118236471615e-01 9.976209135691893604e-01 2.365050400165514600e-04 9.971450962830272768e-01 9.979287953425884927e-01
9.799599198396792277e-01 9.978784146887595963e-01 2.826221576660169123e-04 9.973690103000447671e-01 9.983206448723690452e-01
9.819639278557112938e-01 9.980911330049261343e-01 3.161175079152641915e-04 9.974809673085535122e-01 9.987124944021495976e-01
9.839679358717433599e-01 9.984326018808777903e-01 2.940870026100235305e-04 9.978728168383340646e-01 9.988804299149126598e-01
9.859719438877754261e-01 9.986621137483204791e-01 2.666481272685769423e-04 9.981527093596058720e-01 9.990483654276757219e-01
9.879759519038074922e-01 9.989308105687417783e-01 2.407075682937786512e-04 9.986005373936408525e-01 9.992163009404388951e-01
9.899799599198395583e-01 9.991155396327811022e-01 2.385498852738786541e-04 9.986565158978951695e-01 9.994961934617107024e-01
9.919839679358716245e-01 9.994010300044783301e-01 2.019109807083793024e-04 9.990483654276757219e-01 9.997201074787281927e-01
9.939879759519036906e-01 9.996361397223466616e-01 1.399462606359147651e-04 9.993282579489476403e-01 9.998320644872369378e-01
9.959919839679357567e-01 9.997592924317061369e-01 9.711907508340431364e-05 9.996081504702194476e-01 9.998880429914912549e-01
9.979959919839678228e-01 9.998712494402148820e-01 8.321802926177097306e-05 9.997760859829825097e-01 1.000000000000000000e+00
1.000000000000000000e+00 1.000000000000000000e+00 0.000000000000000000e+00 1.000000000000000000e+00 1.000000000000000000e+00
