# signal_efficiencies		0sq-mean	0sq-std	0sq-min	0sq-max	1sq-mean	1sq-std	1sq-min	1sq-max	2sq-mean	2sq-std	2sq-min	2sq-max	all-mean	all-std	all-min	all-max
1.000000000000000021e-02 5.338417421731763562e-02 2.275836904508587218e-03 4.966371224858302097e-02 5.787985139028137965e-02 3.601878424451292193e-02 4.429966379118237957e-02 0.000000000000000000e+00 9.608727229197164266e-02 2.160371058630517760e-01 2.221512603546928755e-01 0.000000000000000000e+00 5.045699089192370312e-01 4.756346742865228405e-01 2.902765649227683764e-01 0.000000000000000000e+00 8.133724080674309409e-01
1.497487437185929596e-02 6.479243412358826060e-02 2.202955755112612993e-03 6.025653884177052666e-02 6.824731303897554890e-02 6.555288944007450769e-02 5.642266096200578007e-02 0.000000000000000000e+00 1.438894831306911648e-01 3.309005443496183529e-01 2.631961652383335015e-01 0.000000000000000000e+00 6.677621122769946682e-01 9.564940989086435641e-01 1.791303092746983905e-01 5.767091114747782132e-01 1.232841656298921507e+00
1.994974874371859344e-02 7.275045465126714350e-02 3.587538081964324575e-03 6.824775377243243180e-02 7.891481133829519878e-02 8.830089884091842090e-02 5.810728389256100690e-02 0.000000000000000000e+00 1.495030396471050960e-01 5.894324759556195392e-01 2.126412567109012275e-01 0.000000000000000000e+00 7.117767198957289931e-01 1.059385541709327638e+00 1.729180221929336181e-01 6.993362665565540093e-01 1.407792219244608400e+00
2.492462311557788746e-02 8.028389451320297465e-02 4.338595663612599546e-03 7.261081207563117867e-02 8.822110506016266063e-02 1.435869167982852523e-01 4.937966592353639633e-02 3.038870873438674625e-02 2.290527364308135860e-01 8.069481876934148090e-01 1.743420660288125534e-01 4.674840192507507819e-01 1.161093895460691749e+00 1.198348513540268723e+00 2.645200262110644629e-01 7.941274573480827659e-01 1.758853755026009269e+00
2.989949748743718494e-02 8.586272228294092312e-02 3.455359932799735752e-03 8.139603569007905493e-02 9.343543128016036647e-02 1.726846293539272548e-01 3.448221202463432056e-02 1.070492730354426492e-01 2.290870227319326269e-01 8.646855146867187258e-01 1.541212663392506899e-01 5.333843178059933798e-01 1.091871225038252069e+00 1.264970387639291927e+00 2.270862164239750014e-01 8.996709028995920621e-01 1.667555274936143750e+00
3.487437185929648242e-02 9.110206144478705248e-02 4.069941085697390687e-03 8.659058021707390085e-02 9.947975225287646051e-02 1.788087091735572065e-01 3.248577115746541233e-02 1.184751495111048963e-01 2.369502990222097927e-01 8.834897860627112243e-01 1.690877374378154940e-01 5.962957794464589512e-01 1.244264593470115532e+00 1.288544302623781501e+00 1.535188286595230156e-01 9.884692817428535339e-01 1.565338922924921050e+00
3.984924623115577991e-02 9.603174931530722436e-02 5.077825354779274755e-03 9.083321197270070868e-02 1.073243827872578521e-01 1.876520839661667550e-01 3.853895779360272389e-02 1.298004417029081092e-01 2.707515664619775109e-01 9.711701867147721767e-01 2.123852981055298350e-01 6.421633134156439215e-01 1.421760551328244526e+00 1.315127967608152870e+00 1.460238179979748696e-01 1.062850597714987577e+00 1.623531105485996662e+00
4.482412060301507739e-02 1.007955305256527934e-01 5.262751448859643438e-03 9.487331241959746919e-02 1.107051646297464026e-01 2.037920810101477576e-01 4.655227547923537768e-02 1.391835521499220629e-01 3.045528339017452013e-01 1.040308274929313548e+00 2.447845529873294845e-01 6.903184941403615049e-01 1.599256509186373298e+00 1.354804918550565507e+00 1.280220588002282389e-01 1.195539386080414879e+00 1.581549949075807149e+00
4.979899497487437487e-02 1.060334929547643579e-01 6.001022082627567936e-03 9.886543444632796274e-02 1.171300284199208314e-01 2.165595940258310814e-01 5.550091583923174449e-02 1.465062120767574583e-01 3.383541013415128362e-01 1.027415072839384269e+00 1.511433997181651501e-01 7.576097975209720170e-01 1.256353717937095160e+00 1.416209296962659181e+00 1.586873619013501324e-01 1.271160183679682198e+00 1.757080716966507250e+00
5.477386934673367236e-02 1.096044525859037194e-01 6.048322600542463054e-03 1.015772017487996115e-01 1.189442702572699462e-01 2.176384374254302367e-01 4.009790273399754107e-02 1.586875824395107826e-01 2.942006046459567647e-01 1.047457004390037527e+00 1.253242380054211957e-01 8.062148959112439561e-01 1.300917466783412912e+00 1.431958076437078953e+00 1.364622965392132681e-01 1.316424322708707795e+00 1.777565548284602004e+00
5.974874371859296984e-02 1.140252810724813326e-01 4.568535076985465182e-03 1.070701238562419000e-01 1.194630033068291158e-01 2.174832178285882045e-01 3.097458864795917671e-02 1.680569988283294736e-01 2.726350320281668016e-01 1.066812237146478548e+00 1.221754501843437951e-01 8.361389388991478100e-01 1.258731254434894309e+00 1.496934796046143434e+00 1.281043474857126163e-01 1.367943328746291654e+00 1.797829753861537982e+00
6.472361809045226733e-02 1.178167211133836767e-01 4.301553116785990227e-03 1.115618420374723807e-01 1.230611312189094642e-01 2.153070866982815246e-01 2.813755637666849260e-02 1.724872409248581484e-01 2.594168455597188339e-01 1.077736062854131038e+00 1.204900682292200653e-01 8.728108083936666484e-01 1.333240532279858392e+00 1.527609262886979957e+00 1.265355105575353134e-01 1.377106646057419725e+00 1.798201200347887996e+00
6.969849246231155093e-02 1.217059426545463729e-01 3.574580042218509449e-03 1.166038791348901899e-01 1.279525981548172986e-01 2.211432757111220226e-01 2.810364737173988783e-02 1.789885425437184874e-01 2.734095149121378854e-01 1.103787205026096174e+00 1.242727592494303201e-01 9.398979745667821462e-01 1.392604335586216768e+00 1.581916558368295256e+00 1.340589880712363957e-01 1.419821969299543962e+00 1.878786427658289071e+00
7.467336683417084842e-02 1.249622218415010477e-01 3.047443286591818793e-03 1.212609388221709272e-01 1.300759541566608168e-01 2.207693030546431512e-01 2.436634015766211622e-02 1.917642207786341979e-01 2.620655318165326930e-01 1.117822280614195307e+00 1.177183766258752540e-01 9.797932155532654841e-01 1.332116128167573077e+00 1.646666733328154164e+00 1.540979197058303662e-01 1.451225898059374186e+00 1.991672116272977799e+00
7.964824120603014590e-02 1.285147290331056513e-01 3.022977607714224905e-03 1.240780250292771308e-01 1.333315989415944924e-01 2.264296112624280821e-01 2.577511252531465222e-02 1.969938544031106520e-01 2.705808529900594617e-01 1.148141062988570882e+00 1.209843932208603812e-01 1.037652430141685844e+00 1.420864107096637685e+00 1.686505861774026283e+00 1.461587040473947552e-01 1.529714685866294444e+00 2.037828722310694118e+00
8.462311557788944338e-02 1.324928300184952112e-01 2.926954635876478916e-03 1.282260002616968098e-01 1.374888833345885020e-01 2.351072949185508132e-01 2.910958450552184398e-02 2.032801087181912436e-01 2.874814867099432791e-01 1.158345193241637539e+00 1.244795869372353203e-01 1.044260517046691428e+00 1.463198386552273966e+00 1.725366418497811027e+00 1.335365917504519884e-01 1.568216936453865840e+00 2.044923401166803156e+00
8.959798994974874087e-02 1.356615795636896826e-01 3.276159424904953512e-03 1.301894423818933666e-01 1.413373286989445810e-01 2.392248974281450669e-01 2.882225285822927197e-02 2.088044119855683167e-01 3.043821204298271521e-01 1.180013249278093923e+00 1.174894226021834243e-01 1.065573376636510972e+00 1.475076730785773949e+00 1.755371025669790530e+00 1.079535309911107688e-01 1.605955650883246211e+00 1.977709187791682366e+00
9.457286432160803835e-02 1.392310656464964547e-01 3.305988751494981417e-03 1.340925009977393667e-01 1.448569296209283874e-01 2.396798912591127095e-01 2.173672174618853856e-02 2.203981510694557333e-01 2.873640313108425381e-01 1.204086008903177074e+00 9.800825474176690089e-02 1.102645742416641150e+00 1.438770574101381650e+00 1.769089249498260630e+00 9.416711024338163261e-02 1.672330267779556623e+00 1.959495691279506957e+00
9.954773869346733584e-02 1.420877667908465869e-01 2.928837453642518188e-03 1.380356160803852539e-01 1.466925824033209758e-01 2.436265639401173355e-01 2.198175395994428349e-02 2.194423591320862066e-01 2.884037622134595358e-01 1.236097966882710564e+00 1.148549818491891999e-01 1.096082133481547594e+00 1.514455104832538312e+00 1.809537894014755066e+00 7.920982956197099301e-02 1.703758629927090151e+00 1.948322532410255326e+00
1.045226130653266333e-01 1.452725284566544484e-01 3.299171886428994491e-03 1.399091550346494572e-01 1.499752647063592459e-01 2.478650275606320563e-01 2.081359592114553902e-02 2.161544344177451504e-01 2.876704076962997569e-01 1.252779925413637141e+00 1.097085676629105250e-01 1.124398519340593872e+00 1.502129784150567637e+00 1.835838265645370226e+00 6.453830010400631034e-02 1.763162597377424090e+00 1.971275711560506183e+00
1.094974874371859308e-01 1.481675762857039003e-01 3.609293797673259873e-03 1.429329931464148884e-01 1.544284321304020269e-01 2.473641716809029667e-01 2.101461780818930300e-02 2.193845809536701941e-01 2.918087717199269737e-01 1.274487888092867172e+00 1.130237243307352230e-01 1.147945686817235966e+00 1.532335364054871807e+00 1.857915501909345179e+00 5.914219687417201360e-02 1.764895950139707459e+00 1.995076965894088561e+00
1.144723618090452283e-01 1.507239862046207135e-01 3.473199802245375330e-03 1.461363091375937617e-01 1.567783927794209331e-01 2.512939432112625826e-01 2.206926639797603812e-02 2.245230263049207975e-01 3.020285764238373472e-01 1.307237563322057872e+00 1.108820082137235707e-01 1.179006961387235153e+00 1.543682470124823292e+00 1.873116753525507772e+00 5.881171477730432612e-02 1.774840931864461568e+00 2.007323543186400272e+00
1.194472361809045258e-01 1.532389599572980821e-01 3.456036006458400225e-03 1.477640357684886774e-01 1.590325844131312283e-01 2.610695924146144153e-01 2.147506479089701659e-02 2.342806117325709758e-01 3.067453248928759257e-01 1.336560085364661754e+00 1.232071715242293308e-01 1.181981769628246193e+00 1.610769636297938900e+00 1.884496294350877177e+00 7.028071771985953953e-02 1.814084456742835361e+00 2.015359510463051507e+00
1.244221105527638233e-01 1.556015584177493360e-01 3.552025765101350652e-03 1.508504931772133018e-01 1.614942018597174955e-01 2.689160801256254563e-01 2.176723253541492861e-02 2.440381971602211819e-01 3.195210031277916363e-01 1.360270359781803107e+00 1.344864494552137357e-01 1.208194985097182483e+00 1.677856802471054731e+00 1.892744824699119643e+00 5.250551344504433143e-02 1.811193133395891497e+00 1.977634063399617226e+00
1.293969849246231207e-01 1.583307042602132009e-01 3.394686120483970948e-03 1.535026200763932036e-01 1.641663422041187426e-01 2.735749915492416973e-01 2.530005011293181769e-02 2.392809585392407512e-01 3.322966813627074578e-01 1.378364986964702776e+00 1.168577595498059146e-01 1.256503266003733632e+00 1.658226062046715743e+00 1.925070068163756476e+00 4.895241626177865985e-02 1.863887373551597282e+00 2.016732776605810518e+00
1.343718592964824043e-01 1.608561688789681976e-01 2.989916744289544074e-03 1.562155147096352947e-01 1.663447418354453977e-01 2.767619999096583294e-01 2.520829582012813069e-02 2.484804983044387183e-01 3.406701052671763930e-01 1.400508489771529863e+00 1.164392266379400964e-01 1.281299503150457930e+00 1.694999920163366536e+00 1.916120125307648525e+00 5.662717063035099113e-02 1.800332035147540477e+00 1.996195451061625992e+00
1.393467336683417157e-01 1.632216832200432122e-01 3.013423390728271669e-03 1.588823655599277962e-01 1.684566591981315753e-01 2.799656532982082724e-01 2.130178107099363338e-02 2.550710813214522865e-01 3.347361885246700752e-01 1.412073723221621169e+00 9.347474295013338819e-02 1.283682180910819648e+00 1.613025895436712709e+00 1.928189700440298582e+00 4.386186963910816694e-02 1.841940059983629974e+00 1.986620356081297833e+00
1.443216080402010271e-01 1.654866334365216463e-01 3.203616160681059880e-03 1.611284992805633309e-01 1.711973064313725423e-01 2.828203718551663970e-01 2.239319967656037622e-02 2.545238273721329714e-01 3.388931552520124124e-01 1.430713119093104391e+00 8.919841685679359700e-02 1.307891927145214517e+00 1.611193332460418848e+00 1.927855247071170508e+00 3.627912390301653300e-02 1.875087252666076676e+00 1.978379268547287850e+00
1.492964824120603107e-01 1.679292796901192819e-01 2.914448177012942971e-03 1.646302416908961841e-01 1.734334974506573090e-01 2.845418104601347142e-01 1.889239939582185515e-02 2.585444920395569279e-01 3.296579874947217492e-01 1.433025218035622883e+00 7.377338764279024741e-02 1.352975945525220158e+00 1.570749768135749846e+00 1.932176312893177483e+00 6.297642186212634718e-02 1.833976369969645859e+00 2.027537164522444701e+00
1.542713567839196220e-01 1.702613971637660373e-01 2.996082228870101428e-03 1.670564249254410383e-01 1.764585323828697927e-01 2.905438475901193640e-01 2.053087370831147007e-02 2.662381685027667144e-01 3.400747312142881063e-01 1.447987135481864085e+00 7.031616177170563198e-02 1.376041895516302294e+00 1.564219524669364203e+00 1.955382456228222043e+00 6.739354323744106701e-02 1.865254903776983220e+00 2.071754912743683619e+00
1.592462311557789056e-01 1.724410905727085108e-01 2.886620120455128408e-03 1.688349330270006443e-01 1.780723093234405086e-01 2.917487118583470540e-01 1.719485969471777273e-02 2.704954962541005203e-01 3.263753310525358553e-01 1.467002970916067905e+00 6.118376328852074414e-02 1.383040589764599426e+00 1.575809940240602502e+00 1.960467690296723520e+00 4.409607260096237019e-02 1.886062657428484224e+00 2.018317315320427241e+00
1.642211055276382170e-01 1.745196647026824588e-01 2.770587295583860910e-03 1.710341023325362142e-01 1.796858416347162091e-01 2.932383643720646305e-01 1.453472776433016415e-02 2.779602660365045885e-01 3.258316300735594750e-01 1.483033515733641172e+00 6.186390763048331409e-02 1.400607011680349068e+00 1.593874304237667516e+00 1.968528446038809054e+00 5.990402944304179522e-02 1.879915390388091412e+00 2.052970913809078368e+00
1.691959798994975006e-01 1.765486814042150909e-01 2.646594809738301961e-03 1.734930975777738416e-01 1.813110154141154839e-01 2.948359680560587170e-01 1.324574438156106773e-02 2.788152000650538920e-01 3.251296581445121125e-01 1.498142161579437026e+00 5.434707258817204206e-02 1.422853336123174994e+00 1.601439538157062081e+00 1.968753535025737023e+00 5.768735228228228512e-02 1.876133155927399265e+00 2.032739014309347780e+00
1.741708542713567842e-01 1.787797988524085779e-01 2.670976048852683436e-03 1.751582891026028377e-01 1.831602144698959156e-01 2.975012219868269914e-01 1.295429599243675192e-02 2.828833097806682240e-01 3.282121642226313307e-01 1.513920934632112303e+00 5.062221949575300417e-02 1.425624106910369226e+00 1.611051954577872980e+00 1.971751042188851555e+00 5.396324956766584968e-02 1.885307291373473193e+00 2.045384938498048033e+00
1.791457286432160956e-01 1.805746692799499731e-01 2.357168617319002971e-03 1.772656946231526143e-01 1.844720563038824146e-01 2.989140141567511177e-01 1.187500925104977012e-02 2.868937401347393945e-01 3.295733039690068589e-01 1.519114838323897931e+00 3.909329560132535075e-02 1.447423105787381203e+00 1.597911842838963370e+00 1.983034703068185634e+00 5.590675411547770673e-02 1.895080149445702133e+00 2.064390986162778940e+00
1.841206030150753792e-01 1.826289121668726589e-01 2.509859831963132636e-03 1.782474745691948192e-01 1.868871729622892663e-01 2.997055947727732539e-01 1.073080277252437542e-02 2.908488771072276768e-01 3.294295723375249008e-01 1.528400886727627306e+00 4.580854995388842360e-02 1.433504597958918048e+00 1.617211293699773123e+00 1.988014354887678747e+00 5.909485053327471343e-02 1.905359994272895818e+00 2.089195846437865267e+00
1.890954773869346905e-01 1.844781469846238087e-01 2.769620779920903015e-03 1.796204911885794786e-01 1.893870411247765839e-01 3.007652345910242220e-01 1.279906543058403900e-02 2.868549058967673759e-01 3.317312456076337845e-01 1.538974682452589837e+00 5.229695946584889121e-02 1.472237391408135698e+00 1.639130476010937532e+00 1.990213007528191413e+00 6.440459355153467513e-02 1.859424965064493174e+00 2.071372583964045333e+00
1.940703517587939742e-01 1.863847225434742128e-01 2.804542116407121068e-03 1.819255839956265830e-01 1.919616071152427106e-01 3.004804024113901240e-01 1.344871957400520061e-02 2.798619561802546674e-01 3.296477142736939370e-01 1.536398086595174295e+00 5.593576739104585971e-02 1.476230594362257120e+00 1.655184907928245908e+00 1.971064998307154870e+00 6.082723991486615328e-02 1.863646093632691070e+00 2.052959196959131205e+00
1.990452261306532855e-01 1.882886544689725550e-01 2.472781153652470806e-03 1.841780202985679737e-01 1.928104631036507421e-01 3.016457921174735546e-01 1.403524982061279264e-02 2.819932514227228015e-01 3.329359259953287298e-01 1.538158756484456102e+00 4.871602295702705948e-02 1.464954661130062563e+00 1.629225934065773762e+00 1.974361214408020260e+00 6.079762463306356141e-02 1.860439143109677396e+00 2.048820765642624497e+00
2.040201005025125691e-01 1.904223123509627691e-01 2.354633090177938974e-03 1.860611683198464261e-01 1.941944577245413861e-01 3.011079643673461592e-01 1.485818926379422686e-02 2.808191698308452056e-01 3.380205858213660708e-01 1.551791124328661065e+00 3.515342677266326127e-02 1.501569281542048273e+00 1.607690241686114740e+00 1.967400648496633098e+00 5.108488032743532109e-02 1.874338740044269480e+00 2.036053029925368740e+00
2.089949748743718805e-01 1.918832818271991314e-01 2.194759091366397640e-03 1.877790084609343157e-01 1.949939644264671312e-01 3.038868316784235080e-01 1.476955984703646335e-02 2.839989318828156639e-01 3.394436484067510640e-01 1.571104471173021988e+00 4.017864024546737023e-02 1.522076820381416118e+00 1.646892540682894479e+00 1.960009545070384052e+00 6.572721752848988130e-02 1.865507354360852466e+00 2.055101894685949393e+00
2.139698492462311641e-01 1.935291080446928935e-01 2.194201077730770829e-03 1.902810965138178878e-01 1.967509482773048268e-01 3.064473010234460837e-01 1.174876688344034942e-02 2.851128384542104266e-01 3.291031013243759240e-01 1.562704826709548467e+00 4.687612609665679081e-02 1.469186901254564415e+00 1.627599655824570446e+00 1.954852008786321038e+00 4.993113658263256815e-02 1.865662408271292927e+00 2.017714418227075868e+00
2.189447236180904754e-01 1.952237610647839516e-01 2.401915917000159960e-03 1.911465761077558723e-01 1.981475143861347321e-01 3.054735797636751737e-01 1.134723187631137518e-02 2.881872700053479952e-01 3.285552567010076030e-01 1.567712529405773214e+00 3.978328402242198303e-02 1.476256479880126538e+00 1.611413142778006069e+00 1.950148311247402066e+00 4.180797316980622291e-02 1.880544987456832517e+00 2.020029355227204615e+00
2.239195979899497591e-01 1.969302476770618260e-01 2.045432933556200466e-03 1.939188997545255033e-01 1.997133739496599059e-01 3.063687199894353230e-01 1.072370549463538131e-02 2.897497532272678700e-01 3.241457940579078323e-01 1.569866732506202345e+00 3.413343785744116232e-02 1.496497600466510924e+00 1.614044159471730522e+00 1.956068676932195327e+00 4.498871762460030649e-02 1.888618397575433150e+00 2.023151095287841095e+00
2.288944723618090704e-01 1.985649493234463159e-01 1.897871067427382230e-03 1.956040646881791467e-01 2.016482488099707038e-01 3.058275427724682638e-01 9.097786029267723729e-03 2.913156001038529341e-01 3.174538153824004727e-01 1.575415062362432561e+00 3.462225336750340832e-02 1.520798704707067905e+00 1.633321389987427930e+00 1.948357450074151842e+00 3.578885954294288435e-02 1.890492701494381533e+00 1.988220133578657567e+00
2.338693467336683540e-01 2.003144375861402593e-01 1.679972565280262115e-03 1.978552638219461812e-01 2.025818106977484712e-01 3.066911697280600424e-01 9.067232726931193781e-03 2.925587970593982456e-01 3.191996382809473842e-01 1.568106894033210796e+00 2.906149757934827632e-02 1.523417794914639689e+00 1.620236412767993794e+00 1.944255613662269511e+00 3.595047984295021010e-02 1.899332313252614091e+00 2.001335856557465487e+00
2.388442211055276654e-01 2.017231519586593635e-01 1.878496111251774401e-03 1.991997051997313473e-01 2.051499384943200055e-01 3.043595316750162816e-01 8.709324193696889316e-03 2.831155531921137891e-01 3.128650271001165994e-01 1.572090651576339981e+00 4.562609166138778538e-02 1.486292893238480017e+00 1.639982466336999956e+00 1.938223536031302485e+00 2.970535552483573316e-02 1.881878690431474821e+00 1.986321849596732081e+00
2.438190954773869490e-01 2.032988662716434525e-01 1.508175723842407291e-03 2.012374753292954510e-01 2.055893851048051502e-01 3.060439756037100500e-01 8.595885449464615857e-03 2.854372017206530665e-01 3.188134982825506780e-01 1.580165607109136561e+00 5.443854135996580024e-02 1.502974669833972987e+00 1.674141579353487064e+00 1.935533828381164723e+00 2.781858562581822347e-02 1.882892858578608886e+00 1.986727093018425316e+00
2.487939698492462326e-01 2.047190533284022340e-01 1.487521413931789565e-03 2.019303216343178442e-01 2.068634926432732779e-01 3.071992871543968162e-01 1.042363979848309578e-02 2.899020313349828792e-01 3.253185552343174636e-01 1.590951833760858580e+00 5.545621333715773649e-02 1.502832556813408216e+00 1.692699446015653697e+00 1.937747685299950451e+00 2.831349069527360623e-02 1.902164503904418380e+00 1.994298345139347006e+00
2.537688442211055162e-01 2.059923185896089526e-01 1.642784128622325679e-03 2.030923395244462193e-01 2.084471413369055059e-01 3.090870512399977454e-01 1.094287601171212154e-02 2.915371807609090093e-01 3.287931960871985915e-01 1.596605680291628193e+00 4.510877633533276476e-02 1.523061420613631700e+00 1.666992488076578960e+00 1.924646606592820941e+00 3.457711222340340701e-02 1.873251548584510928e+00 1.989742711218939641e+00
2.587437185929647998e-01 2.076925640154900221e-01 1.834728447397287283e-03 2.040210486952559743e-01 2.106256161252169912e-01 3.096389059389549891e-01 1.040899823067453767e-02 2.947440943449573525e-01 3.264172244183100591e-01 1.596474488190277263e+00 3.983859339405940864e-02 1.538597116180985713e+00 1.658041198495265212e+00 1.919383780171486364e+00 2.760683352126840420e-02 1.873307806733017111e+00 1.963192525527567955e+00
2.637185929648241389e-01 2.091289793835142130e-01 1.465259135779268911e-03 2.062361099480840843e-01 2.112567478217519668e-01 3.083419188317364501e-01 1.366271464785755695e-02 2.876683233192338651e-01 3.298987036888100244e-01 1.603636042062990708e+00 4.613554406483626885e-02 1.546843002349254093e+00 1.676454697714685693e+00 1.908383680535713722e+00 2.683460690554976061e-02 1.851640041306851225e+00 1.945500438983438496e+00
2.686934673366834225e-01 2.105933259242633859e-01 1.761089301356393152e-03 2.080716248300879534e-01 2.135097808200243086e-01 3.088963502308995634e-01 1.279633920249028008e-02 2.868669151005987517e-01 3.252765071693415333e-01 1.599841505742160219e+00 4.706531444377197448e-02 1.535080494062729617e+00 1.668808437241003917e+00 1.901003969004659400e+00 2.698638668163288665e-02 1.848327358593508718e+00 1.940244906953185078e+00
2.736683417085427061e-01 2.121183197273297516e-01 1.791377300728408135e-03 2.088446766611326555e-01 2.145012967360105938e-01 3.106569616092705877e-01 1.341442888966223185e-02 2.903912320271543890e-01 3.312990196454523861e-01 1.598550278414654136e+00 4.772413905873351680e-02 1.528849504740481979e+00 1.662345768012776448e+00 1.903043367922331752e+00 2.854836518804520010e-02 1.845519469605773955e+00 1.955795231639157361e+00
2.786432160804020453e-01 2.135735625035964647e-01 1.854540851640491209e-03 2.101949413892077456e-01 2.166362651098012460e-01 3.108266721053952741e-01 1.251590189581078608e-02 2.904055259980803938e-01 3.274974705450544588e-01 1.603086894465407752e+00 4.438242736595467836e-02 1.534017019221398659e+00 1.680431450048792241e+00 1.895298092438894688e+00 1.970734645323604997e-02 1.849738698440212659e+00 1.914358956305219461e+00
2.836180904522613289e-01 2.149624698887462881e-01 1.949085874404835788e-03 2.121407493878049721e-01 2.184255497149329428e-01 3.115953335781737055e-01 1.186954451237806803e-02 2.938668298404997214e-01 3.280765944618317387e-01 1.604674924538433967e+00 4.109748427629914685e-02 1.543142562278717156e+00 1.663563625239936838e+00 1.887519099913979703e+00 2.323900826788438331e-02 1.830843009822194389e+00 1.914579236300979703e+00
2.885929648241206125e-01 2.163669978276273054e-01 2.108696099740806941e-03 2.126272566825636035e-01 2.194203336715789820e-01 3.123929042419307800e-01 1.178001838440947968e-02 2.923010329114715811e-01 3.286588201172363499e-01 1.606128759154823005e+00 4.272569967720618589e-02 1.534920307707215770e+00 1.681420953008025743e+00 1.874565692812189655e+00 2.796076181625134147e-02 1.835262563683069281e+00 1.932971188040989219e+00
2.935678391959798961e-01 2.179630137941930834e-01 2.162634237426409346e-03 2.141100518307587353e-01 2.208487269358015426e-01 3.108161276041589427e-01 1.190086304993017569e-02 2.865042268153463190e-01 3.280543453947245558e-01 1.613144402401519795e+00 4.081937158894569095e-02 1.544315069917376215e+00 1.688046712731503307e+00 1.860581373054255083e+00 2.712184705129045553e-02 1.820433094840094634e+00 1.911131950500243093e+00
2.985427135678392352e-01 2.193440793163009828e-01 2.199409770658651304e-03 2.148298231090930432e-01 2.220288703655244889e-01 3.093461363056330127e-01 1.395210397876195732e-02 2.812908926206942883e-01 3.279938811470780036e-01 1.611105375990002475e+00 5.111795787113790346e-02 1.533939746358528033e+00 1.694783695324719064e+00 1.854282024826390041e+00 2.927533252588044449e-02 1.819932191505311048e+00 1.919172812703110020e+00
3.035175879396985188e-01 2.206766897257100568e-01 2.465248087288968333e-03 2.154871573716633792e-01 2.242164420692411841e-01 3.109064436915737195e-01 1.471404407685626345e-02 2.818748777592857135e-01 3.323027404518010264e-01 1.612141074684809272e+00 5.373295587372216298e-02 1.512867539574382247e+00 1.691212901118200884e+00 1.841349535579031693e+00 3.316023194430418181e-02 1.806952891277583406e+00 1.919553923576843069e+00
3.084924623115578024e-01 2.220147690437480059e-01 2.244785461976293601e-03 2.175830610669491350e-01 2.252258561293403738e-01 3.100571667881383275e-01 1.410300436328529999e-02 2.784773491926189615e-01 3.277379474955792182e-01 1.599710161285625487e+00 5.066798762301075176e-02 1.519047150376711341e+00 1.678481961344621798e+00 1.838257552121510985e+00 3.431082676033785778e-02 1.798568052292125019e+00 1.909633052284255283e+00
3.134673366834170860e-01 2.231589211245983972e-01 2.042438195085940610e-03 2.187296185687779559e-01 2.262347569549710002e-01 3.073159583444694531e-01 1.308246297230218798e-02 2.772791124605584190e-01 3.255894304261478522e-01 1.597528913043749998e+00 4.653717022350920690e-02 1.521954829773066287e+00 1.676558213393706698e+00 1.829028827035127591e+00 3.454257627387664897e-02 1.785415226832185898e+00 1.907358293407429572e+00
3.184422110552764251e-01 2.246734913121481159e-01 1.957264795633757021e-03 2.204973719433479806e-01 2.282789792639580151e-01 3.072994692729530408e-01 1.251305579715147019e-02 2.816796626583133456e-01 3.243407318141990348e-01 1.597131864005409962e+00 4.897278594713905947e-02 1.511516024885707576e+00 1.666136211382848398e+00 1.816102558640877884e+00 3.494008804565488374e-02 1.776526825045792846e+00 1.902587578920758027e+00
3.234170854271357087e-01 2.261632204395090662e-01 1.836514912336005166e-03 2.226134438741055599e-01 2.289791572576283796e-01 3.075947920878153719e-01 1.201690244150684095e-02 2.836861940912477897e-01 3.255207925961041693e-01 1.593169823799279294e+00 4.720684441519615304e-02 1.502253768904656228e+00 1.648432878463084172e+00 1.808324608628291141e+00 3.688874680053124550e-02 1.771373099972441523e+00 1.901878825159172726e+00
3.283919597989949923e-01 2.275003688671966839e-01 2.029883923739885920e-03 2.236582743170275334e-01 2.309654173238782082e-01 3.067864451601068909e-01 1.235967810031854928e-02 2.824181893214226524e-01 3.254576270277647621e-01 1.589782611617855057e+00 4.560803407382763019e-02 1.518939169943636536e+00 1.648743800344745214e+00 1.798260394594571210e+00 3.449396776153750704e-02 1.759316217832898266e+00 1.876543878790063680e+00
3.333668341708542759e-01 2.290068213533817953e-01 2.068855165371313518e-03 2.250781069282991320e-01 2.325427017825258680e-01 3.065739338592143870e-01 1.195587909067875182e-02 2.842407858434574663e-01 3.245915506971912001e-01 1.585152762277462379e+00 5.263356410186203344e-02 1.510542312792714448e+00 1.657391569073817905e+00 1.784827255857554196e+00 3.777887218972801608e-02 1.731667572069153005e+00 1.868178026798473335e+00
3.383417085427135595e-01 2.302149145184295143e-01 2.173120366561329640e-03 2.264057665231924421e-01 2.334464242387045418e-01 3.060444545313444342e-01 1.217586831984436221e-02 2.874123634632942959e-01 3.267411292248397769e-01 1.586637072626758016e+00 4.569343795292810095e-02 1.514868812049157798e+00 1.635172730966022003e+00 1.774051250601457852e+00 3.778264487119860349e-02 1.710723065647174579e+00 1.844725152400157997e+00
3.433165829145728987e-01 2.313769410903058765e-01 2.129781056565748908e-03 2.277040422687497678e-01 2.345701464552965576e-01 3.051446258555142177e-01 1.184452006136998449e-02 2.860453061846441880e-01 3.258307819104422354e-01 1.576605811981973471e+00 4.167495491995058809e-02 1.513493221922496357e+00 1.629584579772629827e+00 1.762032890038927491e+00 3.533238200502206855e-02 1.704914513530338294e+00 1.829922673168737690e+00
3.482914572864321823e-01 2.327994939098944338e-01 1.897792077033032656e-03 2.296669990248274007e-01 2.355384089433438521e-01 3.034497759995490318e-01 1.040992695814394083e-02 2.880327050379277720e-01 3.233485714819517298e-01 1.575760674738747369e+00 3.550183733627172711e-02 1.523836419163003386e+00 1.631680692924557752e+00 1.746056714893344575e+00 3.019680780820390223e-02 1.689591827847237937e+00 1.789978410516841034e+00
3.532663316582914659e-01 2.339290734146131923e-01 1.730696839508849257e-03 2.310489854426044376e-01 2.364857059118982696e-01 3.021951174979814470e-01 7.349614843661807922e-03 2.900065654015494543e-01 3.126931234466750475e-01 1.577173727760712962e+00 3.899133725477884477e-02 1.522871685294648003e+00 1.631598703029992992e+00 1.731780707893811222e+00 2.840016862760318811e-02 1.686523118916103847e+00 1.783462910645503330e+00
3.582412060301507495e-01 2.347866501983307264e-01 1.780703412781388514e-03 2.319706228355207234e-01 2.373252563111414026e-01 3.025871159871934002e-01 7.879251816859710392e-03 2.888665343162497567e-01 3.142322681287298414e-01 1.572606606132116003e+00 3.610466985333132123e-02 1.524723505629498543e+00 1.623252358742728774e+00 1.718118235490378343e+00 2.476076436929640356e-02 1.680095286510929764e+00 1.769839907970597537e+00
3.632160804020100886e-01 2.360175099176808899e-01 1.658835690660641522e-03 2.337283137131002386e-01 2.387686791256352914e-01 3.002520539697775548e-01 7.103551632641805745e-03 2.888381166030448144e-01 3.124997586761939505e-01 1.573409784608209128e+00 3.149391510241308229e-02 1.527232538387037319e+00 1.619874726513328200e+00 1.710219595113853241e+00 2.141656374546739225e-02 1.677346378051170150e+00 1.752333248426179546e+00
3.681909547738693722e-01 2.372373305434965773e-01 1.720806730400383042e-03 2.346963306579938069e-01 2.398207488131037790e-01 3.005256226531726194e-01 6.863548565991438311e-03 2.912292365234354086e-01 3.127044021858305656e-01 1.569040441268054309e+00 3.357567303609192144e-02 1.532271749793513216e+00 1.616990604385676766e+00 1.702176238315036283e+00 1.962657131917558417e-02 1.673316298459484042e+00 1.745632095603214973e+00
3.731658291457286558e-01 2.382643516901918057e-01 1.662808346172738906e-03 2.355368520477803540e-01 2.410264450831003102e-01 3.007742745450312505e-01 8.443916261176883167e-03 2.881505336044736798e-01 3.115929873269164263e-01 1.563936936106019138e+00 3.013644197734999253e-02 1.526134632454538176e+00 1.612010483334902045e+00 1.690250425713170745e+00 2.556033973232483408e-02 1.649170756432591922e+00 1.738903099650533912e+00
3.781407035175879394e-01 2.393123035525809017e-01 1.770935756510564653e-03 2.367213059514972628e-01 2.417084336487339002e-01 3.009955376206888689e-01 8.518383276144091132e-03 2.868899995689914162e-01 3.138823486258187079e-01 1.558571053560265041e+00 2.752771685398393287e-02 1.508393955532404629e+00 1.601144775355114014e+00 1.675011710112481511e+00 2.567075075205412643e-02 1.632970709470211057e+00 1.720764969338504535e+00
3.831155778894472785e-01 2.405021183319782097e-01 1.718665940883722142e-03 2.381128738096971176e-01 2.430534114395952461e-01 3.000232610446701420e-01 7.224728205736641838e-03 2.861700645721718117e-01 3.078418479309055766e-01 1.557911157738964381e+00 2.450381893478544015e-02 1.515197912736865327e+00 1.599833292562671039e+00 1.665381042917733367e+00 2.490639082370263088e-02 1.627332883819150533e+00 1.704454429537624272e+00
3.880904522613065621e-01 2.413837635093636358e-01 1.525858794759587297e-03 2.392615153286370699e-01 2.443067141682952748e-01 2.991413752354160072e-01 6.086492676324012190e-03 2.885629623476081429e-01 3.086188121922129324e-01 1.557263550869817159e+00 2.373357029956611047e-02 1.515291090653253958e+00 1.598853514098967032e+00 1.651107018494308631e+00 2.152818389828254145e-02 1.620672304385323725e+00 1.679164601584107297e+00
3.930653266331658457e-01 2.426380946114456150e-01 1.484497990432978457e-03 2.406161865429814750e-01 2.450941589668285958e-01 2.989345982831618231e-01 5.691722658447978186e-03 2.887627598776121296e-01 3.072829229567747844e-01 1.555278298683683946e+00 2.444971148739883901e-02 1.525607200450820322e+00 1.598180111067465381e+00 1.639772296757388448e+00 2.654548089947438363e-02 1.604095687509890178e+00 1.684767929553221633e+00
3.980402010050251294e-01 2.436434912194499758e-01 1.813798300978853749e-03 2.409567785091573378e-01 2.465132920244588743e-01 2.975953042322029285e-01 7.152181973735316847e-03 2.817623522815838055e-01 3.056029837290395457e-01 1.552911229697560902e+00 2.801991370901924308e-02 1.515826742472984767e+00 1.607491370742014425e+00 1.631396796273522964e+00 2.330594455753617900e-02 1.592939136723360516e+00 1.668040424400752952e+00
4.030150753768844685e-01 2.446450377261035758e-01 2.026349645004343544e-03 2.418094090049724421e-01 2.479027714157315265e-01 2.966121256517173510e-01 7.573483700700945828e-03 2.792020128881667063e-01 3.055796871586840546e-01 1.545890485353028421e+00 2.794988754769059738e-02 1.503201131176294503e+00 1.597662830552405877e+00 1.620452954668564205e+00 2.118236602078892722e-02 1.578259884782236222e+00 1.651323210184810542e+00
4.079899497487437521e-01 2.455342461844883528e-01 1.902723923281903883e-03 2.429334596714357308e-01 2.486915277122569157e-01 2.943714398402197396e-01 7.756780055631020201e-03 2.770504824907256691e-01 3.048496501126521929e-01 1.541598986212323830e+00 2.466784689692578039e-02 1.497545440973571784e+00 1.571243540204584122e+00 1.609229344997154199e+00 2.084785876149816003e-02 1.567549067495856763e+00 1.644238833144725964e+00
4.129648241206030357e-01 2.465415339761388436e-01 2.055028155641317519e-03 2.438576690678251890e-01 2.499153759285546450e-01 2.947420197511763651e-01 8.501526237963973748e-03 2.764682829103670136e-01 3.070581930043563279e-01 1.537240942891239914e+00 2.059671633170386332e-02 1.503778229128934552e+00 1.566202000055742616e+00 1.598160031930073277e+00 2.139701392084329343e-02 1.563392021395631382e+00 1.639605201391416855e+00
4.179396984924623193e-01 2.475281000918563845e-01 2.163977968456778402e-03 2.446288090215069655e-01 2.508763670155618741e-01 2.928096926107931486e-01 6.309007951122408420e-03 2.797988207551134754e-01 3.006410213048471558e-01 1.530163655377258847e+00 2.197011521323615282e-02 1.487431393010809844e+00 1.563885862909599744e+00 1.584268573397850099e+00 2.111100663330905264e-02 1.554061417510937959e+00 1.629876837022119052e+00
4.229145728643216029e-01 2.484991968209067092e-01 2.027659751628022641e-03 2.459388468944462280e-01 2.514797064196666598e-01 2.917212306242975006e-01 6.247936117740836119e-03 2.805379522988644125e-01 3.013660609104890087e-01 1.528861947346603412e+00 2.150915047833600741e-02 1.486758352833682739e+00 1.558366403866358940e+00 1.571414538040003528e+00 2.147518645187623115e-02 1.541548476422752945e+00 1.610100706118156921e+00
4.278894472361809420e-01 2.494422939634532155e-01 2.001624128649244060e-03 2.472332506661338858e-01 2.525034369174030680e-01 2.906704801195597598e-01 6.547413924918925494e-03 2.817134868537398695e-01 3.014678257038533316e-01 1.523695025289371063e+00 2.194215313460501360e-02 1.482808245362897681e+00 1.558125045148804899e+00 1.560962905833887637e+00 2.232699508447356235e-02 1.531923909708162945e+00 1.601410218738464897e+00
4.328643216080402256e-01 2.505589075912126318e-01 2.203239953907702026e-03 2.482309828362606607e-01 2.542830087949364271e-01 2.895943596878535198e-01 7.601012579753582687e-03 2.738683585106734819e-01 3.011414106925006662e-01 1.522260142037179520e+00 2.221128720678096705e-02 1.486093936989997477e+00 1.568094649442899113e+00 1.549944399053331257e+00 2.012518202005524059e-02 1.522382136484563553e+00 1.588096645242642602e+00
4.378391959798995092e-01 2.515256009420894223e-01 2.083517233723807243e-03 2.491786682801563624e-01 2.550420583484420689e-01 2.892443031031669554e-01 8.629861610428125537e-03 2.698841413271721446e-01 3.004417478313100021e-01 1.519131654087033212e+00 2.200790218438268553e-02 1.476087067844335632e+00 1.553310451609946741e+00 1.536140923422192328e+00 2.240830465186311599e-02 1.494994272586485762e+00 1.572330313423712544e+00
4.428140703517587928e-01 2.525605961859032078e-01 2.073756584166724058e-03 2.501818657415962321e-01 2.563892582124245867e-01 2.886401787166905097e-01 8.611955878595272187e-03 2.696420395252885904e-01 3.008654229083159160e-01 1.516011533668397471e+00 1.972958929276436360e-02 1.474884721680486344e+00 1.538160063820432244e+00 1.522570104223232468e+00 2.653911568942133106e-02 1.473688912000729045e+00 1.556666553090952476e+00
4.477889447236181319e-01 2.535003391619016222e-01 1.885406193910337935e-03 2.512805393255886921e-01 2.572387885686931441e-01 2.878209427355554184e-01 8.656939874388078215e-03 2.690325068422868005e-01 2.967743490061118261e-01 1.510609294028288918e+00 2.111817724921838044e-02 1.464556853990121921e+00 1.537332606514728361e+00 1.509524092148857077e+00 2.622173864321302242e-02 1.462596574221268542e+00 1.539771402384192633e+00
4.527638190954774156e-01 2.544277862571824311e-01 1.867540560798730586e-03 2.523658388164695676e-01 2.581533401238001457e-01 2.873021259839735331e-01 8.289914025298078526e-03 2.687738014005163767e-01 2.980902544394828380e-01 1.501771836292869811e+00 1.908678903552060366e-02 1.474644857346465665e+00 1.533262712736639166e+00 1.495146771547171349e+00 2.449514930554718556e-02 1.445565630014927772e+00 1.524693638298328713e+00
4.577386934673366992e-01 2.554680549514568022e-01 2.020146226954372404e-03 2.529073901694846027e-01 2.592648215042295812e-01 2.857542548803324589e-01 8.298918003575772237e-03 2.680137442703326434e-01 2.984159662628502185e-01 1.493472745739204743e+00 2.525843270598364040e-02 1.454492647960664353e+00 1.542158278976580199e+00 1.486012146146082458e+00 2.418152555267863782e-02 1.441051903404762635e+00 1.518190345314864853e+00
4.627135678391959828e-01 2.562397350199953072e-01 2.052588866836868066e-03 2.537042409526547027e-01 2.602809913713202694e-01 2.839627482853087082e-01 8.164892015852668120e-03 2.681092218537642902e-01 2.984019191016948902e-01 1.484465416855495379e+00 2.380938335515477705e-02 1.450720336313923831e+00 1.519768993090013787e+00 1.471809723529074576e+00 2.589190048002994182e-02 1.425096436957981272e+00 1.502073953985836985e+00
4.676884422110553219e-01 2.571518837168672023e-01 1.891672764585343013e-03 2.550014127726758506e-01 2.614464641999044714e-01 2.824882394684585241e-01 6.979449301950480661e-03 2.680830417170276259e-01 2.906856225673956073e-01 1.483367068659910526e+00 2.568445700086417413e-02 1.444183416548508792e+00 1.520090563950321272e+00 1.461341240768920358e+00 2.628639119498683147e-02 1.417863586583193669e+00 1.496346826115161788e+00
4.726633165829146055e-01 2.579224743434853084e-01 1.812207983955304528e-03 2.556890900099015873e-01 2.612781637926270273e-01 2.813805852964154641e-01 6.598578273138017321e-03 2.690266680767953722e-01 2.890034482729325616e-01 1.472343134604967130e+00 2.608718918803419606e-02 1.445816167518681583e+00 1.514423724319912790e+00 1.447641617908683731e+00 2.397229491998595710e-02 1.410245180098827822e+00 1.486491655323523897e+00
4.776381909547738891e-01 2.587448671609141604e-01 1.934165425773403573e-03 2.560997241287164550e-01 2.621585760515334207e-01 2.802670276694810281e-01 6.514257756785876013e-03 2.685798852585267182e-01 2.889956133449615994e-01 1.467542711306354164e+00 2.713572106320243787e-02 1.437660638735692498e+00 1.518169007410259841e+00 1.439143183670491544e+00 2.341623395152050632e-02 1.403325495402706347e+00 1.478268905846666925e+00
4.826130653266331727e-01 2.594154533463597923e-01 1.802287529868178270e-03 2.570133287681772294e-01 2.627203397717266520e-01 2.790157067780384414e-01 7.067423287302633701e-03 2.646645364044210025e-01 2.880430205666291710e-01 1.461965141126867262e+00 2.969786786804942333e-02 1.425046369792076550e+00 1.516039681590883204e+00 1.425434043597733957e+00 2.423826383603013696e-02 1.387737680986752986e+00 1.467530873519322210e+00
4.875879396984924563e-01 2.601998704055871192e-01 1.860141147040035581e-03 2.577290842270683613e-01 2.634248462025083892e-01 2.783555865612421520e-01 7.000611649771678636e-03 2.642688767950171491e-01 2.867509158822453830e-01 1.461420878870658413e+00 2.973193680210726997e-02 1.422783131990653427e+00 1.514161984902698599e+00 1.415213673462743404e+00 2.295536670289234638e-02 1.381936435614888881e+00 1.453367800751375283e+00
4.925628140703517954e-01 2.612804665193661502e-01 1.642731849175885130e-03 2.589134256129094203e-01 2.638895556443286439e-01 2.778680582482133676e-01 7.242895453722979389e-03 2.630927924809274288e-01 2.880352262774405481e-01 1.453983505403395382e+00 2.899737084393139153e-02 1.413851278685482216e+00 1.506948868155961963e+00 1.402041956003241774e+00 2.086443150704634861e-02 1.366465738108628702e+00 1.431020901231709219e+00
4.975376884422110790e-01 2.620570556684637120e-01 1.889857829014256327e-03 2.596544047741092265e-01 2.647840974753009058e-01 2.765073184374504112e-01 7.749405589155985291e-03 2.599996750319873429e-01 2.882872942630451685e-01 1.444315213499638206e+00 3.160269879557474348e-02 1.414464506593955395e+00 1.508368472983435460e+00 1.389520038884841879e+00 2.026697743492924392e-02 1.356302707011274755e+00 1.419800981752035618e+00
5.025125628140703071e-01 2.628796822797249133e-01 1.958899402844163466e-03 2.599155091059829337e-01 2.657976736626120329e-01 2.749707713156714362e-01 7.861111215413038589e-03 2.592077910661720330e-01 2.861961161103229179e-01 1.438078867679944528e+00 3.161766001672620952e-02 1.388016723916094541e+00 1.501916679896067697e+00 1.379822418205784107e+00 1.965388286192650685e-02 1.349608444997753676e+00 1.410343116738315361e+00
5.074874371859295907e-01 2.637645283533213147e-01 1.659892049114062912e-03 2.612149789022021329e-01 2.665700400893175614e-01 2.740764142548932081e-01 7.697138746485776041e-03 2.592174309216992434e-01 2.859140812508517149e-01 1.431584668424215279e+00 3.241764761676750595e-02 1.381349543095693244e+00 1.503653064510358739e+00 1.366056092170121916e+00 2.020131361992803798e-02 1.332118018618554611e+00 1.396656351717676436e+00
5.124623115577889854e-01 2.645313514500586827e-01 1.530382629574600405e-03 2.621209155534014457e-01 2.668972454941818673e-01 2.724031861509840224e-01 8.413761357572012434e-03 2.539880827300003419e-01 2.819537508643032986e-01 1.425524680366396568e+00 2.959512206961543990e-02 1.372641808873961811e+00 1.481120651941201460e+00 1.352709775535783976e+00 1.975066708794653153e-02 1.324140459804507675e+00 1.388804120756513605e+00
5.174371859296482690e-01 2.653337195969250328e-01 1.407834729796091566e-03 2.634588967840591489e-01 2.673726077582176397e-01 2.711367514208015139e-01 9.181368290300615659e-03 2.501769192022236243e-01 2.814900801131871022e-01 1.415883543224991215e+00 3.425658492804845717e-02 1.355065104212372695e+00 1.473377926607721156e+00 1.342365042771782147e+00 1.860195731254462442e-02 1.309404873303611883e+00 1.374634637621749755e+00
5.224120603015075526e-01 2.659172272699780737e-01 1.399311982435569399e-03 2.631643942793503443e-01 2.677108986600985618e-01 2.703207991063279469e-01 8.851899772305930891e-03 2.498798052813777926e-01 2.789890065203949332e-01 1.406955306264045857e+00 3.321012254847584971e-02 1.342071807581629583e+00 1.462153138569477040e+00 1.332898412388067388e+00 1.662520127294575892e-02 1.306645541048796932e+00 1.364603870406319253e+00
5.273869346733668362e-01 2.666269340956650136e-01 1.419423807730080473e-03 2.635864625969234765e-01 2.684088601736261404e-01 2.691053515519831740e-01 9.671056164083631154e-03 2.476128805746544426e-01 2.794761044698872432e-01 1.401247896424727468e+00 3.289379875909116679e-02 1.333053920488423305e+00 1.453102217392274964e+00 1.321062173188833899e+00 1.514538164207863795e-02 1.294865674452195137e+00 1.348019695601788914e+00
5.323618090452261198e-01 2.674064934773052182e-01 1.202133998032244499e-03 2.644269626344981083e-01 2.687288152194252655e-01 2.666882086148883446e-01 8.644402071408985311e-03 2.477761880113960591e-01 2.759783513896156837e-01 1.392689327031229496e+00 3.202492642756400720e-02 1.334635700608873154e+00 1.444076463693133361e+00 1.311853879641176057e+00 1.635461776155061261e-02 1.285123988997318945e+00 1.334883984942476953e+00
5.373366834170854034e-01 2.681068306743452645e-01 1.272979897530201240e-03 2.650611021420917202e-01 2.697758677430514007e-01 2.653697524715333267e-01 8.525353970384721633e-03 2.472067478124163609e-01 2.738901587916877101e-01 1.385031782912259368e+00 3.191057552573717260e-02 1.324544489001565850e+00 1.434939957762883189e+00 1.300050653214953167e+00 1.569850505497851975e-02 1.271381612458081012e+00 1.323229650473127794e+00
5.423115577889447980e-01 2.689683244465383427e-01 1.390253581148785276e-03 2.654030142717427876e-01 2.706478855218647506e-01 2.625444139206407068e-01 7.544676650422956106e-03 2.471462075817983661e-01 2.719483709035833141e-01 1.375130762004074914e+00 2.862057603733585143e-02 1.318049048891573705e+00 1.416904663401921782e+00 1.288970073758966217e+00 1.675397719562013790e-02 1.260049450588191844e+00 1.311083020774155283e+00
5.472864321608040816e-01 2.698332467177778637e-01 1.223616642167578948e-03 2.670195868115928239e-01 2.714688852681418352e-01 2.605920436432941356e-01 7.024290865786972371e-03 2.483131515617041651e-01 2.704201424439546808e-01 1.367830066024040336e+00 2.689195736708024573e-02 1.312725177895543105e+00 1.406184614167815594e+00 1.277514118760094464e+00 1.767607736444171476e-02 1.246230317359519946e+00 1.298770070941690280e+00
5.522613065326633652e-01 2.706063567791839874e-01 1.344490192513675842e-03 2.674898839116902627e-01 2.724330556027744765e-01 2.587549951200560083e-01 7.263235499590100890e-03 2.461429957507773880e-01 2.711496386531180303e-01 1.356796475459792983e+00 2.742336043093066694e-02 1.302062389814977905e+00 1.396090762387308448e+00 1.268934879701911767e+00 1.928584606587045377e-02 1.234155361569988951e+00 1.292848672429818269e+00
5.572361809045226488e-01 2.713522518606057976e-01 1.496484119100209911e-03 2.679274170634085572e-01 2.735876476445258665e-01 2.571039000412005393e-01 6.593532429609067977e-03 2.448797812063423229e-01 2.684817275131520242e-01 1.346941627381585738e+00 2.224751627582251604e-02 1.302100470618732020e+00 1.375402846855577232e+00 1.257384353529114485e+00 1.979575318845874787e-02 1.219674297364479187e+00 1.286721216569116422e+00
5.622110552763819324e-01 2.720258077612072167e-01 1.609622848813921283e-03 2.689009300551823411e-01 2.744877590547865620e-01 2.561507856765460334e-01 5.718204815444287784e-03 2.459324583667187591e-01 2.665751031949051275e-01 1.338473177620397747e+00 2.265122534539791566e-02 1.293048044893773119e+00 1.368661586008550701e+00 1.245815874655958222e+00 1.927091516766689036e-02 1.206648119448682888e+00 1.268347721448614296e+00
5.671859296482412161e-01 2.727956901124542477e-01 1.522872939738312541e-03 2.698717843226496327e-01 2.748335603780520664e-01 2.549464976305715336e-01 5.881157731451729619e-03 2.435295850864403755e-01 2.639118237283121227e-01 1.334355726952976662e+00 2.211675949938213259e-02 1.287800110547427934e+00 1.361337012661113066e+00 1.234776334917657037e+00 1.911558944280030564e-02 1.192981332600234534e+00 1.258408165003667367e+00
5.721608040201004997e-01 2.733627303098384864e-01 1.567222237518287216e-03 2.703477019159543637e-01 2.754207791181610965e-01 2.538530168140969989e-01 6.687045070260148362e-03 2.433750642602359737e-01 2.635213912272441061e-01 1.324092191952111586e+00 2.455430223484033475e-02 1.280730872324482128e+00 1.354762076639160595e+00 1.225018723616786875e+00 1.900840608815029115e-02 1.185970166530571968e+00 1.247183388977518348e+00
5.771356783919597833e-01 2.740966192084526853e-01 1.607021457045636941e-03 2.710625251095290511e-01 2.762827681358125953e-01 2.524871044410125220e-01 6.941471570682563978e-03 2.408010334856674206e-01 2.622950087651514939e-01 1.316550860160201397e+00 2.632005229228803755e-02 1.268155665671423238e+00 1.349362458944737719e+00 1.214882733801122772e+00 2.093313574440132385e-02 1.169294947664826223e+00 1.241625272386516432e+00
5.821105527638190669e-01 2.749132231358023537e-01 1.823041230158066288e-03 2.715699514777097923e-01 2.773988576908472115e-01 2.506321546925404098e-01 6.489269522868952762e-03 2.399826172799375823e-01 2.586632938940535698e-01 1.305982253592594899e+00 2.699422519910084015e-02 1.260563980402682249e+00 1.343155165828432196e+00 1.204688916855776615e+00 1.982795196052547504e-02 1.163089288500211982e+00 1.231006092405906083e+00
5.870854271356784615e-01 2.755070700883180956e-01 1.905445352375719067e-03 2.720293335394461942e-01 2.779920073186705753e-01 2.485265529237656312e-01 6.277650511105327402e-03 2.384141118410277871e-01 2.575775354037302955e-01 1.300186003253658740e+00 2.701208758761289991e-02 1.258952675567664325e+00 1.338580756845311637e+00 1.196644690484432116e+00 1.860641085276367249e-02 1.160159769681816444e+00 1.220267307437296500e+00
5.920603015075377451e-01 2.760321831084016075e-01 1.790354183858894116e-03 2.722633712444018084e-01 2.782827832531582501e-01 2.468534466891249279e-01 6.511047745307771938e-03 2.366584189850775011e-01 2.564454899486525719e-01 1.290655708258892087e+00 2.569765532158147306e-02 1.249966779016724816e+00 1.333323182669496232e+00 1.186309967984447988e+00 1.855325288513170676e-02 1.151500174471694837e+00 1.212523201395399042e+00
5.970351758793970287e-01 2.767476275111457884e-01 1.900744633531843090e-03 2.729150632671427101e-01 2.792069148576506454e-01 2.456194571859453557e-01 7.134069125263033280e-03 2.338900068055397852e-01 2.554674189516941141e-01 1.281144591233069008e+00 2.887317027493664992e-02 1.232612309350326285e+00 1.330345015249241092e+00 1.178865050294415351e+00 1.731382807822167205e-02 1.147534016828396730e+00 1.203239207176770798e+00
6.020100502512563123e-01 2.773578482629261432e-01 2.082205404345574117e-03 2.725823731979118425e-01 2.801560757558863024e-01 2.433626446932411758e-01 6.053473900374755842e-03 2.339304479347819876e-01 2.520209495937645316e-01 1.274134841021058451e+00 2.556314841556046880e-02 1.239228935094286221e+00 1.312883394018205863e+00 1.171313186603825773e+00 1.611772211892931878e-02 1.142819428008384541e+00 1.191997680520106684e+00
6.069849246231155959e-01 2.779705696430645467e-01 2.034555380384125631e-03 2.733642515013020025e-01 2.805358795899060564e-01 2.410431337297757326e-01 5.543904416600678974e-03 2.316259111851330377e-01 2.489155536024924564e-01 1.269404942482010190e+00 2.712500409593684991e-02 1.231449896366750396e+00 1.311900811224064656e+00 1.162648763546394903e+00 1.456495282771586887e-02 1.135945505900736618e+00 1.179231746992917662e+00
6.119597989949748795e-01 2.786367618153299808e-01 1.994381720257273893e-03 2.740813146714654036e-01 2.813574038539814470e-01 2.392673531212702598e-01 5.018759888107425515e-03 2.302601416519341471e-01 2.481761531739274385e-01 1.260976067953873736e+00 2.606922318672834013e-02 1.224781636374566718e+00 1.303183400165669248e+00 1.154786941159794633e+00 1.269872814415234918e-02 1.130972113761331110e+00 1.170699741554314333e+00
6.169346733668341631e-01 2.792113424197630311e-01 1.802275120401980154e-03 2.752505324430891132e-01 2.814429510926366174e-01 2.380094568951023337e-01 5.545020557383120025e-03 2.273665565964875790e-01 2.480496362308015346e-01 1.252303487277352634e+00 2.540956585656401617e-02 1.217120041241622097e+00 1.297894792557104271e+00 1.146867527826798572e+00 1.375635443642212082e-02 1.123193158427843841e+00 1.164904215175687430e+00
6.219095477386934467e-01 2.798015262329260899e-01 1.783288015860135965e-03 2.758065483851204758e-01 2.821609721242823166e-01 2.356313511175388009e-01 5.554994886758625461e-03 2.240438137426392640e-01 2.446260172752391659e-01 1.241442196142139132e+00 2.464750018006866064e-02 1.199641615212332146e+00 1.278709725732801061e+00 1.139296061784034420e+00 1.315204372742770529e-02 1.120615344108805145e+00 1.157752667068527641e+00
6.268844221105528414e-01 2.804984582524572279e-01 1.804940285734925190e-03 2.765280292993203548e-01 2.831896549093751991e-01 2.332829708951253411e-01 6.276792717060249507e-03 2.199140221423421804e-01 2.440086315645252357e-01 1.232163508679227082e+00 2.400662144445604024e-02 1.190707584131716956e+00 1.269087932103254213e+00 1.129397034722333881e+00 1.247839727393297918e-02 1.112096732438218050e+00 1.151422492366828809e+00
6.318592964824121250e-01 2.811151445236407254e-01 1.898789014561935327e-03 2.768835102307798945e-01 2.837768286231198145e-01 2.312032374443754590e-01 6.251223723877446029e-03 2.190279984507164934e-01 2.423127791355156602e-01 1.223566081832038854e+00 2.567172589070877697e-02 1.183970556489672976e+00 1.269534437650448488e+00 1.122386938178160154e+00 1.150842120145941644e-02 1.108188696014498875e+00 1.145178612062656143e+00
6.368341708542714086e-01 2.816457444480192640e-01 1.755307144076861557e-03 2.776535430998443577e-01 2.839187827954530730e-01 2.300462115912861871e-01 6.794027680821239888e-03 2.171524542794259494e-01 2.420785023116079904e-01 1.211034201435312374e+00 2.628951489392615873e-02 1.171658854769856095e+00 1.258845695387653896e+00 1.116159300657152631e+00 1.298143316053900279e-02 1.098305030247331837e+00 1.141355988482302353e+00
6.418090452261306922e-01 2.821725006488532417e-01 1.724205042828840006e-03 2.781003407594774823e-01 2.843047956031114487e-01 2.275855643869477141e-01 6.105292633844931413e-03 2.155320576139655164e-01 2.369342084561949779e-01 1.201889618406195792e+00 2.558351659063966624e-02 1.161217385096105392e+00 1.244775630061401017e+00 1.109117235712519633e+00 1.211556398408721036e-02 1.091672682008260287e+00 1.132229480836629776e+00
6.467839195979899758e-01 2.827871362242600495e-01 1.536835504420273196e-03 2.791059677237966441e-01 2.846540281191316524e-01 2.261217361803650738e-01 7.476726612539493465e-03 2.100282986329684853e-01 2.363635305672577291e-01 1.194728387905676703e+00 2.603852201411517922e-02 1.153858028735350594e+00 1.235390601000862398e+00 1.101657050491120726e+00 1.341658174005196623e-02 1.082090253468098062e+00 1.129821181279094366e+00
6.517587939698492594e-01 2.834625281069728109e-01 1.546134837317503750e-03 2.800865328345618632e-01 2.855040051418935021e-01 2.236870181178348405e-01 7.631218816292627619e-03 2.080590708626632868e-01 2.348476866940078511e-01 1.185564817946354044e+00 2.780744498582676805e-02 1.140904842618370107e+00 1.224998617769295306e+00 1.094678971302454507e+00 1.326365143530509189e-02 1.077439485564291921e+00 1.123624607778616058e+00
6.567336683417085430e-01 2.838683417626378658e-01 1.554054485897764324e-03 2.802776655176554832e-01 2.861000804313331147e-01 2.217406560779902613e-01 7.014158541300092795e-03 2.082959387108107852e-01 2.314710511002442683e-01 1.175353237408405027e+00 2.980883107712886670e-02 1.125067987564098093e+00 1.222752107590292070e+00 1.087865921926497448e+00 1.319620198258529553e-02 1.069027005131393038e+00 1.114624679567537413e+00
6.617085427135678266e-01 2.842657749016871405e-01 1.496123290098071894e-03 2.803273632114554603e-01 2.858813999065681344e-01 2.197833611366348250e-01 6.913157549077611139e-03 2.061033054652706975e-01 2.284786522863186675e-01 1.163455531467617821e+00 3.048528302225926925e-02 1.109902466995058568e+00 1.206922104939985640e+00 1.080010112710909631e+00 1.129310907792408294e-02 1.064183258693242262e+00 1.103383967019703871e+00
6.666834170854271102e-01 2.847643096568043264e-01 1.436454685154269894e-03 2.810420528128672046e-01 2.863622967679202991e-01 2.176143969395797073e-01 7.381417824074009044e-03 2.048805122042504645e-01 2.274604359537570064e-01 1.153167120222820197e+00 3.089683508108631224e-02 1.099519852591357649e+00 1.192176120347281820e+00 1.073395399992229660e+00 9.985225273667316589e-03 1.059605750279719594e+00 1.093870255191325747e+00
6.716582914572865048e-01 2.853104199042490463e-01 1.467365883696666613e-03 2.816034657448069356e-01 2.871110891955815370e-01 2.154813276573254721e-01 6.711902276295081057e-03 2.047528196158799607e-01 2.261120718518574435e-01 1.144102813571785671e+00 3.190788199462431252e-02 1.087148895038048124e+00 1.181407156950822879e+00 1.066041315636045095e+00 1.040858286723457538e-02 1.053393197957517291e+00 1.088671948391755295e+00
6.766331658291457885e-01 2.859424688166680717e-01 1.540520218776456453e-03 2.822880142942976733e-01 2.883605883050576746e-01 2.138929751901385568e-01 6.684382761132357659e-03 2.030772405594760133e-01 2.232372744046081658e-01 1.133023287380025668e+00 3.062121079421933206e-02 1.080347796026921436e+00 1.170867243699408977e+00 1.059134203039295397e+00 8.458204504680568586e-03 1.046681612444156917e+00 1.076384847957441826e+00
6.816080402010050721e-01 2.864353795719569717e-01 1.461316868638291985e-03 2.828369223883079320e-01 2.888350935303072853e-01 2.122299066914634658e-01 6.500283116349885384e-03 2.013693858628186617e-01 2.213636374490902670e-01 1.123000044809185916e+00 3.012513955143626687e-02 1.068971269815940595e+00 1.159606039316687598e+00 1.052963458786417839e+00 8.509069320997859551e-03 1.037728981273093209e+00 1.067516733707260856e+00
6.865829145728643557e-01 2.869798632826041640e-01 1.366824378358145803e-03 2.836860063732353776e-01 2.891889418096575959e-01 2.098088491691702528e-01 6.515111920426161149e-03 1.998443688615741398e-01 2.190841135347471880e-01 1.113036089632174042e+00 3.097345706961340817e-02 1.056785439886430922e+00 1.152659721263382453e+00 1.046889362794924283e+00 8.124526814697319993e-03 1.030967894278383090e+00 1.057384199491205212e+00
6.915577889447236393e-01 2.874093256181807221e-01 1.304833675375591424e-03 2.844155327033174863e-01 2.892660949996366249e-01 2.080020423362834436e-01 6.143673340118324666e-03 1.980928313974693322e-01 2.168006126736537198e-01 1.103196828666049623e+00 3.025281345992690205e-02 1.053253167641807320e+00 1.145802209370033964e+00 1.040698795598854698e+00 6.908682249499189729e-03 1.029374148544116574e+00 1.052594440702850465e+00
6.965326633165829229e-01 2.879314695008806657e-01 1.240832826013324236e-03 2.853824030284914381e-01 2.897868834005308258e-01 2.062495688867077015e-01 6.771419957893587242e-03 1.948227912271200402e-01 2.163431619622588065e-01 1.091874765554526672e+00 2.941729889431670200e-02 1.045319384664100681e+00 1.134151325150725587e+00 1.034893799112304169e+00 7.396119875645830628e-03 1.023090065763903711e+00 1.047474076963353706e+00
7.015075376884422065e-01 2.884198317788467802e-01 1.377429586911873378e-03 2.856893542164492539e-01 2.903093164973367113e-01 2.041433307000906083e-01 7.160159887066831590e-03 1.912091932323128074e-01 2.150334600552873954e-01 1.080154854216556881e+00 2.811308564988719561e-02 1.035355719989336842e+00 1.122627870794367766e+00 1.028014010447849680e+00 6.908699857058138785e-03 1.016163520361899941e+00 1.037907991822199838e+00
7.064824120603014901e-01 2.888399619227445259e-01 1.250963098221927238e-03 2.862893083475985256e-01 2.905072501648739980e-01 2.026412243153781212e-01 7.293316252494430954e-03 1.890745695853371655e-01 2.125872580811529466e-01 1.069292301430903036e+00 2.900212630804131081e-02 1.024934659560010841e+00 1.115057475243595331e+00 1.022772196139201117e+00 7.318811553173757388e-03 1.010510110130030670e+00 1.033901019771276353e+00
7.114572864321608847e-01 2.892617335459798378e-01 1.328134549436933579e-03 2.868331012149117343e-01 2.908334729966228216e-01 2.006388453862256172e-01 7.461554385945607520e-03 1.869898000905991509e-01 2.097399721364753555e-01 1.059871007723120817e+00 2.885077687774861843e-02 1.016357052828429586e+00 1.106319067638159570e+00 1.017164457627136809e+00 6.714497696243317167e-03 1.005972475484236517e+00 1.027390138335232184e+00
7.164321608040201683e-01 2.896651576721653298e-01 1.355377942295813700e-03 2.870541037287765995e-01 2.914037946398772561e-01 1.984367416852139965e-01 7.546596515788592426e-03 1.835166145529835979e-01 2.078799275578828709e-01 1.049484896021680713e+00 2.862456060743894318e-02 1.003875686270778278e+00 1.097123368485021233e+00 1.011462151992972069e+00 7.202862255818638822e-03 9.967768778024616028e-01 1.019713537855557295e+00
7.214070351758794519e-01 2.900555923799782443e-01 1.233271926442607502e-03 2.876911086451092170e-01 2.916472151183321371e-01 1.960941930199874561e-01 7.265356656038070814e-03 1.810696255363442586e-01 2.061670421151283461e-01 1.037909746979729819e+00 3.029472493276416309e-02 9.864931832888841345e-01 1.084469364452807838e+00 1.005950997378081135e+00 6.530812241605879823e-03 9.932740546849216923e-01 1.015373463420078393e+00
7.263819095477387355e-01 2.903831910108413128e-01 1.368529735290677793e-03 2.879071140680315444e-01 2.921690184107034183e-01 1.940906298434084409e-01 6.849438465468917978e-03 1.800629717702612320e-01 2.031892545523816540e-01 1.024618473703144073e+00 2.691200719258184798e-02 9.770713560230801509e-01 1.065149371139408663e+00 1.000025114109477586e+00 6.674948000254311321e-03 9.865116395682851369e-01 1.012318138758504737e+00
7.313567839195980191e-01 2.909697372063284604e-01 1.345172777643282181e-03 2.884956725332189498e-01 2.927461807170851360e-01 1.916172149066917296e-01 7.685753708638193293e-03 1.767022981083548605e-01 2.015412662752600337e-01 1.013633267375823710e+00 2.752318695274488455e-02 9.663152314465285331e-01 1.056471816139810338e+00 9.942763868486836909e-01 6.354741577245134193e-03 9.808086327431707607e-01 1.004499138530155822e+00
7.363316582914573027e-01 2.914771034696541085e-01 1.409888032279706669e-03 2.888951925372536533e-01 2.932401957639657608e-01 1.898924103126418406e-01 7.588969978265187703e-03 1.757100123086677568e-01 1.997430042671510531e-01 1.002217555477380895e+00 2.955757907822218269e-02 9.539195166138966231e-01 1.048107597541175995e+00 9.885832485191450303e-01 5.143192609351027525e-03 9.776242935488765884e-01 9.950035247389145132e-01
7.413065326633165864e-01 2.917885562197624627e-01 1.376412479929684136e-03 2.895566381654750554e-01 2.938481469088895515e-01 1.883863349255013309e-01 7.232292303541091108e-03 1.748704003889228475e-01 1.972432997319119308e-01 9.903952662179401623e-01 2.862993376384831423e-02 9.465137780652387312e-01 1.038688961182424597e+00 9.835459756463447167e-01 4.829886560032461626e-03 9.734540251767338503e-01 9.904620422337865326e-01
7.462814070351758700e-01 2.921784582623752624e-01 1.389823554101423699e-03 2.898755785718134526e-01 2.944202589678744930e-01 1.860622369336840942e-01 7.641960308038756554e-03 1.736923914624597109e-01 1.969372565510625617e-01 9.783126999083409103e-01 2.671774135174334250e-02 9.379116982946917869e-01 1.027194043610373919e+00 9.782122607609199383e-01 5.253509586600017649e-03 9.674592919552970072e-01 9.860939927137588601e-01
7.512562814070351536e-01 2.927063229607494987e-01 1.452977569406457793e-03 2.901600715005960285e-01 2.950282400404796723e-01 1.835880892863027136e-01 7.058925966019986842e-03 1.726235290560236280e-01 1.940243609811529990e-01 9.692097216133263027e-01 2.513986695847665251e-02 9.261915618174250131e-01 1.011332359031709593e+00 9.730845010375130943e-01 4.987887557576596749e-03 9.635067615718896361e-01 9.817975536796088587e-01
7.562311557788945482e-01 2.931433228879732900e-01 1.443972553505618473e-03 2.904925562526669003e-01 2.957900560904098697e-01 1.815350950481569581e-01 7.271633462097315710e-03 1.691488052649048335e-01 1.919148342005979613e-01 9.560821588603515275e-01 2.483800249931963564e-02 9.138537863330399302e-01 9.957041587876248601e-01 9.673845664673154099e-01 5.558382195925592323e-03 9.550809403902291717e-01 9.774238484480847200e-01
7.612060301507538318e-01 2.935093182322591754e-01 1.587289934423176396e-03 2.904855100028274073e-01 2.962658349425146831e-01 1.790691488115354890e-01 8.058421450165675209e-03 1.669293211619236328e-01 1.912726482428193375e-01 9.446769176964660009e-01 2.546819109162872311e-02 8.984530791396609928e-01 9.776448229022954850e-01 9.622899189216231886e-01 5.414818824697074581e-03 9.502547643467935679e-01 9.710790197067733498e-01
7.661809045226131154e-01 2.937365397997859229e-01 1.410429050605968787e-03 2.908543467820299266e-01 2.962419830356883277e-01 1.767104985563067721e-01 9.271411725284455993e-03 1.612125878733170203e-01 1.908045345407347604e-01 9.326018592712141952e-01 2.672053368882329819e-02 8.813034160718484777e-01 9.677282697653744048e-01 9.576353269306835392e-01 5.354197853449240742e-03 9.451029594030516678e-01 9.633492949541692107e-01
7.711557788944723990e-01 2.941656548708166397e-01 1.465411030214346880e-03 2.910488255333674168e-01 2.967106949839898866e-01 1.748371615869850348e-01 8.806136877984822864e-03 1.599159776775656572e-01 1.881102109025682423e-01 9.202187923270264136e-01 2.732490430092067782e-02 8.678083024459494199e-01 9.574341128097586529e-01 9.533316507005059615e-01 5.841149944635158631e-03 9.391081953345555844e-01 9.598353352974589026e-01
7.761306532663316826e-01 2.946327970523116013e-01 1.500385374133464790e-03 2.912564465024750637e-01 2.969266834260184118e-01 1.722851012823662098e-01 8.522378942645156968e-03 1.572737808696006712e-01 1.859154180437307680e-01 9.089091253653798219e-01 2.880198979521007147e-02 8.534473910284939846e-01 9.475130089894476804e-01 9.486142276283258123e-01 6.022871729108933772e-03 9.346491344610449170e-01 9.562673540431767538e-01
7.811055276381909662e-01 2.950630849958929547e-01 1.572784234390016975e-03 2.916534101503520660e-01 2.975408597532304134e-01 1.707186982663681796e-01 8.624934702879940782e-03 1.553220264903756032e-01 1.823563807438492168e-01 8.974896579321768320e-01 3.023787334568410132e-02 8.364962162730240625e-01 9.386675415140187662e-01 9.442479114081061553e-01 5.797152963692144174e-03 9.317679252105440790e-01 9.539310456783571812e-01
7.860804020100502498e-01 2.954721338892556948e-01 1.564136377274652967e-03 2.921756359915053114e-01 2.978513133510045097e-01 1.676158168806667070e-01 8.045862203072276855e-03 1.540031799426541947e-01 1.770419914034273290e-01 8.859996181739011600e-01 3.189386608279962121e-02 8.252584146565676848e-01 9.328328666790756118e-01 9.396569225541206993e-01 4.921242887512678951e-03 9.298783952002974695e-01 9.472465094863505852e-01
7.910552763819095334e-01 2.956967855595525885e-01 1.503890291652590881e-03 2.925029952747659201e-01 2.977975694409811247e-01 1.651338370237262487e-01 8.190601697147930141e-03 1.515655323510566588e-01 1.754521132557571583e-01 8.720730578819221313e-01 3.093467676715231859e-02 8.079273382809837312e-01 9.151514571696470757e-01 9.350893917242479869e-01 4.593731438567307673e-03 9.274881133760370933e-01 9.433358027296877557e-01
7.960301507537689281e-01 2.961250864834974461e-01 1.351795147228295997e-03 2.933827092911636680e-01 2.979407006650755529e-01 1.624703972395145635e-01 7.343752253520661327e-03 1.506908280548843460e-01 1.708922618641739166e-01 8.591882643213825110e-01 3.085003281114873791e-02 8.006364019686452727e-01 8.992824534195923425e-01 9.300873520785108983e-01 4.167552857216841496e-03 9.245043794705709583e-01 9.368091497144411806e-01
8.010050251256282117e-01 2.964241231686617351e-01 1.243744990709597662e-03 2.939966076921277094e-01 2.981749676231189028e-01 1.594538723790958623e-01 6.710219207466885591e-03 1.480992094147128846e-01 1.669405358929308136e-01 8.473453387465550435e-01 2.993822588757731260e-02 7.904745064002990373e-01 8.864852540013553606e-01 9.256648553129714907e-01 4.295409341987745447e-03 9.187535570718835531e-01 9.319276180623047301e-01
8.059798994974874953e-01 2.967742922787328652e-01 1.272674812087263001e-03 2.944968764380048731e-01 2.988496316540020792e-01 1.571719269678845121e-01 6.132857475690282542e-03 1.470199468349250860e-01 1.647236827880495802e-01 8.373836113918414759e-01 2.963721619100121926e-02 7.809796840587287514e-01 8.761955721248283480e-01 9.206815838658538587e-01 4.881079079935093240e-03 9.137105240086834668e-01 9.275693838443029859e-01
8.109547738693467789e-01 2.971385741181675755e-01 1.446359362867168964e-03 2.947723334172289711e-01 2.994199447469708675e-01 1.545644022866604073e-01 5.835237602473800078e-03 1.447265899385377641e-01 1.613739070690452526e-01 8.248556263041937342e-01 2.948418448045700413e-02 7.730374210844005445e-01 8.605171524338278699e-01 9.163948062919569093e-01 4.873039930069983719e-03 9.095719843027635365e-01 9.237061516736150280e-01
8.159296482412060625e-01 2.976348289884104825e-01 1.505453934944252573e-03 2.948438955269191974e-01 2.999521314615779533e-01 1.526769691046553912e-01 5.577352428390637031e-03 1.435511356506695702e-01 1.607695885879836806e-01 8.137268525415770615e-01 2.814895314883765487e-02 7.639733842516019946e-01 8.495444824891013047e-01 9.126791846518427231e-01 5.297240774842286622e-03 9.049776408263833227e-01 9.205163650672347764e-01
8.209045226130653461e-01 2.978796478122827107e-01 1.301568541669816765e-03 2.955138934169824760e-01 2.997443326695274912e-01 1.502728270451605119e-01 6.027739966567693779e-03 1.405227070696190017e-01 1.593405164539770935e-01 8.029239771900611444e-01 2.725610546668541523e-02 7.536940282247845957e-01 8.362629648308377295e-01 9.081991935551373407e-01 4.484018443089010132e-03 9.002512065549537201e-01 9.142101728723027732e-01
8.258793969849246297e-01 2.981786541679998792e-01 1.358258255612491668e-03 2.955555279438014105e-01 3.001612334055875353e-01 1.487921171148515187e-01 5.659713354092016369e-03 1.396727329215049496e-01 1.574643004090615916e-01 7.907441503837637775e-01 2.634484740015807444e-02 7.447213040932818551e-01 8.244042898491140692e-01 9.043962186610021714e-01 3.787650239950591559e-03 8.969482399289232522e-01 9.104393987611469896e-01
8.308542713567839133e-01 2.983915545069809605e-01 1.115401950639353717e-03 2.960856683503469977e-01 2.999337209624130529e-01 1.463785731512086130e-01 6.014967078395492758e-03 1.383616518612536539e-01 1.554562511457427409e-01 7.790344091251752978e-01 2.583928338331739280e-02 7.360435986549441756e-01 8.113991697959752614e-01 8.994750393133446043e-01 3.315011664988513993e-03 8.935247256840275210e-01 9.053436681606767955e-01
8.358291457286431969e-01 2.987001127601000006e-01 1.055537939524693342e-03 2.967030801043411548e-01 3.000765945155455805e-01 1.436013883794071133e-01 5.782132320957318605e-03 1.347152332177110334e-01 1.527752986160474391e-01 7.673872490765175636e-01 2.582344553830671213e-02 7.244166333608182962e-01 7.977987162973613211e-01 8.952270342860468855e-01 3.516437328602631078e-03 8.880632872456786231e-01 8.999085837061313597e-01
8.408040201005025915e-01 2.988610288751888389e-01 1.110460554967405977e-03 2.968885755391235670e-01 3.001651240460709302e-01 1.419386122233570746e-01 5.512435645772452431e-03 1.333003129566356360e-01 1.520207991311188778e-01 7.560427666493042542e-01 2.545310122664246402e-02 7.107852135334807864e-01 7.891392295153785152e-01 8.914013107109852729e-01 3.970743591984575611e-03 8.850203012529272995e-01 8.987135438004562049e-01
8.457788944723618751e-01 2.992241227650986324e-01 1.082474639806482687e-03 2.972379228927130024e-01 3.005600369607955291e-01 1.395455803916051674e-01 6.177994616701472895e-03 1.302714955080486736e-01 1.494055009119784061e-01 7.439200009098067001e-01 2.581576260403238912e-02 6.998634137423814794e-01 7.806405712482041848e-01 8.873625367013451282e-01 4.574361058796419001e-03 8.806877387090965570e-01 8.948036938973816801e-01
8.507537688442211588e-01 2.994419390501962264e-01 9.515830755917543049e-04 2.978204772287637581e-01 3.006371181542483728e-01 1.378253674818006591e-01 5.926302651510493603e-03 1.287988501721179513e-01 1.466194556268758109e-01 7.320997406025070431e-01 2.480815261519130413e-02 6.920003874357049112e-01 7.671461876679147585e-01 8.834292280484714599e-01 4.447901823856081210e-03 8.744039070268880831e-01 8.892819457199593325e-01
8.557286432160804424e-01 2.996613093348385881e-01 9.385789619392230715e-04 2.978484043550402305e-01 3.010045316980722307e-01 1.356260625837095724e-01 5.506204121454217996e-03 1.274866166321208527e-01 1.445977337579459343e-01 7.204518585376094020e-01 2.434619749510866932e-02 6.829725912354968065e-01 7.558867376024054341e-01 8.796988889493653208e-01 4.794325240298997169e-03 8.710495162015590154e-01 8.861020269945476535e-01
8.607035175879397260e-01 3.000148274703418050e-01 9.106966723941712760e-04 2.980785124933127972e-01 3.013623243386647221e-01 1.330151306796260591e-01 5.093710468173419728e-03 1.255660385117246536e-01 1.412551312968205186e-01 7.082490325607476711e-01 2.298247372366085325e-02 6.688440035337586131e-01 7.412762650880597715e-01 8.756500317752035079e-01 4.842507278116024369e-03 8.661062487896241668e-01 8.813166795777365170e-01
8.656783919597990096e-01 3.003413131664859348e-01 8.806397826232399868e-04 2.985667524151912611e-01 3.015633615440402870e-01 1.302789931669231516e-01 4.451964818222922671e-03 1.245758136627775903e-01 1.385503251448522710e-01 6.958264235794783259e-01 2.246172460371727297e-02 6.552002354886516944e-01 7.252836155600627110e-01 8.712181452950827909e-01 4.501775483202130612e-03 8.633882460335735587e-01 8.761057445298543467e-01
8.706532663316582932e-01 3.005338479659100948e-01 9.012156288592881263e-04 2.987999995085870997e-01 3.015930690325999142e-01 1.281901475322651529e-01 3.753978725777536857e-03 1.240407927851279318e-01 1.357259905263379640e-01 6.844518480084251788e-01 2.050133289809834974e-02 6.473740593728628534e-01 7.145562431208540843e-01 8.675266880998606656e-01 4.386769941505781756e-03 8.595904702886392190e-01 8.719381314226659629e-01
8.756281407035175768e-01 3.007501499659966937e-01 9.535187329803085973e-04 2.992977028799121419e-01 3.020145270413197580e-01 1.257082207584332700e-01 3.420790691103730609e-03 1.210741884906563481e-01 1.305595448349417265e-01 6.729477825885843423e-01 1.911193144041667055e-02 6.370997076852055185e-01 6.965990600254141629e-01 8.629054698787375077e-01 4.326435668353319740e-03 8.552275997134110019e-01 8.680846612311828858e-01
8.806030150753769714e-01 3.010438389962993844e-01 8.449003333652450138e-04 2.997512323814121582e-01 3.024818868210092382e-01 1.232004834474564881e-01 3.438953931358265052e-03 1.176990101860753979e-01 1.283855773107382969e-01 6.618905991732588756e-01 1.872069593782001509e-02 6.270896848819044189e-01 6.881422639395011753e-01 8.595649609502956645e-01 4.277483134926166053e-03 8.512688573551580040e-01 8.654730104648439282e-01
8.855778894472362550e-01 3.011993029576694458e-01 8.262964027886768878e-04 3.002138291776563772e-01 3.029909775183979859e-01 1.211675858877121065e-01 3.225336563531722676e-03 1.173473020027392955e-01 1.268315324146209178e-01 6.500222108005146993e-01 1.916386600284485792e-02 6.140790705899787927e-01 6.740254366551393650e-01 8.553981635190890387e-01 3.976182257443530016e-03 8.472461364184760146e-01 8.613748740974992435e-01
8.905527638190955386e-01 3.013070472529656429e-01 9.099183109262975241e-04 3.000243356898190661e-01 3.030781370131603869e-01 1.187054540880565917e-01 3.298730052371250717e-03 1.152502446598408642e-01 1.241160402685829861e-01 6.397863927492430935e-01 1.985875854821183423e-02 6.016160398291012790e-01 6.680009820867541803e-01 8.515171692273669768e-01 4.142187826129605129e-03 8.421388738329977919e-01 8.568248557401023646e-01
8.955276381909548222e-01 3.015826725827929211e-01 9.664815134533023822e-04 3.004609519242874005e-01 3.032966476417374713e-01 1.166301739724693032e-01 3.004765755183097433e-03 1.132757047334579936e-01 1.213403867036221551e-01 6.288694905933042145e-01 1.839258052267673735e-02 5.946311769127486935e-01 6.545657505101915019e-01 8.480527621953747319e-01 4.308581369341096465e-03 8.386277834860806912e-01 8.528642838665471126e-01
9.005025125628141058e-01 3.018316384875552871e-01 8.417329347373791711e-04 3.008042241780781723e-01 3.033389765075586997e-01 1.143721322191626755e-01 2.588209617836257585e-03 1.099872432716391402e-01 1.183120432442692493e-01 6.178134682279469159e-01 1.765909010357773895e-02 5.844849564753915594e-01 6.431209343565347236e-01 8.440666992159137072e-01 4.365380082994215101e-03 8.359999859638646003e-01 8.495994677086851077e-01
9.054773869346733894e-01 3.019569310136182572e-01 6.631267873813707090e-04 3.010102294842170734e-01 3.034378606685096402e-01 1.124582899666660973e-01 2.705299743312048616e-03 1.087858427421869445e-01 1.169749491816673148e-01 6.056860173518328061e-01 1.777188821461931148e-02 5.736689447263344510e-01 6.333333769530358204e-01 8.402764545891404646e-01 3.806244996543499924e-03 8.340053441011128221e-01 8.459782086537133150e-01
9.104522613065326730e-01 3.020828477888283792e-01 6.752127034505339470e-04 3.010648547845439782e-01 3.034859690125265019e-01 1.100347484411969834e-01 2.919585160554783159e-03 1.054819177396420504e-01 1.139052469696168884e-01 5.956197881402822691e-01 1.530039859951814671e-02 5.668949589247052057e-01 6.165508979283408353e-01 8.369299526254330157e-01 3.967784370114258927e-03 8.301181547655357429e-01 8.433863503987744092e-01
9.154271356783919567e-01 3.021703696041425080e-01 6.525659749968510748e-04 3.013622707590316585e-01 3.034419548599484595e-01 1.079157748537126621e-01 2.545397181832736392e-03 1.039679599013796918e-01 1.110366486092365795e-01 5.844221829196905027e-01 1.424795101571083022e-02 5.570603476608984028e-01 6.046181484207365786e-01 8.331916131072523157e-01 3.531797327155504658e-03 8.266466996211397911e-01 8.376942159295884816e-01
9.204020100502512403e-01 3.022781807311267777e-01 6.736853657706318122e-04 3.011211697947214216e-01 3.033844989219218746e-01 1.061118428971257882e-01 2.354895131331702536e-03 1.029105999735424187e-01 1.093233289039078349e-01 5.732601676347227615e-01 1.244604008961286076e-02 5.516386130298349677e-01 5.896191926839059461e-01 8.291164494796914308e-01 2.857996296101611780e-03 8.232479779204174841e-01 8.330030238881545035e-01
9.253768844221106349e-01 3.022268585315706635e-01 5.007520682370748778e-04 3.013335579132223052e-01 3.030700298903789558e-01 1.037067918302474884e-01 2.231887756624700934e-03 1.002924692167046633e-01 1.067782826094038351e-01 5.626888758054303663e-01 1.078375820620481457e-02 5.457442527465818927e-01 5.782939300474818634e-01 8.251674064132800135e-01 2.944616419640742021e-03 8.200919377136831612e-01 8.289750016214402217e-01
9.303517587939699185e-01 3.021041809967261460e-01 5.272314207319693047e-04 3.011963181451529081e-01 3.032266783285306189e-01 1.013204524594713274e-01 1.915761630164380730e-03 9.848911765801834917e-02 1.035525586171098383e-01 5.505484943917751117e-01 9.773892235109150201e-03 5.357325611325399750e-01 5.669859460987410893e-01 8.211841865317346389e-01 2.651087675335959785e-03 8.173566239624154850e-01 8.255289171675113113e-01
9.353266331658292021e-01 3.019576669746134590e-01 7.341943967628330623e-04 3.008952746388738331e-01 3.035876598109934488e-01 9.949964036012641511e-02 1.774032209934162541e-03 9.661506606086583959e-02 1.023630458534600662e-01 5.397538275503606098e-01 9.225687461211905249e-03 5.218690743282056177e-01 5.539101232303835776e-01 8.174780032382444883e-01 2.351692063850213156e-03 8.137059752696491621e-01 8.202207094635816098e-01
9.403015075376884857e-01 3.019836859429362863e-01 7.551307377671600965e-04 3.005858173762321339e-01 3.033975399282751728e-01 9.741840085812800143e-02 2.428188884208215721e-03 9.326848333887712006e-02 1.012667332045079360e-01 5.298679253372255982e-01 8.299467981216349100e-03 5.141297915186557876e-01 5.453493174578982750e-01 8.138339636594587034e-01 2.645577763389773789e-03 8.094419175044309522e-01 8.179137628934496362e-01
9.452763819095477693e-01 3.019636009905308227e-01 6.254189082160737257e-04 3.007517363777675312e-01 3.032356370840422755e-01 9.557746511936790479e-02 1.941976620583936441e-03 9.176461474317045008e-02 9.770726793088407858e-02 5.189472260155308936e-01 7.120781930638198087e-03 5.062021038753421465e-01 5.324912656352225326e-01 8.101541089832103859e-01 2.396726519396381438e-03 8.061352509345036665e-01 8.136650589149349022e-01
9.502512562814070529e-01 3.020814647901940431e-01 5.469439247972535719e-04 3.011597286852019661e-01 3.030539821462018835e-01 9.421485423005708515e-02 1.610154354121039926e-03 9.108191590729772247e-02 9.614457531241292487e-02 5.079097560303804659e-01 6.417386470613916510e-03 4.951916504587288714e-01 5.171224019395229687e-01 8.056967686828787611e-01 2.618188993521004208e-03 8.020530658132500879e-01 8.102058373437215355e-01
9.552261306532663365e-01 3.019199458573296746e-01 6.063200366165587794e-04 3.008063753598506085e-01 3.028450449270981282e-01 9.202616928968683496e-02 1.401414979457852195e-03 8.979970606209491946e-02 9.445835885865945525e-02 4.988006321177412272e-01 6.469266236904250116e-03 4.845628088130080058e-01 5.099527511186078277e-01 8.021295551234347565e-01 2.256573787015528267e-03 7.981547921713518789e-01 8.060280053483478424e-01
9.602010050251256201e-01 3.017836814963220649e-01 5.697741324609334945e-04 3.006957024021398861e-01 3.024768021239565008e-01 9.012754984090645682e-02 1.411949382708679000e-03 8.827139407516544634e-02 9.340552874732903355e-02 4.882761363019213485e-01 6.191623270436127750e-03 4.757261378584954348e-01 4.999816569651873155e-01 7.976896121131764605e-01 1.739424115506354312e-03 7.953854017966596190e-01 8.008829676822273314e-01
9.651758793969849037e-01 3.016181903555877897e-01 5.567064534924133458e-04 3.004092967732006070e-01 3.022040461483352924e-01 8.841132273105911654e-02 1.156557532605745212e-03 8.631141609146142368e-02 8.980545371387550768e-02 4.768716996912727990e-01 4.678615900276200494e-03 4.668877524626492970e-01 4.854965900137279688e-01 7.928725194946570909e-01 1.398897331215628132e-03 7.909753461459563262e-01 7.951831991559404900e-01
9.701507537688442984e-01 3.014170164186839029e-01 5.822622786911035636e-04 3.002827765578602870e-01 3.022121765717961650e-01 8.648709249490096895e-02 1.333325103463766205e-03 8.455013000886688057e-02 8.823900554729309509e-02 4.656927237385287688e-01 3.873307562465597414e-03 4.573204030892182859e-01 4.706030705943154979e-01 7.871991626871255310e-01 1.749788791012099089e-03 7.844113280240466723e-01 7.908933438598081400e-01
9.751256281407035820e-01 3.011325720420209295e-01 5.646463934836472775e-04 3.001897873113154591e-01 3.017443707878951220e-01 8.491522018304412112e-02 1.190879613447660881e-03 8.294354717595037174e-02 8.653674185830058374e-02 4.556192806907061188e-01 4.287932441419732739e-03 4.461113862495001414e-01 4.642216034945997327e-01 7.824775630566962459e-01 1.639221043841653565e-03 7.791744306319494662e-01 7.855181250985259211e-01
9.801005025125628656e-01 3.008273188217843175e-01 5.192559890268498264e-04 3.001198665152151612e-01 3.017675942711162129e-01 8.254252344141979614e-02 1.127756675776709272e-03 8.080939610406888407e-02 8.424759974951055719e-02 4.446815897235317783e-01 3.192510244466075821e-03 4.374414932139623069e-01 4.495111013702461911e-01 7.774842302942281957e-01 1.432471694059619070e-03 7.747698547496715271e-01 7.795715408194694440e-01
9.850753768844221492e-01 3.002385344148824631e-01 1.865312706241879152e-04 2.999086256724210475e-01 3.004439573903731064e-01 8.082316088182713021e-02 1.354449943097571366e-03 7.894339311313768037e-02 8.274140258820814053e-02 4.323114903064469994e-01 2.490577276003020681e-03 4.266974019176624777e-01 4.354703040710787287e-01 7.719877282432461296e-01 1.566751015346653543e-03 7.687493570871306581e-01 7.743045469711368201e-01
9.900502512562814328e-01 2.997835759212929552e-01 3.668707632487232186e-04 2.990353366824804460e-01 3.002127445991775723e-01 7.867371003671411178e-02 1.009050258897102375e-03 7.702188253737676793e-02 8.032686845887300475e-02 4.209666646687299507e-01 2.515803619090864994e-03 4.156029625234696212e-01 4.245336881003893836e-01 7.659120581957878926e-01 1.389330608653330029e-03 7.637222759736657096e-01 7.676741383389876772e-01
9.950251256281407164e-01 2.987803181658856277e-01 3.367007433332555155e-04 2.981634557653968787e-01 2.991014712590467917e-01 7.539890131101598114e-02 7.059871326504486106e-04 7.426195169749710834e-02 7.675768739412376640e-02 4.044708972955740056e-01 1.159289765225468474e-03 4.030751365848106449e-01 4.069165374251571543e-01 7.583057020588441777e-01 6.992623208782987321e-04 7.567647207570972201e-01 7.593326282086096946e-01
1.000000000000000000e+00 2.973955370955945754e-01 8.999601497951990002e-05 2.972955705688659633e-01 2.975873024669122291e-01 7.245009715755164337e-02 2.621018541191094133e-04 7.211369638981267316e-02 7.293795051205227697e-02 3.800652403537171931e-01 2.296814555415132176e-03 3.777245735992909581e-01 3.851903157380827114e-01 7.470013884527137993e-01 2.260529825076046221e-04 7.467502914288837168e-01 7.474830668263384714e-01
