# FPR	TPR_MEAN	TPR_STD	TPR_MIN	TPR_MAX
0.000000000000000000e+00 7.670396744659207025e-03 4.788246264282039304e-03 1.017293997965411975e-03 1.424211597151576851e-02
2.004008016032063962e-03 1.682675422054689118e-01 1.081084319950424179e-02 1.435401831129196337e-01 1.838250254323499366e-01
4.008016032064127925e-03 2.532248219735503403e-01 1.295409570618864629e-02 2.371312309257375406e-01 2.763987792472024640e-01
6.012024048096191453e-03 3.119837232960325224e-01 8.480693852074576780e-03 2.993896236012207335e-01 3.253306205493387560e-01
8.016032064128255849e-03 3.521363173957273718e-01 6.386346154038498313e-03 3.412004069175991749e-01 3.607324516785350710e-01
1.002004008016032024e-02 3.958596134282807433e-01 8.057719839189660116e-03 3.841302136317395477e-01 4.090539165818921630e-01
1.202404809619238291e-02 4.336520854526957902e-01 7.411431871574330511e-03 4.206510681586978495e-01 4.459816887080366166e-01
1.402805611222444730e-02 4.637741607324517013e-01 6.635447781228846417e-03 4.525940996948117911e-01 4.728382502543235222e-01
1.603206412825651170e-02 4.892472024415055465e-01 7.887807974075589437e-03 4.749745676500508607e-01 4.983723296032553374e-01
1.803607214428857436e-02 5.142217700915565626e-01 5.818494816063591278e-03 5.031536113936927457e-01 5.222787385554424899e-01
2.004008016032064049e-02 5.322787385554426098e-01 5.814803015649775211e-03 5.193285859613427924e-01 5.419125127161750211e-01
2.204408817635270315e-02 5.491251271617497709e-01 8.679187292218814784e-03 5.348931841302135837e-01 5.659206510681586977e-01
2.404809619238476581e-02 5.634627953771225162e-01 8.140805158841758413e-03 5.542217700915564871e-01 5.783715956837377492e-01
2.605210420841683194e-02 5.764089521871821331e-01 8.026501217621608356e-03 5.689725330620549748e-01 5.932858596134282791e-01
2.805611222444889460e-02 5.882502543234994219e-01 8.475011517728218979e-03 5.766022380467955566e-01 6.029501525940996753e-01
3.006012024048096073e-02 6.003051881993896055e-01 7.890818458992992016e-03 5.891149542217700708e-01 6.125127161749746030e-01
3.206412825651302340e-02 6.119633774160732065e-01 8.476470611451278336e-03 6.007121057985758128e-01 6.247202441505594894e-01
3.406813627254508953e-02 6.215157680569683984e-01 7.046440923334727421e-03 6.103763987792472090e-01 6.334689725330620025e-01
3.607214428857714872e-02 6.298372329603255659e-01 7.831849118780225341e-03 6.206510681586978606e-01 6.442522889114954410e-01
3.807615230460921485e-02 6.377212614445574301e-01 7.547718193681570049e-03 6.281790437436418628e-01 6.520854526958290709e-01
4.008016032064128098e-02 6.453407934893183873e-01 7.110593968576687726e-03 6.342828077314344171e-01 6.597151576805696527e-01
4.208416833667334017e-02 6.525635808748728728e-01 7.078356200231247439e-03 6.424211597151576747e-01 6.676500508646998622e-01
4.408817635270540630e-02 6.606612410986775208e-01 7.830395462785756308e-03 6.487283825025432771e-01 6.758901322482196994e-01
4.609218436873747243e-02 6.671820956256359070e-01 8.704755944513375282e-03 6.535096642929806299e-01 6.836215666327568607e-01
4.809619238476953162e-02 6.738250254323501220e-01 8.583701061611022712e-03 6.614445574771108394e-01 6.898270600203458836e-01
5.010020040080159776e-02 6.804679552390641151e-01 8.212530710246166571e-03 6.691759918616480007e-01 6.972533062054934172e-01
5.210420841683366389e-02 6.876907426246186006e-01 7.920272415644415490e-03 6.767039674465921140e-01 7.040691759918616954e-01
5.410821643286573002e-02 6.929501525940997553e-01 7.951576222630832302e-03 6.821973550356053018e-01 7.086469989827060001e-01
5.611222444889778921e-02 6.987487283825026818e-01 7.896593537999938364e-03 6.865717192268565583e-01 7.134282807731434639e-01
5.811623246492985534e-02 7.040691759918615844e-01 7.898814605770689348e-03 6.922685656154629052e-01 7.203458799593082107e-01
6.012024048096192147e-02 7.081790437436418229e-01 7.970055383789217615e-03 6.957273652085452786e-01 7.237029501525941155e-01
6.212424849699398066e-02 7.126449643947101453e-01 8.476330207496470329e-03 6.990844354018311835e-01 7.286876907426246275e-01
6.412825651302604679e-02 7.166836215666327892e-01 8.724919696210971937e-03 7.034587995930824400e-01 7.321464903357070009e-01
6.613226452905811292e-02 7.206612410986774631e-01 8.681452514550075383e-03 7.071210579857578615e-01 7.354018311291963261e-01
6.813627254509017905e-02 7.244659206510681848e-01 8.023122441641945823e-03 7.118006103763987458e-01 7.375381485249237201e-01
7.014028056112224518e-02 7.281281790437436063e-01 7.884816027347736275e-03 7.155645981688708579e-01 7.406917599186164658e-01
7.214428857715429744e-02 7.317293997965412800e-01 7.833355350341488638e-03 7.190233977619532313e-01 7.431332655137334875e-01
7.414829659318636357e-02 7.348626653102745543e-01 7.412723372549133438e-03 7.230925737538148601e-01 7.453713123092573500e-01
7.615230460921842970e-02 7.390742624618515944e-01 7.856177631253909166e-03 7.272634791454730685e-01 7.525940996948118356e-01
7.815631262525049583e-02 7.425635808748729527e-01 7.760586470323740764e-03 7.315361139369277454e-01 7.558494404883011608e-01
8.016032064128256196e-02 7.457578840284841970e-01 7.531384122895144057e-03 7.355035605289929057e-01 7.602238046795524173e-01
8.216432865731462809e-02 7.491353001017293511e-01 7.280869158188302444e-03 7.400813835198372104e-01 7.625635808748728595e-01
8.416833667334668034e-02 7.524313326551373970e-01 7.774176440456184375e-03 7.426246185147508116e-01 7.655137334689725570e-01
8.617234468937874647e-02 7.553713123092572479e-01 7.413002586418640343e-03 7.462868769074262332e-01 7.688708036622583508e-01
8.817635270541081260e-02 7.582706002034587112e-01 7.522722315407639158e-03 7.488301119023397234e-01 7.717192268565615798e-01
9.018036072144287874e-02 7.611393692777213005e-01 7.123818677191431047e-03 7.524923702950152560e-01 7.740590030518820219e-01
9.218436873747494487e-02 7.640996948118006227e-01 7.233589847167116310e-03 7.550356052899287462e-01 7.780264496439470712e-01
9.418837675350701100e-02 7.667344862665310679e-01 7.003830916809173669e-03 7.582909460834180715e-01 7.808748728382503002e-01
9.619238476953906325e-02 7.698880976602238135e-01 6.857949996920392928e-03 7.607324516785350932e-01 7.830111902339775831e-01
9.819639278557112938e-02 7.721973550356052707e-01 6.880555774968843442e-03 7.624618514750762799e-01 7.850457782299083975e-01
1.002004008016031955e-01 7.743438453713122893e-01 6.740875898502323230e-03 7.652085452695829293e-01 7.870803662258393230e-01
1.022044088176352616e-01 7.770498474059004401e-01 6.611972753300401906e-03 7.683621566632756750e-01 7.908443540183113241e-01
1.042084168336673278e-01 7.796236012207529154e-01 6.504805652126471535e-03 7.714140386571719521e-01 7.933875890132248143e-01
1.062124248496993939e-01 7.821159715157679493e-01 6.821455023210990128e-03 7.727365208545269315e-01 7.957273652085452564e-01
1.082164328657314600e-01 7.843641912512715475e-01 6.712144035646544493e-03 7.750762970498473736e-01 7.974567650050864431e-01
1.102204408817635123e-01 7.868158697863683049e-01 6.713400495623786379e-03 7.776195320447609749e-01 8.004069175991861407e-01
1.122244488977955784e-01 7.889114954221769782e-01 6.773680941951095921e-03 7.798575788402848374e-01 8.024415055951169551e-01
1.142284569138276445e-01 7.910274669379451229e-01 6.666466585495760613e-03 7.816887080366226037e-01 8.043743641912513009e-01
1.162324649298597107e-01 7.933875890132248143e-01 6.962483789680377726e-03 7.832146490335707423e-01 8.071210579857578393e-01
1.182364729458917768e-01 7.955747711088505536e-01 7.055980796900238397e-03 7.861648016276704398e-01 8.096642929806714406e-01
1.202404809619238429e-01 7.980874872838249479e-01 6.711642927723176361e-03 7.887080366225839301e-01 8.119023397761953031e-01
1.222444889779558952e-01 8.001119023397761376e-01 6.514566808710426163e-03 7.918616480162766758e-01 8.131230925737538140e-01
1.242484969939879613e-01 8.019735503560528889e-01 6.053061710807090476e-03 7.928789420142421385e-01 8.141403865717192767e-01
1.262525050100200275e-01 8.042522889114953610e-01 6.233912544249955306e-03 7.950152594099695325e-01 8.169888097660223947e-01
1.282565130260520936e-01 8.063479145473042564e-01 6.678936036355005712e-03 7.973550356052899746e-01 8.193285859613428368e-01
1.302605210420841597e-01 8.081180061037638307e-01 6.393237528010757911e-03 7.998982706002034648e-01 8.206510681586978162e-01
1.322645290581162258e-01 8.102136317395727261e-01 6.305614601526245665e-03 8.020345879959308588e-01 8.226856561546287416e-01
1.342685370741482920e-01 8.120447609359103813e-01 6.660627089639812627e-03 8.030518819938962105e-01 8.250254323499491838e-01
1.362725450901803581e-01 8.136520854526958502e-01 6.568411401499426282e-03 8.046795523906409286e-01 8.264496439471007427e-01
1.382765531062124242e-01 8.153814852492370369e-01 6.576441805515654757e-03 8.074262461851474670e-01 8.286876907426246053e-01
1.402805611222444904e-01 8.170295015259411153e-01 6.649586397823980220e-03 8.091556459816886537e-01 8.306205493387589511e-01
1.422845691382765287e-01 8.186368260427263621e-01 6.777316144926277819e-03 8.107833163784333719e-01 8.328585961342828137e-01
1.442885771543085949e-01 8.201322482197355157e-01 6.586921683827054799e-03 8.125127161749745586e-01 8.340793489318413245e-01
1.462925851703406610e-01 8.218107833163783571e-01 6.526113450978565309e-03 8.141403865717192767e-01 8.354018311291963039e-01
1.482965931863727271e-01 8.237029501525940933e-01 6.293589439637624523e-03 8.161749745676500911e-01 8.371312309257374906e-01
1.503006012024047933e-01 8.254730417090538896e-01 6.095484381066886351e-03 8.188199389623601610e-01 8.384537131230925810e-01
1.523046092184368594e-01 8.271210579857578571e-01 5.866744276412142432e-03 8.206510681586978162e-01 8.394710071210579327e-01
1.543086172344689255e-01 8.285656154628687764e-01 5.784244573537071152e-03 8.225839267548321621e-01 8.402848423194303473e-01
1.563126252505009917e-01 8.301525940996947739e-01 5.687428634634917983e-03 8.238046795523906729e-01 8.413021363173956990e-01
1.583166332665330578e-01 8.317293997965411467e-01 5.514343436246679081e-03 8.256358087487283282e-01 8.428280773143438376e-01
1.603206412825651239e-01 8.332146490335707867e-01 5.730219425443405269e-03 8.266531027466937909e-01 8.442522889114953966e-01
1.623246492985971901e-01 8.346592065106817060e-01 5.933894289643717318e-03 8.269582909460834186e-01 8.455747711088504870e-01
1.643286573146292562e-01 8.359715157680570607e-01 5.925543244907874492e-03 8.284842319430315571e-01 8.466937945066124183e-01
1.663326653306613223e-01 8.374974567650050883e-01 6.121574557247991960e-03 8.298067141403865365e-01 8.485249237029501845e-01
1.683366733466933607e-01 8.386063072227875059e-01 6.101601855101300431e-03 8.314343845371312547e-01 8.498474059003051639e-01
1.703406813627254268e-01 8.402848423194303473e-01 5.805353786962707749e-03 8.336724313326551172e-01 8.511698880976602544e-01
1.723446893787574929e-01 8.415462868769074678e-01 5.638819428604832824e-03 8.357070193285859316e-01 8.518819938962359783e-01
1.743486973947895591e-01 8.430213631739572611e-01 5.592610184756843968e-03 8.366225839267548148e-01 8.532044760935910688e-01
1.763527054108216252e-01 8.446998982706002135e-01 5.480033502893725400e-03 8.396744659206510919e-01 8.547304170905392073e-01
1.783567134268536913e-01 8.460528992878943999e-01 5.424581336194440710e-03 8.407934893184130232e-01 8.560528992878941867e-01
1.803607214428857575e-01 8.473041709053914516e-01 5.343844499843932241e-03 8.423194303153611617e-01 8.573753814852492772e-01
1.823647294589178236e-01 8.484231943031534939e-01 5.344038155989224749e-03 8.432349949135300449e-01 8.589013224821973047e-01
1.843687374749498897e-01 8.497863682604274160e-01 5.385358802996437384e-03 8.445574771108850243e-01 8.596134282807731397e-01
1.863727454909819559e-01 8.509766022380468309e-01 5.349931629071268645e-03 8.461851475076297424e-01 8.610376398779246987e-01
1.883767535070140220e-01 8.522075279755849664e-01 5.273626967022549718e-03 8.473041709053916737e-01 8.622583926754832095e-01
1.903807615230460881e-01 8.534181078331638526e-01 5.366541625032304405e-03 8.484231943031536050e-01 8.635808748728383000e-01
1.923847695390781265e-01 8.545981688708035318e-01 5.589574615521091493e-03 8.490335707019328604e-01 8.650050864699898590e-01
1.943887775551101926e-01 8.554832146490335409e-01 5.502648461570931390e-03 8.500508646998983231e-01 8.656154628687691144e-01
1.963927855711422588e-01 8.566836215666328025e-01 5.372776396535595272e-03 8.515768056968463506e-01 8.659206510681587421e-01
1.983967935871743249e-01 8.579857578840284216e-01 5.140707775333877398e-03 8.531027466937944892e-01 8.673448626653103011e-01
2.004008016032063910e-01 8.589420142421160254e-01 5.212716094569412248e-03 8.533062054933875373e-01 8.684638860630722323e-01
2.024048096192384572e-01 8.600508646998982210e-01 5.097658092176409438e-03 8.547304170905392073e-01 8.696846388606307432e-01
2.044088176352705233e-01 8.613835198372330471e-01 5.185445981121581879e-03 8.562563580874872349e-01 8.715157680569685095e-01
2.064128256513025894e-01 8.627873855544251347e-01 5.199914963429518380e-03 8.573753814852492772e-01 8.730417090539165370e-01
2.084168336673346555e-01 8.638046795523905974e-01 5.377782101874476958e-03 8.574771108850457457e-01 8.741607324516785793e-01
2.104208416833667217e-01 8.650661241098676069e-01 5.602547549067531281e-03 8.583926754832146289e-01 8.757884028484231864e-01
2.124248496993987878e-01 8.661648016276703999e-01 5.558969518963344063e-03 8.589013224821973047e-01 8.767039674465920696e-01
2.144288577154308539e-01 8.671820956256356405e-01 5.537519127258622338e-03 8.611393692777212783e-01 8.778229908443540008e-01
2.164328657314629201e-01 8.683723296032551664e-01 5.612743897748620134e-03 8.620549338758901614e-01 8.796541200406917671e-01
2.184368737474949584e-01 8.693997965412003648e-01 5.770989689724372908e-03 8.628687690742624650e-01 8.810783316378433261e-01
2.204408817635270246e-01 8.705188199389624071e-01 5.793004766109380831e-03 8.634791454730417204e-01 8.821973550356052574e-01
2.224448897795590907e-01 8.716174974567649780e-01 5.663870554049885500e-03 8.654120040691759552e-01 8.829094608341810924e-01
2.244488977955911568e-01 8.726246185147508161e-01 5.989339471618064688e-03 8.663275686673448384e-01 8.847405900305188586e-01
2.264529058116232230e-01 8.737639877924718856e-01 5.843457509016680186e-03 8.672431332655137215e-01 8.854526958290945826e-01
2.284569138276552891e-01 8.748321464903356937e-01 5.763524910503191843e-03 8.680569684638860251e-01 8.860630722278738380e-01
2.304609218436873552e-01 8.755951169888099850e-01 5.748287226141324778e-03 8.688708036622584396e-01 8.869786368260427212e-01
2.324649298597194214e-01 8.767141403865716942e-01 5.622139498776307538e-03 8.702950152594099986e-01 8.876907426246185562e-01
2.344689378757514875e-01 8.775076297049846374e-01 5.677639836512045346e-03 8.711088504577823022e-01 8.891149542217701152e-01
2.364729458917835536e-01 8.785554425228891962e-01 5.719110686269872866e-03 8.722278738555442335e-01 8.902339776195320464e-01
2.384769539078156197e-01 8.794404883011190943e-01 5.646934748590671377e-03 8.734486266531027443e-01 8.911495422177009296e-01
2.404809619238476859e-01 8.803051881993895211e-01 5.626509546772275917e-03 8.746693794506612551e-01 8.921668362156662813e-01
2.424849699398797520e-01 8.811495422177009207e-01 5.597715109343083702e-03 8.755849440488301383e-01 8.928789420142421163e-01
2.444889779559117904e-01 8.820244150559510832e-01 5.671183660225175525e-03 8.765005086469990214e-01 8.942014242115972067e-01
2.464929859719438565e-01 8.829603255340792156e-01 5.656053996191966887e-03 8.772126144455747454e-01 8.952187182095625584e-01
2.484969939879759226e-01 8.837538148524923809e-01 5.585870469259531131e-03 8.778229908443540008e-01 8.955239064089521861e-01
2.505010020040079888e-01 8.845269582909460748e-01 5.661028587182577974e-03 8.782299084435402081e-01 8.961342828077314415e-01
2.525050100200400549e-01 8.856459816887081171e-01 5.667240685397315764e-03 8.793489318413021394e-01 8.968463886063072765e-01
2.545090180360721210e-01 8.864394710071209493e-01 5.728015661554927522e-03 8.806714140386571188e-01 8.977619532044760486e-01
2.565130260521041872e-01 8.874364191251272738e-01 5.683069010931919227e-03 8.816887080366225815e-01 8.987792472024415114e-01
2.585170340681362533e-01 8.882299084435401060e-01 5.529823403890170123e-03 8.822990844354018369e-01 8.988809766022380909e-01
2.605210420841683194e-01 8.888402848423193614e-01 5.481704542760734364e-03 8.831129196337741405e-01 8.993896236012207668e-01
2.625250501002003856e-01 8.896948118006104966e-01 5.525891929899001340e-03 8.837232960325533959e-01 9.008138351983723258e-01
2.645290581162324517e-01 8.907121057985758483e-01 5.455968787376542714e-03 8.842319430315360718e-01 9.017293997965412089e-01
2.665330661322645178e-01 8.916683621566633411e-01 5.398841641640497388e-03 8.856561546286877418e-01 9.027466937945065606e-01
2.685370741482965840e-01 8.923499491353000801e-01 5.465586560221502577e-03 8.859613428280773695e-01 9.035605289928789752e-01
2.705410821643286501e-01 8.931943031536112576e-01 5.274931789648927040e-03 8.865717192268565139e-01 9.039674465920650714e-01
2.725450901803607162e-01 8.940386571719226572e-01 5.176057441506027451e-03 8.878942014242116043e-01 9.044760935910478583e-01
2.745490981963927823e-01 8.949745676500509006e-01 5.055081175621939198e-03 8.886063072227874393e-01 9.049847405900305342e-01
2.765531062124248485e-01 8.956663275686672643e-01 5.115522320998650355e-03 8.895218718209562114e-01 9.057985757884028377e-01
2.785571142284569146e-01 8.966124109867751324e-01 5.144943651525687479e-03 8.903357070193286260e-01 9.068158697863683004e-01
2.805611222444889807e-01 8.974465920651069073e-01 5.075359177158698075e-03 8.912512716174975091e-01 9.075279755849440244e-01
2.825651302605209914e-01 8.981078331637843970e-01 4.883477427724522250e-03 8.918616480162766535e-01 9.077314343845371836e-01
2.845691382765530575e-01 8.988402848423193703e-01 4.741768722523268149e-03 8.929806714140386958e-01 9.082400813835198594e-01
2.865731462925851236e-01 8.997965412004068630e-01 4.527815480013817895e-03 8.943031536113936752e-01 9.085452695829094871e-01
2.885771543086171897e-01 9.005391658189217940e-01 4.528512540805245366e-03 8.952187182095625584e-01 9.093591047812817907e-01
2.905811623246492559e-01 9.014445574771109415e-01 4.411773137160184162e-03 8.963377416073244897e-01 9.101729399796540942e-01
2.925851703406813220e-01 9.021668362156661791e-01 4.532167496765300910e-03 8.968463886063072765e-01 9.105798575788403015e-01
2.945891783567133881e-01 9.028484231943030291e-01 4.588210211695464662e-03 8.976602238046795801e-01 9.111902339776195570e-01
2.965931863727454543e-01 9.035910478128179601e-01 4.504223548141396763e-03 8.990844354018311391e-01 9.120040691759918605e-01
2.985971943887775204e-01 9.044455747711088733e-01 4.593856853378125438e-03 9.000000000000000222e-01 9.135300101729399991e-01
3.006012024048095865e-01 9.051678535096643330e-01 4.602128310856162460e-03 9.008138351983723258e-01 9.138351983723296268e-01
3.026052104208416527e-01 9.058494404883011830e-01 4.674075701823542615e-03 9.013224821973550016e-01 9.150559511698881376e-01
3.046092184368737188e-01 9.067446592065107058e-01 4.655840228219336289e-03 9.023397761953204643e-01 9.155645981688708135e-01
3.066132264529057849e-01 9.075178026449645108e-01 4.745532027296974799e-03 9.029501525940997197e-01 9.166836215666327448e-01
3.086172344689378511e-01 9.083825025432350486e-01 4.798177976963163838e-03 9.034587995930823956e-01 9.173957273652085798e-01
3.106212424849699172e-01 9.091251271617497576e-01 4.846645271925794501e-03 9.040691759918616510e-01 9.179043743641912556e-01
3.126252505010019833e-01 9.097660223804678870e-01 4.927736844145392744e-03 9.045778229908443269e-01 9.186164801627670906e-01
3.146292585170340494e-01 9.104170905391658630e-01 4.934284888292676981e-03 9.052899287894201619e-01 9.192268565615462350e-01
3.166332665330661156e-01 9.111190233977619624e-01 4.784538186766347685e-03 9.063072227873855136e-01 9.197355035605290219e-01
3.186372745490981817e-01 9.118413021363174220e-01 4.705619819116515362e-03 9.068158697863683004e-01 9.205493387589013254e-01
3.206412825651302478e-01 9.123804679552390828e-01 4.537188253773576964e-03 9.078331637843336521e-01 9.206510681586979050e-01
3.226452905811623140e-01 9.131332655137335275e-01 4.668581504835679109e-03 9.083418107833163280e-01 9.216683621566632567e-01
3.246492985971943801e-01 9.138250254323500021e-01 4.617315801553686580e-03 9.087487283825025353e-01 9.220752797558494640e-01
3.266533066132264462e-01 9.145066124109867411e-01 4.746785799201573737e-03 9.091556459816887426e-01 9.232960325534079749e-01
3.286573146292585124e-01 9.150559511698881376e-01 4.713267022216274110e-03 9.098677517802644665e-01 9.237029501525940711e-01
3.306613226452905785e-01 9.157884028484233330e-01 4.714320835355110748e-03 9.107833163784333497e-01 9.243133265513733265e-01
3.326653306613226446e-01 9.163682604272634924e-01 4.699292699445320118e-03 9.112919633774160255e-01 9.248219735503560024e-01
3.346693386773546552e-01 9.170498474059003424e-01 4.676278212343160275e-03 9.118006103763988124e-01 9.255340793489318374e-01
3.366733466933867214e-01 9.177314343845370814e-01 4.492260178962100003e-03 9.124109867751780678e-01 9.258392675483214651e-01
3.386773547094187875e-01 9.183723296032553218e-01 4.452727321634981743e-03 9.131230925737537918e-01 9.264496439471007205e-01
3.406813627254508536e-01 9.190030518819940486e-01 4.396499390832420140e-03 9.136317395727364676e-01 9.270600203458799760e-01
3.426853707414829198e-01 9.195523906408953341e-01 4.379991176090237623e-03 9.143438453713123026e-01 9.274669379450660722e-01
3.446893787575149859e-01 9.200305188199390249e-01 4.361202371285091868e-03 9.150559511698881376e-01 9.276703967446592314e-01
3.466933867735470520e-01 9.205188199389622294e-01 4.459427495234394474e-03 9.152594099694811858e-01 9.285859613428281145e-01
3.486973947895791182e-01 9.210579857578841123e-01 4.529186645082335788e-03 9.155645981688708135e-01 9.292980671414038385e-01
3.507014028056111843e-01 9.216785350966431034e-01 4.510055657662000173e-03 9.158697863682604412e-01 9.297049847405900458e-01
3.527054108216432504e-01 9.222889114954220258e-01 4.306999813066667536e-03 9.166836215666327448e-01 9.298067141403866254e-01
3.547094188376753165e-01 9.227772126144456744e-01 4.276375342725281976e-03 9.170905391658189520e-01 9.302136317395727216e-01
3.567134268537073827e-01 9.234282807731434284e-01 4.267557415263302859e-03 9.180061037639878352e-01 9.308240081383519771e-01
3.587174348697394488e-01 9.240386571719227948e-01 4.314106246349420741e-03 9.187182095625635592e-01 9.316378433367242806e-01
3.607214428857715149e-01 9.246083418107833296e-01 4.390763930442702703e-03 9.193285859613428146e-01 9.327568667344862119e-01
3.627254509018035811e-01 9.252085452695828494e-01 4.401674899971005223e-03 9.197355035605290219e-01 9.330620549338758396e-01
3.647294589178356472e-01 9.258494404883010898e-01 4.345036418794936267e-03 9.204476093591047459e-01 9.336724313326550950e-01
3.667334669338677133e-01 9.263275686673448917e-01 4.374080286038823512e-03 9.210579857578840013e-01 9.342828077314343505e-01
3.687374749498997795e-01 9.269582909460835074e-01 4.292450295808909223e-03 9.211597151576805809e-01 9.345879959308239782e-01
3.707414829659318456e-01 9.275584944048832492e-01 4.258915628724532776e-03 9.217700915564598363e-01 9.349949135300101855e-01
3.727454909819639117e-01 9.280264496439469823e-01 4.238650389306213191e-03 9.222787385554425121e-01 9.354018311291963927e-01
3.747494989979959779e-01 9.286164801627669885e-01 4.335880781691426288e-03 9.225839267548321398e-01 9.360122075279755371e-01
3.767535070140280440e-01 9.291251271617495533e-01 4.257117100084900803e-03 9.231943031536113953e-01 9.363173957273651649e-01
3.787575150300601101e-01 9.297355035605290308e-01 4.212395676236825072e-03 9.238046795523906507e-01 9.367243133265513721e-01
3.807615230460921762e-01 9.303662258392677575e-01 4.262510409384536424e-03 9.247202441505595338e-01 9.373346897253306276e-01
3.827655310621242424e-01 9.307934893184131031e-01 4.248356639242738611e-03 9.252288911495422097e-01 9.375381485249236757e-01
3.847695390781562530e-01 9.313733468972532625e-01 4.211203976123639552e-03 9.266531027466937687e-01 9.380467955239064626e-01
3.867735470941883191e-01 9.320345879959310853e-01 4.221083668718530676e-03 9.272634791454730241e-01 9.391658189216683938e-01
3.887775551102203853e-01 9.325635808748728994e-01 4.161080655102708352e-03 9.282807731434384868e-01 9.398779247202441178e-01
3.907815631262524514e-01 9.329908443540183560e-01 4.176125061843777644e-03 9.284842319430315349e-01 9.402848423194303251e-01
3.927855711422845175e-01 9.333570701932856206e-01 4.108016564848834297e-03 9.288911495422177422e-01 9.403865717192269047e-01
3.947895791583165837e-01 9.339369277721261131e-01 3.905985056688992749e-03 9.299084435401830939e-01 9.408952187182095805e-01
3.967935871743486498e-01 9.344964394710071343e-01 3.863159725846874917e-03 9.301119023397761421e-01 9.416073245167853045e-01
3.987975951903807159e-01 9.348626653102746209e-01 3.726699354582600245e-03 9.304170905391657698e-01 9.418107833163784637e-01
4.008016032064127820e-01 9.352594099694812035e-01 3.696908534277565384e-03 9.307222787385553975e-01 9.420142421159715118e-01
4.028056112224448482e-01 9.358901322482197083e-01 3.638671642906738269e-03 9.311291963377416048e-01 9.427263479145473468e-01
4.048096192384769143e-01 9.363275686673449005e-01 3.607150086524452039e-03 9.314343845371312325e-01 9.428280773143438154e-01
4.068136272545089804e-01 9.367243133265512611e-01 3.560238325586496423e-03 9.318413021363174398e-01 9.433367243133266022e-01
4.088176352705410466e-01 9.373957273652084865e-01 3.503451826902607025e-03 9.325534079348931638e-01 9.438453713123092781e-01
4.108216432865731127e-01 9.379145473041710090e-01 3.533409288672369804e-03 9.331637843336724192e-01 9.443540183112919539e-01
4.128256513026051788e-01 9.382909460834181203e-01 3.474382943211806220e-03 9.334689725330620469e-01 9.443540183112919539e-01
4.148296593186372450e-01 9.387487283825025619e-01 3.551929740690856416e-03 9.338758901322482542e-01 9.452695829094608371e-01
4.168336673346693111e-01 9.392065106815870035e-01 3.657224980054509921e-03 9.342828077314343505e-01 9.458799593082400925e-01
4.188376753507013772e-01 9.396134282807730997e-01 3.585495954736221246e-03 9.349949135300101855e-01 9.460834181078331406e-01
4.208416833667334433e-01 9.401525940996947606e-01 3.385021893519473465e-03 9.355035605289928613e-01 9.462868769074262998e-01
4.228456913827655095e-01 9.404883011190232622e-01 3.315816689719355490e-03 9.358087487283824890e-01 9.465920651068158165e-01
4.248496993987975756e-01 9.409766022380467998e-01 3.273664098224912493e-03 9.362156663275686963e-01 9.467955239064089756e-01
4.268537074148296417e-01 9.413326551373346618e-01 3.234946927608162420e-03 9.365208545269583240e-01 9.468972533062054442e-01
4.288577154308617079e-01 9.418006103763987280e-01 3.195809300787496882e-03 9.374364191251272072e-01 9.477110885045778588e-01
4.308617234468937740e-01 9.422380467955239203e-01 3.048760696156292953e-03 9.381485249237029311e-01 9.478128179043743273e-01
4.328657314629258401e-01 9.426347914547305029e-01 3.038781649104033492e-03 9.384537131230925588e-01 9.483214649033571142e-01
4.348697394789579063e-01 9.431230925737537074e-01 3.140935374803561966e-03 9.389623601220752347e-01 9.486266531027467419e-01
4.368737474949899169e-01 9.435096642929806654e-01 3.231105744874716336e-03 9.394710071210580216e-01 9.494404883011190455e-01
4.388777555110219830e-01 9.440590030518821729e-01 3.157366582537070657e-03 9.403865717192269047e-01 9.498474059003051417e-01
4.408817635270540491e-01 9.444354018311292842e-01 3.162721066420833959e-03 9.405900305188199528e-01 9.501525940996947694e-01
4.428857715430861153e-01 9.448524923702950051e-01 3.135989224526024560e-03 9.407934893184130010e-01 9.502543234994913490e-01
4.448897795591181814e-01 9.453509664292980563e-01 3.212716882032647450e-03 9.412004069175992083e-01 9.509664292980671840e-01
4.468937875751502475e-01 9.458392675483213718e-01 3.072564707707789791e-03 9.417090539165818841e-01 9.510681586978636526e-01
4.488977955911823137e-01 9.462563580874873148e-01 3.100344282805584609e-03 9.427263479145473468e-01 9.515768056968464395e-01
4.509018036072143798e-01 9.468056968463887113e-01 3.040483971625965523e-03 9.435401831129196504e-01 9.520854526958291153e-01
4.529058116232464459e-01 9.472431332655137926e-01 3.099726695974274870e-03 9.437436419125126985e-01 9.522889114954221634e-01
4.549098196392785121e-01 9.477924720244151890e-01 2.932490011204149857e-03 9.444557477110885335e-01 9.524923702950152116e-01
4.569138276553105782e-01 9.483418107833163635e-01 2.796281961601251604e-03 9.455747711088504648e-01 9.525940996948117911e-01
4.589178356713426443e-01 9.487690742624618201e-01 2.807141636786527131e-03 9.458799593082400925e-01 9.532044760935910466e-01
4.609218436873747105e-01 9.493184130213631056e-01 2.803674070199426924e-03 9.463886063072227683e-01 9.538148524923703020e-01
4.629258517034067766e-01 9.497253306205493129e-01 2.921883714509265241e-03 9.467955239064089756e-01 9.542217700915565093e-01
4.649298597194388427e-01 9.500610376398779255e-01 2.872824561421466992e-03 9.472024415055950719e-01 9.547304170905391851e-01
4.669338677354709088e-01 9.504272634791455232e-01 2.853160571469436860e-03 9.474059003051882311e-01 9.550356052899288128e-01
4.689378757515029750e-01 9.508850457782299648e-01 2.774733484083501296e-03 9.480162767039674865e-01 9.554425228891149091e-01
4.709418837675350411e-01 9.513936927772125296e-01 2.699109311675923668e-03 9.485249237029501623e-01 9.558494404883011164e-01
4.729458917835671072e-01 9.516988809766022683e-01 2.763147283233359161e-03 9.486266531027467419e-01 9.564598168870803718e-01
4.749498997995991734e-01 9.520447609359106167e-01 2.758424143322922312e-03 9.491353001017294178e-01 9.567650050864699995e-01
4.769539078156312395e-01 9.524008138351984787e-01 2.760767980643342914e-03 9.493387589013224659e-01 9.571719226856562068e-01
4.789579158316633056e-01 9.529704984740590135e-01 2.648112220289131763e-03 9.500508646998983009e-01 9.575788402848423031e-01
4.809619238476953718e-01 9.534181078331636083e-01 2.667735921851496252e-03 9.507629704984740249e-01 9.579857578840285104e-01
4.829659318637274379e-01 9.538148524923704130e-01 2.637127445944201232e-03 9.510681586978636526e-01 9.582909460834181381e-01
4.849699398797595040e-01 9.541810783316378997e-01 2.596472295799507127e-03 9.515768056968464395e-01 9.584944048830111862e-01
4.869739478957915702e-01 9.545269582909460260e-01 2.533041627261183731e-03 9.518819938962360672e-01 9.587995930824008139e-01
4.889779559118235808e-01 9.549745676500510649e-01 2.401417238861092672e-03 9.522889114954221634e-01 9.592065106815870212e-01
4.909819639278556469e-01 9.553204476093590802e-01 2.442692149785957723e-03 9.525940996948117911e-01 9.596134282807731175e-01
4.929859719438877130e-01 9.556459816887079572e-01 2.485613778813954098e-03 9.531027466937944670e-01 9.599186164801627452e-01
4.949899799599197792e-01 9.561241098677518702e-01 2.449144543409828307e-03 9.537131230925737224e-01 9.603255340793489525e-01
4.969939879759518453e-01 9.566429298067141707e-01 2.453682755919628540e-03 9.541200406917599297e-01 9.611393692777212561e-01
4.989979959919839114e-01 9.569989827060020326e-01 2.495192207373857479e-03 9.544252288911495574e-01 9.614445574771108838e-01
5.010020040080159776e-01 9.574059003051880179e-01 2.535512180819765593e-03 9.548321464903356537e-01 9.622583926754831873e-01
5.030060120240480437e-01 9.578128179043743362e-01 2.510491146276638916e-03 9.551373346897252814e-01 9.627670396744659742e-01
5.050100200400801098e-01 9.581892166836215585e-01 2.421074226757852135e-03 9.557477110885045368e-01 9.629704984740590223e-01
5.070140280561121759e-01 9.584944048830112973e-01 2.422783421624285800e-03 9.559511698880976960e-01 9.632756866734486501e-01
5.090180360721442421e-01 9.588809766022381442e-01 2.390446086303060248e-03 9.565615462868769514e-01 9.634791454730416982e-01
5.110220440881763082e-01 9.593082400813836008e-01 2.218074203046703583e-03 9.572736520854526754e-01 9.636826042726347463e-01
5.130260521042083743e-01 9.598372329603256370e-01 2.154070496583158825e-03 9.573753814852492550e-01 9.641912512716175332e-01
5.150300601202404405e-01 9.602136317395727483e-01 2.245179607442158564e-03 9.577822990844353512e-01 9.645981688708036295e-01
5.170340681362725066e-01 9.606002034587997063e-01 2.268839310342284782e-03 9.583926754832146067e-01 9.651068158697864163e-01
5.190380761523045727e-01 9.609664292980670819e-01 2.171416362061051944e-03 9.587995930824008139e-01 9.654120040691760440e-01
5.210420841683366389e-01 9.611902339776197124e-01 2.208840222974163114e-03 9.590030518819938621e-01 9.657171922685655607e-01
5.230460921843687050e-01 9.616683621566635143e-01 2.320144096056705237e-03 9.595116988809766490e-01 9.667344862665310234e-01
5.250501002004007711e-01 9.619735503560529200e-01 2.299534521433316010e-03 9.597151576805696971e-01 9.668362156663276030e-01
5.270541082164328373e-01 9.622380467955238270e-01 2.287351112758071511e-03 9.599186164801627452e-01 9.670396744659206512e-01
5.290581162324649034e-01 9.624618514750762355e-01 2.287893975258332904e-03 9.601220752797559044e-01 9.672431332655136993e-01
5.310621242484969695e-01 9.628484231943030824e-01 2.301783631457689910e-03 9.604272634791454211e-01 9.676500508646999066e-01
5.330661322645290356e-01 9.631739572736519595e-01 2.316215580184376611e-03 9.607324516785350488e-01 9.679552390640895343e-01
5.350701402805611018e-01 9.634181078331639503e-01 2.482364118941550978e-03 9.607324516785350488e-01 9.683621566632757416e-01
5.370741482965931679e-01 9.638046795523906862e-01 2.454526148773031064e-03 9.612410986775178356e-01 9.687690742624618379e-01
5.390781563126252340e-01 9.640793489318413290e-01 2.422548478836134001e-03 9.616480162767039319e-01 9.689725330620548860e-01
5.410821643286573002e-01 9.643947100712105813e-01 2.387500372200350700e-03 9.622583926754831873e-01 9.691759918616480451e-01
5.430861723446893663e-01 9.646897253306205844e-01 2.384225499480844938e-03 9.622583926754831873e-01 9.694811800610376729e-01
5.450901803607214324e-01 9.649745676500508518e-01 2.368810086780123725e-03 9.624618514750763465e-01 9.697863682604273006e-01
5.470941883767534986e-01 9.652390640895218699e-01 2.277943655862942236e-03 9.628687690742624428e-01 9.697863682604273006e-01
5.490981963927855647e-01 9.655239064089521372e-01 2.240565492929920324e-03 9.632756866734486501e-01 9.700915564598169283e-01
5.511022044088176308e-01 9.659104781281792063e-01 2.259423481450215619e-03 9.635808748728382778e-01 9.706002034587996041e-01
5.531062124248496970e-01 9.662258392675484586e-01 2.278829383453641246e-03 9.639877924720243740e-01 9.710071210579858114e-01
5.551102204408817631e-01 9.664496439471008671e-01 2.277830076135406792e-03 9.640895218718209536e-01 9.713123092573753281e-01
5.571142284569138292e-01 9.667039674465920385e-01 2.289273171380176199e-03 9.640895218718209536e-01 9.714140386571719077e-01
5.591182364729458953e-01 9.669888097660223059e-01 2.299737031409023868e-03 9.641912512716175332e-01 9.716174974567649558e-01
5.611222444889779615e-01 9.672838250254323089e-01 2.383682867891366228e-03 9.644964394710071609e-01 9.718209562563581150e-01
5.631262525050100276e-01 9.676500508646999066e-01 2.450390750120496740e-03 9.649033570701932572e-01 9.721261444557477427e-01
5.651302605210419827e-01 9.679348931841301740e-01 2.387847115412137979e-03 9.653102746693794645e-01 9.723296032553407908e-01
5.671342685370740488e-01 9.681993896236011921e-01 2.391484883811200585e-03 9.655137334689725126e-01 9.725330620549338390e-01
5.691382765531061150e-01 9.685045778229908198e-01 2.286627095611584899e-03 9.660223804679551884e-01 9.726347914547304185e-01
5.711422845691381811e-01 9.687792472024414625e-01 2.272667577775008309e-03 9.663275686673448162e-01 9.728382502543234667e-01
5.731462925851702472e-01 9.689216683621566517e-01 2.211181584902397780e-03 9.665310274669379753e-01 9.728382502543234667e-01
5.751503006012023134e-01 9.691963377416072944e-01 2.165570198356128306e-03 9.667344862665310234e-01 9.731434384537130944e-01
5.771543086172343795e-01 9.694811800610375618e-01 2.246354690108721356e-03 9.670396744659206512e-01 9.734486266531027221e-01
5.791583166332664456e-01 9.699084435401829074e-01 2.349398587043488411e-03 9.673448626653102789e-01 9.740590030518819775e-01
5.811623246492985118e-01 9.701322482197355379e-01 2.415168219422854975e-03 9.675483214649033270e-01 9.744659206510681848e-01
5.831663326653305779e-01 9.703865717192267093e-01 2.457749455764054059e-03 9.678535096642929547e-01 9.745676500508646534e-01
5.851703406813626440e-01 9.706408952187182138e-01 2.374112251607718438e-03 9.684638860630722101e-01 9.747711088504578125e-01
5.871743486973947102e-01 9.708545269582909976e-01 2.383270385254277098e-03 9.684638860630722101e-01 9.749745676500508607e-01
5.891783567134267763e-01 9.711088504577822800e-01 2.310399867956440534e-03 9.687690742624618379e-01 9.750762970498474402e-01
5.911823647294588424e-01 9.713936927772126584e-01 2.276921234349987225e-03 9.688708036622584174e-01 9.752797558494404884e-01
5.931863727454909085e-01 9.716276703967446915e-01 2.267653060621755562e-03 9.688708036622584174e-01 9.755849440488301161e-01
5.951903807615229747e-01 9.719938962360121781e-01 2.206871559282723438e-03 9.691759918616480451e-01 9.759918616480163234e-01
5.971943887775550408e-01 9.722787385554425565e-01 2.225178021217473923e-03 9.695829094608341414e-01 9.763987792472024196e-01
5.991983967935871069e-01 9.725330620549337279e-01 2.199802713452788869e-03 9.698880976602237691e-01 9.766022380467955788e-01
6.012024048096191731e-01 9.727772126144454967e-01 2.162413876799414939e-03 9.700915564598169283e-01 9.767039674465920474e-01
6.032064128256512392e-01 9.729603255340792956e-01 2.143474906035738002e-03 9.702950152594099764e-01 9.768056968463886269e-01
6.052104208416833053e-01 9.732655137334689233e-01 2.159348795348374137e-03 9.702950152594099764e-01 9.770091556459816751e-01
6.072144288577153715e-01 9.735096642929808031e-01 2.090879473703702481e-03 9.710071210579858114e-01 9.772126144455747232e-01
6.092184368737474376e-01 9.737538148524924608e-01 2.050800108786024218e-03 9.712105798575788596e-01 9.773143438453713028e-01
6.112224448897795037e-01 9.739572736520856200e-01 2.020295680538177537e-03 9.714140386571719077e-01 9.774160732451678824e-01
6.132264529058115698e-01 9.741810783316378064e-01 2.005798346191664788e-03 9.717192268565615354e-01 9.775178026449643509e-01
6.152304609218436360e-01 9.744760935910476984e-01 2.058581816910897300e-03 9.720244150559511631e-01 9.779247202441505582e-01
6.172344689378757021e-01 9.747711088504577015e-01 2.125146397236129907e-03 9.722278738555442112e-01 9.782299084435401859e-01
6.192384769539077682e-01 9.749440488301118757e-01 2.048805866420299986e-03 9.725330620549338390e-01 9.782299084435401859e-01
6.212424849699398344e-01 9.751271617497454525e-01 2.070012064623399494e-03 9.727365208545269981e-01 9.785350966429298136e-01
6.232464929859719005e-01 9.753509664292978609e-01 2.088824408801684320e-03 9.729399796541200462e-01 9.787385554425228618e-01
6.252505010020039666e-01 9.755747711088502694e-01 2.015397800337617295e-03 9.731434384537130944e-01 9.787385554425228618e-01
6.272545090180360328e-01 9.758596134282807588e-01 1.952595064305953903e-03 9.734486266531027221e-01 9.790437436419124895e-01
6.292585170340680989e-01 9.760325534079349330e-01 1.944176320391216312e-03 9.736520854526958813e-01 9.791454730417090691e-01
6.312625250501001650e-01 9.763173957273652004e-01 1.980878049267241481e-03 9.738555442522889294e-01 9.795523906408951653e-01
6.332665330661322312e-01 9.765717192268565938e-01 1.930206458018182475e-03 9.741607324516785571e-01 9.797558494404883245e-01
6.352705410821642973e-01 9.767548321464903927e-01 1.950049376092893947e-03 9.744659206510681848e-01 9.800610376398779522e-01
6.372745490981963634e-01 9.768870803662258462e-01 1.964615699625353162e-03 9.745676500508646534e-01 9.801627670396744207e-01
6.392785571142284295e-01 9.770803662258391586e-01 1.965274043208798446e-03 9.745676500508646534e-01 9.803662258392675799e-01
6.412825651302604957e-01 9.772329603255339725e-01 1.993377140891077620e-03 9.745676500508646534e-01 9.806714140386572076e-01
6.432865731462925618e-01 9.774364191251271317e-01 1.988699187513732862e-03 9.748728382502542811e-01 9.808748728382502557e-01
6.452905811623246279e-01 9.776500508646999155e-01 2.048300686940685619e-03 9.748728382502542811e-01 9.812817904374364630e-01
6.472945891783566941e-01 9.778229908443540896e-01 2.031024346011057677e-03 9.751780264496439088e-01 9.813835198372329316e-01
6.492985971943887602e-01 9.780773143438453721e-01 1.948456631986077506e-03 9.754832146490335365e-01 9.814852492370295112e-01
6.513026052104208263e-01 9.782706002034586845e-01 1.959552248681096804e-03 9.756866734486266957e-01 9.818921668362157185e-01
6.533066132264528925e-01 9.784842319430314683e-01 1.994648683981894901e-03 9.757884028484231642e-01 9.822990844354018147e-01
6.553106212424849586e-01 9.786571719226856425e-01 1.944495674786635283e-03 9.759918616480163234e-01 9.824008138351983943e-01
6.573146292585170247e-01 9.788301119023398167e-01 1.900162500279503532e-03 9.759918616480163234e-01 9.825025432349948629e-01
6.593186372745490909e-01 9.790335707019327538e-01 1.927201659219425272e-03 9.759918616480163234e-01 9.826042726347914424e-01
6.613226452905811570e-01 9.792268565615463993e-01 1.962507516059002876e-03 9.761953204476093715e-01 9.828077314343844906e-01
6.633266533066132231e-01 9.793387589013224925e-01 1.946437285127755688e-03 9.763987792472024196e-01 9.829094608341810702e-01
6.653306613226452892e-01 9.795422177009156517e-01 1.912106837735142980e-03 9.766022380467955788e-01 9.829094608341810702e-01
6.673346693386772444e-01 9.796948118006103545e-01 1.910888685157029112e-03 9.768056968463886269e-01 9.831129196337741183e-01
6.693386773547093105e-01 9.798575788402847930e-01 1.889539737640566226e-03 9.769074262461850955e-01 9.832146490335706979e-01
6.713426853707413766e-01 9.800610376398779522e-01 1.952568563826670043e-03 9.769074262461850955e-01 9.835198372329603256e-01
6.733466933867734427e-01 9.803357070193285949e-01 2.007474475950866803e-03 9.770091556459816751e-01 9.837232960325533737e-01
6.753507014028055089e-01 9.806307222787384870e-01 1.948430075220227526e-03 9.772126144455747232e-01 9.840284842319430014e-01
6.773547094188375750e-01 9.808748728382500337e-01 1.956275137995732404e-03 9.774160732451678824e-01 9.843336724313326291e-01
6.793587174348696411e-01 9.811190233977619135e-01 1.944176320391221516e-03 9.777212614445575101e-01 9.844354018311292087e-01
6.813627254509017073e-01 9.812410986775178534e-01 1.932965676746881004e-03 9.778229908443539786e-01 9.844354018311292087e-01
6.833667334669337734e-01 9.815157680569684961e-01 1.948350402750783847e-03 9.782299084435401859e-01 9.846388606307222569e-01
6.853707414829658395e-01 9.817192268565616553e-01 1.969482230984299660e-03 9.785350966429298136e-01 9.849440488301118846e-01
6.873747494989979057e-01 9.819023397761952321e-01 1.939513093768581572e-03 9.788402848423194413e-01 9.849440488301118846e-01
6.893787575150299718e-01 9.820956256358087666e-01 1.894462559020909393e-03 9.790437436419124895e-01 9.851475076297049327e-01
6.913827655310620379e-01 9.822990844354018147e-01 1.891729239809208712e-03 9.793489318413021172e-01 9.852492370295015123e-01
6.933867735470941041e-01 9.824516785350967396e-01 1.879793054791722854e-03 9.795523906408951653e-01 9.854526958290945604e-01
6.953907815631261702e-01 9.826042726347914424e-01 1.791130911664184835e-03 9.799593082400813726e-01 9.854526958290945604e-01
6.973947895791582363e-01 9.827975584944048659e-01 1.764616595718807067e-03 9.801627670396744207e-01 9.855544252288911400e-01
6.993987975951903024e-01 9.829908443540184004e-01 1.635155728206546177e-03 9.806714140386572076e-01 9.855544252288911400e-01
7.014028056112223686e-01 9.830824008138352443e-01 1.671615565884756148e-03 9.806714140386572076e-01 9.856561546286877196e-01
7.034068136272544347e-01 9.832349949135299472e-01 1.695435740061012600e-03 9.806714140386572076e-01 9.859613428280773473e-01
7.054108216432865008e-01 9.833977619532043857e-01 1.668362156663285049e-03 9.807731434384536762e-01 9.861648016276703954e-01
7.074148296593185670e-01 9.835401831129196859e-01 1.662147569928819303e-03 9.810783316378433039e-01 9.862665310274669750e-01
7.094188376753506331e-01 9.836419125127161545e-01 1.626907247341118860e-03 9.813835198372329316e-01 9.864699898270600231e-01
7.114228456913826992e-01 9.838046795523904819e-01 1.668362156663287001e-03 9.816887080366225593e-01 9.866734486266530713e-01
7.134268537074147654e-01 9.839572736520854068e-01 1.606583910656150284e-03 9.821973550356052352e-01 9.866734486266530713e-01
7.154308617234468315e-01 9.842115971515766892e-01 1.623086118020676495e-03 9.825025432349948629e-01 9.869786368260426990e-01
7.174348697394788976e-01 9.844048830111903348e-01 1.579297738680802846e-03 9.827060020345880220e-01 9.870803662258392785e-01
7.194388777555109638e-01 9.845676500508646622e-01 1.548193128147278387e-03 9.828077314343844906e-01 9.871820956256358581e-01
7.214428857715430299e-01 9.846897253306206022e-01 1.577461879020795443e-03 9.830111902339776497e-01 9.874872838250254858e-01
7.234468937875750960e-01 9.848219735503562777e-01 1.539982866341120873e-03 9.831129196337741183e-01 9.874872838250254858e-01
7.254509018036071621e-01 9.850152594099694792e-01 1.479839365060660241e-03 9.834181078331637460e-01 9.874872838250254858e-01
7.274549098196392283e-01 9.850661241098677134e-01 1.502567685667290098e-03 9.834181078331637460e-01 9.875890132248219544e-01
7.294589178356712944e-01 9.853102746693794822e-01 1.515187610328447157e-03 9.836215666327569052e-01 9.877924720244150025e-01
7.314629258517033605e-01 9.855035605289929057e-01 1.524753692041106281e-03 9.837232960325533737e-01 9.880976602238046302e-01
7.334669338677354267e-01 9.856154628687689989e-01 1.493864282871263868e-03 9.838250254323499533e-01 9.881993896236012098e-01
7.354709418837674928e-01 9.857782299084437705e-01 1.417510758767078329e-03 9.842319430315361606e-01 9.883011190233977894e-01
7.374749498997995589e-01 9.860020345879959569e-01 1.303724870282860779e-03 9.844354018311292087e-01 9.884028484231942580e-01
7.394789579158316251e-01 9.862461851475077257e-01 1.310533706220783469e-03 9.848423194303154160e-01 9.886063072227874171e-01
7.414829659318636912e-01 9.864191251271616778e-01 1.301381075485641935e-03 9.851475076297049327e-01 9.887080366225838857e-01
7.434869739478957573e-01 9.866531027466937109e-01 1.300227492058636178e-03 9.854526958290945604e-01 9.888097660223804652e-01
7.454909819639278235e-01 9.867751780264496508e-01 1.307529522934686422e-03 9.855544252288911400e-01 9.889114954221770448e-01
7.474949899799598896e-01 9.869582909460834497e-01 1.374514405212995827e-03 9.856561546286877196e-01 9.892166836215666725e-01
7.494989979959919557e-01 9.870803662258393896e-01 1.388149754092829827e-03 9.858596134282807677e-01 9.893184130213631411e-01
7.515030060120240218e-01 9.872736520854527020e-01 1.367456566686447951e-03 9.859613428280773473e-01 9.895218718209563002e-01
7.535070140280560880e-01 9.874872838250254858e-01 1.416926579571132615e-03 9.860630722278738158e-01 9.898270600203459280e-01
7.555110220440881541e-01 9.876500508646998133e-01 1.397955921570867349e-03 9.861648016276703954e-01 9.898270600203459280e-01
7.575150300601202202e-01 9.878026449643947382e-01 1.386993723794466846e-03 9.862665310274669750e-01 9.899287894201423965e-01
7.595190380761522864e-01 9.879348931841303028e-01 1.333547882659128977e-03 9.866734486266530713e-01 9.899287894201423965e-01
7.615230460921843525e-01 9.880773143438453809e-01 1.311323136872591258e-03 9.867751780264496508e-01 9.900305188199389761e-01
7.635270541082164186e-01 9.883011190233979004e-01 1.223293388855139574e-03 9.870803662258392785e-01 9.901322482197355557e-01
7.655310621242484848e-01 9.884231943031537293e-01 1.204366110840182419e-03 9.871820956256358581e-01 9.903357070193286038e-01
7.675350701402805509e-01 9.885350966429298225e-01 1.125524443334172467e-03 9.872838250254323267e-01 9.903357070193286038e-01
7.695390781563125060e-01 9.886978636826041500e-01 1.160295048750894370e-03 9.875890132248219544e-01 9.905391658189216519e-01
7.715430861723445721e-01 9.888911495422176845e-01 1.070626418467794357e-03 9.875890132248219544e-01 9.905391658189216519e-01
7.735470941883766383e-01 9.890946083418107326e-01 1.046181902924308215e-03 9.876907426246185340e-01 9.908443540183112797e-01
7.755511022044087044e-01 9.892065106815868258e-01 9.961692724524703977e-04 9.879959308240081617e-01 9.909460834181078592e-01
7.775551102204407705e-01 9.893794506612408890e-01 1.061306315828689948e-03 9.879959308240081617e-01 9.912512716174974869e-01
7.795591182364728366e-01 9.895422177009155495e-01 1.030233074357858386e-03 9.884028484231942580e-01 9.913530010172939555e-01
7.815631262525049028e-01 9.896642929806714895e-01 1.010352717634608807e-03 9.885045778229908375e-01 9.915564598168871147e-01
7.835671342685369689e-01 9.898270600203458169e-01 9.532213041808819528e-04 9.887080366225838857e-01 9.915564598168871147e-01
7.855711422845690350e-01 9.899491353001016458e-01 9.016691681041813077e-04 9.889114954221770448e-01 9.915564598168871147e-01
7.875751503006011012e-01 9.901322482197354446e-01 8.595983794212537932e-04 9.890132248219735134e-01 9.916581892166835832e-01
7.895791583166331673e-01 9.903357070193287148e-01 8.474736764865934769e-04 9.892166836215666725e-01 9.916581892166835832e-01
7.915831663326652334e-01 9.904883011190234177e-01 8.646998982705790364e-04 9.892166836215666725e-01 9.916581892166835832e-01
7.935871743486972996e-01 9.906510681586977451e-01 8.320071914788302464e-04 9.894201424211597207e-01 9.917599186164801628e-01
7.955911823647293657e-01 9.907426246185148111e-01 7.997250867561938540e-04 9.895218718209563002e-01 9.918616480162767424e-01
7.975951903807614318e-01 9.908646998982707510e-01 8.287044498236679916e-04 9.896236012207527688e-01 9.918616480162767424e-01
7.995991983967934980e-01 9.910172939979654538e-01 7.801391483230190205e-04 9.899287894201423965e-01 9.921668362156663701e-01
8.016032064128255641e-01 9.911291963377415470e-01 7.132674727551612578e-04 9.901322482197355557e-01 9.921668362156663701e-01
8.036072144288576302e-01 9.912207527975585020e-01 6.702570258404498462e-04 9.901322482197355557e-01 9.921668362156663701e-01
8.056112224448896963e-01 9.913428280773143308e-01 6.906369917596510803e-04 9.901322482197355557e-01 9.922685656154628386e-01
8.076152304609217625e-01 9.914140386571718144e-01 7.006785496530032768e-04 9.902339776195320242e-01 9.923702950152594182e-01
8.096192384769538286e-01 9.916174974567649736e-01 6.962335150465379574e-04 9.903357070193286038e-01 9.925737538148524663e-01
8.116232464929858947e-01 9.917700915564600095e-01 7.242818926277985129e-04 9.904374364191250724e-01 9.927772126144456255e-01
8.136272545090179609e-01 9.918819938962361027e-01 6.729536280179561130e-04 9.907426246185147001e-01 9.928789420142420941e-01
8.156312625250500270e-01 9.919430315361139616e-01 6.971247893799183398e-04 9.908443540183112797e-01 9.928789420142420941e-01
8.176352705410820931e-01 9.920142421159715562e-01 7.211315808116879880e-04 9.908443540183112797e-01 9.929806714140386736e-01
8.196392785571141593e-01 9.921973550356051330e-01 7.279874125255264691e-04 9.909460834181078592e-01 9.931841302136317218e-01
8.216432865731462254e-01 9.923194303153610729e-01 7.239960670868107956e-04 9.910478128179043278e-01 9.932858596134283014e-01
8.236472945891782915e-01 9.924313326551372771e-01 7.050955626109333026e-04 9.913530010172939555e-01 9.934893184130213495e-01
8.256513026052103577e-01 9.925330620549338567e-01 7.574571910065602950e-04 9.913530010172939555e-01 9.936927772126143976e-01
8.276553106212424238e-01 9.926246185147507006e-01 7.777477079775153368e-04 9.913530010172939555e-01 9.937945066124109772e-01
8.296593186372744899e-01 9.927568667344861542e-01 7.955733385968489580e-04 9.913530010172939555e-01 9.938962360122075568e-01
8.316633266533065560e-01 9.928789420142422051e-01 7.734111010680899852e-04 9.915564598168871147e-01 9.938962360122075568e-01
8.336673346693386222e-01 9.929704984740590490e-01 7.819941013622358191e-04 9.915564598168871147e-01 9.939979654120040253e-01
8.356713426853706883e-01 9.931332655137333765e-01 7.022276645136279723e-04 9.919633774160732109e-01 9.942014242115971845e-01
8.376753507014027544e-01 9.932756866734486767e-01 7.753488916496974670e-04 9.919633774160732109e-01 9.944048830111902326e-01
8.396793587174348206e-01 9.934384537131231152e-01 7.268492646142960846e-04 9.920651068158697905e-01 9.944048830111902326e-01
8.416833667334668867e-01 9.936317395727366497e-01 6.689433254434781241e-04 9.922685656154628386e-01 9.944048830111902326e-01
8.436873747494989528e-01 9.937741607324517279e-01 6.926569493611114698e-04 9.922685656154628386e-01 9.945066124109868122e-01
8.456913827655310190e-01 9.938555442522888361e-01 6.902622768540039953e-04 9.923702950152594182e-01 9.946083418107832808e-01
8.476953907815630851e-01 9.939267548321465418e-01 6.304761111839747188e-04 9.925737538148524663e-01 9.946083418107832808e-01
8.496993987975951512e-01 9.939877924720244007e-01 6.294904783074265625e-04 9.925737538148524663e-01 9.946083418107832808e-01
8.517034068136272174e-01 9.941403865717191035e-01 5.917818747608896918e-04 9.928789420142420941e-01 9.949135300101729085e-01
8.537074148296592835e-01 9.942217700915563228e-01 6.349740197081195315e-04 9.929806714140386736e-01 9.951169888097660676e-01
8.557114228456913496e-01 9.943540183112921094e-01 6.141794037893650790e-04 9.931841302136317218e-01 9.952187182095625362e-01
8.577154308617234157e-01 9.943947100712104969e-01 6.245389818177332370e-04 9.931841302136317218e-01 9.953204476093591158e-01
8.597194388777554819e-01 9.945066124109868122e-01 5.843909101259479747e-04 9.932858596134283014e-01 9.953204476093591158e-01
8.617234468937875480e-01 9.946897253306206110e-01 6.100372065336897957e-04 9.935910478128179291e-01 9.957273652085453230e-01
8.637274549098196141e-01 9.948321464903356892e-01 6.510681586978626662e-04 9.936927772126143976e-01 9.960325534079348397e-01
8.657314629258516803e-01 9.949440488301117824e-01 6.172049364035609147e-04 9.937945066124109772e-01 9.960325534079348397e-01
8.677354709418837464e-01 9.949745676500507674e-01 6.174563949336146253e-04 9.937945066124109772e-01 9.960325534079348397e-01
8.697394789579158125e-01 9.951780264496438155e-01 5.935280629019325368e-04 9.942014242115971845e-01 9.962360122075279989e-01
8.717434869739478787e-01 9.952492370295015212e-01 6.255324166691104970e-04 9.943031536113936530e-01 9.963377416073244675e-01
8.737474949899798338e-01 9.952899287894201308e-01 6.593603427507265663e-04 9.943031536113936530e-01 9.964394710071210470e-01
8.757515030060118999e-01 9.953713123092573500e-01 6.643638603155834843e-04 9.944048830111902326e-01 9.964394710071210470e-01
8.777555110220439660e-01 9.954730417090541517e-01 6.501933339277520679e-04 9.944048830111902326e-01 9.966429298067140952e-01
8.797595190380760322e-01 9.955951169888097585e-01 6.577889383652834503e-04 9.947100712105798603e-01 9.969481180061037229e-01
8.817635270541080983e-01 9.956765005086470888e-01 6.674720123021012953e-04 9.948118006103764399e-01 9.970498474059003025e-01
8.837675350701401644e-01 9.957680569684639327e-01 6.485199369485001924e-04 9.949135300101729085e-01 9.970498474059003025e-01
8.857715430861722306e-01 9.958290946083419026e-01 6.561349133915519039e-04 9.950152594099694880e-01 9.971515768056968820e-01
8.877755511022042967e-01 9.958901322482198726e-01 6.658420415850820973e-04 9.950152594099694880e-01 9.972533062054933506e-01
8.897795591182363628e-01 9.959715157680569808e-01 6.917599186164655710e-04 9.950152594099694880e-01 9.973550356052899302e-01
8.917835671342684289e-01 9.960528992878942001e-01 6.605364427567945312e-04 9.952187182095625362e-01 9.974567650050865097e-01
8.937875751503004951e-01 9.961546286876907796e-01 6.134206889799132065e-04 9.953204476093591158e-01 9.974567650050865097e-01
8.957915831663325612e-01 9.962360122075279989e-01 6.254496906994571909e-04 9.954221770091556953e-01 9.975584944048829783e-01
8.977955911823646273e-01 9.963580874872837168e-01 6.100372065336702801e-04 9.955239064089521639e-01 9.975584944048829783e-01
8.997995991983966935e-01 9.964598168870804074e-01 6.333421125645218941e-04 9.956256358087487435e-01 9.978636826042726060e-01
9.018036072144287596e-01 9.965208545269582663e-01 6.573955003623012513e-04 9.956256358087487435e-01 9.979654120040691856e-01
9.038076152304608257e-01 9.966632756866735665e-01 6.234609744066945975e-04 9.957273652085453230e-01 9.979654120040691856e-01
9.058116232464928919e-01 9.967751780264496597e-01 5.880100108491886565e-04 9.959308240081383712e-01 9.980671414038657652e-01
9.078156312625249580e-01 9.969074262461850022e-01 5.704108146033033590e-04 9.960325534079348397e-01 9.981688708036622337e-01
9.098196392785570241e-01 9.969989827060020682e-01 5.595116988809737671e-04 9.961342828077314193e-01 9.981688708036622337e-01
9.118236472945890903e-01 9.971007121057985367e-01 5.192187245239133055e-04 9.963377416073244675e-01 9.982706002034588133e-01
9.138276553106211564e-01 9.972126144455746299e-01 5.230909514621464099e-04 9.965412004069176266e-01 9.984740590030518614e-01
9.158316633266532225e-01 9.972939979654119602e-01 5.425144100090900645e-04 9.965412004069176266e-01 9.985757884028484410e-01
9.178356713426852886e-01 9.973753814852491795e-01 5.163205509847321401e-04 9.966429298067140952e-01 9.985757884028484410e-01
9.198396793587173548e-01 9.974567650050865097e-01 4.706015668858821110e-04 9.967446592065106747e-01 9.985757884028484410e-01
9.218436873747494209e-01 9.975381485249237290e-01 4.522097817068615336e-04 9.968463886063072543e-01 9.986775178026449096e-01
9.238476953907814870e-01 9.975991861648015879e-01 4.508345840520760171e-04 9.968463886063072543e-01 9.986775178026449096e-01
9.258517034068135532e-01 9.976703967446592936e-01 4.559701898477093712e-04 9.969481180061037229e-01 9.987792472024414892e-01
9.278557114228456193e-01 9.977416073245166661e-01 4.452913250913380751e-04 9.970498474059003025e-01 9.987792472024414892e-01
9.298597194388776854e-01 9.978128179043743717e-01 4.509493440346246497e-04 9.970498474059003025e-01 9.987792472024414892e-01
9.318637274549097516e-01 9.978535096642928703e-01 4.536948752996570111e-04 9.970498474059003025e-01 9.987792472024414892e-01
9.338677354709418177e-01 9.979348931841300896e-01 4.293173519025238541e-04 9.971515768056968820e-01 9.987792472024414892e-01
9.358717434869738838e-01 9.979959308240079485e-01 3.967446592065103231e-04 9.973550356052899302e-01 9.987792472024414892e-01
9.378757515030059499e-01 9.980569684638858075e-01 3.818580748550025154e-04 9.974567650050865097e-01 9.987792472024414892e-01
9.398797595190380161e-01 9.981078331637842638e-01 3.729461399760525351e-04 9.974567650050865097e-01 9.987792472024414892e-01
9.418837675350700822e-01 9.982299084435399816e-01 3.645264062496293136e-04 9.975584944048829783e-01 9.987792472024414892e-01
9.438877755511021483e-01 9.983214649033571586e-01 3.972660058955535369e-04 9.976602238046795579e-01 9.988809766022380687e-01
9.458917835671342145e-01 9.983621566632757682e-01 3.623909080479419923e-04 9.977619532044761375e-01 9.988809766022380687e-01
9.478957915831662806e-01 9.984231943031536272e-01 3.381641940710925940e-04 9.978636826042726060e-01 9.988809766022380687e-01
9.498997995991983467e-01 9.984944048830112218e-01 3.145396710832275267e-04 9.978636826042726060e-01 9.988809766022380687e-01
9.519038076152304129e-01 9.985859613428280657e-01 2.964151024279468348e-04 9.981688708036622337e-01 9.990844354018311169e-01
9.539078156312624790e-01 9.986469989827060356e-01 2.806330462692481660e-04 9.982706002034588133e-01 9.991861648016276964e-01
9.559118236472945451e-01 9.986673448626653959e-01 2.821042649819297172e-04 9.982706002034588133e-01 9.991861648016276964e-01
9.579158316633266113e-01 9.987894201424211138e-01 2.107051391374310106e-04 9.984740590030518614e-01 9.991861648016276964e-01
9.599198396793586774e-01 9.988911495422178044e-01 2.107051391374283272e-04 9.985757884028484410e-01 9.991861648016276964e-01
9.619238476953907435e-01 9.989521871820956633e-01 2.409505449100178532e-04 9.985757884028484410e-01 9.992878942014241650e-01
9.639278557114228096e-01 9.990437436419125072e-01 1.831129196337766328e-04 9.987792472024414892e-01 9.992878942014241650e-01
9.659318637274548758e-01 9.990946083418107415e-01 1.900462023628624725e-04 9.987792472024414892e-01 9.993896236012207446e-01
9.679358717434869419e-01 9.991556459816888225e-01 1.822632031248016193e-04 9.988809766022380687e-01 9.993896236012207446e-01
9.699398797595190080e-01 9.992268565615463061e-01 1.886799286977792155e-04 9.988809766022380687e-01 9.994913530010173242e-01
9.719438877755510742e-01 9.992878942014241650e-01 2.034587995930870028e-04 9.988809766022380687e-01 9.994913530010173242e-01
9.739478957915831403e-01 9.993489318413022460e-01 2.143571465483748158e-04 9.988809766022380687e-01 9.995930824008137927e-01
9.759519038076150954e-01 9.994201424211597296e-01 2.087312769957536227e-04 9.988809766022380687e-01 9.995930824008137927e-01
9.779559118236471615e-01 9.994710071210581859e-01 1.690055719820560511e-04 9.990844354018311169e-01 9.996948118006103723e-01
9.799599198396792277e-01 9.995523906408954051e-01 1.589064023582160263e-04 9.991861648016276964e-01 9.997965412004069519e-01
9.819639278557112938e-01 9.996236012207528887e-01 1.705295484663569324e-04 9.992878942014241650e-01 9.997965412004069519e-01
9.839679358717433599e-01 9.996642929806714983e-01 1.442263161623579427e-04 9.993896236012207446e-01 9.997965412004069519e-01
9.859719438877754261e-01 9.996846388606307476e-01 1.539445162809998735e-04 9.993896236012207446e-01 9.998982706002034204e-01
9.879759519038074922e-01 9.997355035605289819e-01 1.220752797558658789e-04 9.995930824008137927e-01 9.998982706002034204e-01
9.899799599198395583e-01 9.997456765005086066e-01 1.383669431204207997e-04 9.995930824008137927e-01 1.000000000000000000e+00
9.919839679358716245e-01 9.998067141403865765e-01 1.398548024910301090e-04 9.995930824008137927e-01 1.000000000000000000e+00
9.939879759519036906e-01 9.998474059003050751e-01 1.137369266276529417e-04 9.996948118006103723e-01 1.000000000000000000e+00
9.959919839679357567e-01 9.999084435401831561e-01 8.450278599101600447e-05 9.997965412004069519e-01 1.000000000000000000e+00
9.979959919839678228e-01 9.999694811800610150e-01 4.661826749702512030e-05 9.998982706002034204e-01 1.000000000000000000e+00
1.000000000000000000e+00 1.000000000000000000e+00 0.000000000000000000e+00 1.000000000000000000e+00 1.000000000000000000e+00
