# signal_efficiencies		0sq-mean	0sq-std	0sq-min	0sq-max	1sq-mean	1sq-std	1sq-min	1sq-max	2sq-mean	2sq-std	2sq-min	2sq-max	all-mean	all-std	all-min	all-max
1.000000000000000021e-02 4.429875185759967089e-03 7.378671977382837699e-03 1.319091614132978730e-03 2.652529991990319747e-02 7.186587128459454021e-02 2.935978394891920404e-02 4.797763593789138720e-02 1.264103084352740936e-01 2.275696413771614579e-01 3.277787532618239158e-02 1.896263058221059061e-01 2.749077528902967860e-01 2.558138412199578160e-01 3.363045874285014447e-02 2.178023319038278338e-01 3.038347738777316676e-01
1.497487437185929596e-02 3.562523206254586926e-03 3.480944287645884247e-03 1.902484751215674811e-03 1.389879345333763783e-02 7.497254631619860998e-02 1.325421227715994563e-02 5.550115565817533014e-02 9.030447018376207280e-02 2.629868885040226312e-01 2.297752000368670153e-02 2.205774572760894336e-01 2.917241010508672128e-01 2.987518313059153163e-01 2.412545291647646278e-02 2.561369905605122010e-01 3.273151822176834091e-01
1.994974874371859344e-02 3.299175869712006517e-03 9.675744260708418190e-04 2.471050883889121426e-03 4.993798320015271908e-03 8.564916958635596100e-02 1.338058740062524413e-02 6.629908267722381399e-02 1.140402241219928697e-01 3.007646013966534526e-01 2.451596181315685713e-02 2.612345196581306039e-01 3.396851413917279516e-01 3.433035070783052589e-01 2.530938568184327650e-02 3.028510932449851589e-01 3.836980571976244536e-01
2.492462311557788746e-02 3.564817745779062276e-03 8.771290367984074582e-04 2.799359517311836559e-03 5.364241936280443428e-03 9.658221217316106944e-02 1.317971801914167435e-02 7.720118509696029252e-02 1.095088801218157271e-01 3.375241875764061761e-01 2.438434723915414853e-02 2.953680645922082681e-01 3.613138212069224031e-01 3.854878135966989250e-01 2.413540439682100233e-02 3.425668400907484479e-01 4.053446014873972048e-01
2.989949748743718494e-02 4.326751184568182126e-03 9.805740523377178258e-04 3.275555110885268288e-03 6.276725346746727177e-03 1.058250147607202180e-01 1.408259734143538396e-02 8.378230100077647957e-02 1.275123029727738000e-01 3.694677700355905037e-01 2.500540201351810973e-02 3.253855407081691076e-01 4.005234930716232711e-01 4.220417815399743477e-01 2.494282054404799512e-02 3.778010257760761603e-01 4.549374100055015857e-01
3.487437185929648242e-02 4.564152437887296007e-03 1.010480861979152351e-03 3.453865953385847672e-03 6.773234372549104786e-03 1.138273930972168585e-01 1.087583945436246605e-02 9.651896068268191187e-02 1.263794573705003810e-01 3.965773196812830137e-01 2.111376045450720149e-02 3.580172191757006184e-01 4.156617906122352935e-01 4.537206410728559236e-01 2.164291472254311482e-02 4.155985737653939416e-01 4.745603334228731818e-01
3.984924623115577991e-02 5.019390775698857887e-03 1.100853076841873954e-03 3.665911023359407286e-03 7.702554751775286465e-03 1.243402238584347258e-01 9.733564691203037619e-03 1.090311105308651440e-01 1.415517083933073295e-01 4.272300071766298446e-01 1.923757773629191856e-02 3.958560357966851573e-01 4.541733952964705501e-01 4.893635663513474232e-01 1.872085664885442605e-02 4.579702245076284761e-01 5.171003143497544530e-01
4.482412060301507739e-02 5.052910106538533938e-03 7.182034294083855259e-04 3.939901891666707477e-03 6.376764978358592968e-03 1.337055947636530129e-01 1.092863867590191697e-02 1.212137825939204883e-01 1.561853681490716628e-01 4.571601685634904544e-01 1.821611860797148208e-02 4.315616168131594654e-01 4.903240317797383230e-01 5.232477336261590617e-01 1.870513828215756430e-02 4.978941726462177697e-01 5.569569251708424984e-01
4.979899497487437487e-02 5.695409569882765345e-03 1.142098154337107142e-03 4.460429191207622782e-03 8.370164596134222965e-03 1.427884322279870388e-01 1.331272039194553169e-02 1.231038773525492264e-01 1.703395765621085189e-01 4.865412331887791209e-01 2.049557556940197547e-02 4.537810048127946527e-01 5.245041122793625554e-01 5.566348768088152932e-01 2.086710881636185538e-02 5.218165235265077584e-01 5.945621470236147621e-01
5.477386934673367236e-02 5.522645414317165283e-03 6.637988465006758191e-04 4.765288331073589886e-03 7.274491830569735501e-03 1.463681494550506668e-01 1.728729896920581932e-02 1.233458150918160107e-01 1.840401594714439204e-01 5.062845704643506028e-01 2.638348381168563461e-02 4.679278630790754123e-01 5.569513530585322725e-01 5.777465779536508084e-01 2.713961215453017037e-02 5.397281423521569366e-01 6.302445275132185776e-01
5.974874371859296984e-02 5.889312179177219782e-03 5.762635756496554745e-04 5.133709045693757994e-03 7.133126546086105205e-03 1.543229820436156641e-01 1.871319798309839175e-02 1.334924758523201582e-01 1.923436292144224125e-01 5.247622845981797512e-01 2.597694487250494511e-02 4.848878956652866723e-01 5.833992593735860543e-01 5.996086286565776025e-01 2.584606628635048239e-02 5.610282383002238582e-01 6.576565844170666475e-01
6.472361809045226733e-02 5.797408676850909943e-03 3.759662965213321040e-04 5.035349937516140836e-03 6.355435234072753792e-03 1.587470387149007567e-01 1.386438533745510196e-02 1.434992302449097368e-01 1.926194786458331754e-01 5.438030579945237752e-01 2.266498628961921558e-02 5.142144627774206667e-01 5.959196739059228198e-01 6.214838052740341290e-01 2.334485736692170840e-02 5.937807075933771994e-01 6.758338573092919077e-01
6.969849246231155093e-02 6.260660360630476359e-03 4.390096894841772420e-04 5.873901314193139336e-03 7.257901352961899054e-03 1.671496754551582697e-01 1.480480897490675171e-02 1.533518404517295874e-01 2.046262249018712398e-01 5.657014828012845165e-01 1.815302901370595065e-02 5.425973866666500278e-01 6.051930224095602995e-01 6.485450048800783795e-01 1.799898541143933259e-02 6.253906375671909323e-01 6.883725013878522203e-01
7.467336683417084842e-02 6.220775100582347575e-03 4.960198101153023105e-04 5.528807950318569663e-03 7.050591734053626193e-03 1.710963828390983654e-01 1.273065632986270304e-02 1.564709551601703996e-01 2.015754762985879078e-01 5.845672355125338671e-01 2.072056925473816577e-02 5.571129427453478389e-01 6.328869875764708830e-01 6.697459331632076296e-01 2.176367263502810429e-02 6.427231840288534226e-01 7.188788451375155431e-01
7.964824120603014590e-02 6.343817681573919558e-03 5.304617306506202766e-04 5.319645556571252210e-03 7.359626519317987239e-03 1.763490055288043923e-01 1.001365828982260682e-02 1.596229322250158900e-01 1.895577646121103799e-01 6.041750202938646064e-01 1.770112491043625974e-02 5.713478697917975246e-01 6.258294834069558776e-01 6.924547686292966686e-01 1.787291115585259646e-02 6.596419934203880953e-01 7.149251411822215019e-01
8.462311557788944338e-02 6.029438733962356849e-03 9.060327873068264783e-04 4.761493392127098476e-03 7.698801859714799259e-03 1.823804088158545444e-01 1.142036106290176926e-02 1.628043772040532189e-01 1.996431367396568068e-01 6.280821234996344371e-01 1.695778916819593723e-02 5.970093701971933564e-01 6.518169240280757837e-01 7.180836420955482025e-01 1.700041650608323865e-02 6.882653845620971822e-01 7.436247790144012715e-01
8.959798994974874087e-02 6.498348354772594260e-03 4.746748353330764347e-04 5.571084675117759892e-03 7.273129288447114857e-03 1.891176890814796896e-01 1.268116588530393031e-02 1.713905015741888915e-01 2.095747167476464667e-01 6.429357590201267847e-01 2.116805408757707618e-02 6.102322458220926782e-01 6.770425475376489199e-01 7.372065992223433284e-01 2.133957967701491723e-02 7.040162290537858025e-01 7.714600213602864631e-01
9.457286432160803835e-02 5.917079540392199306e-03 6.586153428780067848e-04 4.793697590039962611e-03 6.910757016925811458e-03 1.927012974708799675e-01 8.467288454315309229e-03 1.798856374625968368e-01 2.093926995207301134e-01 6.613021855460639031e-01 1.945074861419061538e-02 6.345043291058897195e-01 6.969821131516567014e-01 7.554989220485840429e-01 1.763664019592085103e-02 7.310573919430324308e-01 7.835374001342443329e-01
9.954773869346733584e-02 6.200284495785102559e-03 7.331061391932354671e-04 5.050442213217157077e-03 7.242998376063118637e-03 1.951234021539720587e-01 9.778391498754684247e-03 1.824728332916508433e-01 2.131612531181651671e-01 6.776560256084189771e-01 1.861934835556364187e-02 6.468550849239491640e-01 7.103710542434132913e-01 7.757769051541881788e-01 2.017206938155781740e-02 7.458188672779721973e-01 8.099175630525363712e-01
1.045226130653266333e-01 5.710716401467881738e-03 3.628840386180268575e-04 4.992134393112611541e-03 6.306564140681874750e-03 1.964351019250251684e-01 7.760272795339328601e-03 1.851100877082237639e-01 2.105575355527261050e-01 6.940416240561936290e-01 1.540821697376094229e-02 6.699450997641854810e-01 7.194819380112719154e-01 7.935102321834774930e-01 1.627632436511333019e-02 7.715149888338506123e-01 8.215382004831781604e-01
1.094974874371859308e-01 6.079991281523106778e-03 4.658210354411479524e-04 5.177520259261380285e-03 6.776573640748865569e-03 2.004218835316975422e-01 9.016691832155372677e-03 1.864804476962311497e-01 2.191997605757636247e-01 7.056458303114154784e-01 1.337078775215728467e-02 6.925387995924005002e-01 7.288251684998493518e-01 8.086355310573581923e-01 1.322844796571558297e-02 7.966371898858363165e-01 8.332834552842114384e-01
1.144723618090452283e-01 6.168673548143102474e-03 3.942115776654035730e-04 5.401123537474963703e-03 6.831268823885055380e-03 2.032082683411318147e-01 8.946574354463341164e-03 1.884382589585584522e-01 2.179461057793952994e-01 7.213195241162884130e-01 1.505952575079235779e-02 7.036469772077909024e-01 7.510677559027498784e-01 8.259651853652725251e-01 1.461435765177218453e-02 8.100024899296525138e-01 8.578754412920941430e-01
1.194472361809045258e-01 5.917566501581828127e-03 2.814084063065074004e-04 5.425177696428339254e-03 6.293829550798359963e-03 2.026029954048488846e-01 1.017812171140428622e-02 1.837824040253512869e-01 2.210603393779999315e-01 7.297016528502047183e-01 1.676413178495529677e-02 6.948521287940715441e-01 7.525835454152157711e-01 8.367691235472236588e-01 1.744725107847834231e-02 8.028423756569297298e-01 8.569834547291359517e-01
1.244221105527638233e-01 6.168048365955411567e-03 2.882916713370721777e-04 5.646550524225324788e-03 6.481145036929786274e-03 2.068676880698317733e-01 1.055875487356392264e-02 1.865631557751522840e-01 2.223318141290731575e-01 7.439054964816661508e-01 1.466381242997309708e-02 7.158715882498817296e-01 7.692150266546000648e-01 8.485391437426497152e-01 1.282905984020276877e-02 8.262903722467892509e-01 8.688501054415992408e-01
1.293969849246231207e-01 5.954773448425041901e-03 2.581533115602387151e-04 5.599653823987903525e-03 6.364301663705374673e-03 2.104471135118904379e-01 1.063746003929560979e-02 1.869213495116110457e-01 2.248732525620217859e-01 7.545840832542175525e-01 1.415699258297865859e-02 7.365157378221265372e-01 7.784487599271994185e-01 8.627140474069303622e-01 1.833392195938866875e-02 8.301579262474877430e-01 8.919535383294101560e-01
1.343718592964824043e-01 6.073885294238889551e-03 3.184518329184590616e-04 5.400652839741153059e-03 6.465621113515538504e-03 2.116244434712023226e-01 9.223985702842947554e-03 1.934804460606446563e-01 2.253317458772914894e-01 7.623572846906633282e-01 1.513834603968957151e-02 7.292604790869590126e-01 7.842711913628210851e-01 8.738361904813920500e-01 1.337746088293642090e-02 8.432980113278215617e-01 8.924976224337328734e-01
1.393467336683417157e-01 5.864163536809542492e-03 2.897112966521084277e-04 5.440497994505036350e-03 6.281137138073701782e-03 2.151022565726712910e-01 9.450328216479748217e-03 1.974534342863563108e-01 2.270011430223782267e-01 7.738905404653225739e-01 1.705693292599485059e-02 7.404328270554642044e-01 7.970543873370835586e-01 8.883730006603342000e-01 1.959195554779416190e-02 8.480793963957293791e-01 9.147421973988802968e-01
1.443216080402010271e-01 6.103797207552693130e-03 4.384487653252984972e-04 5.457499642590006583e-03 6.722277559394512943e-03 2.186533624168340018e-01 1.042024920884498766e-02 1.977169475322108350e-01 2.331612002793422844e-01 7.877083267963065349e-01 2.185809698978709650e-02 7.433551645754642445e-01 8.167647017449398694e-01 9.038922050322042434e-01 2.273163737005356663e-02 8.580619636448238996e-01 9.360467501444312832e-01
1.492964824120603107e-01 5.804253600879810855e-03 3.017329373261972672e-04 5.290031936784208959e-03 6.270457810550578159e-03 2.197698401578516703e-01 1.029205681757779274e-02 2.012732490140810848e-01 2.305746370618733943e-01 8.003713678392729847e-01 2.155819878283323984e-02 7.544380995788648736e-01 8.257485830756281509e-01 9.184973298081994253e-01 2.086911644175187125e-02 8.743275440728346393e-01 9.475708092412192807e-01
1.542713567839196220e-01 5.997734297139871093e-03 3.836885253455022651e-04 5.226739392322346696e-03 6.577495292007097365e-03 2.204981750319965905e-01 9.963153996006749932e-03 2.016509231067247221e-01 2.324492865997864199e-01 8.108840673514923214e-01 2.043264624770437313e-02 7.653748253420163961e-01 8.347414876250663918e-01 9.301695639148845896e-01 2.240714149176057865e-02 8.834274706273085309e-01 9.585132236818563189e-01
1.592462311557789056e-01 5.746683307654369688e-03 2.657131693428719686e-04 5.305546658384837494e-03 6.226943751016740525e-03 2.213594228014913734e-01 9.062308353037231215e-03 2.044809227785799599e-01 2.343674688934460071e-01 8.219608502475388434e-01 2.304673320237852693e-02 7.761693138984179230e-01 8.453188057546936474e-01 9.437131273459800074e-01 2.460708292719028870e-02 8.938079010332842245e-01 9.694223702527930975e-01
1.642211055276382170e-01 5.917571123689856910e-03 2.682152774645539701e-04 5.388201138106881415e-03 6.398653502672365344e-03 2.204013122126078361e-01 9.400073128338579456e-03 2.072744995999672712e-01 2.363204741548153576e-01 8.321865368606105040e-01 2.607630322327337408e-02 7.868243131157621750e-01 8.621635442195292320e-01 9.541632702494364793e-01 2.414977127681678173e-02 9.123725105041134986e-01 9.898819916586926171e-01
1.691959798994975006e-01 5.812581807768594025e-03 2.903742752221111418e-04 5.246517227087365426e-03 6.397288143269225583e-03 2.198176995330830830e-01 9.262525879200714587e-03 2.071646276971833567e-01 2.395324369556264821e-01 8.417166162877443014e-01 2.322816467365197701e-02 7.973461133572585791e-01 8.693046073644028482e-01 9.626694338251848837e-01 2.231703055601176253e-02 9.173330983739903521e-01 9.910876554842756869e-01
1.741708542713567842e-01 5.889185091293587179e-03 3.105911665709945547e-04 5.339806696355340471e-03 6.503957114721314360e-03 2.200721205527274849e-01 9.940521222779684363e-03 2.048199195816121088e-01 2.403650081357606161e-01 8.469832067093008288e-01 1.885879519603732637e-02 8.072292548375442633e-01 8.732742300674829483e-01 9.659304061265597818e-01 2.021947774619479651e-02 9.296616535764925526e-01 1.001833920568764746e+00
1.791457286432160956e-01 5.797669007564961764e-03 3.999088705512461963e-04 5.163520421260065461e-03 6.522833542397515373e-03 2.205378317270925703e-01 1.036994065246480551e-02 2.011388809897849683e-01 2.384066455163404707e-01 8.484165382043904469e-01 1.790280898486363084e-02 8.180043348438879036e-01 8.794917631593538454e-01 9.736185178601036716e-01 2.151792089984104830e-02 9.348641009004385882e-01 1.010615361237226839e+00
1.841206030150753792e-01 6.017220699176767038e-03 3.595924142284451599e-04 5.349055070692953356e-03 6.740853200735663110e-03 2.199782514725857896e-01 9.936563928074314267e-03 2.054566258371241794e-01 2.443545653921949390e-01 8.525100098451687813e-01 2.050225432238039075e-02 8.214592117117412995e-01 8.800983495432650461e-01 9.798262209904766706e-01 2.289428591331784182e-02 9.469986172149681414e-01 1.014684462894954509e+00
1.890954773869346905e-01 5.914294813355160628e-03 4.222958180553979934e-04 5.158232890321861816e-03 6.724147671566379526e-03 2.222245508413722148e-01 9.908715984435571486e-03 2.060250043083232674e-01 2.465110059137779475e-01 8.599446964250961889e-01 2.172875315238378263e-02 8.251709324495982711e-01 8.891014180171364911e-01 9.883674306234648821e-01 2.475075325847305927e-02 9.395499745512894130e-01 1.025417221242144628e+00
1.940703517587939742e-01 6.024024633520866194e-03 3.879539630986387805e-04 5.329104064450610953e-03 6.461107946460734226e-03 2.211476509426426595e-01 8.544132027471789889e-03 2.071931940305337949e-01 2.422125333605419650e-01 8.681249959551105011e-01 2.452100412905955026e-02 8.171277212645171595e-01 9.059278972908314520e-01 9.971568044698612132e-01 2.363728324931336361e-02 9.516648800433620270e-01 1.044162689040682546e+00
1.990452261306532855e-01 5.965927541954707883e-03 3.545601160844776088e-04 5.372646094709428687e-03 6.559894065451177605e-03 2.219967017490287464e-01 9.593051067153624684e-03 2.116020179857511230e-01 2.469791669003459089e-01 8.754611488114228957e-01 2.314608623950856550e-02 8.332288355468168151e-01 9.204309391633826998e-01 1.005294867950825566e+00 2.115150257718222473e-02 9.698024613904050462e-01 1.046643384755674866e+00
2.040201005025125691e-01 6.098039470726734045e-03 3.802587284060223653e-04 5.416188124968245553e-03 6.615407371366190635e-03 2.228330595207202447e-01 8.226662941816603042e-03 2.101783761883225798e-01 2.396045198598541759e-01 8.816289978437291674e-01 2.127148247072671930e-02 8.491729341884706184e-01 9.233172560802205275e-01 1.012191187413187921e+00 2.072135386406154245e-02 9.754421909884530839e-01 1.054383060146630857e+00
2.089949748743718805e-01 5.997193329514555020e-03 3.334090721189611451e-04 5.459730155227063286e-03 6.660643384175789217e-03 2.231973890759469392e-01 8.698511337673700550e-03 2.109472576279712852e-01 2.390512125427723122e-01 8.867015991341975489e-01 1.988990103475439530e-02 8.532216574878676019e-01 9.245298180563006341e-01 1.023019257637195478e+00 2.266212253789127648e-02 9.871163371328222080e-01 1.067543875152927368e+00
2.139698492462311641e-01 6.169275283640764627e-03 3.449187446518909238e-04 5.616794361718239169e-03 6.837804116025233102e-03 2.244301750405033324e-01 8.321274093911510544e-03 2.136719139052015159e-01 2.405516608617966900e-01 8.954192737226090992e-01 2.333895567478749822e-02 8.630448995943663659e-01 9.405017928530909899e-01 1.024875265278485603e+00 2.108417323887533390e-02 9.986541778701037986e-01 1.064802352249688333e+00
2.189447236180904754e-01 6.094791667070736767e-03 3.228492071987258943e-04 5.618439384489633086e-03 6.777506456514890976e-03 2.244274500645647152e-01 9.045841510123041676e-03 2.108443893490638266e-01 2.359456380880054216e-01 8.967640407776336087e-01 2.112071828508888666e-02 8.672026713273672804e-01 9.280919298943062223e-01 1.032626217601133378e+00 2.080450108738832182e-02 9.986137976776634506e-01 1.060126857880745010e+00
2.239195979899497591e-01 6.216759580536765015e-03 2.434839608758129033e-04 5.761784982338904494e-03 6.628526774193082075e-03 2.234614972994273252e-01 7.784584955931110085e-03 2.141618992388069354e-01 2.336424558040748889e-01 9.039527290591925501e-01 2.027743596578720706e-02 8.714856763227311065e-01 9.303476454178121191e-01 1.042643816970695969e+00 2.233407913705082876e-02 1.015632622917748140e+00 1.077436087755693883e+00
2.288944723618090704e-01 6.356349105617283002e-03 3.291306037241297313e-04 5.864797659365325079e-03 7.045433624056745767e-03 2.242624289845379926e-01 5.500601689971063718e-03 2.179808209869763258e-01 2.338800263759094611e-01 9.123270403390737471e-01 2.136933616072814179e-02 8.864413020735495419e-01 9.456621184978928341e-01 1.050557189559852667e+00 2.240536945688410483e-02 1.019362702219034800e+00 1.081262097755700591e+00
2.338693467336683540e-01 6.332733884720466271e-03 2.254276821074926898e-04 5.899758835446421851e-03 6.659714080602360461e-03 2.240944808131405674e-01 4.728732357427881811e-03 2.154619477015471962e-01 2.301049949356159252e-01 9.184833457172881799e-01 2.240267916662919481e-02 8.856226722406476126e-01 9.507625989540509082e-01 1.057688568549277175e+00 2.232867474639734992e-02 1.016485884611827206e+00 1.091685483403680657e+00
2.388442211055276654e-01 6.416524337236900570e-03 1.988470031138213096e-04 5.965681479208454624e-03 6.628468967154025476e-03 2.262546377417738452e-01 4.521485136133799980e-03 2.180904305743874561e-01 2.325837856997012565e-01 9.246819060364183107e-01 2.224957491098634998e-02 8.849369385704632940e-01 9.629525132910859986e-01 1.063855878434330160e+00 2.490193827629930134e-02 1.027677311865063947e+00 1.098080465545206774e+00
2.438190954773869490e-01 6.334683425790081819e-03 2.909062256766617753e-04 5.766064762342609611e-03 6.681077478787915240e-03 2.278048449997719660e-01 4.533027785351567002e-03 2.223447219057920199e-01 2.370786289838483218e-01 9.300340036509553432e-01 2.409576786226428832e-02 8.944089422825524105e-01 9.653166354464853827e-01 1.066501188484893170e+00 2.060744382644977626e-02 1.043893097771867673e+00 1.093913196625003748e+00
2.487939698492462326e-01 6.518814892718658924e-03 2.159781851531456887e-04 6.084761324390467775e-03 6.780281848266368587e-03 2.271597239904243892e-01 5.850187676511972926e-03 2.185334211193946385e-01 2.356051267583656739e-01 9.311521932795410184e-01 2.034879101373873039e-02 9.086444577541947787e-01 9.562626014697465093e-01 1.074531104916286006e+00 1.626941347812737790e-02 1.054802171000151167e+00 1.104293595987594800e+00
2.537688442211055162e-01 6.363259394147810326e-03 3.978122175267618946e-04 5.652986831412860035e-03 6.804534325968530917e-03 2.276140941954186148e-01 5.093530556669479369e-03 2.195973655520312706e-01 2.361883960097285462e-01 9.373140797108232558e-01 1.594970018337410131e-02 9.178773885641596797e-01 9.649838766432831116e-01 1.078676149326858846e+00 1.679869626526498197e-02 1.055566098407341835e+00 1.114579225641555427e+00
2.587437185929647998e-01 6.449480698570877850e-03 4.285611044820165634e-04 5.739873148489744309e-03 6.910382258935624314e-03 2.266970627029173679e-01 7.026786708388647364e-03 2.128765925269387460e-01 2.350440065141461421e-01 9.418281334831684060e-01 1.489069025817548429e-02 9.215358868158012307e-01 9.736294790049349057e-01 1.088738416325611080e+00 1.438039835344116606e-02 1.066342152054367887e+00 1.113433439727861352e+00
2.637185929648241389e-01 6.289927973136227694e-03 4.814344606744776081e-04 5.494811420813408044e-03 6.800302390460896511e-03 2.262204903193750505e-01 6.579279746014335753e-03 2.137154640466442657e-01 2.340816875576965661e-01 9.491589134947890916e-01 1.440816045001883094e-02 9.266734294563261365e-01 9.767365302116282066e-01 1.094495793406919937e+00 1.358265684046675893e-02 1.077011097050919242e+00 1.118175864883997672e+00
2.686934673366834225e-01 6.392389458064226364e-03 5.091442931425096182e-04 5.376133368385572001e-03 6.874893565451099982e-03 2.259835849664361407e-01 6.168749009425868353e-03 2.143591254612224883e-01 2.348871653380020519e-01 9.546918963078278031e-01 1.508406664017935758e-02 9.357183936239524824e-01 9.799825032276406889e-01 1.100203592587620127e+00 1.531736785257152220e-02 1.082782307027501112e+00 1.133795421879616461e+00
2.736683417085427061e-01 6.176348909111345140e-03 4.332223212632222765e-04 5.346604933555636034e-03 6.769797085799841331e-03 2.269879120990867527e-01 6.252258161491761924e-03 2.150525876435985806e-01 2.346505066815203211e-01 9.599035572032029728e-01 1.421306918494440880e-02 9.446773815869092816e-01 9.885287657305382725e-01 1.104444184417593622e+00 1.591550258111007476e-02 1.083953813588065085e+00 1.133168980626090061e+00
2.786432160804020453e-01 6.333874552004438441e-03 4.956554908517352446e-04 5.457460135223171117e-03 6.987643804423781038e-03 2.274316473996302879e-01 6.661369331732955659e-03 2.151565410501400100e-01 2.350517075394379651e-01 9.633992640144498631e-01 1.533992303551305961e-02 9.460722762619788728e-01 9.918797710971332116e-01 1.109811576555773893e+00 1.825770063937982510e-02 1.072254960501095589e+00 1.143231633810071202e+00
2.836180904522613289e-01 6.194118960740610524e-03 4.610549316893371922e-04 5.399570309565216580e-03 6.959790491192835091e-03 2.277146838930671213e-01 7.699540962724711092e-03 2.116888355820653600e-01 2.371945204598428225e-01 9.653853018651579188e-01 1.478886442649411832e-02 9.406924544281916045e-01 9.953387921794337734e-01 1.114644545186991520e+00 2.211633915525529001e-02 1.070175608313929771e+00 1.153206810866435950e+00
2.885929648241206125e-01 6.250397908953425966e-03 4.447599214071339970e-04 5.504488180789855398e-03 7.013448086798567717e-03 2.268124303073344450e-01 7.082780815472408675e-03 2.142743160382926948e-01 2.369069305576780582e-01 9.699027655994575392e-01 1.984809592517023866e-02 9.294302932900931902e-01 1.003770889642507935e+00 1.114098351489404282e+00 1.842188940294797045e-02 1.076589088065006194e+00 1.138328285860773503e+00
2.935678391959798961e-01 6.235226952781116987e-03 4.708128268177246695e-04 5.510777539955535702e-03 7.126460259412553330e-03 2.265026148878334644e-01 7.572563992584956973e-03 2.117810150144481263e-01 2.364359838397258051e-01 9.709905383331316475e-01 1.782740409807552148e-02 9.344870121241416472e-01 9.971276970512993332e-01 1.115484141169733601e+00 1.737866628863243487e-02 1.076891045959909921e+00 1.135591113803971819e+00
2.985427135678392352e-01 6.305216821159141324e-03 4.881140718643520301e-04 5.549957289461083035e-03 7.243656389292311287e-03 2.255215983198199936e-01 6.287272669381246612e-03 2.141907332539677300e-01 2.338886876411587767e-01 9.724004150223896081e-01 1.404676320060982246e-02 9.433380104670207045e-01 9.926700443210587643e-01 1.123572001559669964e+00 1.747353244238218986e-02 1.085484222553742439e+00 1.139833644712766825e+00
3.035175879396985188e-01 6.260642019302008199e-03 5.217392609825325820e-04 5.543517861784223386e-03 7.340381209318531247e-03 2.248001017849917405e-01 5.238947690699086342e-03 2.158769736509846271e-01 2.324305515149101831e-01 9.744314723168086001e-01 1.633187710460111061e-02 9.373050938316107583e-01 9.881658540749234110e-01 1.125058100388946603e+00 1.893528972918162578e-02 1.088122071372375821e+00 1.149811609952248403e+00
3.084924623115578024e-01 6.305003277575865935e-03 4.497888966941072692e-04 5.534238150964472178e-03 6.959822135235944895e-03 2.253128110705394371e-01 4.719387071253933544e-03 2.169357007088830724e-01 2.332101287400165091e-01 9.786955814852882352e-01 1.721960587424472069e-02 9.424950463751706753e-01 1.000878472384189699e+00 1.131447373877068285e+00 2.089793688473079794e-02 1.087219216460863391e+00 1.159704643836190430e+00
3.134673366834170860e-01 6.155839086578130705e-03 4.444969391656965543e-04 5.372180204096582354e-03 6.643985948741904304e-03 2.240410698054315364e-01 4.875183472286736576e-03 2.155452790578527567e-01 2.325785324864190484e-01 9.806558999466787885e-01 1.887481660558962965e-02 9.407510917352320812e-01 1.005051544934279173e+00 1.134280003655970148e+00 2.075964655043932225e-02 1.090201994377633099e+00 1.162698246472607666e+00
3.184422110552764251e-01 6.325128999435226593e-03 4.482025600144428886e-04 5.596053691231312778e-03 6.947935451363618925e-03 2.225528251678675906e-01 3.648148118954011501e-03 2.169587428026941434e-01 2.273600423672056114e-01 9.845741743501665866e-01 2.009251041570908961e-02 9.393516022920425090e-01 1.017566592305643391e+00 1.133224554872048540e+00 2.187606706352528130e-02 1.093292004384013971e+00 1.166320640492291005e+00
3.234170854271357087e-01 6.204701786285358837e-03 4.023041679403565295e-04 5.477639460919335110e-03 6.687183380339972380e-03 2.232370266880088217e-01 3.834417556286627126e-03 2.165314263343061651e-01 2.300522532866268455e-01 9.840721665769480708e-01 1.849793415825320628e-02 9.513073185917505503e-01 1.013511885240396149e+00 1.136355458272149122e+00 2.227391199554092094e-02 1.096479690339466462e+00 1.163617678455824755e+00
3.283919597989949923e-01 6.212144541500259735e-03 4.134383589081867751e-04 5.486531641443430710e-03 6.805302400724408569e-03 2.236532497490570925e-01 3.787967566259600131e-03 2.176577888363063762e-01 2.282472854112017613e-01 9.851175172768800170e-01 2.273171228958486070e-02 9.437014441186588609e-01 1.021768499093929972e+00 1.138710590645451104e+00 2.015776932758810841e-02 1.106498938380134911e+00 1.173342776421896883e+00
3.333668341708542759e-01 6.365578030718145250e-03 4.133482412673847198e-04 5.628644096482066615e-03 6.873351953716451065e-03 2.241770539796994477e-01 3.385223377680816013e-03 2.187824314605666121e-01 2.295354252422797947e-01 9.883340239302780272e-01 1.921127082689876378e-02 9.522472935568705443e-01 1.018233372046719820e+00 1.141976481950954359e+00 1.712910028248821812e-02 1.116437427130919202e+00 1.171069073824880569e+00
3.383417085427135595e-01 6.237487163862312500e-03 3.572088892155550564e-04 5.570428575365874400e-03 6.663912042506157582e-03 2.243951016170610546e-01 3.423379404804847460e-03 2.199057225256880188e-01 2.306771253600548299e-01 9.891896340775204743e-01 1.747579273000642724e-02 9.631659891285286879e-01 1.024023573468943127e+00 1.147248966596339459e+00 1.698112371885828267e-02 1.116291229018429032e+00 1.172516790349862337e+00
3.433165829145728987e-01 6.270002144594294217e-03 3.727125174328792365e-04 5.628253945695304780e-03 6.906844577903545855e-03 2.240997412589233184e-01 3.243258281469010591e-03 2.205418644595627253e-01 2.302026848939012771e-01 9.938030595456351923e-01 1.715640928693586142e-02 9.683059010132027966e-01 1.023346540899120249e+00 1.145665776102784195e+00 1.490701477494786598e-02 1.119598638534273771e+00 1.164032038298205451e+00
3.482914572864321823e-01 6.226659356298664023e-03 3.222137733983815918e-04 5.640221022110502615e-03 6.696124339872942637e-03 2.246555241117093316e-01 3.091835495456665087e-03 2.196360622513993388e-01 2.308112353174681664e-01 9.970946261281314893e-01 1.501190638538362800e-02 9.713148000304290264e-01 1.020670002823572231e+00 1.147042050492409704e+00 1.376875358577987936e-02 1.126152551603943230e+00 1.170043371793652476e+00
3.532663316582914659e-01 6.269861442849926705e-03 3.174211463575261644e-04 5.660355745775799349e-03 6.632838878306773940e-03 2.247640928215251799e-01 2.638264929901340799e-03 2.217401484544629098e-01 2.291428744705767684e-01 9.941738100345165474e-01 1.402172037560172821e-02 9.706017475261261573e-01 1.014956546511487812e+00 1.150623314242627204e+00 1.221021216619528130e-02 1.135843286252826934e+00 1.172528648910189153e+00
3.582412060301507495e-01 6.229397650808153261e-03 2.710540824080741361e-04 5.718216169847632410e-03 6.564111060935773866e-03 2.255218386949031650e-01 2.937645011347874476e-03 2.215902527689909973e-01 2.301808711893466308e-01 9.958191321565260656e-01 1.367122393704299499e-02 9.788654216366103888e-01 1.019715952060586961e+00 1.154520904394082059e+00 1.037871246018594318e-02 1.141729218471702278e+00 1.171710487450060567e+00
3.632160804020100886e-01 6.332810178578053735e-03 2.885141299691987835e-04 5.768026404410448588e-03 6.644826740797814962e-03 2.261144809924315879e-01 3.115145077036481948e-03 2.222395180618255139e-01 2.310173752688446935e-01 9.991069375354533211e-01 1.021107386298975538e-02 9.870683231486215847e-01 1.021193482246461226e+00 1.157492662741728129e+00 1.217194490159243490e-02 1.141600657181899958e+00 1.177809166183038769e+00
3.681909547738693722e-01 6.273147162708827065e-03 2.642298973905070044e-04 5.736211470481607407e-03 6.525819267078650406e-03 2.265552614999899461e-01 3.676689280111553656e-03 2.213632894070898804e-01 2.330981166696465268e-01 1.001895194773163578e+00 1.071653627731401597e-02 9.881243215118916678e-01 1.020692888660326814e+00 1.161513770556644509e+00 1.296482343451253218e-02 1.149027247373610061e+00 1.187218641878943215e+00
3.731658291457286558e-01 6.294577898882693090e-03 2.090115878395983637e-04 5.886502863735968219e-03 6.558053741839114763e-03 2.270891781563540712e-01 3.431906489487041370e-03 2.208106426679736500e-01 2.341261711270176404e-01 1.003514190297418285e+00 1.210160422410994259e-02 9.889432951985864806e-01 1.024483244901333023e+00 1.165303073712506521e+00 1.386039461866259495e-02 1.143646279649725317e+00 1.188578892653006758e+00
3.781407035175879394e-01 6.229699494010200803e-03 2.003502436839734357e-04 5.842855423992792362e-03 6.603969236962416167e-03 2.281119585280121653e-01 3.286887875730421394e-03 2.209197899560503275e-01 2.337071338608271154e-01 1.007126067940048886e+00 1.194849165462100703e-02 9.942131572524034455e-01 1.032449316158427388e+00 1.168365726840207675e+00 1.279042867146371401e-02 1.155973687155461116e+00 1.199247820900993355e+00
3.831155778894472785e-01 6.341035634135993790e-03 2.482948341495961621e-04 5.885049357252650042e-03 6.693355838260356752e-03 2.280721829039354664e-01 3.323987959989270404e-03 2.208469224150098054e-01 2.338709280731106899e-01 1.011087967226315998e+00 1.424404257014845986e-02 9.913088829513714284e-01 1.040359431689085845e+00 1.171456081891977252e+00 1.177448006075681487e-02 1.153808666004750627e+00 1.198826487335238111e+00
3.880904522613065621e-01 6.220668151327025941e-03 1.472400274820627204e-04 5.938112694037087948e-03 6.402075970140776867e-03 2.286830063594413043e-01 3.068566840703085708e-03 2.216104739402817991e-01 2.332980006697584485e-01 1.013188572694539102e+00 1.214081535655646242e-02 9.992862103754480696e-01 1.042082962357342879e+00 1.176673296453800255e+00 1.269339203903075385e-02 1.163108142546779744e+00 1.207816445963947993e+00
3.930653266331658457e-01 6.300615782908913776e-03 2.103003008285284992e-04 5.988177020147251832e-03 6.697497299587915412e-03 2.284424607663652351e-01 4.248784174522159986e-03 2.173975606693263340e-01 2.327223257838546278e-01 1.015940363453220474e+00 1.160779393441254553e-02 9.992794941862828129e-01 1.043402259578197544e+00 1.179624370337310157e+00 1.305688808225455647e-02 1.166736626194645021e+00 1.209959293198697994e+00
3.980402010050251294e-01 6.178723293555501636e-03 1.913245847558172404e-04 5.906670006601120841e-03 6.523099027717933068e-03 2.286756547372648107e-01 3.994110272014471212e-03 2.193614417794912119e-01 2.332412780868086399e-01 1.018857976943083221e+00 1.185290911358216626e-02 1.007163844085382509e+00 1.048724609245307748e+00 1.182354126248202464e+00 1.168914299240079134e-02 1.167670568766031369e+00 1.204743373899251457e+00
4.030150753768844685e-01 6.263059940866741795e-03 1.379325158122847103e-04 6.054652983726238266e-03 6.476496443765630134e-03 2.283715548512356419e-01 3.861237730264590988e-03 2.205866898573198009e-01 2.336199698361671739e-01 1.021567024579651983e+00 1.349107805974804689e-02 1.007273538815459002e+00 1.053542377979160616e+00 1.186088870835728226e+00 1.294584330914805813e-02 1.171410545625781952e+00 1.213810640546606701e+00
4.079899497487437521e-01 6.191952324438511346e-03 2.065282899523856271e-04 5.906245731001348934e-03 6.512961056959819077e-03 2.281862485548619701e-01 4.022814299793689430e-03 2.206278145869420004e-01 2.341573722650304168e-01 1.023760422270985737e+00 1.175595656532663069e-02 1.010022331770803694e+00 1.047011552166488224e+00 1.189890765989364052e+00 1.381850918260922080e-02 1.172547966849510015e+00 1.219854323886666148e+00
4.129648241206030357e-01 6.251731046004795414e-03 2.006290407607699150e-04 5.968748734407232359e-03 6.601943992342201341e-03 2.282705629755273635e-01 3.369940079888803126e-03 2.219306409258118840e-01 2.325032766057489875e-01 1.025909202858195313e+00 1.204868072639531801e-02 1.012809033066182529e+00 1.051924440960926743e+00 1.195159871914262428e+00 1.429387148672307296e-02 1.173804993352614234e+00 1.228810744753006556e+00
4.179396984924623193e-01 6.232431726961504964e-03 2.140799986094175640e-04 5.960289889112741456e-03 6.628307163967194805e-03 2.283682656237121245e-01 4.427332540232229580e-03 2.207987363074960796e-01 2.338514535279770101e-01 1.028473548801597248e+00 1.295321211774449685e-02 1.015630883521830397e+00 1.056822262751353270e+00 1.197026824224173058e+00 1.236666786708480806e-02 1.177697985871359876e+00 1.220439035047574450e+00
4.229145728643216029e-01 6.297976394552982568e-03 2.209132378973253106e-04 6.007165904164347633e-03 6.591039443589501862e-03 2.288162417409513316e-01 4.663798846015054268e-03 2.211471818074255413e-01 2.353131893966343424e-01 1.032973656246678917e+00 1.439807891208959995e-02 1.013740288931477496e+00 1.067159501079470107e+00 1.198683682262190464e+00 1.318428168955536502e-02 1.179120605415400203e+00 1.223730529394061239e+00
4.278894472361809420e-01 6.288802866213191907e-03 1.960241110834225360e-04 6.037369397337579401e-03 6.551650604890751212e-03 2.292757828801012532e-01 4.876489079112120845e-03 2.206233659391034219e-01 2.371817649662156802e-01 1.035576071482188221e+00 1.274593505466278115e-02 1.019024143246376024e+00 1.063495561367798548e+00 1.203316157724805935e+00 1.253670632386847013e-02 1.183084564290009855e+00 1.229157526283462198e+00
4.328643216080402256e-01 6.344397636925470582e-03 2.498187423115685629e-04 5.893513638249785885e-03 6.698940122707172998e-03 2.297035927217797313e-01 5.612867558686260132e-03 2.210217296778974050e-01 2.394980432513241497e-01 1.036517883161767850e+00 1.282636077522513948e-02 1.017265678461760636e+00 1.063546620414471677e+00 1.201100245781806297e+00 1.440126518631123717e-02 1.177509259872566050e+00 1.225081719337738573e+00
4.378391959798995092e-01 6.323534688022188280e-03 3.017741862523918607e-04 5.672156661203780342e-03 6.676448461811398775e-03 2.297996106624621837e-01 5.690958168779043126e-03 2.193326879419644493e-01 2.392236568095275906e-01 1.038094744791788759e+00 1.315170358336808544e-02 1.013857926285150590e+00 1.063344918289150343e+00 1.203460263491637594e+00 1.519269613955716823e-02 1.179297724422724292e+00 1.231190801824725733e+00
4.428140703517587928e-01 6.351766238100223574e-03 2.174271809078375016e-04 5.951484017243212875e-03 6.718278176563286831e-03 2.303152245657948960e-01 5.121701010397622204e-03 2.211531130022815206e-01 2.384718063598668669e-01 1.035819999743436748e+00 1.391853906425114668e-02 1.016912646074777271e+00 1.060815385217041218e+00 1.204562454542998706e+00 1.525433199863941887e-02 1.183446586517934218e+00 1.234664532413525473e+00
4.477889447236181319e-01 6.449338219149609690e-03 3.063418677088800219e-04 5.770034823429631178e-03 6.792198963314182054e-03 2.304495831246211046e-01 4.649250275440974453e-03 2.211529379462395528e-01 2.380438886893663231e-01 1.038499742858465469e+00 1.393684960816056820e-02 1.015817689903342425e+00 1.063361786377679197e+00 1.205818901614419625e+00 1.160014853815938274e-02 1.187601921639299007e+00 1.225543511217418446e+00
4.527638190954774156e-01 6.339219933210150752e-03 2.694228287656510058e-04 5.767460757340015648e-03 6.705389148022385115e-03 2.303112550034276396e-01 4.747988209174569020e-03 2.212500911583898389e-01 2.382542731952597137e-01 1.038738870995045582e+00 1.425492857007113791e-02 1.019046422644598326e+00 1.068341880656117793e+00 1.208772329625179554e+00 1.475340114182987702e-02 1.182917152155253060e+00 1.229197143752384092e+00
4.577386934673366992e-01 6.398664511745798603e-03 2.725027237041486791e-04 5.835500088506462117e-03 6.881196945920119157e-03 2.303962635119554681e-01 4.520884887964983848e-03 2.215429180611787341e-01 2.371397601360790419e-01 1.040171828347642879e+00 1.137348792257504050e-02 1.025247567987056962e+00 1.064379809024511570e+00 1.209548465355135161e+00 1.658584927038838502e-02 1.178623533128588141e+00 1.230538671857441146e+00
4.627135678391959828e-01 6.270966049328291665e-03 3.010415210829791135e-04 5.757612020342662076e-03 6.757072921455498093e-03 2.299978765094921052e-01 5.793736119388491132e-03 2.190409677897462992e-01 2.391767408971202380e-01 1.042129393892140765e+00 1.301746731557056752e-02 1.020534264564459059e+00 1.062037373150301223e+00 1.209868367444392856e+00 1.688291480900820304e-02 1.180290382161834239e+00 1.231929270558145939e+00
4.676884422110553219e-01 6.333740321097000581e-03 2.577759596973280810e-04 5.860126855869872593e-03 6.753132086380798579e-03 2.298610209545494665e-01 5.447354605619444089e-03 2.189623916614817367e-01 2.387253969945545562e-01 1.041281651008136633e+00 1.535066343462785851e-02 1.013058357372991658e+00 1.062612596179100866e+00 1.210233038073584622e+00 1.637411242180806040e-02 1.182224067928203892e+00 1.228785170415950256e+00
4.726633165829146055e-01 6.204359198371720528e-03 3.104202715359414091e-04 5.608577013462434299e-03 6.688253857391504922e-03 2.293221829265384426e-01 5.377196663757782130e-03 2.189940567967220142e-01 2.374254129387014522e-01 1.042270702215282174e+00 1.591089531750834035e-02 1.012722473754770869e+00 1.065465752310239544e+00 1.212173120099634183e+00 1.808382874686234598e-02 1.173638375797153799e+00 1.232685671216190215e+00
4.776381909547738891e-01 6.265945547698331328e-03 3.408409047731482443e-04 5.731502116369003273e-03 6.759830769390821545e-03 2.288456316706680149e-01 5.303911603303592542e-03 2.195266698279180473e-01 2.382399940816761763e-01 1.041018219916886034e+00 1.520202551179273588e-02 1.015645718512657503e+00 1.060663271425952736e+00 1.214205413808247647e+00 1.632765453948167161e-02 1.184027582774692444e+00 1.238846399802503662e+00
4.826130653266331727e-01 6.192532477609613908e-03 3.592313069354828386e-04 5.412872903605609604e-03 6.681848614959653293e-03 2.285474678204972299e-01 5.322290847610894153e-03 2.205364181314513616e-01 2.385250107200676262e-01 1.041375442288748898e+00 1.579358561455094373e-02 1.008676187993860385e+00 1.060715519060754897e+00 1.214650704790388058e+00 1.543679410938032445e-02 1.182672959153642012e+00 1.236097669882024075e+00
4.875879396984924563e-01 6.204845742437847811e-03 3.690364177344738518e-04 5.391058488945354478e-03 6.812807982684298234e-03 2.287743462898388924e-01 5.121740758945102570e-03 2.210660267412396796e-01 2.389800979024593874e-01 1.042355085037549589e+00 1.511565489581718526e-02 1.015978219860748544e+00 1.065806964916065747e+00 1.214281501417147302e+00 1.484917536560270528e-02 1.183383524103914786e+00 1.230005272551244921e+00
4.925628140703517954e-01 6.138500679390112603e-03 3.853498223865455810e-04 5.321547567486432234e-03 6.761474902639698185e-03 2.286541615090906809e-01 4.570952999425883720e-03 2.224697394238156212e-01 2.370351785868566319e-01 1.043372085961451035e+00 1.460574794263156360e-02 1.014280035828306614e+00 1.066803375250725550e+00 1.217563552836810503e+00 1.481779192071919389e-02 1.187912672080974508e+00 1.237320001101427813e+00
4.975376884422110790e-01 6.210809750871559669e-03 3.778225585974351146e-04 5.293395463869002456e-03 6.745593877515530107e-03 2.272838598950645272e-01 3.678704247478732908e-03 2.229448526815613896e-01 2.350787061045554738e-01 1.041376148878630614e+00 1.395962586944287862e-02 1.014459612022494905e+00 1.058058176578571485e+00 1.215023057654583516e+00 1.453972920382118686e-02 1.188739124482403708e+00 1.237532592965665756e+00
5.025125628140703071e-01 6.109147750671116948e-03 3.990411514174153256e-04 5.248213916534427183e-03 6.742227617089971946e-03 2.262749761392174874e-01 3.508601513985102390e-03 2.211514340399415024e-01 2.327097133007639818e-01 1.042373060638997151e+00 1.341238737808154134e-02 1.018095581006163597e+00 1.061260634194304942e+00 1.214933586778848662e+00 1.462476775718116011e-02 1.186056390563803298e+00 1.237539550896958218e+00
5.074874371859295907e-01 6.155291000673243813e-03 4.064965142228165688e-04 5.325629450389527016e-03 6.806601207194684817e-03 2.249352025217843942e-01 3.400777203418472831e-03 2.201933543125056680e-01 2.322221492441574331e-01 1.041071013907250764e+00 1.351965713028887954e-02 1.016473727637180247e+00 1.058831519317295689e+00 1.215006523888968681e+00 1.581865763626577603e-02 1.187110990608741590e+00 1.237148328140127873e+00
5.124623115577889854e-01 6.046408013379171546e-03 4.151402160528872638e-04 5.227773356339387480e-03 6.711325462452007000e-03 2.240421175869261317e-01 4.288687790741606103e-03 2.187094773196200659e-01 2.328097067718722102e-01 1.040881689493597495e+00 1.363155257593080122e-02 1.015532744308504487e+00 1.060263126389632049e+00 1.213111530290025275e+00 1.566533458169268311e-02 1.187608409576220270e+00 1.238432991966021524e+00
5.174371859296482690e-01 6.120370544389206434e-03 4.374596490623125912e-04 5.277060546546309162e-03 6.800291671674411377e-03 2.234557237676612629e-01 4.275393901968969727e-03 2.181170211057995578e-01 2.326336940078164717e-01 1.039967123562606233e+00 1.416535483163367144e-02 1.017640478455538178e+00 1.058450065394836770e+00 1.213105320850330404e+00 1.307208221343070242e-02 1.191144774240546544e+00 1.234422467185049666e+00
5.224120603015075526e-01 6.040661404938319108e-03 4.515392652461141230e-04 5.208766236595471603e-03 6.707379628902288178e-03 2.227311447160399138e-01 4.373904236009366203e-03 2.182079917450854833e-01 2.324334349540751743e-01 1.038158213031509458e+00 1.354592274470487433e-02 1.016488075062675689e+00 1.055249965693321190e+00 1.211459609707359553e+00 1.345271925012758545e-02 1.189084629721105735e+00 1.234054003714901260e+00
5.273869346733668362e-01 6.046815747040128197e-03 4.375725688988378733e-04 5.280834716475510740e-03 6.646374024798271975e-03 2.218644789805247208e-01 5.281460376906727157e-03 2.154350051270245703e-01 2.338141866625834675e-01 1.037090861080137261e+00 1.205668896407020678e-02 1.017611565080152491e+00 1.056171279802138319e+00 1.207959331619260279e+00 1.321648669926304628e-02 1.183870680264085706e+00 1.231188692586761224e+00
5.323618090452261198e-01 5.962312122488639884e-03 4.595565867243124342e-04 5.190989347932200432e-03 6.599085930984221332e-03 2.211719796824692386e-01 5.783349519641139275e-03 2.122868871900092658e-01 2.352758066685186888e-01 1.035648901441344805e+00 1.175295874369113903e-02 1.016268605640864520e+00 1.052872723200322103e+00 1.207070867134452774e+00 1.321692437125309393e-02 1.186275966349374933e+00 1.227229871983857690e+00
5.373366834170854034e-01 6.010287904700631692e-03 4.492463498076869821e-04 5.313317940849078894e-03 6.747265751900191101e-03 2.198743191474580860e-01 5.797796055370148596e-03 2.114414650520625716e-01 2.333534138296008420e-01 1.031638161702739698e+00 1.114593009838858555e-02 1.011497769294736448e+00 1.048192900979977749e+00 1.202143549747111795e+00 1.651794446290478016e-02 1.175873503399300857e+00 1.226479253854451335e+00
5.423115577889447980e-01 5.874004383230310711e-03 4.560113798171319915e-04 5.064809176773566249e-03 6.683259130471406670e-03 2.177862368492976264e-01 5.020290504774830610e-03 2.107836965347489044e-01 2.295367125664689312e-01 1.030028626850345130e+00 1.244812891669289795e-02 1.012273952698416357e+00 1.047003397113068557e+00 1.198329897909113262e+00 1.809975104168254356e-02 1.173615450284160922e+00 1.225824451979287133e+00
5.472864321608040816e-01 5.937650710411503975e-03 4.503763154346403751e-04 5.135471490620979566e-03 6.619252509042623106e-03 2.172345152093841381e-01 5.639074160034247135e-03 2.090975891070770420e-01 2.305911646689063621e-01 1.026199823144424261e+00 1.555867387203754663e-02 1.001097016927216421e+00 1.048998805513702282e+00 1.196794297663872131e+00 1.903520377399906330e-02 1.171156812797514268e+00 1.225241188037405227e+00
5.522613065326633652e-01 5.800082748277002667e-03 4.312499742900961146e-04 5.028123646339646528e-03 6.555245887613839542e-03 2.162330596988554787e-01 5.822783678802275452e-03 2.083582870197447645e-01 2.298586530988719623e-01 1.022616964839838882e+00 1.701584211542220629e-02 9.988335507158996318e-01 1.049089079450297168e+00 1.193718549502452042e+00 2.112737151447069417e-02 1.170227133154461585e+00 1.231384300239297236e+00
5.572361809045226488e-01 5.827926055763300861e-03 4.162166682830762440e-04 5.035526785514100184e-03 6.534107024125184425e-03 2.156442861655715748e-01 5.527760814794702680e-03 2.075497949230427908e-01 2.279224234827480489e-01 1.020760297782126180e+00 1.703524364778469941e-02 9.978632699009950535e-01 1.047077826532855749e+00 1.190842827587819119e+00 2.238901394899320274e-02 1.164608185498227089e+00 1.235768967662388196e+00
5.622110552763819324e-01 5.888914195768714041e-03 4.324446146985938197e-04 5.092243914178015175e-03 6.653246419746040689e-03 2.146827010934689306e-01 5.958920040250948770e-03 2.057227176096283194e-01 2.274770959584981600e-01 1.017298295095795613e+00 1.999839016338499434e-02 9.961334395718404178e-01 1.051941999556057938e+00 1.186292207764511941e+00 2.243092568379913276e-02 1.152876225424963819e+00 1.231758847421291936e+00
5.671859296482412161e-01 5.744411447388936276e-03 4.258685886318657257e-04 4.890248247122589570e-03 6.435605723512245399e-03 2.136104811468875764e-01 5.459531261265374892e-03 2.065356650299350338e-01 2.264331904351541969e-01 1.012925094507783452e+00 1.925989038323745739e-02 9.894398230109158199e-01 1.046182791085030317e+00 1.180002420331154322e+00 2.444540078037284528e-02 1.144375837498861292e+00 1.227563754025620790e+00
5.721608040201004997e-01 5.782329617438711385e-03 4.191284044196385682e-04 5.000843461931620167e-03 6.498217364212246876e-03 2.121530141731414187e-01 5.015616560739411152e-03 2.054288546616751532e-01 2.237036422246509726e-01 1.007997384538115826e+00 2.077848729338700740e-02 9.808593944485687333e-01 1.047061801069232745e+00 1.174206768444462146e+00 2.396529775378824015e-02 1.137197472170045076e+00 1.219453566232671315e+00
5.771356783919597833e-01 5.642694934714828289e-03 4.365862849399056384e-04 4.781358171419533391e-03 6.363009587006819220e-03 2.107775825237624967e-01 4.859583879796324987e-03 2.038454267199650560e-01 2.220332514681506164e-01 1.002938765335315008e+00 2.172966543179146934e-02 9.710982475153711047e-01 1.042176564031617847e+00 1.171897980921728477e+00 2.241349847408408841e-02 1.138927499595829618e+00 1.219009023944747305e+00
5.821105527638190669e-01 5.681961671498063880e-03 4.345852155278799676e-04 4.772952902999845481e-03 6.265899207520467078e-03 2.093484444485008977e-01 5.383499798325017127e-03 2.019585576626843071e-01 2.210758011244268462e-01 9.986063754117198155e-01 2.128454431798397495e-02 9.663406110291162809e-01 1.036238036950534847e+00 1.169429894125961100e+00 2.172886118168594963e-02 1.134610407189764469e+00 1.212365128789730795e+00
5.870854271356784615e-01 5.548947128005412080e-03 4.028027222854756347e-04 4.681340308451184713e-03 6.136204765933267469e-03 2.078528711176765853e-01 6.087626325527405007e-03 1.993277513307372961e-01 2.211645375741537745e-01 9.956739093308490940e-01 1.898359609998798159e-02 9.660851547096888092e-01 1.032595390625171916e+00 1.165854305923259560e+00 2.130807986342053706e-02 1.134186526275065887e+00 1.209650813098167799e+00
5.920603015075377451e-01 5.585184931120033489e-03 4.603948499146907469e-04 4.688229370983734538e-03 6.265995554821021489e-03 2.059334295175289653e-01 6.484863389153085189e-03 1.980629717830051928e-01 2.202344397249503816e-01 9.926132758145094215e-01 1.916036983052651216e-02 9.616853815134454031e-01 1.029586093191166229e+00 1.160777890885697605e+00 2.148528302275925367e-02 1.132198895874167777e+00 1.204765304159157946e+00
5.970351758793970287e-01 5.482623547102398812e-03 3.964980242305577839e-04 4.710127353034247386e-03 6.084490039517062056e-03 2.046897775010713683e-01 7.124833126084757773e-03 1.968258554157831519e-01 2.205717364776137168e-01 9.891942789197086805e-01 1.911148022725158574e-02 9.625696853776363193e-01 1.028357155018624125e+00 1.156239621827894082e+00 2.047190096468311932e-02 1.128990255894125605e+00 1.193505067999484082e+00
6.020100502512563123e-01 5.504771973411100305e-03 3.799908603883600847e-04 4.732025335084760233e-03 6.117382707909262661e-03 2.036925325401784670e-01 6.600242299704440173e-03 1.951382268892613292e-01 2.171294233797050055e-01 9.834753287156141610e-01 1.827393373454157949e-02 9.612863608169359697e-01 1.017266761534348252e+00 1.150923504369921746e+00 1.898606708968541071e-02 1.129685489579859814e+00 1.186490668738137577e+00
6.069849246231155959e-01 5.406637054985251323e-03 3.287616776935319398e-04 4.753923317135273080e-03 5.907984815929689069e-03 2.023693017034332020e-01 6.763948288902474522e-03 1.943329392471141726e-01 2.162309627952971602e-01 9.800978144445652296e-01 1.821709937080140396e-02 9.578984055816183174e-01 1.012058711200209071e+00 1.145429523676679828e+00 1.888453415986807507e-02 1.119781711929886070e+00 1.182176708164474066e+00
6.119597989949748795e-01 5.442803309080949600e-03 3.474662217829229153e-04 4.775821299185785927e-03 6.005252796127472960e-03 2.014289210764685090e-01 6.471810450461723194e-03 1.935109010597411416e-01 2.153342074541365614e-01 9.752243002911653580e-01 1.724562918906094589e-02 9.525792540909107098e-01 1.005791664437078792e+00 1.139530627969086884e+00 2.120282172499267023e-02 1.111115646566987358e+00 1.177220922482777210e+00
6.169346733668341631e-01 5.327054556480480957e-03 2.891360680427895605e-04 4.797719281236298774e-03 5.766589501150574948e-03 1.989988265409206036e-01 6.156722564055655371e-03 1.905227340981183459e-01 2.107615848839342332e-01 9.694224674654968732e-01 1.770695755448553274e-02 9.476094336099138982e-01 1.000670822296387596e+00 1.132379279065891975e+00 2.175453095489224276e-02 1.101624413226730326e+00 1.175238400753386259e+00
6.219095477386934467e-01 5.375907349529025596e-03 2.784284113257193597e-04 4.847044181519664756e-03 5.767373600320236347e-03 1.977155149877734830e-01 5.239376643265377179e-03 1.907585724466185628e-01 2.068918516453674417e-01 9.640904971435988458e-01 1.928348582875496001e-02 9.409741265564265378e-01 9.962934268247110037e-01 1.123839509876165987e+00 2.110555110098599058e-02 1.092082109302569437e+00 1.163289226413262600e+00
6.268844221105528414e-01 5.273810346458913945e-03 2.293754921612409659e-04 4.866151789271184851e-03 5.554490234574841791e-03 1.964967643497120553e-01 4.889298483329140854e-03 1.901092642141995748e-01 2.054454989250205088e-01 9.567097874606599328e-01 1.882441191206828124e-02 9.320741186142544876e-01 9.905169572384628918e-01 1.118752683705958706e+00 2.214864988423375161e-02 1.083114064282663991e+00 1.160616956809553013e+00
6.318592964824121250e-01 5.269782645381819799e-03 2.526712058889517688e-04 4.876594137086524144e-03 5.654217055016065932e-03 1.947366383450308269e-01 4.385187451485485742e-03 1.898558357122057394e-01 2.032568310371545284e-01 9.499794450669526436e-01 1.791153635296729302e-02 9.215329575517319238e-01 9.805258825607990891e-01 1.113318970530643437e+00 2.198630107173808398e-02 1.084235200499910512e+00 1.156335855837086202e+00
6.368341708542714086e-01 5.142668367235112524e-03 2.554038039866399798e-04 4.792330728999160544e-03 5.510891965673754035e-03 1.926881258847849554e-01 4.330315916601719384e-03 1.873854001232779509e-01 2.022501866458692177e-01 9.450631224044638845e-01 1.914487576164594987e-02 9.155275066700002684e-01 9.797539730673517910e-01 1.106722690740970183e+00 2.087112400439302892e-02 1.076570735948156221e+00 1.150147502605654459e+00
6.418090452261306922e-01 5.210180300070961154e-03 2.104361527618166402e-04 4.911050906660385795e-03 5.548681715220400018e-03 1.915170508322680265e-01 4.626557026808899610e-03 1.849997806170812775e-01 2.023561918248444058e-01 9.402471170930988276e-01 1.960629658717288892e-02 9.137175996679973711e-01 9.802446294281786932e-01 1.097633263782870294e+00 1.967820592017182832e-02 1.065070046747800259e+00 1.137985212009386293e+00
6.467839195979899758e-01 5.072303935165705518e-03 2.445809684720125937e-04 4.800251908976534837e-03 5.512135639422609951e-03 1.894794501181324697e-01 4.623888724738080790e-03 1.836207532322380875e-01 2.000581054446965990e-01 9.314646820250611636e-01 1.644778715531061003e-02 9.076598672061831907e-01 9.636083914574312681e-01 1.088726883464596673e+00 2.006581148700148018e-02 1.057650685021479520e+00 1.129462751326586911e+00
6.517587939698492594e-01 5.111930668155391898e-03 2.425270612063509996e-04 4.746084724841404152e-03 5.520712867647305233e-03 1.877601689235788018e-01 4.132315224696661571e-03 1.811761539944941046e-01 1.966373680162029347e-01 9.255350550830379053e-01 1.712671473302617570e-02 8.986478799179676846e-01 9.606997936329362275e-01 1.084228675363369643e+00 1.976153137494445280e-02 1.053407391738416798e+00 1.124236495199645747e+00
6.567336683417085430e-01 5.029392076616602536e-03 2.514596422019072593e-04 4.733003162406218198e-03 5.541558724345277583e-03 1.861568093025673942e-01 4.283039049709607728e-03 1.800535171502299359e-01 1.956056360854195042e-01 9.174211410683927870e-01 1.776358675457021669e-02 8.904779084541514234e-01 9.517279142012787796e-01 1.078605358260181113e+00 2.010476198088153102e-02 1.049741553470609823e+00 1.118313790934339025e+00
6.617085427135678266e-01 5.032611907580428548e-03 2.901638591258386330e-04 4.582978243867863108e-03 5.579059385764321456e-03 1.842149745422292928e-01 4.745903105167400063e-03 1.766719202185820514e-01 1.942684759697298758e-01 9.125987094621702544e-01 1.795356202909172832e-02 8.851534955687523354e-01 9.476024029929335235e-01 1.071908319220050476e+00 2.050876146125253652e-02 1.044529588577203905e+00 1.113205422009166945e+00
6.666834170854271102e-01 5.090302675862291154e-03 2.570922495296240661e-04 4.797017715520168063e-03 5.617628252070425675e-03 1.828652632579433612e-01 4.966003420915407647e-03 1.758131537959006785e-01 1.932018903089098294e-01 9.081225174880358519e-01 1.776791745676137638e-02 8.826871102830050608e-01 9.413756022586479144e-01 1.065991512323075430e+00 1.942683266393467265e-02 1.041403498148445683e+00 1.107329365453797232e+00
6.716582914572865048e-01 4.995724622631885284e-03 2.704721838373309460e-04 4.564338879372267094e-03 5.530562077440393659e-03 1.811466029671989497e-01 5.019243308845513889e-03 1.744327121984567686e-01 1.925419977698587526e-01 9.015805681803567007e-01 1.813877025797946269e-02 8.759433021262136299e-01 9.372694790133193621e-01 1.060339080403960521e+00 1.958331170560241585e-02 1.034686188609430291e+00 1.099291370038738558e+00
6.766331658291457885e-01 5.000377763286750939e-03 3.463854222021143050e-04 4.363168549789911248e-03 5.672722030792684209e-03 1.794919247986803690e-01 5.102730013741389736e-03 1.725280305661489599e-01 1.908905505802255265e-01 8.969964273552891720e-01 1.757166899873931556e-02 8.737381306554655724e-01 9.322006780982565743e-01 1.053237648016752015e+00 2.055520744280015313e-02 1.026675767402930983e+00 1.096477111800778337e+00
6.816080402010050721e-01 4.925825814384091408e-03 3.166130630940424003e-04 4.288099617948744335e-03 5.451309787937487494e-03 1.781370199971977486e-01 5.129081327138483581e-03 1.709244759235897249e-01 1.897447887613317175e-01 8.908800543577916065e-01 1.847493943641301262e-02 8.662339455971080904e-01 9.267772669225803339e-01 1.045847496185124514e+00 2.023818075503020647e-02 1.021281460543007613e+00 1.088096704352179422e+00
6.865829145728643557e-01 4.972481185432484421e-03 2.989054181643610196e-04 4.375841259706777023e-03 5.481164838613854749e-03 1.763247401251314128e-01 4.698192349005018802e-03 1.696394084004447245e-01 1.876942053775207397e-01 8.845861385805507959e-01 1.879289566128053077e-02 8.604232695053707358e-01 9.221423060520678172e-01 1.039711422358654769e+00 2.078618012084944636e-02 1.012212495549375868e+00 1.084347711903796529e+00
6.915577889447236393e-01 4.901417451295931975e-03 2.876696901148694929e-04 4.258232732234916613e-03 5.242062004865488678e-03 1.749030324008315485e-01 4.831086274927411627e-03 1.683586981133285421e-01 1.857651008990213459e-01 8.782049247708375583e-01 1.839574430257232690e-02 8.542934833181610177e-01 9.149559027681526402e-01 1.032360068011667797e+00 2.080563512209311974e-02 1.001185379990455759e+00 1.074901881063696996e+00
6.965326633165829229e-01 4.898918005568885133e-03 2.922767000443827101e-04 4.264570334452368223e-03 5.292004161829236102e-03 1.724743415336561503e-01 4.138287746313329754e-03 1.655897934519552361e-01 1.803851953494971239e-01 8.731139874460909223e-01 1.964747086336785312e-02 8.427959093496544263e-01 9.125151588825485272e-01 1.024176836675815938e+00 2.259592813747798856e-02 9.933168077736700408e-01 1.070108833717062558e+00
7.015075376884422065e-01 4.829067781813548184e-03 2.668123782440984292e-04 4.202233757473756125e-03 5.153985019952686888e-03 1.703768821363871588e-01 4.302615991150581833e-03 1.631075397748739664e-01 1.762988286175752595e-01 8.668495647391128989e-01 1.904559943388657584e-02 8.358872887891782844e-01 9.038396889067421558e-01 1.014517713781975194e+00 2.347423975036946886e-02 9.818519087665429357e-01 1.060888690417983060e+00
7.064824120603014901e-01 4.872809283983677367e-03 2.792471696109255020e-04 4.222907348889484713e-03 5.236338706897039272e-03 1.685482379916075912e-01 4.604626622161080152e-03 1.606996826443445325e-01 1.748373450632810799e-01 8.590995263504093149e-01 2.089648189894815003e-02 8.274971266307679096e-01 8.983585386830404973e-01 1.008232237297198797e+00 2.373599111034944975e-02 9.764309218965081527e-01 1.054828306404172800e+00
7.114572864321608847e-01 4.761848881298056183e-03 2.496497400977717041e-04 4.214935612169259244e-03 5.165634539527979262e-03 1.670269613099289174e-01 3.984993948844259282e-03 1.605922747288263674e-01 1.726343912217841170e-01 8.505232473844142049e-01 2.042064447545802533e-02 8.220447931919293572e-01 8.872422253575901196e-01 9.995631907652905435e-01 2.499083481908149010e-02 9.660851141328380409e-01 1.049884545490483712e+00
7.164321608040201683e-01 4.801939229357734921e-03 2.417497819306342881e-04 4.223833837063640378e-03 5.111854711148584342e-03 1.651119458504979043e-01 3.553848591277988019e-03 1.592521226539552193e-01 1.703479199446055747e-01 8.442096965874595904e-01 2.176884357375099763e-02 8.111218283225865022e-01 8.838943571419256573e-01 9.909989507903784745e-01 2.388444820945158018e-02 9.602659664884619639e-01 1.038349282248455685e+00
7.214070351758794519e-01 4.706446356083558019e-03 2.186178467275285027e-04 4.250150424694234055e-03 4.972102959489546788e-03 1.635959592915415539e-01 3.174998727054495224e-03 1.581442103729208959e-01 1.683653829745991315e-01 8.370917832135494896e-01 2.250813875457351176e-02 8.074338307443076346e-01 8.784086299199405090e-01 9.824978509858910414e-01 2.427193195115195587e-02 9.510543612816670933e-01 1.029542101151363243e+00
7.263819095477387355e-01 4.728386628444561368e-03 2.307569087975268004e-04 4.276494271723517426e-03 5.098293388068665145e-03 1.615553577279808528e-01 2.954063916661898992e-03 1.566518794937894199e-01 1.667779379344741242e-01 8.295934286199926344e-01 2.203853532383974120e-02 8.012804734086607095e-01 8.706007411843175170e-01 9.735599074264380537e-01 2.246330759433647767e-02 9.448463902382669977e-01 1.017087413128051621e+00
7.313567839195980191e-01 4.672078562062595766e-03 2.148118740423218636e-04 4.297790258385288109e-03 4.928301568058218035e-03 1.590740440612643525e-01 3.018366102203234782e-03 1.539439851391343761e-01 1.634795749780847407e-01 8.214955718699739062e-01 2.200052539788958927e-02 7.902401742012403751e-01 8.617970836040892424e-01 9.635277837636584408e-01 1.961779175350012935e-02 9.369053670728522132e-01 9.992787669614539015e-01
7.363316582914573027e-01 4.669639990395461557e-03 2.074526933252150078e-04 4.330228625290550443e-03 4.960168246436974168e-03 1.576043542247339557e-01 3.223972437651262315e-03 1.521587661795180957e-01 1.625157185927703640e-01 8.138984862469383907e-01 1.997653881851840785e-02 7.857020937987028164e-01 8.500912664943257591e-01 9.524351130858128567e-01 1.922842862863814034e-02 9.276057264911472533e-01 9.864424929587453095e-01
7.413065326633165864e-01 4.589783932196893519e-03 2.068436346779852278e-04 4.163682028813622642e-03 4.894498080232048166e-03 1.561604499156118153e-01 2.995921507759267705e-03 1.510016111572302366e-01 1.613003903818763241e-01 8.044324409240948270e-01 1.871509226423419270e-02 7.797633902300060704e-01 8.378409598740794717e-01 9.444584107228651826e-01 1.975427699396646586e-02 9.175301178327645024e-01 9.807917331193768407e-01
7.462814070351758700e-01 4.645042082086654582e-03 2.033601695008411560e-04 4.294064521102666440e-03 4.890196432849077193e-03 1.541306459951558849e-01 3.335023311582459814e-03 1.486851581623842566e-01 1.596977725258565683e-01 7.956749390659572096e-01 1.773928098638923381e-02 7.710897089404007421e-01 8.261688862540750300e-01 9.358196628517945204e-01 2.027308710889704282e-02 9.063828065602753670e-01 9.738441656149564585e-01
7.512562814070351536e-01 4.557001980056011800e-03 2.154302139863736398e-04 4.077258460848857610e-03 4.844604763953673510e-03 1.525546632673286385e-01 3.754264366733595527e-03 1.458890929464490838e-01 1.577221115377780425e-01 7.882754523336290564e-01 1.812108044480528410e-02 7.630502948903234994e-01 8.230954689100355992e-01 9.258363407215742802e-01 2.008415900309680827e-02 9.009821849857443388e-01 9.662401178787389799e-01
7.562311557788945482e-01 4.554002891376374325e-03 2.100907121663753672e-04 4.051320438367277121e-03 4.836563112178461285e-03 1.506524565284639849e-01 4.182940621964976492e-03 1.432798149614430139e-01 1.558662078647515270e-01 7.801436207531928790e-01 1.819876796003983693e-02 7.561960095460626974e-01 8.145895844795003615e-01 9.158226673156917297e-01 1.981460505918895484e-02 8.878432264943778573e-01 9.539907622001483345e-01
7.612060301507538318e-01 4.470132229856505282e-03 2.189582795037712290e-04 3.936766863206753869e-03 4.715201343446619696e-03 1.488566675865120315e-01 3.890591786724022835e-03 1.423288285581611745e-01 1.544172140878506960e-01 7.719240399147685450e-01 1.853032737518580525e-02 7.464409707810154559e-01 8.089886674159434410e-01 9.060173831868001404e-01 1.899293808541884995e-02 8.826184668825083346e-01 9.410408792480594586e-01
7.661809045226131154e-01 4.513832888751912083e-03 2.233607972967249821e-04 3.948790092852933441e-03 4.764049130951125179e-03 1.472987718195183926e-01 4.159932849811427691e-03 1.392955161842748535e-01 1.535016024231683485e-01 7.633655867875506207e-01 1.767424051888297210e-02 7.381054948992368248e-01 7.981254083798104970e-01 8.978531919254649774e-01 1.887004078351198558e-02 8.747890180692760032e-01 9.347291560302479763e-01
7.711557788944723990e-01 4.424480426983439657e-03 2.385966218959771970e-04 3.800409850822110500e-03 4.681423240454172727e-03 1.455197928810923469e-01 4.210104287580125615e-03 1.381594520513590996e-01 1.513096738161616162e-01 7.554083916685668809e-01 1.716224326844524237e-02 7.330839084957347929e-01 7.873599149056619284e-01 8.865387528952339835e-01 1.858703943301637934e-02 8.636169152415805739e-01 9.257631088578870404e-01
7.761306532663316826e-01 4.419170441397149776e-03 2.312802801543997549e-04 3.895761014903545601e-03 4.699618322163510303e-03 1.438077436211567250e-01 4.343317342232790902e-03 1.360257867795159059e-01 1.501783647200601313e-01 7.466536483063931362e-01 1.798855672521635848e-02 7.218141950667619211e-01 7.828383398360193590e-01 8.769502143095400104e-01 1.845288528748224507e-02 8.534263548218997686e-01 9.132580233868018427e-01
7.811055276381909662e-01 4.465894287509284376e-03 2.401326061106772163e-04 3.837580176268879859e-03 4.732348153914501740e-03 1.422681130387279946e-01 4.226833185067281097e-03 1.347289563464813822e-01 1.486798162233777809e-01 7.374646275409320051e-01 1.723436674747157865e-02 7.124472158880222894e-01 7.727719113138006302e-01 8.668093366217994866e-01 1.887608215629054190e-02 8.435227556723674525e-01 9.039520637296416528e-01
7.860804020100502498e-01 4.350303433069726590e-03 2.158742937666503151e-04 3.852709309968057032e-03 4.639413540617537066e-03 1.404458466880349476e-01 4.470957257117786493e-03 1.333718953321244849e-01 1.479671452490072259e-01 7.283726020663785494e-01 1.634525767161884927e-02 7.030712855063863120e-01 7.592588967382631893e-01 8.573095058726026840e-01 1.850482709621275104e-02 8.363058022584163309e-01 8.948108245217888390e-01
7.910552763819095334e-01 4.367709669755076921e-03 2.626112322409864214e-04 3.871173487361098849e-03 4.748546258105047074e-03 1.384094454369106386e-01 4.377999651552548499e-03 1.315609745219487037e-01 1.461006365317994993e-01 7.206510995060966263e-01 1.715170507414245579e-02 6.972122847265420642e-01 7.555223287082601935e-01 8.486934406976439638e-01 1.796945706293539766e-02 8.278232827297028473e-01 8.841097705293531339e-01
7.960301507537689281e-01 4.283891867403765742e-03 2.373411122616681857e-04 3.892399533696086402e-03 4.611779985048745575e-03 1.368220811036557349e-01 5.166532185762161451e-03 1.279005212928001900e-01 1.457708585209048779e-01 7.126428163171379948e-01 1.640073698105491001e-02 6.889814607039528305e-01 7.450570238699792958e-01 8.379898615543778240e-01 1.788362897870274942e-02 8.175026024707146011e-01 8.710799506358364308e-01
8.010050251256282117e-01 4.288399961011670446e-03 2.255141945509378965e-04 3.913851670156580712e-03 4.601925038356225080e-03 1.346864894356514797e-01 5.098057713807373041e-03 1.261402581040935167e-01 1.434708166956227271e-01 7.037600720600768467e-01 1.634540426594466994e-02 6.812776510508298244e-01 7.360535504373307836e-01 8.285820697136385693e-01 1.838998797851117140e-02 8.074133967006311696e-01 8.633274673892717965e-01
8.059798994974874953e-01 4.251459874206064277e-03 2.244603702860383789e-04 3.926360421130027818e-03 4.567212935560121742e-03 1.329472182632612798e-01 4.970805665615318086e-03 1.253335786763503379e-01 1.426641587752313367e-01 6.949472498511196639e-01 1.600605702422402965e-02 6.715012536268099019e-01 7.257442461928776956e-01 8.172391786342625419e-01 1.899133995097515223e-02 7.965773836704777011e-01 8.514465676745527345e-01
8.109547738693467789e-01 4.250385010673258038e-03 2.238475634051363737e-04 3.941408008856754283e-03 4.536872416283917013e-03 1.314101850286754358e-01 4.536070187946016942e-03 1.240361580145486198e-01 1.392404919350384573e-01 6.867182955335904282e-01 1.599126197316360493e-02 6.633917881597680699e-01 7.175671350255392600e-01 8.076069588501898489e-01 1.909191805733973304e-02 7.861157336277796448e-01 8.433594821023439048e-01
8.159296482412060625e-01 4.203033757959316087e-03 2.061786146412931335e-04 3.906234022075864322e-03 4.473103931282099155e-03 1.295178432909007138e-01 4.123479990327837304e-03 1.228771446568152348e-01 1.360907842851435401e-01 6.766450565491125557e-01 1.651912409652435756e-02 6.560444736146724409e-01 7.058989649056377491e-01 7.985577866021001947e-01 1.839876187549447858e-02 7.794967573759512547e-01 8.342965508641663197e-01
8.209045226130653461e-01 4.237093858234970006e-03 2.093925073163847600e-04 3.920416272447057454e-03 4.506235273413079431e-03 1.279859798478933663e-01 3.686765001086222092e-03 1.219191947875822718e-01 1.329704824672073293e-01 6.687702928499754673e-01 1.601383080171809095e-02 6.506170320810565899e-01 6.985376560143042868e-01 7.885649282791155068e-01 1.940361160810487318e-02 7.674654671534699713e-01 8.272682554200694316e-01
8.258793969849246297e-01 4.144009805923569781e-03 1.708287676309020245e-04 3.924993553813798525e-03 4.367740444542706629e-03 1.264527551161803987e-01 3.651624701224476504e-03 1.202244212572415871e-01 1.309996843665064969e-01 6.611244236390629858e-01 1.522984107801450722e-02 6.432448500876666309e-01 6.906934970870822754e-01 7.778851768603480821e-01 1.977505534420608349e-02 7.573651556165429399e-01 8.199735565442034524e-01
8.308542713567839133e-01 4.169182554075013744e-03 1.705889923242192695e-04 3.909536366871880879e-03 4.400928327754225801e-03 1.247725695284187530e-01 3.547246253636345426e-03 1.193129783529646437e-01 1.304978190378813518e-01 6.519276788003063317e-01 1.557564619007196019e-02 6.320244920039742587e-01 6.846648163812574239e-01 7.674687008262344179e-01 1.881536033085529080e-02 7.479612071434081910e-01 8.075935002252048189e-01
8.358291457286431969e-01 4.060187000048479274e-03 1.315525104546308248e-04 3.870453627679184497e-03 4.293515316387158144e-03 1.237228218133644003e-01 3.377725468566565147e-03 1.187476078505880356e-01 1.293208680712643055e-01 6.422841323278025705e-01 1.541969634788679412e-02 6.251939924949578842e-01 6.749580642148372833e-01 7.577360536045052442e-01 1.747732643574008080e-02 7.370651410200614873e-01 7.908108997458876965e-01
8.408040201005025915e-01 4.096979256057418917e-03 1.375453636580515194e-04 3.886341274937900325e-03 4.289758477041345948e-03 1.220646573544159896e-01 3.429811695134468708e-03 1.167622624323931269e-01 1.284530775330163244e-01 6.334193388300022320e-01 1.386542945743561225e-02 6.196986279556826460e-01 6.610801011343887534e-01 7.469166541598690756e-01 1.764335708457270488e-02 7.247482342269753186e-01 7.795457988859610943e-01
8.457788944723618751e-01 4.022471617245500924e-03 1.175697167819105579e-04 3.826988342657385023e-03 4.234970370566751990e-03 1.203571496014257391e-01 3.423710436100247008e-03 1.148959990074031601e-01 1.260139882116046162e-01 6.246912188459828874e-01 1.409881690420770883e-02 6.110515557876859960e-01 6.510391586673885955e-01 7.362432927702934338e-01 1.649776482421954488e-02 7.161293475576181455e-01 7.669634954053340392e-01
8.507537688442211588e-01 4.024310950595863870e-03 1.289833187820876631e-04 3.833724509877090795e-03 4.293000258325819010e-03 1.183946359355978889e-01 3.351605489287881601e-03 1.120253930804673836e-01 1.236158576886526306e-01 6.157308969016712652e-01 1.442042145566999403e-02 6.016419617158706989e-01 6.423568835904920338e-01 7.259651832872230370e-01 1.615264938114032572e-02 7.058223039689248690e-01 7.557162166645623458e-01
8.557286432160804424e-01 3.978227886751112621e-03 1.282300353609004706e-04 3.739304447071291164e-03 4.237928600287467484e-03 1.168112457849368457e-01 3.400028340537324285e-03 1.103909308996126187e-01 1.218856087107081237e-01 6.060302455981989578e-01 1.370065097030722344e-02 5.931908518342579040e-01 6.320432948818208718e-01 7.166597398751821668e-01 1.642198173643958509e-02 6.960097206627824384e-01 7.470913996255511558e-01
8.607035175879397260e-01 3.990820541810233789e-03 1.005256940654665352e-04 3.824742712702697538e-03 4.125484897670244136e-03 1.151727302239426570e-01 3.711892040386981576e-03 1.086691551295040081e-01 1.213739722007719235e-01 5.977047465032960805e-01 1.360239059668108194e-02 5.836262640567034810e-01 6.227269294521254883e-01 7.066723137697465962e-01 1.465166782799739824e-02 6.891478001521674779e-01 7.346578033689153964e-01
8.656783919597990096e-01 3.926865894337308940e-03 9.087238744069341275e-05 3.786119715648297249e-03 4.091170407431191092e-03 1.134805509993377787e-01 2.932058615856749685e-03 1.079954732243337268e-01 1.189414018578998783e-01 5.887216250240571158e-01 1.276902983324127924e-02 5.756905696437728537e-01 6.120040696249875456e-01 6.970185852834369644e-01 1.499652553499049301e-02 6.789001125064560993e-01 7.258049601617112545e-01
8.706532663316582932e-01 3.968826068038696156e-03 1.001743159979948404e-04 3.801238854498827785e-03 4.122843710898705522e-03 1.122832627732701233e-01 2.858068148740147869e-03 1.068396927345652420e-01 1.175585506822407339e-01 5.802179561487013082e-01 1.247939712133258605e-02 5.669719339559701199e-01 6.035919521203695348e-01 6.866426391302684618e-01 1.565595966592464236e-02 6.678667381085889865e-01 7.161603446350223168e-01
8.756281407035175768e-01 3.913964911727414731e-03 1.057967311045661846e-04 3.710307629875176250e-03 4.052524482627484909e-03 1.104141599553175174e-01 2.544441783630559464e-03 1.047471221285986714e-01 1.141703647375662684e-01 5.714316271650534684e-01 1.335843129759133052e-02 5.561358195575525354e-01 5.961846784119598786e-01 6.759900963371819893e-01 1.619184507659300262e-02 6.574988579373415298e-01 7.080207543708818552e-01
8.806030150753769714e-01 3.921451971039420156e-03 9.536216527618337721e-05 3.759299991985326148e-03 4.106043171976210375e-03 1.088972665743868085e-01 2.468177114442928009e-03 1.032279950750636249e-01 1.125842125447059500e-01 5.626516671163619421e-01 1.382094983148354946e-02 5.495499104513229538e-01 5.899133641419033180e-01 6.664630904953727786e-01 1.596048480333215822e-02 6.467605814677407361e-01 6.991991755706672418e-01
8.855778894472362550e-01 3.892113544833563678e-03 1.034925238083904929e-04 3.707101040074564299e-03 4.076610167535562289e-03 1.074450229802637463e-01 2.184638944539633604e-03 1.028342028730677149e-01 1.110289729911590750e-01 5.537300727360017216e-01 1.370855842494996674e-02 5.392905753787740064e-01 5.813528572600291655e-01 6.565048184287503030e-01 1.549917931775955139e-02 6.371036210776396258e-01 6.894547961213839393e-01
8.905527638190955386e-01 3.909257117940046801e-03 1.068857533502163063e-04 3.699995371644066843e-03 4.082463605508511971e-03 1.059378447168695808e-01 2.103173309458048878e-03 1.017264062724781565e-01 1.095279105943216119e-01 5.451766665823359892e-01 1.294559846239128585e-02 5.317926276075940484e-01 5.723128157786101511e-01 6.482971575712159762e-01 1.451083091085511589e-02 6.307012053958461761e-01 6.774419650761542844e-01
8.955276381909548222e-01 3.927399777564015600e-03 1.042009982961325932e-04 3.740051122896446804e-03 4.111484499170751060e-03 1.048766877812997017e-01 2.018756716143915459e-03 1.015155677623882646e-01 1.084227464865940710e-01 5.381593692576427390e-01 1.293951701263535044e-02 5.261646796745729215e-01 5.645759840790351980e-01 6.379207558486166274e-01 1.297108320177921097e-02 6.220879229739653127e-01 6.660106795650233558e-01
9.005025125628141058e-01 3.879269352008526354e-03 1.012568899942976408e-04 3.710024185886629574e-03 4.069817504198478854e-03 1.035037627791696169e-01 2.255812334236273909e-03 9.908267171831573739e-02 1.069673630235637024e-01 5.285689288461439261e-01 1.110601721657102775e-02 5.177734140608073465e-01 5.529809099514747528e-01 6.274880856819653463e-01 1.249550473041859296e-02 6.126439611996571388e-01 6.520615854293997371e-01
9.054773869346733894e-01 3.901406579024649900e-03 1.227543745546848047e-04 3.705911138717985550e-03 4.101727017225213767e-03 1.017186880646042957e-01 1.845082164604837198e-03 9.820285117994126400e-02 1.040450097019054859e-01 5.195374008746682648e-01 1.121718174366708939e-02 5.084038747143766468e-01 5.418685185441172170e-01 6.177068106080392251e-01 1.142865882137701281e-02 6.022384697408120768e-01 6.372224326889817103e-01
9.104522613065326730e-01 3.847521477784950940e-03 1.016133464369295902e-04 3.711794564107145575e-03 4.030922823190518506e-03 1.001559431582479814e-01 2.208982262589209017e-03 9.699385920451104870e-02 1.031081826701705367e-01 5.117150145771380831e-01 1.025210979510140022e-02 5.009040642424210654e-01 5.299349939303185097e-01 6.087848911326525503e-01 1.154483765677512958e-02 5.954561241631040058e-01 6.290744052677628151e-01
9.154271356783919567e-01 3.865543772060671401e-03 1.115440994730224853e-04 3.702233511100687900e-03 4.087411055974278160e-03 9.872999394852174926e-02 2.148910299016250532e-03 9.566132570085464359e-02 1.021116046247950576e-01 5.033653352916813706e-01 1.036189535454505421e-02 4.901353984415567355e-01 5.223124931493453582e-01 5.984992933164094975e-01 1.182806586318005566e-02 5.878490865587590042e-01 6.188848085513585229e-01
9.204020100502512403e-01 3.820430421837697245e-03 1.000543266577487981e-04 3.659743331612239428e-03 4.032452499404883504e-03 9.733497878464017483e-02 1.901466480812765997e-03 9.485617308324707786e-02 1.004029173556969801e-01 4.942884032985011555e-01 1.065108508270733861e-02 4.815699054737562768e-01 5.132812662714142382e-01 5.892427878835422295e-01 1.143210719857844920e-02 5.771248494999563494e-01 6.087005829210925256e-01
9.253768844221106349e-01 3.834108347872154827e-03 9.429925698357512578e-05 3.716785485570279525e-03 4.001565741609909230e-03 9.617567582450101127e-02 1.615721467904421673e-03 9.399832426148903297e-02 9.890248801946793789e-02 4.862684630507462247e-01 1.026642281493374970e-02 4.732707517475621128e-01 5.044556656641817627e-01 5.787740900461852966e-01 1.067672521110316942e-02 5.672971595079814300e-01 5.969659989498071750e-01
9.303517587939699185e-01 3.805866948585801685e-03 8.441140299410625442e-05 3.681690489776455986e-03 3.959497764210595169e-03 9.474658551289875941e-02 1.503699114470205935e-03 9.226487703351056446e-02 9.752874056273377890e-02 4.770888647052317633e-01 9.169929323025474699e-03 4.659214960384321369e-01 4.925663307271990754e-01 5.690566242241649197e-01 1.075243499608121919e-02 5.566686631113813011e-01 5.870908831474530576e-01
9.353266331658292021e-01 3.816725467152495919e-03 9.216890436264758358e-05 3.661949815808107547e-03 4.003363698105823383e-03 9.337039808076649794e-02 1.294328408664345174e-03 9.066567827155233572e-02 9.512785089446078313e-02 4.686597567336111547e-01 8.821004961694311336e-03 4.572928506732010234e-01 4.839898700829625144e-01 5.591835216954146315e-01 9.856463061063559794e-03 5.494485106719584344e-01 5.757907156773596213e-01
9.403015075376884857e-01 3.792415694262914888e-03 8.078552534277799377e-05 3.650192284530390154e-03 3.927277495966652147e-03 9.188581022909206308e-02 9.665175417371039230e-04 9.010706261573252218e-02 9.350749341669067904e-02 4.594110262986211835e-01 8.018012225337795007e-03 4.490673022064229358e-01 4.752555596466215837e-01 5.487721855533507220e-01 8.525837846423505589e-03 5.414228067165141045e-01 5.641146933423129006e-01
9.452763819095477693e-01 3.813124110770612502e-03 8.061027316149337301e-05 3.678909744856168670e-03 3.955955852100609405e-03 9.041476312802278203e-02 1.260006182380073864e-03 8.801481974083805171e-02 9.256799037944869746e-02 4.504910801042002477e-01 6.864559860553520049e-03 4.437513449676396826e-01 4.640970254377626558e-01 5.392092166621488269e-01 7.241211538513204517e-03 5.334550950822996018e-01 5.515852130758107652e-01
9.502512562814070529e-01 3.792402981411401638e-03 8.434064745037472160e-05 3.636317893983787627e-03 3.924143193382139023e-03 8.902240544334413808e-02 1.073478089536879102e-03 8.718322765815575415e-02 9.113641785859553923e-02 4.416832188357638356e-01 6.073566459138228166e-03 4.351195991074763292e-01 4.521684021874372572e-01 5.295097860817687963e-01 6.833026559106240329e-03 5.222199742956837865e-01 5.399711451536913787e-01
9.552261306532663365e-01 3.790889144587561519e-03 8.404799727733208942e-05 3.621900994789470796e-03 3.904551351714386810e-03 8.743438374424766790e-02 1.140174339833658918e-03 8.606036431368781214e-02 8.931882370732335819e-02 4.329662035328660785e-01 5.737165477235296220e-03 4.269111706213444268e-01 4.424403389620672478e-01 5.200005138273434691e-01 6.114117039407902798e-03 5.143749412328624260e-01 5.307816355719652268e-01
9.602010050251256201e-01 3.744537524619749591e-03 9.318203710582075223e-05 3.524083477069286322e-03 3.885918966274336511e-03 8.564731709806136517e-02 1.190985376678988222e-03 8.384999220296442124e-02 8.769344460524342022e-02 4.244594457979166680e-01 4.835080429239674467e-03 4.190957478194780039e-01 4.331719134494717571e-01 5.089425120682308235e-01 5.801028083411299309e-03 5.018015974028189330e-01 5.198910741969278160e-01
9.651758793969849037e-01 3.761629636523338652e-03 7.981635438435992047e-05 3.600395708539457298e-03 3.894865759783273148e-03 8.383753328258236603e-02 1.104972819830119662e-03 8.230164684925767027e-02 8.575589495482718871e-02 4.145013635664224760e-01 5.654380909867202931e-03 4.078510081443302293e-01 4.258775973754314048e-01 4.975499538459587368e-01 6.468031207217559038e-03 4.907944259199560899e-01 5.102378670524301274e-01
9.701507537688442984e-01 3.674235158875164414e-03 9.570997459313163546e-05 3.521597655708510934e-03 3.867517068231908842e-03 8.241439119796584167e-02 1.148892696334676651e-03 8.086145390918524078e-02 8.441315583552468083e-02 4.039905977638948431e-01 5.879185324702137887e-03 3.968700465344621175e-01 4.155779950593909700e-01 4.860459143212033650e-01 6.251892230089108569e-03 4.793705235364874029e-01 4.979016826074027513e-01
9.751256281407035820e-01 3.692125873815613277e-03 8.254735592334709084e-05 3.504899330550041887e-03 3.835993786853084207e-03 8.041573142639432681e-02 9.980492492157448138e-04 7.883911408605558113e-02 8.172173666527159097e-02 3.933630276169000628e-01 5.896588841839862927e-03 3.860683531144212810e-01 4.034821515719607676e-01 4.730195506659128357e-01 6.431090400948202140e-03 4.650443241959758556e-01 4.851752605807820862e-01
9.801005025125628656e-01 3.596038420051373644e-03 8.521370760809040721e-05 3.480095227234127238e-03 3.751425521612287289e-03 7.846961307432157029e-02 1.085990311614431960e-03 7.699007791567966108e-02 8.014740454649220414e-02 3.810119270447568374e-01 5.260634491419757461e-03 3.737428611397503597e-01 3.903788157433156769e-01 4.589616537852400091e-01 5.804420254184114100e-03 4.520687140450751484e-01 4.702149506434058490e-01
9.850753768844221492e-01 3.620747594557808917e-03 7.857968224461535627e-05 3.522739315498119375e-03 3.805146219416528919e-03 7.601350967413926518e-02 4.834307120490457816e-04 7.518252739172934240e-02 7.696288081312013807e-02 3.685962486574176356e-01 5.153246746297965482e-03 3.637428142212592030e-01 3.770297773635378769e-01 4.449857020992238898e-01 4.847224124311037829e-03 4.396869243836026842e-01 4.535007586514780420e-01
9.900502512562814328e-01 3.542323742405159050e-03 7.050990010790770873e-05 3.461839418452902079e-03 3.694806350597022466e-03 7.386155250832407426e-02 7.895551009025015762e-04 7.307656348957750070e-02 7.546563313184317945e-02 3.557048820342539330e-01 3.294106827827354613e-03 3.518796351442868842e-01 3.604989320168059952e-01 4.309815151590674631e-01 3.141186064393473431e-03 4.269361217799177433e-01 4.365056967600763338e-01
9.950251256281407164e-01 3.523419105037196245e-03 4.649026618999474648e-05 3.469124933388712754e-03 3.611971303225293244e-03 7.126185379475194481e-02 8.417332935523230740e-04 6.949252451871457126e-02 7.236174670748737880e-02 3.400627745246732614e-01 1.969459409123483582e-03 3.367392185446261843e-01 3.429887670028875513e-01 4.127232901514857888e-01 2.700263925575027268e-03 4.080596964406705274e-01 4.164288830039960532e-01
1.000000000000000000e+00 3.567935739880839265e-03 7.141140446200305847e-05 3.480092877221995298e-03 3.717327605300486688e-03 6.813156201342986107e-02 2.482180478625207239e-04 6.778760640385508851e-02 6.864374310872352336e-02 3.192018324388083417e-01 5.165018760962320670e-04 3.186233399777309572e-01 3.202316276655802763e-01 3.894773506337546043e-01 6.037032731008673634e-04 3.888024711484537876e-01 3.907591174166064052e-01
