# mN	mSQ	0sq(mean)	1sq(mean)	2sq(mean)	S-comb(mean)	0sq(std)	1sq(std)	2sq(std)	S-comb(std)	0sq(min)	1sq(min)	2sq(min)	S-comb(min)	0sq(max)	1sq(max)	2sq(max)	S-comb(max)
2.000000000000000000e+02 2.000000000000000000e+03 1.282426332976097615e-02 3.560172546536312099e-01 1.329033907230301903e+00 1.581538649383583905e+00 7.048531168882724886e-03 1.817062089681724044e-02 2.792863971963063796e-02 2.892886273449572429e-02 1.184573136227713014e-02 3.497684103143559042e-01 1.310543027624658574e+00 1.566882922262108790e+00 2.743469724164417783e-02 3.712091776462838055e-01 1.368650243092341512e+00 1.625733412761466212e+00
2.000000000000000000e+02 2.200000000000000000e+03 8.646973273887706424e-03 2.180767416267187786e-01 1.024343942123912665e+00 1.179041630244636485e+00 6.616970994864238096e-04 2.869846284691164595e-02 3.673834298863151715e-02 3.206544990689629698e-02 8.167952515355139664e-03 2.103133308672492374e-01 1.004207173874170245e+00 1.156739008228043097e+00 9.600085725069587225e-03 2.361549578264226790e-01 1.056901066982877335e+00 1.207858113225619645e+00
2.000000000000000000e+02 2.300000000000000000e+03 4.085742211399091654e-03 1.878201839577549326e-01 9.009780374272979842e-01 1.031089357047709321e+00 4.263197574598254756e-04 3.281071693993947713e-02 3.721916919188617001e-02 3.590893512329375314e-02 3.658744650891203147e-03 1.810319160754504386e-01 8.830720573816588370e-01 1.015532139668182898e+00 4.840298502870144653e-03 1.979294250032082869e-01 9.306031274232356987e-01 1.065857963792504082e+00
2.000000000000000000e+02 2.700000000000000000e+03 5.436544785663821946e-03 5.548068358585515197e-02 3.383059927770055153e-01 3.840584624725519869e-01 7.706255896090439227e-03 2.092121214168139037e-02 3.606245140698727952e-02 3.927808257933900621e-02 1.868092568384088076e-03 4.884017554134374717e-02 3.052168938769259099e-01 3.458176544891489179e-01 2.085961605689589521e-02 7.131947996926607525e-02 3.908226975381288160e-01 4.405026186605034422e-01
2.000000000000000000e+02 3.000000000000000000e+03 4.903691192347681572e-04 1.680623891757087457e-02 1.284873858902846888e-01 1.436760080813538620e-01 5.912519604835418029e-05 1.205264235996254645e-02 2.823549501479263521e-02 2.789864511003775638e-02 4.438864423647967015e-04 1.452815552628194951e-02 1.078540986189970574e-01 1.213549462479089347e-01 5.620982834151643003e-04 3.458890755522821270e-02 1.788931404952561754e-01 1.972213881267958213e-01
3.000000000000000000e+02 2.000000000000000000e+03 1.153447405091959435e-02 3.260353585769283358e-01 1.322302040442790316e+00 1.552477429755092952e+00 1.065966451022971884e-02 1.601039476160664304e-02 3.163595821816932163e-02 3.379778920609795290e-02 1.028665922366750821e-02 3.180476601057944941e-01 1.302333807003380750e+00 1.536942773145316909e+00 3.312422568119986060e-02 3.361036771266683876e-01 1.362570347970594176e+00 1.601598319124420078e+00
3.000000000000000000e+02 2.200000000000000000e+03 7.191116267279121579e-03 2.159574585263048796e-01 9.972612845830963746e-01 1.159276321229995244e+00 6.021298047287874586e-03 2.999235338733479556e-02 3.359611449259281013e-02 3.494347849456777566e-02 6.376670190300473377e-03 2.091305449548965800e-01 9.804086951769880320e-01 1.134324446078488258e+00 2.228589125363986123e-02 2.306309636660691387e-01 1.022045696810696125e+00 1.181172137427074054e+00
3.000000000000000000e+02 2.300000000000000000e+03 6.177246003838799890e-03 1.625249246298025585e-01 8.563011483389011413e-01 9.773610573933618761e-01 8.253905877632685892e-03 2.785574146434911108e-02 3.545887366324480816e-02 3.307881150430750511e-02 5.472113817003871478e-03 1.576396090338079148e-01 8.416155203074699998e-01 9.597034809989175574e-01 3.091233883510075692e-02 1.730758051065651448e-01 8.859930606829987676e-01 1.006570011494426709e+00
3.000000000000000000e+02 2.700000000000000000e+03 1.927573301506527127e-03 5.688995522779390079e-02 3.427004414524877363e-01 3.890162108319554224e-01 2.166580391266475852e-04 2.319602266716553132e-02 3.616803111721586528e-02 3.795326714838326981e-02 1.746497294951659517e-03 5.156745153785696756e-02 3.102385551306140465e-01 3.513787562142730025e-01 2.178983434730409011e-03 7.699100456285155880e-02 3.981152314297785044e-01 4.463568156816850596e-01
3.000000000000000000e+02 3.000000000000000000e+03 1.915995469802556864e-03 1.627761595001551986e-02 1.248091720831696894e-01 1.396833236016744029e-01 1.702029768057845274e-03 1.255156413604421178e-02 2.473782707250766003e-02 2.682211272490567927e-02 7.806072438516359346e-04 1.293031322323674737e-02 1.049806713073315467e-01 1.181679640951804888e-01 3.635857559121111107e-03 3.316334081417771085e-02 1.711833153128536900e-01 1.897998957281617216e-01
5.000000000000000000e+02 2.000000000000000000e+03 1.162990201304544245e-02 2.778157628339378293e-01 1.177159189575639475e+00 1.386610507056937447e+00 1.819031519377187125e-03 1.207066762583239479e-02 2.817516267790494411e-02 2.965074288810964562e-02 1.088324929189153634e-02 2.712551690943652005e-01 1.156786801551508814e+00 1.361495922319223117e+00 1.317874000350672224e-02 2.884922835377973227e-01 1.215595437021474989e+00 1.429344384178496297e+00
5.000000000000000000e+02 2.200000000000000000e+03 3.620456107519753712e-03 1.898821131420984076e-01 9.371724138174337693e-01 1.081494122632714161e+00 4.299551917166742057e-04 3.335767130527178548e-02 4.169089187705110611e-02 4.252685440468906286e-02 3.270444938121292409e-03 1.847605017002808270e-01 9.187388137498694318e-01 1.063135399086158506e+00 4.452482901839754578e-03 1.990878354829828112e-01 9.626742400011153444e-01 1.111107908936401323e+00
5.000000000000000000e+02 2.300000000000000000e+03 7.379188990721806743e-03 1.514662349655700180e-01 7.980326610598000858e-01 9.128616440834035339e-01 1.618305364384342799e-03 2.911370537335640843e-02 3.656889570612568974e-02 3.479878820195973776e-02 6.527030209464897322e-03 1.432597502397633948e-01 7.778924254748091904e-01 8.951932615858038123e-01 8.780208111440403196e-03 1.629108063171546550e-01 8.255128996486746917e-01 9.423658243477808227e-01
5.000000000000000000e+02 2.700000000000000000e+03 1.637513420674908699e-03 4.738120640287644958e-02 3.390371329492470887e-01 3.771371361153679769e-01 3.523781296744260810e-03 1.827542056967048495e-02 3.578518071721966537e-02 3.665013801461060317e-02 8.818931291629576947e-04 4.364187374213881337e-02 3.129079910877249904e-01 3.467399172991554313e-01 1.220346427113519656e-02 5.778177588341015802e-02 3.863583774032924856e-01 4.297254268632144658e-01
5.000000000000000000e+02 3.000000000000000000e+03 4.909648998468950061e-04 1.741807443002699879e-02 1.269557063134709451e-01 1.416176193772078207e-01 1.432693639637034819e-04 1.100031266410402518e-02 2.417679903202181804e-02 2.554508899520030810e-02 4.254940379996868956e-04 1.373150158365406097e-02 1.068616351770783207e-01 1.200367920531190957e-01 7.847605799850096864e-04 3.722303596113425705e-02 1.721596352763694326e-01 1.903175202517613240e-01
7.000000000000000000e+02 2.000000000000000000e+03 8.406934698946929435e-03 2.233412288212051899e-01 9.551462030568546036e-01 1.140524241002075945e+00 1.052293657960294690e-03 6.675205077013844114e-03 2.009416847681404564e-02 2.319691093773320820e-02 7.977200237120981099e-03 2.128421671495457634e-01 9.315528643440473822e-01 1.110969202107726428e+00 9.588205613414011244e-03 2.319364432067538562e-01 9.860409150478718354e-01 1.178360125152627225e+00
7.000000000000000000e+02 2.200000000000000000e+03 6.613729605937572302e-03 1.634191482491061387e-01 7.960514972268558642e-01 9.288090444347339991e-01 5.945581233165017805e-03 6.937853137686057770e-03 2.260225377945921862e-02 2.532077298668004850e-02 6.264832855564218990e-03 1.594968353247760706e-01 7.878313124525484490e-01 9.202618276965243149e-01 2.230435027343883464e-02 1.695672934027095680e-01 8.152428233536812563e-01 9.561043118910056426e-01
7.000000000000000000e+02 2.300000000000000000e+03 4.307097615859992526e-03 1.354292920911217002e-01 7.089729064846073125e-01 8.200717981204818097e-01 7.273635990645509718e-04 2.628045949166921830e-02 3.659460987493729639e-02 3.709706362515696049e-02 3.904461826874980508e-03 1.328131038075230363e-01 6.984536259880304021e-01 8.103090386762048514e-01 5.624581153365657005e-03 1.416346211456192272e-01 7.276578124858341656e-01 8.396527037877248301e-01
7.000000000000000000e+02 2.700000000000000000e+03 7.303656272525953577e-03 4.722796703930745577e-02 3.097897398172305694e-01 3.488090583805152911e-01 7.063862469956281968e-03 2.043966703352755043e-02 3.646755286514828664e-02 3.749293363580822463e-02 1.709685780625032131e-03 4.372534098697040961e-02 2.903356797605589623e-01 3.286870164254934723e-01 2.522501758344407319e-02 6.437917325120857959e-02 3.432408168069365217e-01 3.853256431448228714e-01
7.000000000000000000e+02 3.000000000000000000e+03 1.209140739910233384e-03 1.567255024035337646e-02 1.281161583372930068e-01 1.428448906270972651e-01 2.699574390643312994e-03 1.034182943965301742e-02 2.541274932289101091e-02 2.617490342816655019e-02 4.554934836044123320e-04 1.353495463810906047e-02 1.099420744980150744e-01 1.228050285825942056e-01 9.303830062537377099e-03 3.150655941188937326e-02 1.698492472908018636e-01 1.876072141456723574e-01
9.000000000000000000e+02 2.000000000000000000e+03 5.055843060252038570e-03 1.446339803806170055e-01 6.521472684890388116e-01 7.848619126049383166e-01 4.008700781601148302e-04 4.777512145092079228e-03 1.469414280819778158e-02 1.675559864998260942e-02 4.617196504219231966e-03 1.393254249909050002e-01 6.312797052828805766e-01 7.619215730131557729e-01 5.690528970372484008e-03 1.512769482872893811e-01 6.753545399171780872e-01 8.136381353560032670e-01
9.000000000000000000e+02 2.200000000000000000e+03 5.621082122660922553e-03 1.198296224789152931e-01 6.227597139615934640e-01 7.295681612806045324e-01 6.294942981285182653e-04 4.824687714287269336e-03 1.702321135347118278e-02 1.905214304329374761e-02 5.067495042900761922e-03 1.154942116094201943e-01 6.105765616212485147e-01 7.138159671903886450e-01 6.550559071027332522e-03 1.255285745162990352e-01 6.446230580940525146e-01 7.513410457223325123e-01
9.000000000000000000e+02 2.300000000000000000e+03 4.053491907339527509e-03 1.019175326472852861e-01 5.754939267745402542e-01 6.633946884816097622e-01 5.862169626428041791e-03 4.236857117662445014e-03 1.944620923605499055e-02 2.008435342743779967e-02 3.441906035130175897e-03 9.923996777182506057e-02 5.665414634466251487e-01 6.536178066758544514e-01 2.123812738883192053e-02 1.064951567426867252e-01 5.911561259223402365e-01 6.827951472339850447e-01
9.000000000000000000e+02 2.700000000000000000e+03 3.439731390548088352e-03 4.492390385694040866e-02 3.012743259835288789e-01 3.396436509468767073e-01 4.316444925514921656e-03 1.576389937143081107e-02 3.156030764346488826e-02 3.285890365536238422e-02 1.827346344646311148e-03 4.184234952718059869e-02 2.885624824464383953e-01 3.251263875608103593e-01 1.005740814079336340e-02 5.467427805781264333e-02 3.290043846488272528e-01 3.685839386140803420e-01
9.000000000000000000e+02 3.000000000000000000e+03 2.026345361533397112e-03 1.578602992705068972e-02 1.274858819079404681e-01 1.420337467966257261e-01 2.811887235174426701e-03 1.220386701097927670e-02 2.879342640957456567e-02 2.775013921408954476e-02 4.489468869207715609e-04 1.349120412263006726e-02 1.107761205711319807e-01 1.239148083530482447e-01 6.351887521942298914e-03 3.052674950111988750e-02 1.626106754061625304e-01 1.783948325781531119e-01
1.100000000000000000e+03 2.000000000000000000e+03 3.038778539368993271e-03 8.563899534438815242e-02 3.854699732235125631e-01 4.708304349788118293e-01 1.823826092268360829e-04 2.896832430200982703e-03 1.077658808360813965e-02 1.283008810645125744e-02 2.854635048038867053e-03 8.250334140252785220e-02 3.685368908432597457e-01 4.507015664672930355e-01 3.247921429568477545e-03 8.966176440943170178e-02 4.001448637505599093e-01 4.884466881219625689e-01
1.100000000000000000e+03 2.200000000000000000e+03 2.753418367758160394e-03 7.387061625525519204e-02 4.065077421303809890e-01 4.774405184750775133e-01 2.856931909231041531e-04 2.628075238434634565e-03 9.231289004217727023e-03 1.112030661299942894e-02 2.519186736322674355e-03 7.054986700767718055e-02 3.948306939028627949e-01 4.626282159017577333e-01 3.328270231802736220e-03 7.786278664255458226e-02 4.245089398748220777e-01 4.973750593087674643e-01
1.100000000000000000e+03 2.300000000000000000e+03 1.945377607562565449e-03 6.314675551521038710e-02 4.090416089020250112e-01 4.677344479591476478e-01 1.945345725561105463e-04 2.908256830552842336e-03 1.034493098035223907e-02 1.266976761099151798e-02 1.629213169876442139e-03 6.133617266898947623e-02 3.914751706164115164e-01 4.473595200759634682e-01 2.235937669796540187e-03 6.882540587994681602e-02 4.278826043245184119e-01 4.904636674155289922e-01
1.100000000000000000e+03 2.700000000000000000e+03 1.645841638832792973e-03 3.780280841021303739e-02 2.527201967821942619e-01 2.852983229186315528e-01 3.556772640412899072e-03 1.931358910556177366e-02 3.582412151840190517e-02 3.663851140939124867e-02 5.347308981978439804e-04 3.555964020899048117e-02 2.440814778214329683e-01 2.756237980349441896e-01 1.230652535609988614e-02 6.066992848756583984e-02 2.735005669285754948e-01 3.056967054316491739e-01
1.100000000000000000e+03 3.000000000000000000e+03 4.371618099348249212e-04 1.929922721994515797e-02 1.283275976833887777e-01 1.439507265060279706e-01 7.249144494845520417e-05 1.537918628540021516e-02 2.989871611123258791e-02 3.087213995982053538e-02 3.269187873440832577e-04 1.485345111943302612e-02 1.155364040076068272e-01 1.290010194902950491e-01 5.398889178287289044e-04 4.374912710661460480e-02 1.517525637495182600e-01 1.705527714686124185e-01
