# signal_efficiencies		0sq-mean	0sq-std	0sq-min	0sq-max	1sq-mean	1sq-std	1sq-min	1sq-max	2sq-mean	2sq-std	2sq-min	2sq-max	all-mean	all-std	all-min	all-max
1.000000000000000021e-02 nan nan nan nan nan nan nan nan nan nan nan nan nan nan nan nan
1.497487437185929596e-02 nan nan nan nan nan nan nan nan nan nan nan nan nan nan nan nan
1.994974874371859344e-02 nan nan nan nan 1.487065756205665501e-01 2.975732301636750676e-02 1.122432482624118044e-01 1.785264198255505919e-01 nan nan nan nan nan nan nan nan
2.492462311557788746e-02 nan nan nan nan 1.646354177579801015e-01 2.928008883148627839e-02 1.322437330685562462e-01 1.995802686331166476e-01 4.003014092347155772e-01 3.514617837248675686e-02 3.251363448671292788e-01 4.341117322506780618e-01 4.448346693938010077e-01 3.697709596935871285e-02 3.629265542570886405e-01 4.797940341602585090e-01
2.989949748743718494e-02 1.716039489298696458e-02 1.343113089108346342e-02 6.276725346746727177e-03 4.326978969203426617e-02 1.833061440332232062e-01 3.016178395760306039e-02 1.500846088624934460e-01 2.186017322699439769e-01 4.411665369249081481e-01 3.206905101659896645e-02 3.738605504703711446e-01 4.753824932699032835e-01 4.907385094220490518e-01 3.421623673474347149e-02 4.171904424928933874e-01 5.255204686885516230e-01
3.487437185929648242e-02 1.185464135237926549e-02 6.209995615434136217e-03 6.096402878103172537e-03 2.541387595660900278e-02 1.916698045372509929e-01 2.544176440927399530e-02 1.679254846564306458e-01 2.360184075428425621e-01 4.814850553433495106e-01 2.955300674288719245e-02 4.225847560736130659e-01 5.134446363999914942e-01 5.357083840949735665e-01 3.119518740671170867e-02 4.714543307286981344e-01 5.676183453187216843e-01
3.984924623115577991e-02 9.760235752097692202e-03 1.859855728976256414e-03 7.123453146652200876e-03 1.239491662458166304e-02 1.949848292452763809e-01 2.700994123099510758e-02 1.611584814772759611e-01 2.520948939108591524e-01 5.156593000179742203e-01 2.299266432424603226e-02 4.713089616768549317e-01 5.486875842861737018e-01 5.723689403342054893e-01 2.392283569483142150e-02 5.257182189645028814e-01 6.065951327532952408e-01
4.482412060301507739e-02 8.223045408590111405e-03 9.350541719744093726e-04 6.841859254327267194e-03 9.593596339451896521e-03 2.079508381132688655e-01 2.789194803790343014e-02 1.767768846234256397e-01 2.674846680754022765e-01 5.448521246465383161e-01 1.820810073697933656e-02 5.166605659429048814e-01 5.819919927426869810e-01 6.039458677717841617e-01 1.825934430621499113e-02 5.799821072003076283e-01 6.430866118984089885e-01
4.979899497487437487e-02 9.506825116892306596e-03 2.147373963816810814e-03 6.576093118704804535e-03 1.460739025206165762e-02 2.236595025487194965e-01 2.864194352019491796e-02 1.888398579033200297e-01 2.819410415543893711e-01 5.726430169552864102e-01 1.854452002688264031e-02 5.496232447246971464e-01 6.131676064514263169e-01 6.394948241640403541e-01 1.723303955593839462e-02 6.188988234400154553e-01 6.780467146331202732e-01
5.477386934673367236e-02 8.408768132937984030e-03 1.542266407848113391e-03 7.046101018402520753e-03 1.169053754698072718e-02 2.317585134983390915e-01 2.934682787674870730e-02 1.840353895774200221e-01 2.823622568723342940e-01 6.059588043490559128e-01 1.876687436799358982e-02 5.816762306825391526e-01 6.431465675574244978e-01 6.757903274934187188e-01 1.779762378526183325e-02 6.488496840971452739e-01 7.109165908061230166e-01
5.974874371859296984e-02 8.901707294041823898e-03 2.326460906964580942e-03 5.773575007186321391e-03 1.291139186110948182e-02 2.355248866163096033e-01 2.953663316865212662e-02 1.973119346283795650e-01 3.015034682079503758e-01 6.340495904380937242e-01 2.406185199730835264e-02 5.878677141997739053e-01 6.719264881713076232e-01 7.045775348285834294e-01 2.218219615585644358e-02 6.642316688637003308e-01 7.387018758492625015e-01
6.472361809045226733e-02 8.236119022034331036e-03 2.157201633765096042e-03 6.009502433143160127e-03 1.377585215196519899e-02 2.403704804782153259e-01 3.539613623160643013e-02 1.926194786458331754e-01 3.206446795435665131e-01 6.551820494338541634e-01 1.902648520655846054e-02 6.174671486871246007e-01 6.841759327290055648e-01 7.300597458849342747e-01 1.833739677202377710e-02 6.967190656749909783e-01 7.607609392709873131e-01
6.969849246231155093e-02 8.765453638333250280e-03 2.130446189322206165e-03 6.657434161222071552e-03 1.414823291189489483e-02 2.458100773939447536e-01 3.246869669697621807e-02 2.046262249018712398e-01 3.122398801068739238e-01 6.699047139648376392e-01 2.383847750090390544e-02 6.245436525212217926e-01 6.960153538094926429e-01 7.499748589874319915e-01 2.298624416551350164e-02 7.073086293516072098e-01 7.750734607548002142e-01
7.467336683417084842e-02 8.362535828673771029e-03 2.242620175422958568e-03 6.298555661509256179e-03 1.409189204506709758e-02 2.527492670877541925e-01 2.754548735521664474e-02 2.119843052193206290e-01 2.991440507902146106e-01 6.909940925956241653e-01 2.146588095657023243e-02 6.521203558991627292e-01 7.223502599923792289e-01 7.729290728095763452e-01 1.854565605242462431e-02 7.376272676943027573e-01 8.041117232888045363e-01
7.964824120603014590e-02 8.900909731900915126e-03 2.328914045469605149e-03 6.347258360575319322e-03 1.500928669102459014e-02 2.592896459178866686e-01 2.632526791994010962e-02 2.126041084880797849e-01 3.055790932875913635e-01 7.074288446719728674e-01 2.406831791537727278e-02 6.596345789719109121e-01 7.477660099257648074e-01 7.944940714860286857e-01 2.280111744791555109e-02 7.483251424522137096e-01 8.321234040147832411e-01
8.462311557788944338e-02 8.629936606363186602e-03 2.052243157450066909e-03 6.304384948725736543e-03 1.334567918560519706e-02 2.592080194808744076e-01 2.049428746744753546e-02 2.234226423269846940e-01 2.834107290357503750e-01 7.327146638686826696e-01 2.378631835042287548e-02 6.855341951399432920e-01 7.724379323479387827e-01 8.219310136846935677e-01 2.256142698076085695e-02 7.768237581052850338e-01 8.592099334769820462e-01
8.959798994974874087e-02 9.073565408392339493e-03 2.335555665309900063e-03 6.164782257593235532e-03 1.446225007265725636e-02 2.623950442220000512e-01 1.824805529630816811e-02 2.328047961648710140e-01 2.947990338736835580e-01 7.533323151994874012e-01 1.956888265245101954e-02 7.106699541170582446e-01 7.720428066692308633e-01 8.439085821410673427e-01 1.802092532012154399e-02 8.044489264926583116e-01 8.629524850515989387e-01
9.457286432160803835e-02 8.865242403502773469e-03 2.033478581938554658e-03 6.289734925044967659e-03 1.274571631315920411e-02 2.665452914687337360e-01 2.070890120211894142e-02 2.308812417791139548e-01 3.061390946261657864e-01 7.710338665305042083e-01 1.725971724057587947e-02 7.350678762559840207e-01 7.957127206283317600e-01 8.610830004351927025e-01 1.557460491044006072e-02 8.312640049230707318e-01 8.885269848024335282e-01
9.954773869346733584e-02 9.139278353002627808e-03 2.132086183418349136e-03 6.716580972215641099e-03 1.410957852379900873e-02 2.693976102478569112e-01 2.577142775309465908e-02 2.298043556782233265e-01 3.171045064792339385e-01 7.866504583067140954e-01 1.567017338222186779e-02 7.580102220070237262e-01 8.187040610714559907e-01 8.811743387578072628e-01 1.842449267583815692e-02 8.406268224002931833e-01 9.140824983541474547e-01
1.045226130653266333e-01 8.823665451456118650e-03 2.064900068985119422e-03 6.732690091943078527e-03 1.377013159585090303e-02 2.726510376055605311e-01 2.805965042997969963e-02 2.261404244929452467e-01 3.278800005014296248e-01 8.045521725395909929e-01 2.043940599444487097e-02 7.647997531105968916e-01 8.408815240715411532e-01 9.003980411834687780e-01 2.042433635327973313e-02 8.661613882386748342e-01 9.385773443196756549e-01
1.094974874371859308e-01 9.407319709294675869e-03 2.048953044232530458e-03 7.083251309224122480e-03 1.395122614578212829e-02 2.698531198176375434e-01 2.687998526581556261e-02 2.276110091042043426e-01 3.123432596935302730e-01 8.187577689107078394e-01 2.094616704166419111e-02 7.874472694019191144e-01 8.587102054442247168e-01 9.194079778035189054e-01 1.937037395996936071e-02 8.910639052680928707e-01 9.537074813225185910e-01
1.144723618090452283e-01 9.548264576481706872e-03 2.218893028693776515e-03 7.339181638722584548e-03 1.492877964252215146e-02 2.723757953842486090e-01 2.939027766961013408e-02 2.363667817503145585e-01 3.225122152770447670e-01 8.291538820204611415e-01 2.012922719809468255e-02 7.936657034498456609e-01 8.636721589661521259e-01 9.265254993494238533e-01 2.276620642072479245e-02 8.999151395541277187e-01 9.669789248290568962e-01
1.194472361809045258e-01 9.197813518025396012e-03 1.884520459801531690e-03 7.284210607327541720e-03 1.332567516875766273e-02 2.760990602450006937e-01 3.361821501611235441e-02 2.345090428771906543e-01 3.324530600551261483e-01 8.382356484779076577e-01 2.734383571921042769e-02 8.004213576625623938e-01 8.846568915905000940e-01 9.406019964013040413e-01 3.179797970347122277e-02 8.953432477155667257e-01 9.900161374775778844e-01
1.244221105527638233e-01 9.743731343102388781e-03 2.052915889932058809e-03 7.527558987098004195e-03 1.436592592610979463e-02 2.748379561817018701e-01 3.633382349223202717e-02 2.223315652088790340e-01 3.422423624574415513e-01 8.519997621182227032e-01 3.331038521928657986e-02 8.075713242407334125e-01 8.993485825855156435e-01 9.605643034825310789e-01 3.357123843070021485e-02 9.186984361086864004e-01 1.007646234543351227e+00
1.293969849246231207e-01 9.384952375271661193e-03 1.850886443631258186e-03 7.485360446586996480e-03 1.289267631109454817e-02 2.756223220002105845e-01 3.581888518157456264e-02 2.300813500204932083e-01 3.416848700022794838e-01 8.688970338637554969e-01 3.184090093957930856e-02 8.277829546247967851e-01 9.070410841019203030e-01 9.754740306710066866e-01 3.275788360777198011e-02 9.247806579355140055e-01 1.017549639946376372e+00
1.343718592964824043e-01 9.529082621580682241e-03 1.827608567840595822e-03 7.334565141865142385e-03 1.264416740060627861e-02 2.779636195123699194e-01 3.508165462758090769e-02 2.312957809923551766e-01 3.396847341030737599e-01 8.815105912530352139e-01 3.488750976205241827e-02 8.227894188433849676e-01 9.270140548381173851e-01 9.896168185324316635e-01 3.510244873317439063e-02 9.384709763340837174e-01 1.039426344615118847e+00
1.393467336683417157e-01 9.327587251407311666e-03 1.595016718971976021e-03 7.191603353027911129e-03 1.175453634642267473e-02 2.809825996947911131e-01 3.653109442703988963e-02 2.326584727926729879e-01 3.487795943034346924e-01 8.902222386415079569e-01 3.180059131784719606e-02 8.429166277291296749e-01 9.295011581818350965e-01 1.004383212772959499e+00 3.122815705913681641e-02 9.606697701567795677e-01 1.045165228093274834e+00
1.443216080402010271e-01 9.676038417051816345e-03 1.849966568692396757e-03 7.245076721679359101e-03 1.245208665930746562e-02 2.824569975881301986e-01 3.271954028901431083e-02 2.343315912300782677e-01 3.325202554167749902e-01 9.048763150857423998e-01 2.910497732922508879e-02 8.626910446737010574e-01 9.409752301737520641e-01 1.014231571044178271e+00 3.494365702059862994e-02 9.587242705263044895e-01 1.050638727361671521e+00
1.492964824120603107e-01 9.431070639646038992e-03 1.626034669882616118e-03 7.112355106152792178e-03 1.208927662661298495e-02 2.873876246681276170e-01 3.152106739528038465e-02 2.412254563744772595e-01 3.321609078842814866e-01 9.112029649519101104e-01 3.336716114477984024e-02 8.629342153743706501e-01 9.518843147555762219e-01 1.026313483883365851e+00 3.811404228391392091e-02 9.689505891889780287e-01 1.071674688410660048e+00
1.542713567839196220e-01 9.608202204646264927e-03 1.394843961259697920e-03 7.500913822544956304e-03 1.143500005086718965e-02 2.900587033520931612e-01 3.204061836004528513e-02 2.482568507874415853e-01 3.406100056946634869e-01 9.218945331147360145e-01 4.006329965138682309e-02 8.560362903502495291e-01 9.707097716023466161e-01 1.041808207083944726e+00 3.970626505277960461e-02 9.792100090748333541e-01 1.092334728129822130e+00
1.592462311557789056e-01 9.222970696977432839e-03 1.148621935802155878e-03 7.339256204167176820e-03 1.127792150923942818e-02 2.922882734629847490e-01 2.890137523550457416e-02 2.552338269853244856e-01 3.489590728680332377e-01 9.354003195527539338e-01 4.021700590306489381e-02 8.740292844923794879e-01 9.892056906447481701e-01 1.057929192585545852e+00 4.066686876378561299e-02 1.000000410212191770e+00 1.112646313269215259e+00
1.642211055276382170e-01 9.717415278263167797e-03 1.507880483031563603e-03 7.468639046830417155e-03 1.233934711449931158e-02 2.925948890818227399e-01 3.073717831892534141e-02 2.508462470075299988e-01 3.571971391993459810e-01 9.502082765616564064e-01 4.110608468021208217e-02 8.886973973523532022e-01 1.007396911744843138e+00 1.071732715528772140e+00 4.062871110217726456e-02 1.009958260471314206e+00 1.125144679200403175e+00
1.691959798994975006e-01 9.418031188862462447e-03 1.397624229318638169e-03 7.468919691259711877e-03 1.177664009909925452e-02 2.894732662159211767e-01 2.611548405786522781e-02 2.473488267293298959e-01 3.398003565952606997e-01 9.568703535413568551e-01 3.708119590474275029e-02 9.002728981256603591e-01 1.010410738760302962e+00 1.082647363613175484e+00 3.519025404694604148e-02 1.030117592281908578e+00 1.124347333115738978e+00
1.741708542713567842e-01 9.576082089643746936e-03 1.266965516565572757e-03 7.664776220269464875e-03 1.191141954091002979e-02 2.907737771797801463e-01 2.800434464551204358e-02 2.490383563123509669e-01 3.457272803578832487e-01 9.673467553926302642e-01 3.336926499812883223e-02 9.182254434438466006e-01 1.013920174784357586e+00 1.093477522556272508e+00 3.134387002599506311e-02 1.049975858957681529e+00 1.143900457573494567e+00
1.791457286432160956e-01 9.403664696955093411e-03 1.253369545500818399e-03 7.639700690906314935e-03 1.194299294673434840e-02 2.933056830274613502e-01 3.092653721753079940e-02 2.464383925500285566e-01 3.534431373531177201e-01 9.764115318600513627e-01 3.109533990024092309e-02 9.359368119606757963e-01 1.031456745078007442e+00 1.103964624925749538e+00 2.971140254419392390e-02 1.065095016872256828e+00 1.163146600942422282e+00
1.841206030150753792e-01 9.532186936872079699e-03 1.122418141675699628e-03 7.899374416099213050e-03 1.114262656242987447e-02 2.926828255356793695e-01 3.303458847631586537e-02 2.443545639185177309e-01 3.610744337272692728e-01 9.876403516373105651e-01 3.064778897168463773e-02 9.451214908960574590e-01 1.048723395304122175e+00 1.117575918528687984e+00 3.189089805165876840e-02 1.072926568701779493e+00 1.182104655584538921e+00
1.890954773869346905e-01 9.323124400041139445e-03 9.842891456368423834e-04 7.924912952256170720e-03 1.097187296332983834e-02 2.932322405734629767e-01 3.484407583478249526e-02 2.502716659283026890e-01 3.686323299273002729e-01 9.987017033294703916e-01 3.373079319392736225e-02 9.457539974023011498e-01 1.065740097988506996e+00 1.128806263430163881e+00 3.691441809260026519e-02 1.072795113352031704e+00 1.200795116992155354e+00
1.940703517587939742e-01 9.533252067087884599e-03 1.100713663774880021e-03 7.762125418350019485e-03 1.145170772076756910e-02 2.950407424705961401e-01 3.712296278055765564e-02 2.522124413179533953e-01 3.761126019503541751e-01 1.008082027268487169e+00 3.698705937277801947e-02 9.515916901996077648e-01 1.082525011853226360e+00 1.141550455344939818e+00 4.109777162110012788e-02 1.078533173241676968e+00 1.219218979050885832e+00
1.990452261306532855e-01 9.143380417306348762e-03 8.978884142472404661e-04 7.389459593279518526e-03 1.082142292196822467e-02 2.957194273159099995e-01 3.798544641069790534e-02 2.512123926735789214e-01 3.835196067186234514e-01 1.019615902154060505e+00 4.166748542792327731e-02 9.564001888640039084e-01 1.099082075549588700e+00 1.154958379088217857e+00 4.389348688194425613e-02 1.079298840362053813e+00 1.237395614745842920e+00
2.040201005025125691e-01 9.340454809499585190e-03 8.264566453264441271e-04 8.033089425301381120e-03 1.087592140758741714e-02 2.933161681471784243e-01 3.371370557700264364e-02 2.491163125603630402e-01 3.673489242158874402e-01 1.029941401300651815e+00 4.119061070760753063e-02 9.580141849965493339e-01 1.100190763981256259e+00 1.159395001624227373e+00 4.418725149938954738e-02 1.080975893729576587e+00 1.236189754611826119e+00
2.089949748743718805e-01 8.887725411315194543e-03 7.766585552102221474e-04 7.668447656541036925e-03 1.005163491801517976e-02 2.962233793361055967e-01 3.545522936137397718e-02 2.512482211755234784e-01 3.742894120826614768e-01 1.032875921122999863e+00 4.225308464398491726e-02 9.552681794242943170e-01 1.105635893108802392e+00 1.169679630680601212e+00 4.480460030623459322e-02 1.095534293981055729e+00 1.248201558585164239e+00
2.139698492462311641e-01 9.178046228690730016e-03 8.431473568624785154e-04 7.810552685553372003e-03 1.081875284845207515e-02 2.958342431524804694e-01 3.510705453126846537e-02 2.502180109809256092e-01 3.666244410490068772e-01 1.040661605959386282e+00 4.275576181270088899e-02 9.671902236107143835e-01 1.121670633673863993e+00 1.176104105420121115e+00 4.728605308168668669e-02 1.096249091408201259e+00 1.264885581122461300e+00
2.189447236180904754e-01 8.841164035745054800e-03 8.358374077129876933e-04 7.544401656941363346e-03 1.026395611847910443e-02 2.966082129927000710e-01 3.298132655555571086e-02 2.525020901440328536e-01 3.588218141442012232e-01 1.046552365067489498e+00 4.214023611975293432e-02 9.650979268313774062e-01 1.115406150083075865e+00 1.179245956801612483e+00 4.384001033534153796e-02 1.102979653431911622e+00 1.252625019928843342e+00
2.239195979899497591e-01 8.986920323748912032e-03 9.040884280506116064e-04 7.485886986958787889e-03 1.047980651155620314e-02 2.970416795538632360e-01 3.015091825631006570e-02 2.545719280273456842e-01 3.490092025309020074e-01 1.048211811185582265e+00 4.227915067470478655e-02 9.719560107733583587e-01 1.115648480267291243e+00 1.189718655944643988e+00 4.292533845247612639e-02 1.112892746505557140e+00 1.257391756254309101e+00
2.288944723618090704e-01 9.208882738693901018e-03 8.646009003135130683e-04 7.822451272253163820e-03 1.064291506720763635e-02 2.967579585149669463e-01 3.116404040302261230e-02 2.567317171607680915e-01 3.494243844856010361e-01 1.054588097530188007e+00 4.155558127551287062e-02 9.800993953596508490e-01 1.117815503165383140e+00 1.198311250197508171e+00 4.242995845408793765e-02 1.130127893507669734e+00 1.261992532384467181e+00
2.338693467336683540e-01 8.763663569982321419e-03 8.309251794669506768e-04 7.307386152008833388e-03 9.923072741063635599e-03 2.959581688542096134e-01 3.166403784423526407e-02 2.560555080525546146e-01 3.470684396181342168e-01 1.063671456667675264e+00 4.173773646714737384e-02 9.954150318582373203e-01 1.126958214682295845e+00 1.207922207302978279e+00 4.758674667755555948e-02 1.139783443391328088e+00 1.278995240783538101e+00
2.388442211055276654e-01 9.078890463872833425e-03 1.062253887077946888e-03 7.106408427737261231e-03 1.100969592221620087e-02 2.970658566666576350e-01 3.237152673681825688e-02 2.582392446917009532e-01 3.464501190480768766e-01 1.069812061777934753e+00 4.432622797941147830e-02 1.003345413792514629e+00 1.131816914378166450e+00 1.215608432061775712e+00 5.156000284951091361e-02 1.135226790137682018e+00 1.285606562744254999e+00
2.438190954773869490e-01 8.711830981296396839e-03 9.908203274732237803e-04 6.970258761617904170e-03 1.013673059547456033e-02 2.966883619194768951e-01 3.238811271140385611e-02 2.577609790568858861e-01 3.398869992163428555e-01 1.077527260597352932e+00 5.077428224798268691e-02 9.974535416276445465e-01 1.146948228124210489e+00 1.225278192589818183e+00 5.284814864612071700e-02 1.144988727798683437e+00 1.292320202009595853e+00
2.487939698492462326e-01 8.637027163468608687e-03 9.287905266863498909e-04 7.085093566042150424e-03 1.007951107180212087e-02 2.963384845875532969e-01 3.152409276610515509e-02 2.599565069364309089e-01 3.398866427937299317e-01 1.086382600132144827e+00 5.193458074965512372e-02 1.005537450881576644e+00 1.154417732057303914e+00 1.236569448503350488e+00 4.961209098877533696e-02 1.161475999563047257e+00 1.300327921411602361e+00
2.537688442211055162e-01 8.374674372320860261e-03 9.477654035216825836e-04 7.011335106278788337e-03 1.015730208102543636e-02 2.975512123792737329e-01 3.234172951195778828e-02 2.540941381573604829e-01 3.456802054436853844e-01 1.096813475739891963e+00 4.991685297328175147e-02 1.020176859238001388e+00 1.166640882535088242e+00 1.239742237348968157e+00 4.735320562120555465e-02 1.177810442483897990e+00 1.306012813839577236e+00
2.587437185929647998e-01 8.654097535910152544e-03 1.034650136828081874e-03 7.104394328670988849e-03 1.023509309024875011e-02 2.973308377234464284e-01 3.237736656724667095e-02 2.548483804117572249e-01 3.404712853862590372e-01 1.097955755005769696e+00 4.530708456609437024e-02 1.034689273726718373e+00 1.161896299827064327e+00 1.246888397987298447e+00 5.225114648917338067e-02 1.173858981822964109e+00 1.322221820422637251e+00
2.637185929648241389e-01 8.339399166906987307e-03 9.339716215186981809e-04 7.084881382231345004e-03 1.031288409947206559e-02 2.958428416028420216e-01 3.109617699807104563e-02 2.549319837988998638e-01 3.458760268044615560e-01 1.102073639664880700e+00 4.971657500750020775e-02 1.029496796949017634e+00 1.176457253440693407e+00 1.250383277509884428e+00 5.412551535210306797e-02 1.183348911944028359e+00 1.329031907770775955e+00
2.686934673366834225e-01 8.422888018312452152e-03 9.854838472853754295e-04 7.178637469964062323e-03 1.046937455583500827e-02 2.962584150524756876e-01 3.049950924723102835e-02 2.550970769256825088e-01 3.461416124328625110e-01 1.104482313609857602e+00 5.113336013972725330e-02 1.043698000451873664e+00 1.181527891137182040e+00 1.260866826050245804e+00 5.058921187382077467e-02 1.195307694695903145e+00 1.335904812371141892e+00
2.736683417085427061e-01 8.297013925194994186e-03 9.533350161306157564e-04 7.125846332579793482e-03 1.060321464851252463e-02 2.970567390131124696e-01 2.931588820934354772e-02 2.559803423272279388e-01 3.368653482249885922e-01 1.113492873693530338e+00 4.903598880938977306e-02 1.051449925579532207e+00 1.186691683280749476e+00 1.270000980353419351e+00 5.334262825273793085e-02 1.202130767394909316e+00 1.351673992986576200e+00
2.786432160804020453e-01 8.373161877468423067e-03 9.668819500754021953e-04 7.308493698088011983e-03 1.070807032744652137e-02 2.948287525547740873e-01 2.879275583813922790e-02 2.537132389890995876e-01 3.332073437304604591e-01 1.122588284928197178e+00 5.167875486244705857e-02 1.053021619852133384e+00 1.200858530908155641e+00 1.279061827011114705e+00 5.367480491753660182e-02 1.211425634650475258e+00 1.367295823478456462e+00
2.836180904522613289e-01 8.297184638150406633e-03 9.546018921510649553e-04 7.273730640952455126e-03 1.066766403798717448e-02 2.952230901216673642e-01 2.952216304789629861e-02 2.579104158732146712e-01 3.300063625405780798e-01 1.129701429758522613e+00 5.084177130555114082e-02 1.065846625972054706e+00 1.214897658327384278e+00 1.280889373665135000e+00 5.340571852153448013e-02 1.214579496164428285e+00 1.356817105221635789e+00
2.885929648241206125e-01 8.401978667461002317e-03 9.958445261868756077e-04 7.095370033137500705e-03 1.099570716441686073e-02 2.970331041924614279e-01 2.972359864432616225e-02 2.601622512047528923e-01 3.350893310517353285e-01 1.133001739523960882e+00 5.173372970559350636e-02 1.062592931616959779e+00 1.224550640598627060e+00 1.283548392252084724e+00 5.033164288922219870e-02 1.212073493695707604e+00 1.363862961515207584e+00
2.935678391959798961e-01 8.179272853164578500e-03 1.061006290974498808e-03 6.696014667329367245e-03 1.092250602536848532e-02 2.949362968828820875e-01 2.800393874457061949e-02 2.585592208350045440e-01 3.360933129506871175e-01 1.131064200806715103e+00 4.713770885990279519e-02 1.064611350320305627e+00 1.208080133278870871e+00 1.290920129444158793e+00 4.849434342032133555e-02 1.221387807927710512e+00 1.362911182606242111e+00
2.985427135678392352e-01 8.280348152421301150e-03 9.714813156161553401e-04 7.118724245399432431e-03 1.080365352170309379e-02 2.958984144861018240e-01 2.811575439815607036e-02 2.556745293180304190e-01 3.371338191793126771e-01 1.136841592023091430e+00 4.559884222867709863e-02 1.066805201364657174e+00 1.205540889729703080e+00 1.298010372424446501e+00 5.254692214385458388e-02 1.225010744674280172e+00 1.378034840841021680e+00
3.035175879396985188e-01 7.943042456779025179e-03 9.844763410153663068e-04 6.594908734838504302e-03 1.050090424103903609e-02 2.969773450305351892e-01 2.700294718529589258e-02 2.579360764042321064e-01 3.382073843751046693e-01 1.142592514972512241e+00 4.955501398704765387e-02 1.074565078639108329e+00 1.219107490080416856e+00 1.303280356885509361e+00 5.011279229983549299e-02 1.233821718285299962e+00 1.369784619295719930e+00
3.084924623115578024e-01 8.169635173340083351e-03 9.875600979852199382e-04 6.686596712994418226e-03 1.070945845159149319e-02 2.970889220427582744e-01 2.671689464595576255e-02 2.568914758342086269e-01 3.356553121771788106e-01 1.148094717507721185e+00 4.884604168812609060e-02 1.082273580755681364e+00 1.224682721973503252e+00 1.306898451233275527e+00 5.236891962722770716e-02 1.243427580779092434e+00 1.377171067416396832e+00
3.134673366834170860e-01 7.928125251630831899e-03 8.514134142022388883e-04 6.570822000528785817e-03 1.006244804258273062e-02 2.979236895605176794e-01 2.598724664273640780e-02 2.591350441308805097e-01 3.404416048994809429e-01 1.151061943247194241e+00 4.754806081017030200e-02 1.084640568733317822e+00 1.215242300659822083e+00 1.310945637757349846e+00 5.283204209500499959e-02 1.247157078864732815e+00 1.391932343362183078e+00
3.184422110552764251e-01 8.025764068064246415e-03 9.289510371393095486e-04 6.668203336028358068e-03 1.041281698068772903e-02 2.963739371770830466e-01 2.605880371171027249e-02 2.582298958322845617e-01 3.356369728697841670e-01 1.153140145312916420e+00 4.924887892333856820e-02 1.097539773503459104e+00 1.228469499995311187e+00 1.318141119968913255e+00 5.463345189476910557e-02 1.245798703929464679e+00 1.393554574808532509e+00
3.234170854271357087e-01 7.941283513555644560e-03 8.249098329282316755e-04 6.696509101452160703e-03 1.000897542793842757e-02 2.982839008783026435e-01 2.660690076131996123e-02 2.604536451569122169e-01 3.391397147759213082e-01 1.158791848442122241e+00 5.233921336845032829e-02 1.099917066444936475e+00 1.241597324737980124e+00 1.322013009167739339e+00 5.329145970439522900e-02 1.260080155270521418e+00 1.399324391622562835e+00
3.283919597989949923e-01 7.831681616985174815e-03 6.748148082888371551e-04 6.790330979326433120e-03 9.443350425923703953e-03 2.972218487027448175e-01 2.361289893631098383e-02 2.611514056358065772e-01 3.310734057611541270e-01 1.162823653402327517e+00 4.917016123908193176e-02 1.097429787149792446e+00 1.232979381875150215e+00 1.327909360054626342e+00 5.150249618675346169e-02 1.258957874192683235e+00 1.406699203632788997e+00
3.333668341708542759e-01 8.119357076291138994e-03 8.544991831772652318e-04 6.883880199733685527e-03 1.026109674187381839e-02 2.985621939519239043e-01 2.397832910016940017e-02 2.648471108372648097e-01 3.337994357239953969e-01 1.166713601676174106e+00 4.903461634426827670e-02 1.109984279959788545e+00 1.245893237095382355e+00 1.338162578913666634e+00 5.255141024194619898e-02 1.258184042055583873e+00 1.414065959570459663e+00
3.383417085427135595e-01 7.719978892845496057e-03 5.817922504955090222e-04 6.694953061712368737e-03 8.940659782690060439e-03 2.984507071878642614e-01 2.440220090018868290e-02 2.624043200501162132e-01 3.369638129632691048e-01 1.174645109256841957e+00 5.018379388337922131e-02 1.107765467480607668e+00 1.251727527900313719e+00 1.341755767634599916e+00 5.238836416669728074e-02 1.262461610905619036e+00 1.414677318422101537e+00
3.433165829145728987e-01 7.724263748359749479e-03 6.071451001079308579e-04 6.887322842839241517e-03 8.755299444807669237e-03 2.979898789383345070e-01 2.518006831194956330e-02 2.589696973768613741e-01 3.363027350138163007e-01 1.179122548513683588e+00 4.854639987174105831e-02 1.105916885953756701e+00 1.250800748066030144e+00 1.347218163495970344e+00 5.093331815345895214e-02 1.271500029122162978e+00 1.422114556775918803e+00
3.482914572864321823e-01 7.478129462684652770e-03 5.688266050318045285e-04 6.558578161607014900e-03 8.338825471869136877e-03 2.943343583124547469e-01 2.336104734861238139e-02 2.528842942538325755e-01 3.313409417017717518e-01 1.182899537369933585e+00 5.008698407103815559e-02 1.108924632879189520e+00 1.256749396521983364e+00 1.349791867173182336e+00 4.906533739883206513e-02 1.280415931331017054e+00 1.421966519749621405e+00
3.532663316582914659e-01 7.517140203692604730e-03 5.223219221687273005e-04 6.635519831430814267e-03 8.209854960693646966e-03 2.930256480189073476e-01 2.233070025359703767e-02 2.524064087942610168e-01 3.302493366830442367e-01 1.184390318991146218e+00 4.525782110802023528e-02 1.116493348564528310e+00 1.249847679474345163e+00 1.353588224494058467e+00 5.102662500253503375e-02 1.280182749095839956e+00 1.430545977526222590e+00
3.582412060301507495e-01 7.395118701995569317e-03 5.776707514496592965e-04 6.391915105684030721e-03 8.263118776726849357e-03 2.933498884564834097e-01 2.210426788935067680e-02 2.534301772085432169e-01 3.318379398436647754e-01 1.187773567925183071e+00 4.590707328846199003e-02 1.124011425537893016e+00 1.255970167092181011e+00 1.362978099571056090e+00 5.110197996829646261e-02 1.289100975280569994e+00 1.438013062787552476e+00
3.632160804020100886e-01 7.455396591429856896e-03 5.744967232845255576e-04 6.322903175070107226e-03 8.287397408061475401e-03 2.926280451003575034e-01 2.154860090090518487e-02 2.516548316665625507e-01 3.290345434683877857e-01 1.192300329541692960e+00 4.839517825740641266e-02 1.122700722172135235e+00 1.268293326184048331e+00 1.362112318713740056e+00 4.750315922891398118e-02 1.292796450309106282e+00 1.433216773115748133e+00
3.681909547738693722e-01 7.301937149741232966e-03 5.411500620783147187e-04 6.074195182757292054e-03 8.030843478520500317e-03 2.914904865055893413e-01 2.255751449633058847e-02 2.490604391600695355e-01 3.298603766236177792e-01 1.197293650007978050e+00 4.506579010763315379e-02 1.134517649800160344e+00 1.268189343855768758e+00 1.361304566334884836e+00 4.350909877007471532e-02 1.297929366765639969e+00 1.440782991391284851e+00
3.731658291457286558e-01 7.361787619623917991e-03 6.036302138652913270e-04 6.242452671317612507e-03 8.426219771482173701e-03 2.920010429793121198e-01 2.228602599535304055e-02 2.503324972292825801e-01 3.307133574329126913e-01 1.192217036019211029e+00 4.015472771657446066e-02 1.133368950470298619e+00 1.268316241023732749e+00 1.363610854183858745e+00 4.317678532547444825e-02 1.306726560419149807e+00 1.448322807679512048e+00
3.781407035175879394e-01 7.042634341631412269e-03 5.584271639043086486e-04 5.917263299658420336e-03 8.139251669167476763e-03 2.911729468506183416e-01 2.199153047956797780e-02 2.493239947071256568e-01 3.275674641901054618e-01 1.194012536745987729e+00 4.203544803157848592e-02 1.136609700793796085e+00 1.274471849888629382e+00 1.365575704517936417e+00 4.674638233098104417e-02 1.302718183413908548e+00 1.455836052066439734e+00
3.831155778894472785e-01 7.194142424102939123e-03 5.428409702475182333e-04 5.908691240216285001e-03 8.002007621836577239e-03 2.896294265928229805e-01 2.115454750288216917e-02 2.485566772913561095e-01 3.261114017142079380e-01 1.193015156450306868e+00 4.158505936791850877e-02 1.144007141094615543e+00 1.274864933201300676e+00 1.367629667105386027e+00 4.540790247339473312e-02 1.299167012225062923e+00 1.457574804158388693e+00
3.880904522613065621e-01 6.841453418234992589e-03 5.696071904837176356e-04 5.564380056536189639e-03 7.856438592049678690e-03 2.895481616018916182e-01 2.061165224723788755e-02 2.510703073763836946e-01 3.299741825064582135e-01 1.195533044930935151e+00 4.353443498577550669e-02 1.139254204027885020e+00 1.286740521358605838e+00 1.368890973438136260e+00 4.840046150604952746e-02 1.284447858888684957e+00 1.465094127458838713e+00
3.930653266331658457e-01 6.893360712016153788e-03 5.529289392545633968e-04 5.758324781948714541e-03 7.887989594473508378e-03 2.872595880832170545e-01 1.888484049611272031e-02 2.479867568457861937e-01 3.176499975635833084e-01 1.196021896366592285e+00 4.051411031078231556e-02 1.142707111734557079e+00 1.281684322399405884e+00 1.372715490654753845e+00 4.848378887042587709e-02 1.285767527177739789e+00 1.461515420053929537e+00
3.980402010050251294e-01 6.644675159103391113e-03 4.955240012706548132e-04 5.539867252360523506e-03 7.406805548657699814e-03 2.853518340906387452e-01 1.861234406515850301e-02 2.493295016498110750e-01 3.171590113982029058e-01 1.199747746308689855e+00 4.664796910163408056e-02 1.120200814110965615e+00 1.293389816471530951e+00 1.371810557053177337e+00 4.890781101108262335e-02 1.283596805697645005e+00 1.463695450372087592e+00
4.030150753768844685e-01 6.653535695205653813e-03 4.624369507373085847e-04 5.478541017123271517e-03 7.103285157224525047e-03 2.842927253428156886e-01 1.814926317888992252e-02 2.479598930331233797e-01 3.108540519873216890e-01 1.199679663564245269e+00 4.475139011349329315e-02 1.121868453116247721e+00 1.285354643062680546e+00 1.373861564030985472e+00 4.786361412792249082e-02 1.281002228384583663e+00 1.471284342460355665e+00
4.079899497487437521e-01 6.495237207424835180e-03 4.391621213525668242e-04 5.404510887583613768e-03 7.136944690035256465e-03 2.824091286124164046e-01 1.703086711255264937e-02 2.461984924903357907e-01 3.077292719594533765e-01 1.196602835124879638e+00 4.399030800683637055e-02 1.117728090212798175e+00 1.289722850814341015e+00 1.374855618446688910e+00 4.700541788548383282e-02 1.280163758008391772e+00 1.468427122717445910e+00
4.129648241206030357e-01 6.648496134089495850e-03 4.959834118383454069e-04 5.548577800917863130e-03 7.520523894692453248e-03 2.820489047566894780e-01 1.663761390152548175e-02 2.478125995637735501e-01 3.096187681251325596e-01 1.199969795007748585e+00 4.288901181866848489e-02 1.118483321273089803e+00 1.290853018489868109e+00 1.374987936025600543e+00 4.679984620902940401e-02 1.285551358622615714e+00 1.470962038418107021e+00
4.179396984924623193e-01 6.475719834244319899e-03 3.802509854191133873e-04 5.497944753413246122e-03 6.921961707001430403e-03 2.816719915265736840e-01 1.676829518990134368e-02 2.476625165955800567e-01 3.076882454529638600e-01 1.198159928807445151e+00 4.333507690629904985e-02 1.112923808430265282e+00 1.287149538203707477e+00 1.375191174649651460e+00 4.790436498927806708e-02 1.277793903603448467e+00 1.465036703811914975e+00
4.229145728643216029e-01 6.440263256053760550e-03 4.374395905607007351e-04 5.510713561925155261e-03 7.184842925183802277e-03 2.798629133546823300e-01 1.710002348831380498e-02 2.453962631424242702e-01 3.075857973979539417e-01 1.198302177878803665e+00 4.412880151826936714e-02 1.117192714705501189e+00 1.292285465607258432e+00 1.376847557033124891e+00 4.676224106177792605e-02 1.276960800610456248e+00 1.457220299256761109e+00
4.278894472361809420e-01 6.250819145412866984e-03 4.800205476553296162e-04 5.484720530086639734e-03 7.016118908389878082e-03 2.783150917217541709e-01 1.804838650350217705e-02 2.469931489684298875e-01 3.077513466454598889e-01 1.197715662302781370e+00 4.444643149970745749e-02 1.109632988503729045e+00 1.282165792790657566e+00 1.378306053841089840e+00 4.545806458900029240e-02 1.284845900591396806e+00 1.460370053451743200e+00
4.328643216080402256e-01 6.425539427895039790e-03 4.006098028750127425e-04 5.606035798164400556e-03 7.092066626486049838e-03 2.764351085096358185e-01 1.797418879987776677e-02 2.478832280232640961e-01 3.054206070869376344e-01 1.199488259611146690e+00 4.329003293867721841e-02 1.107702261467371940e+00 1.278195144250490189e+00 1.374331554708292158e+00 4.821382905597816626e-02 1.274633714485170266e+00 1.463589928488252312e+00
4.378391959798995092e-01 6.257937618338670072e-03 5.208875613863786155e-04 5.311079975823843405e-03 7.144991036811499871e-03 2.750188946387472910e-01 1.695432362585604438e-02 2.483173388653509006e-01 3.011490733432998779e-01 1.197878222362380951e+00 4.260016927217751687e-02 1.115100125032418621e+00 1.280244872304252324e+00 1.371357160491966987e+00 4.499733800594050981e-02 1.276367997220898998e+00 1.449357754520194108e+00
4.428140703517587928e-01 6.308252184019075455e-03 5.132073961401010902e-04 5.411911875947653106e-03 7.197915447136949904e-03 2.724972004265340808e-01 1.450111057023399652e-02 2.485740336518448557e-01 2.963895664508151562e-01 1.194316930611253547e+00 4.211395452089016639e-02 1.104851372040761337e+00 1.273762556528158951e+00 1.372779502900811632e+00 4.742836877082616531e-02 1.269105136104801357e+00 1.452972686962442639e+00
4.477889447236181319e-01 6.377846039356609500e-03 5.388932474096921584e-04 5.385591208108760596e-03 7.293702498294312928e-03 2.713803502997183537e-01 1.302574250768800436e-02 2.505305662018337820e-01 2.953496803636795343e-01 1.192552649154479116e+00 4.136594132837735638e-02 1.104655176568987374e+00 1.263720511469388130e+00 1.373013238189672247e+00 4.702541126111077496e-02 1.275700556440352962e+00 1.460827330521673906e+00
4.527638190954774156e-01 6.298300053698792540e-03 5.120902326278553313e-04 5.423355894154762748e-03 7.206623613459998620e-03 2.704703351975604186e-01 1.321987376690796252e-02 2.492142734669948179e-01 2.922385445628111755e-01 1.192083441320876069e+00 4.408982108285047080e-02 1.096181824684020922e+00 1.270360890674964383e+00 1.371760859298902124e+00 4.747816633949759890e-02 1.273540133107011751e+00 1.456243802436417267e+00
4.577386934673366992e-01 6.372793433215083458e-03 5.373251534793720705e-04 5.461120580200764900e-03 7.377927778363748725e-03 2.685719440914687284e-01 1.439876537013760720e-02 2.431193876289523270e-01 2.908528118988457090e-01 1.190573031458235009e+00 4.411242001526742562e-02 1.101933888707961939e+00 1.276967111705835434e+00 1.371189572229058795e+00 5.151147797497525327e-02 1.266307595072305725e+00 1.460048405048051778e+00
4.627135678391959828e-01 6.258931540793971800e-03 4.793322162034040950e-04 5.498885266246767919e-03 7.224702473765724081e-03 2.670188611583467209e-01 1.451740930082979358e-02 2.449489610703680653e-01 2.896313258523243173e-01 1.189840344580518572e+00 4.478749956043688585e-02 1.098527012506446354e+00 1.271720561766820801e+00 1.367397714459148261e+00 4.936203670788586600e-02 1.273406178510508857e+00 1.463889284498600007e+00
4.676884422110553219e-01 6.325265456462546634e-03 4.960783374973774329e-04 5.548986195800479672e-03 7.251556232781705517e-03 2.657560994106381580e-01 1.428114909416748624e-02 2.442223210328400840e-01 2.885079647214558451e-01 1.187535665873591162e+00 4.674189977319831435e-02 1.092966283165337726e+00 1.274485196365028328e+00 1.364202966184135279e+00 4.880232808767842601e-02 1.272347639604771041e+00 1.459995721436316174e+00
4.726633165829146055e-01 6.229401958828183379e-03 4.601951609711559411e-04 5.566081377804284018e-03 7.242413645240223727e-03 2.646848536193185941e-01 1.515506001024245764e-02 2.422288168839505929e-01 2.906401025506612501e-01 1.183349099852379016e+00 4.579506072790495014e-02 1.098107635578684071e+00 1.277293726895380566e+00 1.364732491854973251e+00 5.008542330347243166e-02 1.273933221818443373e+00 1.460213685249970972e+00
4.776381909547738891e-01 6.235661342525625900e-03 4.562213627805426753e-04 5.568414895786266174e-03 7.206841593015740101e-03 2.634575363915953594e-01 1.492073365390907819e-02 2.403835227066395408e-01 2.874640493854178080e-01 1.181582729275965082e+00 4.584393428280628124e-02 1.095266257710904689e+00 1.272768925896732295e+00 1.359856614850702750e+00 4.585765866568025650e-02 1.281588443033931712e+00 1.449609353003758372e+00
4.826130653266331727e-01 6.135342783441713639e-03 4.514880053860115673e-04 5.335909303655567495e-03 7.086499089947078875e-03 2.623667529650553498e-01 1.399969459987962343e-02 2.404453858872670213e-01 2.840935414574202733e-01 1.180564195031255537e+00 4.571860241404549635e-02 1.097806170498201173e+00 1.272167956716522497e+00 1.357306478071668154e+00 4.172529721050498297e-02 1.279978315859071403e+00 1.429502467049190262e+00
4.875879396984924563e-01 6.249550665474796346e-03 4.631271378450656836e-04 5.578759572327047708e-03 7.279804498462431883e-03 2.605537014416806629e-01 1.305744745646259496e-02 2.391715063277715381e-01 2.802086995902974276e-01 1.176130451152557210e+00 4.245771562619553297e-02 1.100380812383505713e+00 1.262509666056966573e+00 1.356437354677501705e+00 4.351183704631886306e-02 1.272633689776484056e+00 1.427399414996707971e+00
4.925628140703517954e-01 6.112931883819963663e-03 4.691025523325481291e-04 5.291484691380153593e-03 7.044310937025489126e-03 2.596268710881508013e-01 1.330362530760493753e-02 2.384096768704430103e-01 2.794947690508008953e-01 1.173573034699009421e+00 3.955629411976775700e-02 1.098132485573153572e+00 1.241668887498548646e+00 1.353049261870320930e+00 4.310174611865485311e-02 1.268387320285809139e+00 1.422311402868231767e+00
4.975376884422110790e-01 6.135741489143638899e-03 4.388660852482770204e-04 5.250910582429313238e-03 6.986041551238256556e-03 2.588471749950745360e-01 1.366119978756225560e-02 2.381647355224081608e-01 2.801805590007936386e-01 1.171637252879167646e+00 3.981552923918411230e-02 1.093798312402052941e+00 1.238975132426956893e+00 1.350851056364609004e+00 4.397816221209944337e-02 1.272822180983985918e+00 1.427060714319716483e+00
5.025125628140703071e-01 6.024231179932450567e-03 4.017976436610558939e-04 5.169724886260620121e-03 6.645189431686773264e-03 2.579025469272510085e-01 1.370973804354237713e-02 2.379500571735499448e-01 2.788724451430823481e-01 1.167604783710852967e+00 3.948608692439967149e-02 1.091199556219542233e+00 1.233506889631936554e+00 1.349706573092082529e+00 4.324676406314275495e-02 1.273614143499395501e+00 1.425555034527551168e+00
5.074874371859295907e-01 6.086586339453949925e-03 4.614778089456871425e-04 5.202436524029766148e-03 6.878131012312271864e-03 2.560554223442720323e-01 1.391852991089170127e-02 2.356130139470392348e-01 2.786660630015013740e-01 1.165957415571986511e+00 4.049691941457029404e-02 1.094073926983592848e+00 1.237264089532235101e+00 1.347453550695090874e+00 4.391187111646725760e-02 1.268699818486510367e+00 1.422788472237654922e+00
5.124623115577889854e-01 5.967968029311728102e-03 4.102240970022603310e-04 5.148902019968592224e-03 6.572175583314756285e-03 2.553126202682975410e-01 1.419785161032156504e-02 2.333597818830736303e-01 2.772639529252132751e-01 1.164716740380926652e+00 3.934241245834804723e-02 1.092807169313306570e+00 1.235180949903426972e+00 1.343030950117736655e+00 4.168593215357409287e-02 1.261650604376772566e+00 1.411387619994844300e+00
5.174371859296482690e-01 6.018562755048387398e-03 3.864991876104220442e-04 5.184265265329564276e-03 6.557986972926387916e-03 2.545682741941527327e-01 1.422022101541337361e-02 2.335661388719036391e-01 2.768274738733393359e-01 1.160973415908097994e+00 3.923873955651886736e-02 1.087741458462440747e+00 1.230476516075063254e+00 1.339304512175526707e+00 3.927144547057280499e-02 1.263992935117497662e+00 1.410690028543290619e+00
5.224120603015075526e-01 5.922423299970828135e-03 3.779910467486124613e-04 5.118375774272389787e-03 6.482597475660574829e-03 2.539449543359371675e-01 1.461955052523430595e-02 2.323145061694199265e-01 2.764648194201863585e-01 1.155835683111355205e+00 3.676936174984504757e-02 1.081547915383523906e+00 1.220682924456494067e+00 1.336884405400899922e+00 3.892828611158626051e-02 1.258199660583181112e+00 1.401872839311225416e+00
5.273869346733668362e-01 5.947404501108464504e-03 4.024250181549103925e-04 5.180160762514067138e-03 6.565316313618308267e-03 2.529983685431227980e-01 1.460106409930939618e-02 2.325022535036102012e-01 2.766986801338991997e-01 1.153837972323283001e+00 3.539533006186502267e-02 1.084699986554555906e+00 1.219413531745934920e+00 1.333021085063673450e+00 3.916249572876662199e-02 1.255634513575739630e+00 1.398963724093759797e+00
5.323618090452261198e-01 5.834198047781222196e-03 4.190667678002012414e-04 5.129093357488445463e-03 6.516198341274431413e-03 2.519406565180061786e-01 1.398741282520886246e-02 2.309979390161487900e-01 2.734324292637075327e-01 1.150064425379272448e+00 3.445037722819048465e-02 1.078785058948593223e+00 1.210631913694979689e+00 1.331846727422969945e+00 3.980984717889513025e-02 1.257167885272320262e+00 1.398909627568746261e+00
5.373366834170854034e-01 5.896709875144219223e-03 3.968025805419391470e-04 5.107087985971323421e-03 6.563043445219503801e-03 2.503601397982272436e-01 1.342224636554484145e-02 2.311768474672677154e-01 2.732787468821978871e-01 1.146133093816589232e+00 3.527964750311704534e-02 1.074751809671038671e+00 1.207352060073322297e+00 1.329279372919846214e+00 4.032881643640773978e-02 1.258852558300792790e+00 1.401552699302216487e+00
5.423115577889447980e-01 5.773515724633435618e-03 4.245880935482507917e-04 5.007365319657791289e-03 6.547817795872863320e-03 2.490024812121671705e-01 1.418045782451988687e-02 2.294105288937108023e-01 2.725526677012953258e-01 1.144645106196567896e+00 3.556640818735654769e-02 1.075349776280271952e+00 1.204317361199747971e+00 1.324044434298319972e+00 4.234514372806016252e-02 1.248243754609320577e+00 1.401689605324615950e+00
5.472864321608040816e-01 5.792603571150064211e-03 3.956572608959500227e-04 5.009071375720129844e-03 6.359038228480716134e-03 2.477946013997288921e-01 1.373970829302397119e-02 2.281339063680541956e-01 2.706280354853913273e-01 1.141072952394029283e+00 3.638660598907646898e-02 1.074635363514388375e+00 1.208601458498193892e+00 1.318864800579770069e+00 4.400340607583545088e-02 1.238101597299330781e+00 1.396981053418562491e+00
5.522613065326633652e-01 5.660502329995358711e-03 3.794450789184114752e-04 4.788551247710425354e-03 6.216168326774245897e-03 2.470502893011991552e-01 1.353666033366912082e-02 2.278687706607746277e-01 2.711908851783986774e-01 1.135510594598812872e+00 3.818928485776446752e-02 1.064558097584970664e+00 1.208170619927095180e+00 1.317973835594181020e+00 4.502709319042711572e-02 1.240801327829696765e+00 1.402245285415329112e+00
5.572361809045226488e-01 5.743016133335381024e-03 3.910988709293990086e-04 4.942093161330966648e-03 6.326498070347645955e-03 2.451759586433680249e-01 1.329281113200651322e-02 2.258567623039782479e-01 2.694847059442080361e-01 1.131521958508875603e+00 3.893962952016694762e-02 1.057705108823445928e+00 1.203286624965432594e+00 1.314275596762041198e+00 4.630359154931201066e-02 1.237498346975875352e+00 1.402743231350098929e+00
5.622110552763819324e-01 5.741558618317267083e-03 3.840196313826244436e-04 4.857495488940571059e-03 6.311246248665513918e-03 2.435286048661940705e-01 1.345710157765395328e-02 2.250640816475364403e-01 2.694852234292881010e-01 1.129333578687181205e+00 3.989749162955618517e-02 1.058716270476001808e+00 1.207070488295935329e+00 1.309874401193832361e+00 4.513783105061264234e-02 1.236816538152776923e+00 1.399360389367316770e+00
5.671859296482412161e-01 5.644587407398139918e-03 3.851220976740203509e-04 4.850045532488472463e-03 6.310109421015526639e-03 2.412513388334741882e-01 1.383407648157948186e-02 2.227188138471001000e-01 2.683252649647320798e-01 1.123719667304939662e+00 4.037368210580021682e-02 1.057203278973932070e+00 1.207445314772514156e+00 1.306812011036946997e+00 4.391488152360185221e-02 1.231006738855053628e+00 1.387898688324146645e+00
5.721608040201004997e-01 5.702626260479580315e-03 3.797252826177489470e-04 4.875260137761812558e-03 6.360072718087521337e-03 2.396430331810694148e-01 1.469600362730167677e-02 2.186054418107129804e-01 2.685387071939769332e-01 1.120126573733716491e+00 4.077941983331531683e-02 1.050735026609658673e+00 1.202937919963137814e+00 1.300534534286039712e+00 4.162761651354292963e-02 1.226670470170964755e+00 1.377846290329581835e+00
5.771356783919597833e-01 5.551013624213301315e-03 3.852523636201692298e-04 4.835350515615479544e-03 6.254495779733038226e-03 2.379076927684659615e-01 1.496306462488909521e-02 2.152212790302040490e-01 2.657587985737088210e-01 1.116304394955324408e+00 3.877966150044800248e-02 1.048338015093747799e+00 1.192885239155189847e+00 1.296052999254789118e+00 4.254828632243751185e-02 1.221240293744663141e+00 1.378326568322254975e+00
5.821105527638190669e-01 5.615995376643777293e-03 4.010218244743460488e-04 4.911207548149175255e-03 6.377003738940983067e-03 2.358943418045877372e-01 1.395741859338510416e-02 2.139983532119396625e-01 2.628883129775503869e-01 1.110288636014845398e+00 3.666015698189880462e-02 1.044389132699456324e+00 1.183637412323683469e+00 1.291234926137217132e+00 4.118227116303053992e-02 1.225844349428689917e+00 1.368667123354513793e+00
5.870854271356784615e-01 5.472153012069907140e-03 3.926224374456703135e-04 4.881429835593547976e-03 6.240812937231702932e-03 2.333085544901882247e-01 1.440612176250674267e-02 2.092765892561487540e-01 2.606660942553333804e-01 1.106254309626511612e+00 3.791583705048250097e-02 1.041242800689162529e+00 1.182649697338164163e+00 1.289357658378992966e+00 4.164118461745451583e-02 1.226064670188956374e+00 1.367434149604253024e+00
5.920603015075377451e-01 5.476398789645102287e-03 3.928753187378802685e-04 4.847610423869945680e-03 6.157415377213837707e-03 2.317816527178260255e-01 1.368436377271546947e-02 2.084354002182024213e-01 2.581972418878218378e-01 1.101663112497587527e+00 3.559825698647292591e-02 1.045008226633319159e+00 1.172725320306402530e+00 1.283535697524766928e+00 4.179460647829696951e-02 1.219390999429766698e+00 1.357820490293285332e+00
5.970351758793970287e-01 5.349296290136617768e-03 3.299948619056428979e-04 4.753527714539254601e-03 5.840972193418279487e-03 2.300361345537118574e-01 1.323174231564705136e-02 2.088533056902210916e-01 2.556531926073211114e-01 1.098602878646464998e+00 3.661061626442073391e-02 1.044456925184849228e+00 1.168833979562444281e+00 1.273813375259087888e+00 4.009525847183716823e-02 1.212416042834236540e+00 1.343362264154508656e+00
6.020100502512563123e-01 5.416926898147406133e-03 3.794404524314140960e-04 4.884208772877912837e-03 6.074292241866434232e-03 2.286748105331136427e-01 1.363764144712627246e-02 2.081562947862810597e-01 2.534953828825081690e-01 1.092910685421937034e+00 3.556289831469757606e-02 1.038669223791504947e+00 1.160329011234433327e+00 1.268236973888180019e+00 3.991116337359474492e-02 1.210941962662053895e+00 1.339952263806624133e+00
6.069849246231155959e-01 5.324780075886442407e-03 3.246265828254539195e-04 4.764900092407130423e-03 5.829673396952213781e-03 2.269266987472263186e-01 1.261415952816857464e-02 2.087662302783770407e-01 2.489889508132740459e-01 1.084423045676444319e+00 3.587884564361266959e-02 1.030712599019315778e+00 1.148625177857553581e+00 1.260165894569917011e+00 3.961601768542902247e-02 1.198933696655980263e+00 1.332165734214053598e+00
6.119597989949748795e-01 5.332976796022523627e-03 3.081805337104192503e-04 4.766222697609690147e-03 5.825316498651583220e-03 2.250508394500500553e-01 1.272291432898977476e-02 2.070740140890253433e-01 2.480820781880472836e-01 1.078912125104870778e+00 3.357309799062866557e-02 1.030368451890235404e+00 1.143810587611890695e+00 1.254672235853917961e+00 4.148279346973716281e-02 1.180321128926739016e+00 1.319216912964808142e+00
6.169346733668341631e-01 5.294504091473887716e-03 3.069458506490316111e-04 4.760762957903361646e-03 5.774561081366067633e-03 2.222187782611471929e-01 1.251417992267358364e-02 2.056152085131226215e-01 2.456853751656927209e-01 1.072115974327789933e+00 3.395344684065111640e-02 1.018233594908136475e+00 1.133126847505608659e+00 1.249025244285708158e+00 4.259224459257940354e-02 1.174163846379655762e+00 1.313646182213956015e+00
6.219095477386934467e-01 5.325777416104920774e-03 3.190851043282348924e-04 4.754221413095433175e-03 5.866032859445246064e-03 2.207541247533288120e-01 1.230377704192560720e-02 2.039161315748251047e-01 2.437878175527403157e-01 1.066913170559415036e+00 3.590505211626018184e-02 1.003000480799973948e+00 1.126068523471802640e+00 1.239647451012947821e+00 4.182311041340959490e-02 1.159836400744771900e+00 1.294276867591807934e+00
6.268844221105528414e-01 5.277689444374330206e-03 3.289338126019344748e-04 4.722517961326998769e-03 5.841036591020531098e-03 2.191635964602511311e-01 1.218877148759161221e-02 2.024526390319640323e-01 2.406873934886604172e-01 1.060036886374723597e+00 3.566844180087844207e-02 9.971234525302099527e-01 1.118765523826199537e+00 1.233753379002403339e+00 4.045375672635653092e-02 1.156834583519763981e+00 1.288212182665986028e+00
6.318592964824121250e-01 5.316209581497765430e-03 3.269772198806501426e-04 4.754269280042575270e-03 5.829546831966304563e-03 2.171203603366027579e-01 1.142536987435789630e-02 2.002172795288636453e-01 2.342740819391897766e-01 1.052143848115112190e+00 3.563836279250183481e-02 9.842930058567586071e-01 1.103488875309123207e+00 1.229643683176961488e+00 4.353893508113016592e-02 1.151123125723970242e+00 1.293924494188396501e+00
6.368341708542714086e-01 5.258487826203616863e-03 3.540635337374912713e-04 4.643326101570061093e-03 5.819594831687744697e-03 2.154099113865087234e-01 1.098330267236895426e-02 1.989304886976390740e-01 2.322470118313792187e-01 1.047853695660727391e+00 3.520758836678671705e-02 9.826109348636310470e-01 1.097631327253284494e+00 1.222751473336463501e+00 4.310590740881313498e-02 1.146354021663480438e+00 1.288383159060432215e+00
6.418090452261306922e-01 5.278445983408228646e-03 3.388373784535721189e-04 4.690106049038194821e-03 5.861541772215433585e-03 2.136717474279839768e-01 1.041624697503037988e-02 1.994389815868797544e-01 2.303447586121387947e-01 1.043687790157376449e+00 3.787643436370791150e-02 9.762669846451276223e-01 1.102485227078119578e+00 1.216689746734019639e+00 4.161839591349612150e-02 1.146009559570295933e+00 1.277144859738056581e+00
6.467839195979899758e-01 5.201886701267989174e-03 3.442593841808903594e-04 4.574394470251309103e-03 5.786862054523786783e-03 2.114310002309467973e-01 1.141069467981182563e-02 1.934741101254693063e-01 2.283841744586350142e-01 1.037064495597767699e+00 3.723806268565947597e-02 9.696552443340258343e-01 1.095738322950315702e+00 1.206079467693768281e+00 3.872047162708612544e-02 1.139777556208041220e+00 1.262081291985166720e+00
6.517587939698492594e-01 5.222926766871006064e-03 3.567194191154151412e-04 4.649770615538830962e-03 5.849309704524636132e-03 2.098669993734953443e-01 1.218039030853836253e-02 1.933210489740503635e-01 2.274216070899515996e-01 1.030073855179643560e+00 3.717374795187487063e-02 9.663267201650450611e-01 1.086508021413632452e+00 1.198865719763785531e+00 4.195938882471497711e-02 1.122666131012836077e+00 1.262242248260775357e+00
6.567336683417085430e-01 5.109332739910651261e-03 3.626581037077541590e-04 4.615841882011900883e-03 5.783748542447168794e-03 2.080249721994002210e-01 1.285436952758735665e-02 1.896892121921925356e-01 2.269869964712371846e-01 1.021043954076752636e+00 3.427664846364754381e-02 9.619383560975197645e-01 1.070656192986783273e+00 1.192364191035982124e+00 4.159351661578841036e-02 1.114354878339931743e+00 1.256658614591120049e+00
6.617085427135678266e-01 5.139062337008963935e-03 3.217369730861147623e-04 4.590795295701601171e-03 5.708726317698004094e-03 2.059071888071249412e-01 1.221869542851471667e-02 1.869553568889104622e-01 2.241126302182580021e-01 1.015082568294646492e+00 3.688372352929122217e-02 9.479172580054692210e-01 1.072523158743254212e+00 1.186427835538550024e+00 4.249386845662894707e-02 1.106777583228837347e+00 1.255583115668085448e+00
6.666834170854271102e-01 5.158969122531297836e-03 3.579615598691994601e-04 4.675451948626355159e-03 5.857003145691363870e-03 2.038455797427368987e-01 1.181875468493701065e-02 1.834570729020930102e-01 2.222151198530280258e-01 1.010038456415900843e+00 3.669163418232186669e-02 9.414518837526559825e-01 1.067555745495331720e+00 1.178815706702457833e+00 4.206925105754614341e-02 1.105004727908218243e+00 1.242868978610733421e+00
6.716582914572865048e-01 5.045705062014188211e-03 2.842381247294651714e-04 4.568799054312030691e-03 5.550077135990043493e-03 2.023276420165422418e-01 1.180416147667725200e-02 1.825014516317435276e-01 2.224117000816830114e-01 1.004090208410004292e+00 3.876665128502043700e-02 9.341597999244078965e-01 1.067019380701086817e+00 1.171606282811162414e+00 4.501786652509378456e-02 1.093847704699854040e+00 1.243980875420020116e+00
6.766331658291457885e-01 5.075859908646387572e-03 3.397613769818680330e-04 4.616392685527355780e-03 5.785223371300233543e-03 2.006711169355532287e-01 1.222112857163246656e-02 1.795623148301630778e-01 2.221700877501819882e-01 9.980354509255825457e-01 3.829422224777462302e-02 9.297049628641314012e-01 1.056504642936216820e+00 1.164368322365917141e+00 4.685683864218632977e-02 1.081546211789712331e+00 1.242853076216499320e+00
6.816080402010050721e-01 4.977245047373897273e-03 3.207070184184837428e-04 4.557081195431749061e-03 5.655535549828739558e-03 1.994554105076728756e-01 1.165745152824292086e-02 1.796096467233577743e-01 2.200658733194744143e-01 9.913645052767450228e-01 4.057484895681014864e-02 9.214075164106191318e-01 1.055564620392510200e+00 1.155743861804350070e+00 4.738537499915909668e-02 1.074347773708117293e+00 1.237385360455738770e+00
6.865829145728643557e-01 4.996361131956043693e-03 2.806448668417305353e-04 4.533108696536872553e-03 5.547834507299271786e-03 1.969519571796538304e-01 1.279873420604777864e-02 1.760145838991229172e-01 2.187835140204630047e-01 9.833941277425681804e-01 4.178984059165963272e-02 9.104745371198178505e-01 1.054293536382200580e+00 1.146090187748383116e+00 4.865769144809497376e-02 1.064383095491132636e+00 1.233283892591897191e+00
6.915577889447236393e-01 4.939186527731897168e-03 2.813631521641616652e-04 4.548658338756308289e-03 5.544070965223017733e-03 1.953409853929419238e-01 1.260541246695525558e-02 1.743542830937873656e-01 2.152753637055897507e-01 9.764993636914413022e-01 4.197591133890724718e-02 9.019422048327616626e-01 1.049284921068053489e+00 1.136064717584009287e+00 4.847722120470825818e-02 1.052853136085831753e+00 1.216965797329004451e+00
6.965326633165829229e-01 4.946450728035785976e-03 3.133879554388806134e-04 4.564207980975743158e-03 5.610185713392066946e-03 1.927081084427445801e-01 1.310153966748159662e-02 1.723251898734641796e-01 2.133366209323298845e-01 9.681751249020564831e-01 4.304454638672425976e-02 8.931380049042527691e-01 1.045302287299227251e+00 1.128115875840476345e+00 4.859715771064550965e-02 1.047277281884126943e+00 1.209119303642508969e+00
7.015075376884422065e-01 4.900720662461095431e-03 2.990814836190380235e-04 4.579757623195178894e-03 5.581253833639348086e-03 1.910542196337715326e-01 1.211081557584609350e-02 1.713415848332591473e-01 2.095147563879928287e-01 9.594125208136194960e-01 4.287652853941584241e-02 8.861742154302136854e-01 1.030648000149215981e+00 1.121250052771727734e+00 5.048336905032700661e-02 1.036809240825949274e+00 1.210682671607661964e+00
7.064824120603014901e-01 4.936451611753325634e-03 2.963645794174673176e-04 4.608558774309368805e-03 5.607603453250734754e-03 1.893668720857547005e-01 1.207281553247784717e-02 1.709162291126848643e-01 2.091965554131983984e-01 9.522270708960643981e-01 4.253454115937299607e-02 8.821458594436035749e-01 1.023048124420288252e+00 1.113099165071613772e+00 4.899055137145208461e-02 1.030540844987955396e+00 1.201839297951041274e+00
7.114572864321608847e-01 4.868972467556539549e-03 3.131846805228111598e-04 4.545037282060424531e-03 5.594542019225096433e-03 1.877749020766485422e-01 1.207738763644960849e-02 1.692941578813467463e-01 2.092151473140469453e-01 9.454676067752239010e-01 4.397902382164436963e-02 8.730775723681456491e-01 1.024117134245071670e+00 1.103671444968894688e+00 4.993174222920556543e-02 1.017247324432354105e+00 1.191579010888575985e+00
7.164321608040201683e-01 4.886812653630332945e-03 3.092201945175829464e-04 4.598075151355447351e-03 5.633830749069886241e-03 1.861906420931246919e-01 1.209084318001216705e-02 1.671792186126374591e-01 2.081773155170220102e-01 9.381018989753810988e-01 4.285094799756485745e-02 8.674385046694013113e-01 1.013040193432224623e+00 1.095396212170654637e+00 5.161321862120126641e-02 1.011710909705129335e+00 1.184901670739519464e+00
7.214070351758794519e-01 4.783597236337526482e-03 3.511330958222586029e-04 4.429180480710746826e-03 5.636913545337439609e-03 1.848373663687185309e-01 1.210956593587633225e-02 1.667226710210618634e-01 2.077307597224195002e-01 9.287413762197950229e-01 4.302791765382759509e-02 8.565105408241751039e-01 1.003204766054653696e+00 1.086281275601793439e+00 5.094512474870487723e-02 1.001725714341945350e+00 1.177309216038991080e+00
7.263819095477387355e-01 4.834044123511975835e-03 3.186795202188403794e-04 4.457880969418299977e-03 5.599643342445524696e-03 1.830533885368874902e-01 1.196540815938098093e-02 1.652214131781219730e-01 2.050761937664257739e-01 9.215630889628482203e-01 4.426708564437030480e-02 8.513701667975049903e-01 9.990561037555337753e-01 1.076809103951490876e+00 5.159616536171217349e-02 9.938674773994770062e-01 1.167090333622544440e+00
7.313567839195980191e-01 4.727214085692668655e-03 3.160454357298879218e-04 4.293294535138354219e-03 5.505870519832023295e-03 1.809578078154345238e-01 1.208319897579052463e-02 1.627476316019656477e-01 2.032635288069474799e-01 9.137184946801578667e-01 4.366248060020889304e-02 8.437754367344857398e-01 9.936966468342934844e-01 1.066941433665398842e+00 5.357349116249627424e-02 9.797622489708938121e-01 1.154539814776178064e+00
7.363316582914573027e-01 4.748987159991963775e-03 3.694991811739187161e-04 4.351799008714296590e-03 5.650622625585865338e-03 1.786842121811459405e-01 1.123901939718193604e-02 1.612232236519993700e-01 1.977465244016431145e-01 9.052630720891474692e-01 4.349881574127236611e-02 8.383897541836101697e-01 9.823046000011543821e-01 1.058283771985043753e+00 5.389466799592776414e-02 9.724917560579456888e-01 1.147591110736443820e+00
7.413065326633165864e-01 4.676812482522194753e-03 3.577643667479532942e-04 4.274097674089097181e-03 5.551911528048226324e-03 1.762612458184760478e-01 1.073987839356707434e-02 1.597906581787374158e-01 1.939946967718149395e-01 8.967381693070439752e-01 4.617531052668784330e-02 8.240094470383549918e-01 9.734765849927763393e-01 1.049232672557752766e+00 5.277025210972199204e-02 9.645695483325460451e-01 1.141859630964461303e+00
7.462814070351758700e-01 4.686798229624517149e-03 3.137875605378902429e-04 4.284925698518918247e-03 5.486887110510058757e-03 1.741147829122827173e-01 1.049378850737312831e-02 1.577174574816282981e-01 1.911388534957869367e-01 8.882571959910079418e-01 4.616416031809016801e-02 8.163834300927530485e-01 9.658494732217672851e-01 1.040532397083551608e+00 5.192584964770704387e-02 9.576032578095723391e-01 1.133557487472476311e+00
7.512562814070351536e-01 4.608043517754558879e-03 3.085161947944180618e-04 4.297519476685935161e-03 5.418201097273973692e-03 1.726488831285683812e-01 1.049898305013362287e-02 1.563488179887763674e-01 1.894656813175401577e-01 8.798004771840488569e-01 4.563188570266980826e-02 8.084218849682248687e-01 9.589567742258546801e-01 1.029475876742019791e+00 5.166784787912892529e-02 9.514321029995147505e-01 1.126912627540350043e+00
7.562311557788945482e-01 4.655814066554371695e-03 3.471544775042739316e-04 4.260907960973426244e-03 5.531898930182422777e-03 1.707574454146590370e-01 1.009087728595550043e-02 1.542302305466419776e-01 1.868547641408830617e-01 8.718899855162322021e-01 4.450997619744598288e-02 8.030827792581625157e-01 9.502610275303581266e-01 1.020030736460194154e+00 5.218893681492111497e-02 9.450069362237071280e-01 1.118394877981272240e+00
7.612060301507538318e-01 4.586602946082253725e-03 3.336075585303643529e-04 4.209923239466402400e-03 5.462832495495809244e-03 1.693531693659586224e-01 1.015464738419542302e-02 1.532553652564383473e-01 1.847280319919644975e-01 8.614570180621650142e-01 4.396473172087365239e-02 7.969518329674020185e-01 9.441930062314213279e-01 1.008984369332349917e+00 5.221730274898061380e-02 9.341865416729312477e-01 1.104906111553500603e+00
7.661809045226131154e-01 4.584176428144180401e-03 2.980268889367152624e-04 4.276962846818193296e-03 5.353885026263775944e-03 1.673815856027733306e-01 1.018240908457902945e-02 1.505849225391181767e-01 1.829976891775750569e-01 8.530922245620267130e-01 4.433294631328320995e-02 7.909960195998833044e-01 9.354134463925682930e-01 9.995039029643619788e-01 5.259370242430499304e-02 9.242188150735951568e-01 1.097672754725983912e+00
7.711557788944723990e-01 4.514228439831092891e-03 2.869648158610326621e-04 4.192272161063250770e-03 5.224550428667818804e-03 1.655749697722911362e-01 1.046406072455566272e-02 1.478840697993814846e-01 1.815083678945283163e-01 8.442190951743345773e-01 4.552811405073630552e-02 7.827527393168361991e-01 9.269594122473324704e-01 9.889556357592192981e-01 5.224938150209275378e-02 9.120503453933810345e-01 1.084940097952783233e+00
7.761306532663316826e-01 4.558939388813630297e-03 3.081294418087400142e-04 4.192534917583317852e-03 5.363802305104073929e-03 1.631058742694735386e-01 9.798721750350979087e-03 1.469767161391683230e-01 1.784444717727858565e-01 8.349097536113487816e-01 4.541944744956749602e-02 7.730150720416861798e-01 9.200215425908421230e-01 9.800057737101457445e-01 5.094014982111805950e-02 9.048503371739659018e-01 1.070766989294900995e+00
7.811055276381909662e-01 4.559676851591509469e-03 2.898580356077189646e-04 4.231645976551730130e-03 5.274956918497331927e-03 1.616371972308660587e-01 9.482085285664406532e-03 1.450083893990906092e-01 1.763892995057849411e-01 8.265083176356050609e-01 4.584255761583957284e-02 7.619101525557524512e-01 9.114061836382925108e-01 9.690680359048734482e-01 4.940642863514031063e-02 8.971436599780486798e-01 1.058589231623922267e+00
7.860804020100502498e-01 4.508905306238571511e-03 2.891560833483229208e-04 4.183321824649060237e-03 5.217497701114764963e-03 1.592694029272395395e-01 8.806223277079812395e-03 1.435570957363378475e-01 1.731185367530128083e-01 8.177961011367778088e-01 4.459082477833971325e-02 7.561344088462524926e-01 8.986535678490946699e-01 9.589547507914728541e-01 4.950920577953583229e-02 8.860916773552126591e-01 1.049534573242017599e+00
7.910552763819095334e-01 4.532062147848163296e-03 2.882601998698829408e-04 4.176752369547085363e-03 5.265185962516372511e-03 1.569785081339344357e-01 9.210409462496587166e-03 1.411080993178732146e-01 1.717526704901982948e-01 8.080180645477792467e-01 4.290545857500412813e-02 7.498929584498728040e-01 8.871998877501888758e-01 9.487820845690363436e-01 4.776974556756437285e-02 8.787590272535212854e-01 1.032635653685979982e+00
7.960301507537689281e-01 4.479633408819560028e-03 2.930456215839500255e-04 4.143129622521564415e-03 5.210430918850719739e-03 1.554467556126712391e-01 9.052185310667565377e-03 1.405942702003182831e-01 1.702131584479512627e-01 7.997187157651298728e-01 4.286175765908557811e-02 7.406030399897651773e-01 8.803930187680532038e-01 9.387557085920983369e-01 4.774474091109204982e-02 8.657870497251516362e-01 1.025531274000122117e+00
8.010050251256282117e-01 4.503737629958736062e-03 2.938381251765131313e-04 4.182700284429049890e-03 5.216354653091053763e-03 1.535765974492250552e-01 9.051100770067283668e-03 1.391246725760323932e-01 1.686901347852172994e-01 7.903236272942039120e-01 4.088801892730323934e-02 7.324011160934655873e-01 8.650591239885619954e-01 9.280925012367928773e-01 4.675420760239596546e-02 8.586762872180337958e-01 1.015182904357988747e+00
8.059798994974874953e-01 4.453250898692936652e-03 2.793025724152384628e-04 4.170256837214991567e-03 5.173519396196559622e-03 1.517044062504197544e-01 8.695383676705296938e-03 1.385515709989718069e-01 1.673836302047176650e-01 7.817826475757599924e-01 4.093026329427194160e-02 7.229792758979488587e-01 8.572311763042135269e-01 9.165316931551774626e-01 4.490390341797283885e-02 8.491887429824787059e-01 1.001709243043374054e+00
8.109547738693467789e-01 4.467726578278609882e-03 2.955113217178054826e-04 4.167742503965711498e-03 5.193277338610478681e-03 1.501563110096308384e-01 8.337764533750138818e-03 1.374978005680199122e-01 1.650242916919169855e-01 7.723685501383068530e-01 3.972037972107812093e-02 7.165685287755659827e-01 8.495395827992368032e-01 9.058947641523150685e-01 4.500945240311169521e-02 8.369403215804682716e-01 9.911030874386673739e-01
8.159296482412060625e-01 4.418614463987051433e-03 2.632657278886604726e-04 4.189818501455287551e-03 5.085173006683782991e-03 1.479864408309598534e-01 8.543318235546045608e-03 1.360900344215885127e-01 1.632048364691414122e-01 7.618965130785092521e-01 3.936152420961220449e-02 7.068934775166593187e-01 8.388995165436304857e-01 8.941252961038921310e-01 4.430670974834643311e-02 8.277137822469693429e-01 9.789637478711156193e-01
8.209045226130653461e-01 4.456090263719915921e-03 2.632222541148069640e-04 4.210867054189504528e-03 5.152318385535614199e-03 1.463370074095612372e-01 8.812513829003672250e-03 1.338288372822958594e-01 1.625753129667991681e-01 7.521267974252439092e-01 3.839479056796931550e-02 6.970177951862928101e-01 8.279519867312090664e-01 8.817351323590181256e-01 4.626964657509066714e-02 8.133432522017244315e-01 9.744107615994294092e-01
8.258793969849246297e-01 4.414275561291421818e-03 2.447543255931487098e-04 4.117901407452472136e-03 5.035104317299653014e-03 1.442695882689578601e-01 8.157006959741430058e-03 1.332757580570956280e-01 1.594059993055963464e-01 7.408884333538215961e-01 3.854281192304013365e-02 6.887618360997630473e-01 8.189985730474366177e-01 8.692948200580092877e-01 4.640533788133745230e-02 8.023172122160695530e-01 9.643147290272455763e-01
8.308542713567839133e-01 4.429127571730403189e-03 2.461151704958992837e-04 4.121048126696380369e-03 5.060500416113393636e-03 1.425917737372231486e-01 8.180116286771323131e-03 1.325098904817837708e-01 1.574726808737393347e-01 7.294811169676205242e-01 4.040156380792848945e-02 6.745164378105660274e-01 8.156002774297800295e-01 8.596644247285736284e-01 4.624509209932223947e-02 7.953381756835512517e-01 9.568315155402292715e-01
8.358291457286431969e-01 4.410497112346913225e-03 2.410994604651791327e-04 4.079723629441931246e-03 5.036086082818257842e-03 1.408982596089318196e-01 8.716600474511575561e-03 1.290064077024095091e-01 1.571949837718342735e-01 7.201146613457339862e-01 3.979516224665020918e-02 6.671468694595603655e-01 8.055777244164069595e-01 8.483899963659145005e-01 4.694210424330300807e-02 7.874522078552282922e-01 9.504869849582278096e-01
8.408040201005025915e-01 4.414345771863087409e-03 2.314886819474863721e-04 4.074050947687493651e-03 4.979452846911613419e-03 1.392293265237530830e-01 8.127203088813515081e-03 1.278004764419573558e-01 1.543089234086830464e-01 7.107204549079187972e-01 4.030514422149820974e-02 6.583411491426333084e-01 7.986754444907416817e-01 8.364852104489759466e-01 4.787394160982150898e-02 7.755793862006251649e-01 9.415795923413661228e-01
8.457788944723618751e-01 4.373663682664475152e-03 2.208766496813536410e-04 4.077634415282164679e-03 4.895866165092338691e-03 1.373906255280755995e-01 7.726709583390656971e-03 1.267072490866409107e-01 1.510579954084970700e-01 7.007442597051982691e-01 4.133557702728240385e-02 6.468665806838069798e-01 7.939915886775027465e-01 8.256682390132217275e-01 4.799493837665051027e-02 7.660736163639941809e-01 9.336742239771567142e-01
8.507537688442211588e-01 4.406597462112386496e-03 2.227132593522438168e-04 4.094901452495941507e-03 4.954598198454161252e-03 1.356737884342926748e-01 7.533902760748331824e-03 1.258879212000996728e-01 1.492095517885244915e-01 6.905855934540057195e-01 4.170405240123195578e-02 6.385225346328324836e-01 7.851286992354855609e-01 8.148855001165538070e-01 4.858854977944300491e-02 7.540476592503021491e-01 9.242009360465265333e-01
8.557286432160804424e-01 4.339880316146597569e-03 2.037615028474138573e-04 4.082135957518098421e-03 4.758479223198072358e-03 1.342357947870944923e-01 7.482599776883808521e-03 1.248338122545054885e-01 1.467548285710537359e-01 6.809431945639345951e-01 4.258307339657733948e-02 6.271222160751985797e-01 7.789892844698375063e-01 8.009597300496178462e-01 4.498434637652159312e-02 7.429742053034856797e-01 9.008565403473011157e-01
8.607035175879397260e-01 4.365874772253083153e-03 1.941995999778459311e-04 4.116701178696289924e-03 4.779512766779774741e-03 1.321087293384284878e-01 7.925076519067300942e-03 1.227182102094021982e-01 1.456123898195055000e-01 6.702726336590490996e-01 4.114615316555054331e-02 6.189167725713162760e-01 7.657097853495721251e-01 7.901104898411710487e-01 4.440649710408295370e-02 7.352974002836338840e-01 8.889424588057075471e-01
8.656783919597990096e-01 4.312411653079103319e-03 1.600305004332946545e-04 4.096882827789826743e-03 4.589396527892090211e-03 1.299057330632902019e-01 7.705770388909526786e-03 1.194872769590447775e-01 1.428212856046363610e-01 6.585315025230975561e-01 3.837900679263812898e-02 6.128942321852126618e-01 7.467765387501976715e-01 7.784263397788153682e-01 4.203412176486668456e-02 7.272079841985279458e-01 8.706519265329502044e-01
8.706532663316582932e-01 4.329930655175182400e-03 1.834463393700390475e-04 4.092979129391405638e-03 4.651177743512338765e-03 1.281599393248170904e-01 7.647928164691824432e-03 1.175050356262409418e-01 1.414259393324657776e-01 6.479962388075211077e-01 3.674107178785269989e-02 6.046580860083337061e-01 7.315725849710215112e-01 7.678737742619077267e-01 4.242949036587687767e-02 7.177316135900333460e-01 8.631482774467522656e-01
8.756281407035175768e-01 4.285765814038599089e-03 1.645584017004690907e-04 4.074615381014134487e-03 4.561402930677662532e-03 1.261213036960202594e-01 7.531341929826261550e-03 1.157462502144474409e-01 1.392243688903748999e-01 6.378277391178485134e-01 3.658396069597669165e-02 5.953308367441481064e-01 7.228041360971187990e-01 7.560242264195399242e-01 4.210329769274225031e-02 7.047738424919383071e-01 8.483252244915221452e-01
8.806030150753769714e-01 4.317431086549241778e-03 1.582353962145311062e-04 4.104744811977173446e-03 4.564344579032555103e-03 1.245581637591594015e-01 7.375168811797652192e-03 1.141355574991335664e-01 1.376019385892906788e-01 6.284999271603712856e-01 3.670347712110651889e-02 5.843939542134689580e-01 7.127697287426284500e-01 7.447497413842504299e-01 4.306776124177284087e-02 6.889817299583214094e-01 8.377527890530972465e-01
8.855778894472362550e-01 4.286044120195447484e-03 1.676270969932917344e-04 4.021175755989243525e-03 4.565698223346566047e-03 1.223066407508017761e-01 6.773204436850805213e-03 1.128001356918636872e-01 1.333371273119146050e-01 6.186433309546995885e-01 3.606311129324107217e-02 5.723078981024942724e-01 6.990250998193473508e-01 7.338105993807509941e-01 4.251990050051240866e-02 6.813897004796062307e-01 8.260528631795408527e-01
8.905527638190955386e-01 4.290840954677668274e-03 1.665221995314326658e-04 4.053618031681530814e-03 4.571853001382443493e-03 1.203532725633734979e-01 6.233787607578531072e-03 1.105934594835199514e-01 1.303274531928123037e-01 6.094712016156424994e-01 3.616855126394324937e-02 5.656139387274686792e-01 6.917602739114561139e-01 7.217610963509401012e-01 4.141105427915510451e-02 6.678006796952589141e-01 8.096687358078271668e-01
8.955276381909548222e-01 4.323942525747274598e-03 1.693361698264931388e-04 4.057315778126083239e-03 4.609937637334895512e-03 1.184037614253590637e-01 6.340600498870467561e-03 1.088671268704792805e-01 1.282011077129008858e-01 5.987790542612084765e-01 3.581419739748215730e-02 5.540468207557476266e-01 6.792666104356599455e-01 7.106974025995210775e-01 4.157129986001517619e-02 6.573512310730532660e-01 7.987066234560356026e-01
9.005025125628141058e-01 4.257895709629763194e-03 1.905548679945430815e-04 3.985266761531670518e-03 4.591240797157586373e-03 1.168719179583169454e-01 6.062659926447916403e-03 1.078931856690502483e-01 1.272309951719779175e-01 5.885257450360386056e-01 3.593904180097655388e-02 5.440194345567023193e-01 6.677371240681542197e-01 6.996552142624640203e-01 4.100295541747737277e-02 6.496168819369688707e-01 7.896896588631321379e-01
9.054773869346733894e-01 4.291201213481102283e-03 1.720794664653528658e-04 4.007862067157558217e-03 4.577099936739105826e-03 1.148409384366709113e-01 5.566370005437303557e-03 1.067987939839220718e-01 1.246571723717077723e-01 5.788148448972744164e-01 3.485652196286308929e-02 5.374013166716080647e-01 6.563428816440369795e-01 6.883687527487746260e-01 3.891718404621642702e-02 6.378214305844005505e-01 7.719016619949323754e-01
9.104522613065326730e-01 4.223554482939518261e-03 1.836043586012963888e-04 3.955070968920928499e-03 4.500303111072437474e-03 1.125718607337523602e-01 5.002836887484251108e-03 1.050836788459474508e-01 1.215188674586201861e-01 5.691262392512167478e-01 3.423383134067672223e-02 5.274336333299276536e-01 6.471754286850374127e-01 6.753929801327906990e-01 3.655305793265320458e-02 6.257168639555625855e-01 7.520380546252822818e-01
9.154271356783919567e-01 4.230417102398199500e-03 2.323326990347394873e-04 3.830984110994153057e-03 4.589366503815507647e-03 1.109543876258581030e-01 5.045197529684815503e-03 1.032542264758132822e-01 1.200051775507479934e-01 5.582684927471003311e-01 3.233194688149745866e-02 5.170690010397201997e-01 6.299174440897584715e-01 6.633785407317740468e-01 3.535581098410084389e-02 6.153386883875803237e-01 7.366571666689388787e-01
9.204020100502512403e-01 4.164533622196824221e-03 2.216141235362199054e-04 3.761262770477078864e-03 4.462976586960123310e-03 1.094308920116527084e-01 4.974326094055502370e-03 1.019247508774041022e-01 1.187853533090126451e-01 5.473656947617357993e-01 3.122274307169440460e-02 5.071301985265859180e-01 6.146846383457681418e-01 6.512824161484587204e-01 3.423328929089822920e-02 6.050545791328270084e-01 7.234681926493775617e-01
9.253768844221106349e-01 4.186337349370223768e-03 2.166769659313581571e-04 3.776608290362613602e-03 4.433945676819212554e-03 1.073968267192716708e-01 5.243523181514642660e-03 1.002075534673017576e-01 1.174674790690581477e-01 5.367379489081409716e-01 2.993468516237490079e-02 4.982736789416625234e-01 6.008941516089798540e-01 6.386179795429410833e-01 3.289514239915362209e-02 5.961189533403801200e-01 7.082852726343147332e-01
9.303517587939699185e-01 4.114937834964603469e-03 2.000547950747444241e-04 3.724601261323014570e-03 4.385188161309954910e-03 1.055427324139917300e-01 4.752452469443686940e-03 9.783451350313193684e-02 1.134984611524943038e-01 5.252783305961556959e-01 2.852940400787150679e-02 4.913981166523098687e-01 5.861079180283147450e-01 6.250769831249203268e-01 3.162547882456067522e-02 5.847687047551777262e-01 6.899954539913133456e-01
9.353266331658292021e-01 4.126022849123534529e-03 2.080114608262655996e-04 3.731030561098726706e-03 4.403344591137355220e-03 1.030166707229543538e-01 4.283145870971332737e-03 9.626840249014348427e-02 1.092156300262146912e-01 5.131510484910860592e-01 2.727236759997661575e-02 4.798033722162746706e-01 5.702118509104919797e-01 6.135069796462228053e-01 3.141313769000141087e-02 5.738465334634262893e-01 6.788764083815683748e-01
9.403015075376884857e-01 4.043914523066880623e-03 1.981800280400477989e-04 3.683513468964734472e-03 4.409424192662731584e-03 1.008180261199297656e-01 4.161461974907438612e-03 9.510527740146403064e-02 1.071180935384560551e-01 5.026279514529317094e-01 2.644465687527338890e-02 4.692247664007476171e-01 5.564455522218622052e-01 6.007182500788798007e-01 2.936607636593023887e-02 5.611116297750964321e-01 6.600485972326483042e-01
9.452763819095477693e-01 4.045468021823381624e-03 1.826136420343206274e-04 3.712719489815561550e-03 4.365918403247105728e-03 9.909543471470037834e-02 4.521759438995431347e-03 9.421583364623332957e-02 1.062205753363099359e-01 4.917897831025418443e-01 2.456166185702469279e-02 4.600129624493599079e-01 5.425771065038065277e-01 5.884933204379032556e-01 2.746472126415435561e-02 5.516243598512811097e-01 6.444120504359300838e-01
9.502512562814070529e-01 3.900743674638316918e-03 1.852072871543211587e-04 3.683816973810743762e-03 4.238160537454386048e-03 9.648235205141506010e-02 4.587840923262366880e-03 9.119737565408228552e-02 1.046505855481280334e-01 4.811483641004888345e-01 2.341058890087897512e-02 4.509744730331617379e-01 5.304399799789332182e-01 5.746581680907378864e-01 2.602497831025685215e-02 5.417492759307744876e-01 6.290716183617786061e-01
9.552261306532663365e-01 3.947636188516538344e-03 1.787659042461669579e-04 3.666311365759507973e-03 4.308774562937269306e-03 9.402382125012687109e-02 4.657765834097496276e-03 8.855320051565433725e-02 1.026505240499953481e-01 4.684171343481293159e-01 2.226693383184463401e-02 4.417958065241630594e-01 5.177210114467134527e-01 5.606078333986223017e-01 2.495455314856157014e-02 5.299664453800538855e-01 6.100703086372150086e-01
9.602010050251256201e-01 3.796827743731473557e-03 1.672934439072135311e-04 3.587418626769661983e-03 4.068777655192907725e-03 9.208095327213303150e-02 4.141217936018071200e-03 8.735256603789741392e-02 9.948261983383591134e-02 4.564745237204602679e-01 1.980567423010923950e-02 4.322167095872410658e-01 4.993650375475096048e-01 5.471759059690584071e-01 2.245058022559808658e-02 5.204300800325133425e-01 5.942806156054261102e-01
9.651758793969849037e-01 3.806422969942379296e-03 1.457140053819709863e-04 3.579810634996516416e-03 4.037730012021866800e-03 9.005937074438408185e-02 3.955587462075325043e-03 8.613990952832652204e-02 9.723396974305602292e-02 4.445217148526603990e-01 1.726793754295321420e-02 4.233577358338768137e-01 4.807844917032389476e-01 5.334438615513439341e-01 2.021918189311662506e-02 5.068225218229526208e-01 5.739214956101598153e-01
9.701507537688442984e-01 3.674428870456918766e-03 8.120552984745985829e-05 3.521763277430763929e-03 3.775637334568056943e-03 8.764805982735972278e-02 3.238401903729259523e-03 8.396444886815195019e-02 9.362532373364423899e-02 4.326346410187971725e-01 1.525491916639874941e-02 4.131139766448079786e-01 4.644358354983625370e-01 5.200686618325117694e-01 1.776185269812526057e-02 4.980096183566781187e-01 5.571450917701724626e-01
9.751256281407035820e-01 3.696808149604417608e-03 1.099169677891542588e-04 3.486665164111711537e-03 3.863565204462468452e-03 8.503218896781425395e-02 2.582456467324011854e-03 8.205464023042166599e-02 9.079144353956759839e-02 4.204422721550712394e-01 1.271551768840243311e-02 4.036294381558627742e-01 4.458480237687020842e-01 5.055578002923630798e-01 1.493959067244573884e-02 4.866756621202355526e-01 5.362765376072857748e-01
9.801005025125628656e-01 3.610711237844098972e-03 8.248859468854668456e-05 3.450973550042588274e-03 3.744746474356571569e-03 8.268464999420829797e-02 2.651806830640813985e-03 7.978438084238596850e-02 8.869772514659800267e-02 4.066396984655857305e-01 1.087712980668236948e-02 3.938714695630993190e-01 4.315829141891969201e-01 4.882466275635594100e-01 1.192078973544413723e-02 4.729883666097485784e-01 5.140029897653870528e-01
9.850753768844221492e-01 3.604107641842974660e-03 4.906915105458310841e-05 3.514163306950762386e-03 3.690630884975979516e-03 8.012620830236180658e-02 1.645899267710372463e-03 7.831008756007826199e-02 8.285535396246899997e-02 3.907609821204703349e-01 7.613760188707063663e-03 3.821279439158490332e-01 4.082061192307109287e-01 4.717358586914744967e-01 1.000013875852722930e-02 4.596704095765742903e-01 4.951427636587723558e-01
9.900502512562814328e-01 3.520342828165946066e-03 4.431811733586287329e-05 3.468207762474070921e-03 3.600003588356194984e-03 7.673428224339148840e-02 1.503869034112296230e-03 7.478005129310842658e-02 7.955360096005548165e-02 3.744251777693358152e-01 6.136908048702850726e-03 3.664942207878523761e-01 3.880378118054866876e-01 4.516570662842079864e-01 7.193842829619193427e-03 4.430164849971404695e-01 4.688317691872512794e-01
9.950251256281407164e-01 3.532105473205452047e-03 4.548749262374170556e-05 3.455544685348641183e-03 3.606379942661860297e-03 7.290430388644393578e-02 1.000638909723537045e-03 7.124722980304747100e-02 7.407510871666929397e-02 3.541285297677877475e-01 4.449058140592869470e-03 3.484582558082230386e-01 3.633686449647061112e-01 4.267463538358041153e-01 4.706494321903248283e-03 4.198897377398670971e-01 4.368536191236621624e-01
1.000000000000000000e+00 3.544239542507058617e-03 4.645854676213949868e-05 3.485934729762774076e-03 3.623741983956917014e-03 6.860040669683034609e-02 6.434419228903592077e-04 6.782428858700254026e-02 6.962768115719826512e-02 3.208971513060640546e-01 1.132881740996978049e-03 3.190953944694563393e-01 3.226224526496781486e-01 3.910294825672918639e-01 1.322806769096746731e-03 3.893767828134224729e-01 3.934200270846146541e-01
