# FPR	TPR_MEAN	TPR_STD	TPR_MIN	TPR_MAX
0.000000000000000000e+00 3.379672021976191931e-02 2.019088379028789737e-02 9.989178390077415280e-04 6.434695746274868289e-02
2.004008016032063962e-03 2.461089998193340400e-01 2.788497919559505475e-02 2.015316740198118683e-01 2.846915841172063533e-01
4.008016032064127925e-03 3.320319653708482255e-01 2.910135991730197769e-02 2.937650878215266603e-01 3.734287854823940545e-01
6.012024048096191453e-03 3.891450928161158673e-01 1.972155916715025506e-02 3.614417714143011717e-01 4.278698077083160078e-01
8.016032064128255849e-03 4.343294764005660724e-01 1.894315698020262312e-02 3.960709231665695551e-01 4.680762507283776075e-01
1.002004008016032024e-02 4.641388495796220925e-01 1.670132549771562169e-02 4.287022392408224580e-01 4.897194705735453124e-01
1.202404809619238291e-02 4.902605510696744773e-01 1.681071726885661338e-02 4.536751852160159637e-01 5.157745775409972033e-01
1.402805611222444730e-02 5.135353367185548912e-01 1.586757091032317546e-02 4.838924498460001611e-01 5.435777907267127507e-01
1.603206412825651170e-02 5.361857987180552731e-01 1.550539985084954490e-02 5.060351286106717916e-01 5.650545242653791655e-01
1.803607214428857436e-02 5.535309026443797631e-01 1.616339050456361282e-02 5.249313243985682664e-01 5.816199117622575798e-01
2.004008016032064049e-02 5.695413302255889487e-01 1.504263665207668417e-02 5.419961708149504398e-01 5.941063847498543327e-01
2.204408817635270315e-02 5.848913676850078236e-01 1.406444992402076585e-02 5.589777740780820237e-01 6.075917755764588257e-01
2.404809619238476581e-02 5.970781653209022988e-01 1.323791502262580862e-02 5.731291101306917879e-01 6.175809539665362280e-01
2.605210420841683194e-02 6.096229085157746086e-01 1.269337719954120869e-02 5.897777407808207917e-01 6.285690501956213705e-01
2.805611222444889460e-02 6.217847332056937182e-01 1.265543717823679887e-02 6.026804295346708251e-01 6.411387663364688239e-01
3.006012024048096073e-02 6.316157496045949893e-01 1.336622742525081509e-02 6.088404228752185565e-01 6.507949721135436461e-01
3.206412825651302340e-02 6.410139016065929951e-01 1.400075847305808086e-02 6.164987929742778983e-01 6.632814451011403989e-01
3.406813627254508953e-02 6.501207025722134381e-01 1.503715389258880250e-02 6.234079746940813793e-01 6.752684591692332816e-01
3.607214428857714872e-02 6.592608007991342944e-01 1.515322885618820836e-02 6.328976941646549115e-01 6.860900690918172451e-01
3.807615230460921485e-02 6.673520352950970125e-01 1.470030013068325536e-02 6.424706567884791442e-01 6.910014151336052457e-01
4.008016032064128098e-02 6.750603512861068634e-01 1.524210322954211091e-02 6.494630816615333258e-01 7.029051860484475389e-01
4.208416833667334017e-02 6.814451011404312197e-01 1.494745732256754639e-02 6.558728044618330477e-01 7.086489636227419897e-01
4.408817635270540630e-02 6.882044451843836175e-01 1.500812877609434409e-02 6.626154998751352387e-01 7.150586864230417117e-01
4.609218436873747243e-02 6.941896279031050110e-01 1.478497999559370141e-02 6.706068425871971606e-01 7.227170565221010534e-01
4.809619238476953162e-02 7.001581619911763088e-01 1.513423712649735603e-02 6.752684591692332816e-01 7.271289436443852949e-01
5.010020040080159776e-02 7.064679930075751235e-01 1.582429353829793023e-02 6.798468325980188132e-01 7.338716390576874860e-01
5.210420841683366389e-02 7.118621493382168985e-01 1.629075952916116121e-02 6.841754765670523541e-01 7.399483892449846278e-01
5.410821643286573002e-02 7.173645217680846287e-01 1.603233957339678106e-02 6.902522267543494960e-01 7.456089236660284891e-01
5.611222444889778921e-02 7.223674352784483776e-01 1.604826959864314589e-02 6.960792474818946474e-01 7.520186464663281001e-01
5.811623246492985534e-02 7.272205111129610433e-01 1.607702886173541929e-02 7.001581619911761978e-01 7.569299925081162117e-01
6.012024048096192147e-02 7.318987763256472601e-01 1.574224870541865440e-02 7.056522101057187690e-01 7.608424207108965831e-01
6.212424849699398066e-02 7.363522850245567408e-01 1.634204516498462961e-02 7.088986930824939803e-01 7.661699825189378643e-01
6.412825651302604679e-02 7.408973611920418589e-01 1.611541868941679737e-02 7.133938233580288113e-01 7.691667360359610850e-01
6.613226452905811292e-02 7.444934654124698570e-01 1.596473470982773951e-02 7.178889536335636423e-01 7.726629484724881758e-01
6.813627254509017905e-02 7.484641638225255633e-01 1.592265713580127279e-02 7.222175976025971833e-01 7.764921335220178467e-01
7.014028056112224518e-02 7.525097810705069223e-01 1.629468299425441621e-02 7.266294847248814248e-01 7.801548322650462275e-01
7.214428857715429744e-02 7.560725880296346180e-01 1.605678432410578144e-02 7.292100224756513649e-01 7.831515857820694482e-01
7.414829659318636357e-02 7.599184217098142735e-01 1.637160048695997586e-02 7.324565054524265761e-01 7.880629318238574488e-01
7.615230460921842970e-02 7.632814451011404877e-01 1.583056518077136793e-02 7.371181220344626972e-01 7.895613085823690591e-01
7.815631262525049583e-02 7.663281445101139955e-01 1.571684743494309797e-02 7.400316323982352174e-01 7.929742778656455604e-01
8.016032064128256196e-02 7.695663031715641589e-01 1.564810985554538139e-02 7.443602763672687583e-01 7.972196786814284009e-01
8.216432865731462809e-02 7.730042454008158037e-01 1.547550220899841268e-02 7.478564888037958491e-01 8.005494048114543126e-01
8.416833667334668034e-02 7.763839174227918916e-01 1.533152907659632823e-02 7.525181053858319702e-01 8.031299425622242527e-01
8.617234468937874647e-02 7.798135353367185996e-01 1.528605653022185352e-02 7.568467493548655112e-01 8.061266960792474734e-01
8.817635270541081260e-02 7.828435861150420116e-01 1.542071494052715819e-02 7.602597186381420125e-01 8.092066927495213946e-01
9.018036072144287874e-02 7.854157995504870149e-01 1.549171855779282736e-02 7.629234995421626531e-01 8.124531757262964948e-01
9.218436873747494487e-02 7.883209855989343762e-01 1.558930915763789490e-02 7.648380920669275440e-01 8.148672271705652559e-01
9.418837675350701100e-02 7.913676850079079950e-01 1.543041802193718601e-02 7.676683592774494747e-01 8.190293848330975068e-01
9.619238476953906325e-02 7.941896279031049888e-01 1.538662265408190927e-02 7.699991675684675352e-01 8.220261383501207275e-01
9.819639278557112938e-02 7.966286522933487824e-01 1.514602024852816121e-02 7.731624073919920459e-01 8.249396487138932477e-01
1.002004008016031955e-01 7.992175143594438813e-01 1.536453045527327345e-02 7.760759177557645661e-01 8.285191043036710390e-01
1.022044088176352616e-01 8.014983767585116547e-01 1.517238406650320802e-02 7.795721301922916568e-01 8.309331557479396890e-01
1.042084168336673278e-01 8.037209689503038712e-01 1.537388362949201892e-02 7.824856405560642880e-01 8.349288271039706499e-01
1.062124248496993939e-01 8.063431282776992726e-01 1.555182622014716215e-02 7.845667193873303580e-01 8.379255806209938706e-01
1.082164328657314600e-01 8.089070173978190059e-01 1.539247613887212950e-02 7.868975276783484185e-01 8.406726046782652118e-01
1.102204408817635123e-01 8.110963123283110310e-01 1.499846897566603152e-02 7.894780654291184696e-01 8.425039540497794022e-01
1.122244488977955784e-01 8.137351202863563060e-01 1.514358382347217799e-02 7.918088737201365301e-01 8.461666527928077830e-01
1.142284569138276445e-01 8.161491717306251781e-01 1.534405036876482567e-02 7.938899525514026001e-01 8.493298926163322937e-01
1.162324649298597107e-01 8.179555481561641139e-01 1.518107054163199757e-02 7.954715724631649110e-01 8.508282693748439041e-01
1.182364729458917768e-01 8.200865728793805820e-01 1.466965679658761672e-02 7.987180554399400112e-01 8.518271872138516443e-01
1.202404809619238429e-01 8.220094897194705208e-01 1.453687652806558497e-02 8.008823774244568927e-01 8.533255639723632546e-01
1.222444889779558952e-01 8.238658120369599658e-01 1.448203365250041660e-02 8.030466994089736632e-01 8.548239407308748650e-01
1.242484969939879613e-01 8.256222425705486145e-01 1.429218762201847279e-02 8.051277782402397332e-01 8.554898859568800251e-01
1.262525050100200275e-01 8.274036460501121848e-01 1.438990756958865788e-02 8.066261549987513435e-01 8.573212353283942155e-01
1.282565130260520936e-01 8.292599683676016298e-01 1.441594776120396805e-02 8.084575043702655339e-01 8.594023141596603965e-01
1.302605210420841597e-01 8.313493715141928586e-01 1.434509240026623535e-02 8.097061516690252647e-01 8.608174477649213063e-01
1.322645290581162258e-01 8.329975859485557743e-01 1.393853345922909173e-02 8.126196620327977849e-01 8.617331224506784570e-01
1.342685370741482920e-01 8.344460168151168755e-01 1.408900143963219553e-02 8.147007408640639659e-01 8.632314992091900674e-01
1.362725450901803581e-01 8.361774744027303807e-01 1.416474653604323300e-02 8.162823607758261657e-01 8.649796054274535573e-01
1.382765531062124242e-01 8.378007158911179308e-01 1.436209782001738634e-02 8.172812786148339059e-01 8.663947390327145781e-01
1.402805611222444904e-01 8.397569299925080610e-01 1.437915541463016984e-02 8.191126279863480963e-01 8.692250062432365088e-01
1.422845691382765287e-01 8.411387663364688905e-01 1.452225419832110440e-02 8.200283026721052471e-01 8.712228419212519892e-01
1.442885771543085949e-01 8.427620078248564406e-01 1.432248950665700876e-02 8.217764088903687369e-01 8.721385166070090289e-01
1.462925851703406610e-01 8.444435195205194367e-01 1.433001567683944884e-02 8.237742445683842174e-01 8.738866228252726298e-01
1.482965931863727271e-01 8.456505452426537062e-01 1.427171271286847669e-02 8.246066761008906676e-01 8.751352701240322496e-01
1.503006012024047933e-01 8.471239490551901730e-01 1.407657474076328720e-02 8.276866727711645888e-01 8.763839174227919804e-01
1.523046092184368594e-01 8.487055689669524838e-01 1.401332410554731976e-02 8.291018063764254986e-01 8.776325647215516002e-01
1.543086172344689255e-01 8.502955131940398426e-01 1.393914990098052073e-02 8.312661283609422691e-01 8.794639140930657906e-01
1.563126252505009917e-01 8.519270789977524405e-01 1.425670177299967478e-02 8.329309914259551695e-01 8.821276949970865422e-01
1.583166332665330578e-01 8.532339965037876173e-01 1.429619426203864938e-02 8.344293681844667798e-01 8.832930991425955725e-01
1.603206412825651239e-01 8.546741030550238927e-01 1.399360735489814378e-02 8.367601764754848404e-01 8.845417464413551922e-01
1.623246492985971901e-01 8.562390743361358858e-01 1.404314709250063277e-02 8.378423374677432811e-01 8.862066095063680926e-01
1.643286573146292562e-01 8.575709647881462061e-01 1.394912848790704971e-02 8.392574710730041909e-01 8.872055273453758328e-01
1.663326653306613223e-01 8.589944227087320527e-01 1.379354120461285388e-02 8.405061183717639217e-01 8.882876883376342736e-01
1.683366733466933607e-01 8.604178806293182324e-01 1.366703521433190391e-02 8.426704403562806922e-01 8.895363356363938934e-01
1.703406813627254268e-01 8.616082577208024063e-01 1.363268980732613815e-02 8.441688171147923025e-01 8.903687671689003436e-01
1.723446893787574929e-01 8.630400399567135228e-01 1.334115607738900998e-02 8.453342212603013328e-01 8.910347123949055037e-01
1.743486973947895591e-01 8.643053358861234603e-01 1.350359183742489561e-02 8.464996254058103631e-01 8.929493049196703947e-01
1.763527054108216252e-01 8.656455506534588284e-01 1.370107452425439742e-02 8.474153000915675138e-01 8.944476816781820050e-01
1.783567134268536913e-01 8.669691167901438789e-01 1.366919747184345939e-02 8.486639473903271336e-01 8.955298426704403347e-01
1.803607214428857575e-01 8.684841421793058069e-01 1.375248694604191448e-02 8.499958378423374539e-01 8.969449762757013556e-01
1.823647294589178236e-01 8.696828435861150286e-01 1.364041369712417837e-02 8.514942146008490642e-01 8.981103804212103858e-01
1.843687374749498897e-01 8.708898693082494091e-01 1.370046760169235309e-02 8.529093482061100850e-01 8.999417297927245762e-01
1.863727454909819559e-01 8.720635977690835983e-01 1.384894152452813970e-02 8.537417797386165352e-01 9.013568633979854861e-01
1.883767535070140220e-01 8.732040289686173740e-01 1.393888145389138473e-02 8.549071838841255655e-01 9.024390243902439268e-01
1.903807615230460881e-01 8.744110546907517545e-01 1.383500455733521588e-02 8.564888037958877653e-01 9.031882127694996765e-01
1.923847695390781265e-01 8.755431615749605934e-01 1.362731098938227241e-02 8.584033963206526563e-01 9.039374011487555372e-01
1.943887775551101926e-01 8.768251061350204045e-01 1.339672025828653884e-02 8.599017730791642666e-01 9.047698326812619873e-01
1.963927855711422588e-01 8.779572130192292434e-01 1.320643903207754065e-02 8.607342046116707168e-01 9.055190210605177370e-01
1.983967935871743249e-01 8.789727794888870793e-01 1.325676683526611638e-02 8.619828519104303366e-01 9.066011820527761778e-01
2.004008016032063910e-01 8.803795887788229413e-01 1.293904968605829459e-02 8.638142012819445270e-01 9.071006409722800479e-01
2.024048096192384572e-01 8.816532090235578156e-01 1.281631278875558153e-02 8.651460917339548473e-01 9.079330725047864981e-01
2.044088176352705233e-01 8.829268292682928010e-01 1.267928493747090893e-02 8.669774411054690377e-01 9.089319903437942383e-01
2.064128256513025894e-01 8.838175310080744751e-01 1.270700940329045139e-02 8.679763589444767780e-01 9.095979355697993984e-01
2.084168336673346555e-01 8.847914759011071828e-01 1.247103571382406073e-02 8.688087904769832281e-01 9.097644218763006885e-01
2.104208416833667217e-01 8.857820694247898752e-01 1.242111979717139790e-02 8.697244651627403789e-01 9.106800965620577282e-01
2.124248496993987878e-01 8.870057437775743514e-01 1.237297959180358280e-02 8.713060850745025787e-01 9.115957712478148789e-01
2.144288577154308539e-01 8.877965537334555624e-01 1.241341874557295132e-02 8.718055439940064488e-01 9.125946890868226191e-01
2.164328657314629201e-01 8.888620660950637964e-01 1.236083466077744948e-02 8.728044618330141891e-01 9.134271206193290693e-01
2.184368737474949584e-01 8.897527678348456925e-01 1.245898358667906630e-02 8.736368933655206392e-01 9.143427953050861090e-01
2.204408817635270246e-01 8.906184966286524451e-01 1.229515745130184239e-02 8.745525680512777900e-01 9.148422542245899791e-01
2.224448897795590907e-01 8.916590360442853136e-01 1.227176031181728168e-02 8.754682427370348297e-01 9.156746857570964293e-01
2.244488977955911568e-01 8.926329809373179103e-01 1.243385232919148702e-02 8.763006742695412798e-01 9.170065762091067496e-01
2.264529058116232230e-01 8.933571963705986274e-01 1.244770195370230141e-02 8.769666194955464400e-01 9.177557645883626103e-01
2.284569138276552891e-01 8.942811953716806039e-01 1.255614734985916782e-02 8.777990510280528902e-01 9.187546824273703505e-01
2.304609218436873552e-01 8.952551402647130896e-01 1.246887130311753224e-02 8.787147257138100409e-01 9.195871139598768007e-01
2.324649298597194214e-01 8.961541663198200336e-01 1.236166431358916122e-02 8.797136435528177811e-01 9.202530591858819609e-01
2.344689378757514875e-01 8.970032464829769125e-01 1.224110593728972886e-02 8.800466161658203612e-01 9.205860317988845409e-01
2.364729458917835536e-01 8.978356780154831407e-01 1.220317654666217000e-02 8.806293182385749319e-01 9.215017064846416917e-01
2.384769539078156197e-01 8.989011903770917078e-01 1.199361678453267355e-02 8.822941813035878322e-01 9.222508948638974413e-01
2.404809619238476859e-01 8.997502705402482537e-01 1.194596096776785916e-02 8.836260717555981525e-01 9.230833263964038915e-01
2.424849699398797520e-01 9.005410804961293536e-01 1.182473606769150754e-02 8.847082327478564823e-01 9.234995421626571721e-01
2.444889779559117904e-01 9.013984849746108363e-01 1.175464361412275130e-02 8.854574211271123430e-01 9.244984600016649123e-01
2.464929859719438565e-01 9.023724298676434330e-01 1.178964054295191834e-02 8.862898526596187931e-01 9.250811620744193720e-01
2.484969939879759226e-01 9.033297261300259340e-01 1.175693067148592293e-02 8.868725547323732528e-01 9.257471073004245321e-01
2.505010020040079888e-01 9.040289686173312855e-01 1.164722838988068061e-02 8.879547157246316935e-01 9.261633230666778127e-01
2.525050100200400549e-01 9.047864813119120830e-01 1.156605426619016982e-02 8.887871472571381437e-01 9.267460251394322723e-01
2.545090180360721210e-01 9.055689669524680241e-01 1.158942020129497680e-02 8.893698493298926033e-01 9.276616998251894231e-01
2.565130260521041872e-01 9.061599933405478646e-01 1.160799133368612714e-02 8.897860650961458839e-01 9.281611587446932932e-01
2.585170340681362533e-01 9.070423707650044909e-01 1.153871719134445632e-02 8.906184966286523341e-01 9.287438608174477528e-01
2.605210420841683194e-01 9.079247481894615612e-01 1.144431097221967203e-02 8.918671439274119539e-01 9.292433197369516229e-01
2.625250501002003856e-01 9.087988012985931396e-01 1.128546312750870577e-02 8.926163323066678146e-01 9.297427786564554930e-01
2.645290581162324517e-01 9.095646383084989850e-01 1.128718223334383361e-02 8.931990343794222742e-01 9.308249396487139338e-01
2.665330661322645178e-01 9.102056105885288906e-01 1.126744895517541208e-02 8.939482227586781349e-01 9.312411554149671034e-01
2.685370741482965840e-01 9.109215017064847819e-01 1.126322930068983201e-02 8.946141679846832950e-01 9.316573711812203840e-01
2.705410821643286501e-01 9.117705818696413278e-01 1.109905969918092636e-02 8.956963289769416248e-01 9.324065595604761336e-01
2.725450901803607162e-01 9.126862565553983675e-01 1.085954393520192907e-02 8.971114625822026456e-01 9.330725047864812938e-01
2.745490981963927823e-01 9.135519853492051201e-01 1.096001307493047437e-02 8.980271372679596853e-01 9.344043952384916141e-01
2.765531062124248485e-01 9.142928494131357109e-01 1.093393034956876599e-02 8.986930824939648454e-01 9.355697993840006443e-01
2.785571142284569146e-01 9.149254973778407907e-01 1.077090490866919326e-02 8.996087571797219962e-01 9.359027719970032244e-01
2.805611222444889807e-01 9.156996587030716839e-01 1.055600974623361124e-02 9.005244318654790359e-01 9.362357446100058045e-01
2.825651302605209914e-01 9.163656039290769550e-01 1.065512686776777171e-02 9.015233497044867761e-01 9.369849329892616652e-01
2.845691382765530575e-01 9.171231166236577526e-01 1.044926736684603959e-02 9.026887538499958064e-01 9.374843919087655353e-01
2.865731462925851236e-01 9.178306834262881519e-01 1.043116429278223740e-02 9.029384833097477969e-01 9.382335802880212849e-01
2.885771543086171897e-01 9.185299259135936145e-01 1.050738659742521917e-02 9.032714559227503770e-01 9.384833097477732755e-01
2.905811623246492559e-01 9.191708981936235201e-01 1.035907446140050918e-02 9.040206443020061267e-01 9.388995255140264451e-01
2.925851703406813220e-01 9.198451677349538391e-01 1.027184420457081040e-02 9.047698326812619873e-01 9.393157412802797257e-01
2.945891783567133881e-01 9.204778156996585858e-01 1.015416689168950094e-02 9.054357779072671475e-01 9.398152001997835958e-01
2.965931863727454543e-01 9.211187879796888245e-01 1.007587451038533324e-02 9.061017231332723076e-01 9.403979022725380554e-01
2.985971943887775204e-01 9.218013818363439693e-01 1.008068743017641843e-02 9.068509115125280573e-01 9.411470906517939161e-01
3.006012024048095865e-01 9.223424623324731897e-01 9.917152720728690529e-03 9.075168567385332175e-01 9.415633064180470857e-01
3.026052104208416527e-01 9.228835428286021880e-01 9.899511539361307080e-03 9.079330725047864981e-01 9.419795221843003663e-01
3.046092184368737188e-01 9.235245151086323157e-01 9.956385725405473425e-03 9.085157745775409577e-01 9.424789811038042364e-01
3.066132264529057849e-01 9.241488387580121255e-01 9.947595126126680329e-03 9.093482061100474079e-01 9.432281694830599861e-01
3.086172344689378511e-01 9.249396487138932255e-01 9.908876291485414420e-03 9.100973944893032685e-01 9.437276284025638562e-01
3.106212424849699172e-01 9.254807292100226679e-01 9.937907770053256568e-03 9.105136102555564381e-01 9.441438441688171368e-01
3.126252505010019833e-01 9.260967285440772079e-01 9.843889161817376970e-03 9.110963123283110088e-01 9.447265462415715964e-01
3.146292585170340494e-01 9.266294847248813804e-01 9.798196518736063121e-03 9.117622575543161689e-01 9.452260051610754665e-01
3.166332665330661156e-01 9.273370515275120018e-01 9.890285053192829010e-03 9.124282027803213291e-01 9.458919503870806267e-01
3.186372745490981817e-01 9.278947806542910959e-01 9.821690292850314419e-03 9.128444185465744987e-01 9.464746524598351973e-01
3.206412825651302478e-01 9.285607258802963671e-01 9.657267786491176634e-03 9.139265795388329394e-01 9.470573545325896569e-01
3.226452905811623140e-01 9.291434279530509377e-01 9.728115575588565378e-03 9.145092816115873990e-01 9.478065429118455176e-01
3.246492985971943801e-01 9.297594272871055887e-01 9.549901829088009581e-03 9.154249562973445498e-01 9.481395155248480977e-01
3.266533066132264462e-01 9.303671023058355249e-01 9.642795034453494757e-03 9.160909015233497099e-01 9.488887039041038474e-01
3.286573146292585124e-01 9.311246150004162114e-01 9.425698368983244715e-03 9.172563056688587402e-01 9.493049196703571280e-01
3.306613226452905785e-01 9.316573711812201619e-01 9.336898809667976487e-03 9.178390077416131998e-01 9.493881628236077175e-01
3.326653306613226446e-01 9.322900191459252417e-01 9.301445567564261413e-03 9.181719803546157799e-01 9.498876217431115876e-01
3.346693386773546552e-01 9.328144510114043664e-01 9.287373360891831853e-03 9.187546824273703505e-01 9.502205943561141677e-01
3.366733466933867214e-01 9.332972613002581408e-01 9.258349010482435151e-03 9.191708981936235201e-01 9.506368101223674483e-01
3.386773547094187875e-01 9.337467743278115018e-01 9.177794536607103773e-03 9.199200865728793808e-01 9.507200532756180378e-01
3.406813627254508536e-01 9.341796387247149891e-01 9.040608852622273456e-03 9.206692749521352415e-01 9.508865395821193278e-01
3.426853707414829198e-01 9.346790976442187482e-01 9.046355606793227491e-03 9.212519770248897011e-01 9.511362690418713184e-01
3.446893787575149859e-01 9.351702322483974594e-01 9.056212364755974673e-03 9.217514359443935712e-01 9.515524848081244880e-01
3.466933867735470520e-01 9.358112045284274760e-01 9.002234196220770118e-03 9.223341380171481418e-01 9.519687005743777686e-01
3.486973947895791182e-01 9.361941230333805652e-01 8.906025426502817144e-03 9.225838674769000214e-01 9.521351868808790586e-01
3.507014028056111843e-01 9.368600682593856144e-01 8.866177412592468263e-03 9.240822442354116317e-01 9.529676184133855088e-01
3.527054108216432504e-01 9.372679597103138471e-01 8.890836413033799054e-03 9.244152168484142118e-01 9.532173478731373883e-01
3.547094188376753165e-01 9.378340131524181000e-01 8.872783015892320851e-03 9.252476483809206620e-01 9.539665362523932490e-01
3.567134268537073827e-01 9.383834179638725903e-01 8.844936605799578327e-03 9.259968367601765227e-01 9.545492383251477087e-01
3.587174348697394488e-01 9.388246066761010145e-01 8.821374787823464333e-03 9.266627819861816828e-01 9.549654540914009893e-01
3.607214428857715149e-01 9.393573628569049649e-01 8.724998387675835312e-03 9.271622409056855529e-01 9.552151835511528688e-01
3.627254509018035811e-01 9.397985515691333891e-01 8.737740018073758552e-03 9.278281861316907131e-01 9.556313993174061494e-01
3.647294589178356472e-01 9.402647132273370678e-01 8.708459312191512217e-03 9.286606176641971633e-01 9.559643719304087295e-01
3.667334669338677133e-01 9.406892533089153963e-01 8.611080735567388372e-03 9.289103471239490428e-01 9.560476150836593190e-01
3.687374749498997795e-01 9.413219012736202540e-01 8.584016042338301136e-03 9.292433197369516229e-01 9.567968034629151797e-01
3.707414829659318456e-01 9.417547656705235193e-01 8.470296608039053557e-03 9.295762923499542030e-01 9.572130192291683493e-01
3.727454909819639117e-01 9.422375759593772937e-01 8.391425972374763273e-03 9.301589944227087736e-01 9.576292349954216299e-01
3.747494989979959779e-01 9.427953050861566098e-01 8.252734777720449957e-03 9.308249396487139338e-01 9.577124781486722194e-01
3.767535070140280440e-01 9.433863314742362283e-01 8.237157131983245673e-03 9.315741280279696834e-01 9.584616665279280801e-01
3.787575150300601101e-01 9.439274119703652266e-01 8.130363508197983521e-03 9.319903437942229640e-01 9.585449096811786696e-01
3.807615230460921762e-01 9.443519520519438881e-01 8.117658731264966801e-03 9.324898027137268341e-01 9.590443686006825397e-01
3.827655310621242424e-01 9.448264380254723926e-01 7.992625940979110333e-03 9.330725047864812938e-01 9.595438275201864098e-01
3.847695390781562530e-01 9.452593024223757689e-01 8.061720126394555930e-03 9.334054773994838738e-01 9.602097727461916810e-01
3.867735470941883191e-01 9.456422209273286361e-01 7.999922556398584780e-03 9.337384500124864539e-01 9.604595022059435605e-01
3.887775551102203853e-01 9.461083825855324259e-01 7.962867912905988860e-03 9.342379089319903240e-01 9.607924748189461406e-01
3.907815631262524514e-01 9.466494630816615352e-01 7.879873569229251321e-03 9.349038541579954842e-01 9.613751768917007112e-01
3.927855711422845175e-01 9.470823274785649115e-01 7.860556240175901183e-03 9.353200699242487648e-01 9.616249063514525908e-01
3.947895791583165837e-01 9.474818946141679854e-01 7.802370585243201435e-03 9.359027719970032244e-01 9.617081495047032913e-01
3.967935871743486498e-01 9.478981103804210440e-01 7.724807642135807402e-03 9.362357446100058045e-01 9.617081495047032913e-01
3.987975951903807159e-01 9.482227586780986872e-01 7.744119092233483700e-03 9.364854740697577951e-01 9.618746358112045813e-01
4.008016032064127820e-01 9.486140014983768243e-01 7.688716347000518550e-03 9.369016898360109646e-01 9.622908515774577509e-01
4.028056112224448482e-01 9.489136768500789909e-01 7.631000245418673861e-03 9.374843919087655353e-01 9.626238241904603310e-01
4.048096192384769143e-01 9.493964871389328763e-01 7.628039388366369966e-03 9.377341213685174148e-01 9.628735536502123216e-01
4.068136272545089804e-01 9.498709731124614919e-01 7.657085151288767211e-03 9.378173645217681154e-01 9.634562557229667812e-01
4.088176352705410466e-01 9.501789727794889284e-01 7.588036928779745213e-03 9.380670939815199949e-01 9.637059851827187718e-01
4.108216432865731127e-01 9.505535669691168588e-01 7.553140801156033729e-03 9.386497960542745655e-01 9.642054441022226419e-01
4.128256513026051788e-01 9.510447015732956810e-01 7.406437641817114302e-03 9.395654707400316052e-01 9.645384167152252219e-01
4.148296593186372450e-01 9.514276200782486592e-01 7.455283016079033119e-03 9.398984433530341853e-01 9.647881461749771015e-01
4.168336673346693111e-01 9.518688087904768613e-01 7.293430473451474258e-03 9.404811454257887560e-01 9.649546324814783915e-01
4.188376753507013772e-01 9.521601598268540911e-01 7.207631389705232428e-03 9.408973611920419255e-01 9.651211187879796816e-01
4.208416833667334433e-01 9.525930242237574674e-01 7.136346730397270452e-03 9.414800632647964962e-01 9.657038208607342522e-01
4.228456913827655095e-01 9.530675101972863050e-01 7.055445317764858296e-03 9.420627653375509558e-01 9.660367934737368323e-01
4.248496993987975756e-01 9.534504287022391722e-01 7.020788935976280884e-03 9.425622242570548259e-01 9.662865229334887118e-01
4.268537074148296417e-01 9.537584283692666087e-01 7.028823342287098853e-03 9.429784400233081065e-01 9.666194955464912919e-01
4.288577154308617079e-01 9.540914009822690778e-01 7.056962558189622953e-03 9.433946557895612761e-01 9.668692250062432825e-01
4.308617234468937740e-01 9.543577790726713861e-01 7.002233748332172339e-03 9.438108715558145567e-01 9.671189544659951620e-01
4.328657314629258401e-01 9.548738866228252409e-01 6.995838000323268205e-03 9.445600599350703064e-01 9.677016565387497327e-01
4.348697394789579063e-01 9.552235078664781387e-01 6.860109623259583352e-03 9.452260051610754665e-01 9.679513859985016122e-01
4.368737474949899169e-01 9.556563722633810709e-01 6.803471623464786046e-03 9.456422209273287471e-01 9.682843586115041923e-01
4.388777555110219830e-01 9.559477232997585228e-01 6.829673335117788201e-03 9.456422209273287471e-01 9.683676017647548928e-01
4.408817635270540491e-01 9.562890202280861507e-01 6.895875074645695969e-03 9.458919503870806267e-01 9.688670606842587629e-01
4.428857715430861153e-01 9.566636144177141921e-01 6.794824047051870736e-03 9.466411387663364874e-01 9.689503038375093524e-01
4.448897795591181814e-01 9.570881544992924095e-01 6.712748730179206313e-03 9.476400566053442276e-01 9.693665196037626330e-01
4.468937875751502475e-01 9.575376675268458815e-01 6.665843308029927375e-03 9.481395155248480977e-01 9.696162490635145126e-01
4.488977955911823137e-01 9.578706401398484616e-01 6.666363058652782086e-03 9.483892449845999773e-01 9.698659785232665032e-01
4.509018036072143798e-01 9.582285856988261852e-01 6.632426640245253809e-03 9.489719470573545479e-01 9.703654374427703733e-01
4.529058116232464459e-01 9.586947473570299749e-01 6.549263201975533133e-03 9.498043785898609981e-01 9.707816532090235428e-01
4.549098196392785121e-01 9.589860983934072047e-01 6.583480959338225240e-03 9.498876217431115876e-01 9.710313826687755334e-01
4.569138276553105782e-01 9.593190710064096738e-01 6.588005356404288103e-03 9.502205943561141677e-01 9.713643552817781135e-01
4.589178356713426443e-01 9.596437193040874281e-01 6.524457947814312278e-03 9.504703238158661582e-01 9.716140847415299930e-01
4.609218436873747105e-01 9.600099891783901995e-01 6.462178371975742588e-03 9.509697827353700283e-01 9.719470573545325731e-01
4.629258517034067766e-01 9.604095563139931624e-01 6.394266343239006674e-03 9.513859985016231979e-01 9.722800299675351532e-01
4.649298597194388427e-01 9.608507450262214755e-01 6.341910101462410604e-03 9.516357279613751885e-01 9.724465162740364432e-01
4.669338677354709088e-01 9.611837176392240556e-01 6.263299155278022161e-03 9.521351868808790586e-01 9.725297594272871438e-01
4.689378757515029750e-01 9.615499875135270491e-01 6.117828111013147961e-03 9.529676184133855088e-01 9.726130025805377333e-01
4.709418837675350411e-01 9.618413385499040569e-01 6.080192969889745662e-03 9.533005910263880889e-01 9.728627320402897238e-01
4.729458917835671072e-01 9.622242570548573681e-01 6.046547953219323993e-03 9.537168067926412585e-01 9.731124615000416034e-01
4.749498997995991734e-01 9.624989594605845022e-01 5.979298390550520821e-03 9.539665362523932490e-01 9.732789478065428934e-01
4.769539078156312395e-01 9.627653375509865885e-01 6.055623295599383941e-03 9.542162657121451286e-01 9.734454341130441835e-01
4.789579158316633056e-01 9.629651211187880699e-01 6.054753568553403534e-03 9.543827520186464186e-01 9.735286772662948840e-01
4.809619238476953718e-01 9.633730125697159696e-01 6.047373026287651727e-03 9.548822109381502887e-01 9.737784067260467635e-01
4.829659318637274379e-01 9.636310663447933411e-01 6.016867863493832388e-03 9.551319403979022793e-01 9.738616498792974641e-01
4.849699398797595040e-01 9.639140930658453010e-01 5.927736701655068538e-03 9.553816698576541588e-01 9.742778656455506336e-01
4.869739478957915702e-01 9.642553899941729290e-01 5.795086771288311504e-03 9.557978856239074394e-01 9.744443519520519237e-01
4.889779559118235808e-01 9.645883626071757311e-01 5.628887004059385593e-03 9.567968034629151797e-01 9.746940814118039142e-01
4.909819639278556469e-01 9.649463081661533437e-01 5.660099826134059632e-03 9.569632897694164697e-01 9.750270540248064943e-01
4.929859719438877130e-01 9.652459835178557324e-01 5.597042075457147464e-03 9.572962623824190498e-01 9.754432697910596639e-01
4.949899799599197792e-01 9.654457670856571028e-01 5.509344821207589997e-03 9.576292349954216299e-01 9.755265129443103644e-01
4.969939879759518453e-01 9.658203612752851441e-01 5.572468534385173825e-03 9.579622076084242099e-01 9.760259718638142346e-01
4.989979959919839114e-01 9.661533338882877242e-01 5.495838811772783827e-03 9.586281528344293701e-01 9.762757013235661141e-01
5.010020040080159776e-01 9.664863065012904153e-01 5.497477671046255635e-03 9.587946391409306601e-01 9.764421876300674041e-01
5.030060120240480437e-01 9.668359277449429801e-01 5.434853612970363609e-03 9.592940980604345302e-01 9.766919170898193947e-01
5.050100200400801098e-01 9.671272787813200988e-01 5.360038208323356958e-03 9.594605843669358203e-01 9.767751602430699842e-01
5.070140280561121759e-01 9.674019811870474550e-01 5.226742072238571395e-03 9.601265295929409804e-01 9.767751602430699842e-01
5.090180360721442421e-01 9.677016565387497327e-01 5.162552184940613111e-03 9.604595022059435605e-01 9.769416465495712742e-01
5.110220440881763082e-01 9.680429534670773606e-01 5.155225025357441232e-03 9.607924748189461406e-01 9.775243486223258449e-01
5.130260521042083743e-01 9.683842503954049885e-01 5.234240513496054951e-03 9.609589611254474306e-01 9.778573212353284250e-01
5.150300601202404405e-01 9.687005743777573619e-01 5.188793542501869520e-03 9.613751768917007112e-01 9.780238075418297150e-01
5.170340681362725066e-01 9.690085740447846874e-01 5.236259016887989323e-03 9.614584200449513007e-01 9.784400233080828846e-01
5.190380761523045727e-01 9.693165737118121239e-01 5.214530785655370829e-03 9.620411221177058714e-01 9.787729959210854647e-01
5.210420841683366389e-01 9.696495463248148150e-01 5.076631321420009384e-03 9.622908515774577509e-01 9.788562390743361652e-01
5.230460921843687050e-01 9.699908432531424429e-01 5.000031719331174754e-03 9.625405810372097415e-01 9.790227253808374552e-01
5.250501002004007711e-01 9.702572213435445292e-01 4.925582561706557533e-03 9.630400399567136116e-01 9.790227253808374552e-01
5.270541082164328373e-01 9.705235994339466155e-01 4.850076440713601937e-03 9.632897694164654911e-01 9.791059685340880447e-01
5.290581162324649034e-01 9.707566802630482883e-01 4.818915872654471258e-03 9.634562557229667812e-01 9.791892116873387453e-01
5.310621242484969695e-01 9.709980854074753420e-01 4.813758015100438707e-03 9.636227420294680712e-01 9.793556979938400353e-01
5.330661322645290356e-01 9.712145176059271412e-01 4.736937720401398350e-03 9.639557146424706513e-01 9.793556979938400353e-01
5.350701402805611018e-01 9.714392741197036552e-01 4.696042803560581021e-03 9.641222009489719413e-01 9.794389411470906248e-01
5.370741482965931679e-01 9.717639224173811874e-01 4.636695942953747776e-03 9.643719304087239319e-01 9.795221843003413253e-01
5.390781563126252340e-01 9.719970032464828602e-01 4.565672582572166509e-03 9.647881461749771015e-01 9.796054274535919149e-01
5.410821643286573002e-01 9.722883542828603121e-01 4.568289903135966737e-03 9.651211187879796816e-01 9.800216432198451955e-01
5.430861723446893663e-01 9.725630566885872241e-01 4.575224241012290118e-03 9.654540914009822616e-01 9.801881295263464855e-01
5.450901803607214324e-01 9.728877049862649784e-01 4.427573344989892308e-03 9.664530092399900019e-01 9.803546158328477755e-01
5.470941883767534986e-01 9.731207858153666512e-01 4.338789345310086962e-03 9.668692250062432825e-01 9.805211021393490656e-01
5.490981963927855647e-01 9.734620827436943902e-01 4.157460097766419935e-03 9.677016565387497327e-01 9.808540747523516456e-01
5.511022044088176308e-01 9.737034878881211108e-01 4.181334329464463616e-03 9.677848996920003222e-01 9.811038042121035252e-01
5.531062124248496970e-01 9.739865146091734038e-01 4.108241480955039139e-03 9.678681428452510227e-01 9.811038042121035252e-01
5.551102204408817631e-01 9.742029468076249810e-01 3.989153998275484468e-03 9.682843586115041923e-01 9.812702905186048152e-01
5.571142284569138292e-01 9.744193790060766691e-01 3.951911166380613939e-03 9.687005743777574729e-01 9.815200199783568058e-01
5.591182364729458953e-01 9.745941896279031180e-01 3.954321405628575224e-03 9.687838175310080624e-01 9.816865062848580958e-01
5.611222444889779615e-01 9.748772163489553000e-01 3.874304838200928660e-03 9.690335469907600530e-01 9.820194788978606759e-01
5.631262525050100276e-01 9.751186214933822427e-01 3.860984002271150312e-03 9.692000332972613430e-01 9.821859652043619660e-01
5.651302605210419827e-01 9.753683509531340112e-01 3.728596410734576379e-03 9.696162490635145126e-01 9.822692083576125555e-01
5.671342685370740488e-01 9.757179721967865760e-01 3.570937229196454940e-03 9.701989511362690832e-01 9.824356946641138455e-01
5.691382765531061150e-01 9.759427287105634230e-01 3.529352631779277688e-03 9.706151669025222528e-01 9.826854241238658361e-01
5.711422845691381811e-01 9.762257554316157160e-01 3.493476233646436967e-03 9.708648963622742434e-01 9.828519104303671261e-01
5.731462925851702472e-01 9.764255389994171974e-01 3.503300738857377614e-03 9.711146258220261229e-01 9.831848830433697062e-01
5.751503006012023134e-01 9.766336468825438377e-01 3.503745753765807533e-03 9.713643552817781135e-01 9.833513693498709962e-01
5.771543086172343795e-01 9.768417547656704780e-01 3.465715495246704612e-03 9.714475984350287030e-01 9.835178556563722863e-01
5.791583166332664456e-01 9.770998085407475164e-01 3.363363352367994014e-03 9.720303005077832736e-01 9.835178556563722863e-01
5.811623246492985118e-01 9.774161325230998898e-01 3.351723311005877764e-03 9.725297594272871438e-01 9.838508282693748663e-01
5.831663326653305779e-01 9.776159160909015933e-01 3.323362352966626691e-03 9.726962457337884338e-01 9.839340714226254558e-01
5.851703406813626440e-01 9.778656455506533618e-01 3.291516805850662215e-03 9.730292183467910139e-01 9.841005577291267459e-01
5.871743486973947102e-01 9.780654291184550653e-01 3.298834894964681845e-03 9.731957046532923039e-01 9.842670440356280359e-01
5.891783567134267763e-01 9.782319154249561333e-01 3.377097885092349584e-03 9.732789478065428934e-01 9.847665029551319060e-01
5.911823647294588424e-01 9.784982935153582195e-01 3.333896081981967911e-03 9.735286772662948840e-01 9.850162324148838966e-01
5.931863727454909085e-01 9.787230500291352886e-01 3.229405229199902843e-03 9.739448930325480536e-01 9.852659618746357761e-01
5.951903807615229747e-01 9.789894281195372638e-01 3.194238400436983337e-03 9.741113793390493436e-01 9.852659618746357761e-01
5.971943887775550408e-01 9.792141846333139998e-01 3.122017788465780447e-03 9.742778656455506336e-01 9.853492050278864767e-01
5.991983967935871069e-01 9.794056438857904334e-01 3.098658593706028579e-03 9.745275951053026242e-01 9.854324481811370662e-01
6.012024048096191731e-01 9.796636976608674718e-01 2.969121196417317653e-03 9.754432697910596639e-01 9.854324481811370662e-01
6.032064128256512392e-01 9.798801298593190490e-01 3.013827531553635048e-03 9.755265129443103644e-01 9.857654207941396463e-01
6.052104208416833053e-01 9.800299675351702433e-01 2.982022582244127015e-03 9.756097560975609539e-01 9.860151502538916368e-01
6.072144288577153715e-01 9.802880213102472817e-01 2.956433061005265574e-03 9.759427287105635340e-01 9.861816365603929269e-01
6.092184368737474376e-01 9.804295346707732062e-01 2.895007304974601351e-03 9.762757013235661141e-01 9.862648797136435164e-01
6.112224448897795037e-01 9.805876966619495594e-01 2.868641674912939237e-03 9.766086739365686942e-01 9.864313660201448064e-01
6.132264529058115698e-01 9.808623990676765825e-01 2.783970158355382387e-03 9.770248897028219748e-01 9.865978523266460964e-01
6.152304609218436360e-01 9.810288853741779835e-01 2.736016429172638802e-03 9.772746191625738543e-01 9.866810954798967970e-01
6.172344689378757021e-01 9.812786148339298631e-01 2.714148085977829451e-03 9.777740780820777244e-01 9.870140680928993770e-01
6.192384769539077682e-01 9.814534254557564230e-01 2.661646943458408771e-03 9.780238075418297150e-01 9.870973112461499666e-01
6.212424849699398344e-01 9.816115874469325542e-01 2.686433380014063843e-03 9.780238075418297150e-01 9.872637975526512566e-01
6.232464929859719005e-01 9.817947223840839399e-01 2.654673622295004344e-03 9.781902938483310050e-01 9.873470407059019571e-01
6.252505010020039666e-01 9.819778573212352146e-01 2.594530313743431682e-03 9.786065096145841746e-01 9.873470407059019571e-01
6.272545090180360328e-01 9.821776408890368071e-01 2.596185669961178534e-03 9.786897527678348752e-01 9.875967701656538367e-01
6.292585170340680989e-01 9.823940730874884952e-01 2.551983110433774394e-03 9.790227253808374552e-01 9.875967701656538367e-01
6.312625250501001650e-01 9.825522350786647374e-01 2.560914424698754969e-03 9.791059685340880447e-01 9.877632564721551267e-01
6.332665330661322312e-01 9.828102888537417758e-01 2.435555826736593519e-03 9.795221843003413253e-01 9.877632564721551267e-01
6.352705410821642973e-01 9.829767751602430659e-01 2.366581033185626969e-03 9.797719137600932049e-01 9.877632564721551267e-01
6.372745490981963634e-01 9.831848830433695952e-01 2.404848450770222159e-03 9.798551569133439054e-01 9.879297427786564167e-01
6.392785571142284295e-01 9.834096395571464422e-01 2.457309120912544269e-03 9.798551569133439054e-01 9.880129859319071173e-01
6.412825651302604957e-01 9.835428286023473188e-01 2.462379750758844198e-03 9.799384000665944949e-01 9.880962290851577068e-01
6.432865731462925618e-01 9.836926662781987352e-01 2.402960367466397146e-03 9.801048863730957850e-01 9.880962290851577068e-01
6.452905811623246279e-01 9.839007741613252644e-01 2.306060721627563662e-03 9.806043452925996551e-01 9.880962290851577068e-01
6.472945891783566941e-01 9.840589361525013956e-01 2.243012985237998348e-03 9.808540747523516456e-01 9.881794722384084073e-01
6.492985971943887602e-01 9.842836926662782426e-01 2.195726540922099488e-03 9.809373179056022352e-01 9.883459585449096974e-01
6.513026052104208263e-01 9.844335303421294370e-01 2.158230258087107372e-03 9.813535336718555158e-01 9.886789311579122774e-01
6.533066132264528925e-01 9.845750437026554724e-01 2.149560015283978956e-03 9.816032631316073953e-01 9.887621743111628669e-01
6.553106212424849586e-01 9.847332056938314926e-01 2.210948179609954854e-03 9.817697494381086853e-01 9.892616332306667370e-01
6.573146292585170247e-01 9.848913676850077348e-01 2.161518716823229973e-03 9.819362357446099754e-01 9.892616332306667370e-01
6.593186372745490909e-01 9.851161241987848038e-01 2.132649946316363294e-03 9.821027220511112654e-01 9.893448763839174376e-01
6.613226452905811570e-01 9.852742861899608240e-01 2.080229577819917193e-03 9.824356946641138455e-01 9.895113626904187276e-01
6.633266533066132231e-01 9.854574211271123207e-01 2.095694947917033871e-03 9.824356946641138455e-01 9.897610921501706072e-01
6.653306613226452892e-01 9.855739615416633237e-01 2.062364871564384156e-03 9.825189378173645460e-01 9.898443353034213077e-01
6.673346693386772444e-01 9.857487721634894395e-01 1.984541913885782844e-03 9.829351535836177156e-01 9.898443353034213077e-01
6.693386773547093105e-01 9.859818529925913344e-01 2.014828259274878235e-03 9.832681261966202957e-01 9.901773079164238878e-01
6.713426853707413766e-01 9.861649879297427201e-01 1.936830451734331861e-03 9.833513693498709962e-01 9.901773079164238878e-01
6.733466933867734427e-01 9.863314742362441212e-01 1.942189606206045195e-03 9.836010988096228758e-01 9.903437942229251778e-01
6.753507014028055089e-01 9.864896362274201413e-01 1.901901120502660913e-03 9.837675851161241658e-01 9.905102805294264678e-01
6.773547094188375750e-01 9.866644468492467013e-01 1.954282615151632652e-03 9.840173145758761564e-01 9.908432531424290479e-01
6.793587174348696411e-01 9.868309331557478803e-01 1.962420924183754575e-03 9.841005577291267459e-01 9.909264962956796374e-01
6.813627254509017073e-01 9.869474735702986612e-01 1.930020827096328665e-03 9.841838008823774464e-01 9.909264962956796374e-01
6.833667334669337734e-01 9.871056355614751254e-01 1.855575591934732716e-03 9.844335303421293260e-01 9.910097394489303380e-01
6.853707414829658395e-01 9.872055273453760327e-01 1.838920200830771682e-03 9.846000166486306160e-01 9.910929826021809275e-01
6.873747494989979057e-01 9.874719054357777859e-01 1.746222322299393085e-03 9.848497461083826066e-01 9.911762257554316280e-01
6.893787575150299718e-01 9.876050944809788845e-01 1.751452561294016171e-03 9.850994755681344861e-01 9.911762257554316280e-01
6.913827655310620379e-01 9.877632564721551267e-01 1.756410807612145044e-03 9.852659618746357761e-01 9.913427120619329180e-01
6.933867735470941041e-01 9.879713643552818780e-01 1.676993186401871689e-03 9.855156913343877667e-01 9.914259552151835075e-01
6.953907815631261702e-01 9.881461749771081049e-01 1.572921177914818856e-03 9.860151502538916368e-01 9.915091983684342081e-01
6.973947895791582363e-01 9.882710397069839336e-01 1.552189077067567865e-03 9.861816365603929269e-01 9.916756846749354981e-01
6.993987975951903024e-01 9.883792558062097777e-01 1.487329438640734754e-03 9.864313660201448064e-01 9.916756846749354981e-01
7.014028056112223686e-01 9.885124448514110984e-01 1.453302445204049474e-03 9.865978523266460964e-01 9.916756846749354981e-01
7.034068136272544347e-01 9.886872554732372143e-01 1.435286742705822434e-03 9.867643386331473865e-01 9.917589278281860876e-01
7.054108216432865008e-01 9.888287688337633607e-01 1.419436122004073125e-03 9.868475817863980870e-01 9.919254141346873777e-01
7.074148296593185670e-01 9.890285524015649532e-01 1.386841925605409144e-03 9.870140680928993770e-01 9.920086572879380782e-01
7.094188376753506331e-01 9.891700657620910997e-01 1.397617589441109507e-03 9.870973112461499666e-01 9.920919004411886677e-01
7.114228456913826992e-01 9.893032548072918653e-01 1.329416873941848291e-03 9.872637975526512566e-01 9.920919004411886677e-01
7.134268537074147654e-01 9.893781736452176290e-01 1.320499865119679822e-03 9.873470407059019571e-01 9.920919004411886677e-01
7.154308617234468315e-01 9.894780654291184252e-01 1.297739133931923288e-03 9.876800133189045372e-01 9.921751435944393682e-01
7.174348697394788976e-01 9.896362274202946674e-01 1.216176486409733474e-03 9.879297427786564167e-01 9.921751435944393682e-01
7.194388777555109638e-01 9.897694164654955440e-01 1.227631912769819008e-03 9.880962290851577068e-01 9.922583867476899577e-01
7.214428857715430299e-01 9.898942811953717058e-01 1.222966297990974805e-03 9.882627153916589968e-01 9.924248730541912478e-01
7.234468937875750960e-01 9.899775243486222953e-01 1.176764974415856662e-03 9.883459585449096974e-01 9.924248730541912478e-01
7.254509018036071621e-01 9.900524431865479480e-01 1.173846530290264265e-03 9.883459585449096974e-01 9.925081162074419483e-01
7.274549098196392283e-01 9.901356863397985375e-01 1.166147151096457151e-03 9.883459585449096974e-01 9.925913593606925378e-01
7.294589178356712944e-01 9.902605510696744773e-01 1.128551224845229448e-03 9.885124448514109874e-01 9.925913593606925378e-01
7.314629258517033605e-01 9.904270373761757673e-01 1.131617112659047365e-03 9.887621743111628669e-01 9.929243319736951179e-01
7.334669338677354267e-01 9.905685507367018028e-01 1.111257123699046058e-03 9.888454174644135675e-01 9.929243319736951179e-01
7.354709418837674928e-01 9.906767668359279799e-01 1.090453534924691256e-03 9.889286606176641570e-01 9.930075751269458184e-01
7.374749498997995589e-01 9.907600099891784584e-01 1.068629420519858278e-03 9.890119037709148575e-01 9.930075751269458184e-01
7.394789579158316251e-01 9.908682260884040804e-01 1.066065004854648956e-03 9.890951469241654470e-01 9.930908182801964079e-01
7.414829659318636912e-01 9.909514692416548920e-01 1.077058323068114240e-03 9.893448763839174376e-01 9.932573045866976980e-01
7.434869739478957573e-01 9.910180637642553858e-01 1.040006522996790410e-03 9.895113626904187276e-01 9.932573045866976980e-01
7.454909819639278235e-01 9.911679014401066912e-01 9.845592528403362097e-04 9.897610921501706072e-01 9.932573045866976980e-01
7.474949899799598896e-01 9.912761175393324242e-01 9.677710233469565037e-04 9.898443353034213077e-01 9.933405477399483985e-01
7.494989979959919557e-01 9.914009822692083640e-01 1.035733511572887186e-03 9.899275784566718972e-01 9.937567635062015681e-01
7.515030060120240218e-01 9.915508199450595583e-01 9.907334182637568976e-04 9.900940647631731872e-01 9.937567635062015681e-01
7.535070140280560880e-01 9.916673603596104503e-01 9.873704777863302490e-04 9.902605510696744773e-01 9.939232498127028581e-01
7.555110220440881541e-01 9.918088737201363747e-01 1.014200909715681732e-03 9.902605510696744773e-01 9.940897361192041481e-01
7.575150300601202202e-01 9.919087655040371709e-01 9.841016702659959470e-04 9.904270373761757673e-01 9.941729792724548487e-01
7.595190380761522864e-01 9.920086572879380782e-01 9.764673802457567164e-04 9.904270373761757673e-01 9.941729792724548487e-01
7.615230460921843525e-01 9.921335220178140180e-01 9.688086943113875023e-04 9.904270373761757673e-01 9.941729792724548487e-01
7.635270541082164186e-01 9.922667110630151166e-01 9.922709569428816642e-04 9.906767668359277579e-01 9.944227087322067282e-01
7.655310621242484848e-01 9.923666028469158018e-01 9.715228496135743181e-04 9.909264962956796374e-01 9.944227087322067282e-01
7.675350701402805509e-01 9.924664946308165980e-01 9.565721350001390403e-04 9.910929826021809275e-01 9.944227087322067282e-01
7.695390781563125060e-01 9.925330891534172029e-01 9.179798897033824472e-04 9.911762257554316280e-01 9.944227087322067282e-01
7.715430861723445721e-01 9.926662781986183015e-01 9.167713251840154927e-04 9.913427120619329180e-01 9.945059518854574288e-01
7.735470941883766383e-01 9.927328727212186843e-01 9.359211004154149556e-04 9.914259552151835075e-01 9.946724381919587188e-01
7.755511022044087044e-01 9.928494131357694652e-01 9.428550369072803304e-04 9.915091983684342081e-01 9.946724381919587188e-01
7.775551102204407705e-01 9.929992508116207706e-01 9.391731459418496035e-04 9.916756846749354981e-01 9.949221676517105983e-01
7.795591182364728366e-01 9.930658453342214864e-01 9.344391564877554957e-04 9.917589278281860876e-01 9.950054108049612989e-01
7.815631262525049028e-01 9.932073586947474109e-01 8.826914936692898100e-04 9.918421709814367881e-01 9.950054108049612989e-01
7.835671342685369689e-01 9.933072504786482071e-01 8.959376706617001905e-04 9.918421709814367881e-01 9.950054108049612989e-01
7.855711422845690350e-01 9.933821693165738598e-01 9.211448272952898250e-04 9.918421709814367881e-01 9.950054108049612989e-01
7.875751503006011012e-01 9.934487638391742426e-01 9.344391564877488820e-04 9.918421709814367881e-01 9.951718971114625889e-01
7.895791583166331673e-01 9.936152501456753106e-01 9.035238082972739913e-04 9.920086572879380782e-01 9.952551402647131784e-01
7.915831663326652334e-01 9.937317905602263135e-01 8.530291104951874840e-04 9.921751435944393682e-01 9.952551402647131784e-01
7.935871743486972996e-01 9.937983850828271404e-01 8.400962373756867352e-04 9.923416299009406583e-01 9.953383834179638789e-01
7.955911823647293657e-01 9.938649796054275232e-01 7.791576931238667269e-04 9.925913593606925378e-01 9.953383834179638789e-01
7.975951903807614318e-01 9.939315741280280170e-01 8.336376844015202939e-04 9.925913593606925378e-01 9.954216265712144684e-01
7.995991983967934980e-01 9.940231415966037654e-01 8.060413509970835739e-04 9.928410888204445284e-01 9.954216265712144684e-01
8.016032064128255641e-01 9.940647631732290046e-01 8.019474472072782734e-04 9.928410888204445284e-01 9.955048697244651690e-01
8.036072144288576302e-01 9.941979522184298812e-01 7.314511030121781474e-04 9.930075751269458184e-01 9.955881128777157585e-01
8.056112224448896963e-01 9.943061683176557253e-01 7.143407293074290586e-04 9.930908182801964079e-01 9.956713560309664590e-01
8.076152304609217625e-01 9.944476816781818718e-01 7.132243057818018301e-04 9.932573045866976980e-01 9.957545991842170485e-01
8.096192384769538286e-01 9.945309248314325723e-01 7.014686708659756322e-04 9.934237908931989880e-01 9.958378423374677491e-01
8.116232464929858947e-01 9.946557895613086231e-01 7.654749975907852982e-04 9.935070340464496885e-01 9.960043286439690391e-01
8.136272545090179609e-01 9.947307083992342758e-01 7.738032073327105612e-04 9.935902771997002780e-01 9.961708149504703291e-01
8.156312625250500270e-01 9.948389244984600088e-01 7.528789847395381870e-04 9.936735203529509786e-01 9.963373012569716192e-01
8.176352705410820931e-01 9.949138433363856615e-01 7.587922777472382897e-04 9.937567635062015681e-01 9.964205444102222087e-01
8.196392785571141593e-01 9.950220594356112835e-01 7.717856979271942117e-04 9.938400066594522686e-01 9.965870307167234987e-01
8.216432865731462254e-01 9.951136269041869209e-01 7.314511030121926757e-04 9.939232498127028581e-01 9.965870307167234987e-01
8.236472945891782915e-01 9.952468159493881306e-01 7.346650416623071904e-04 9.940064929659535586e-01 9.966702738699741992e-01
8.256513026052103577e-01 9.953383834179639900e-01 6.823907943700754193e-04 9.942562224257054382e-01 9.967535170232247888e-01
8.276553106212424238e-01 9.953883293099142771e-01 6.713342263766405166e-04 9.944227087322067282e-01 9.968367601764754893e-01
8.296593186372744899e-01 9.955131940397901058e-01 7.008757133036455341e-04 9.946724381919587188e-01 9.970032464829767793e-01
8.316633266533065560e-01 9.956297344543409977e-01 7.221073658910011350e-04 9.946724381919587188e-01 9.970864896362273688e-01
8.336673346693386222e-01 9.957712478148671442e-01 7.071259662563789085e-04 9.948389244984600088e-01 9.970864896362273688e-01
8.356713426853706883e-01 9.958378423374677491e-01 7.063415778105837546e-04 9.948389244984600088e-01 9.971697327894780694e-01
8.376753507014027544e-01 9.959294098060433864e-01 6.998863343331520248e-04 9.949221676517105983e-01 9.971697327894780694e-01
8.396793587174348206e-01 9.960293015899441826e-01 6.925210001096509822e-04 9.949221676517105983e-01 9.971697327894780694e-01
8.416833667334668867e-01 9.960875717972197396e-01 7.043767851929100873e-04 9.949221676517105983e-01 9.971697327894780694e-01
8.436873747494989528e-01 9.962041122117704095e-01 7.230184217300873436e-04 9.949221676517105983e-01 9.971697327894780694e-01
8.456913827655310190e-01 9.962956796803463799e-01 7.134185918942977404e-04 9.950054108049612989e-01 9.972529759427286589e-01
8.476953907815630851e-01 9.963539498876217149e-01 7.071259662563935452e-04 9.950054108049612989e-01 9.973362190959793594e-01
8.496993987975951512e-01 9.964122200948972718e-01 7.222992626166724718e-04 9.950054108049612989e-01 9.975027054024806494e-01
8.517034068136272174e-01 9.964621659868475589e-01 6.917200502969280242e-04 9.950886539582118884e-01 9.975027054024806494e-01
8.537074148296592835e-01 9.965370848247732116e-01 6.723656207877668585e-04 9.951718971114625889e-01 9.975027054024806494e-01
8.557114228456913496e-01 9.966120036626987533e-01 6.480681303305390207e-04 9.953383834179638789e-01 9.975027054024806494e-01
8.577154308617234157e-01 9.967035711312745017e-01 6.153240193981875843e-04 9.955048697244651690e-01 9.975027054024806494e-01
8.597194388777554819e-01 9.967701656538749955e-01 5.860223393589673131e-04 9.955881128777157585e-01 9.975027054024806494e-01
8.617234468937875480e-01 9.968450844918004261e-01 5.844238514432053676e-04 9.957545991842170485e-01 9.977524348622325290e-01
8.637274549098196141e-01 9.969366519603761745e-01 5.101657686188038358e-04 9.961708149504703291e-01 9.977524348622325290e-01
8.657314629258516803e-01 9.969949221676517315e-01 5.110478807348996580e-04 9.962540581037209186e-01 9.978356780154832295e-01
8.677354709418837464e-01 9.970448680596021296e-01 5.025708431906606658e-04 9.962540581037209186e-01 9.978356780154832295e-01
8.697394789579158125e-01 9.971114625822027344e-01 4.665331314143709627e-04 9.964205444102222087e-01 9.978356780154832295e-01
8.717434869739478787e-01 9.971863814201281651e-01 5.005675977148988905e-04 9.964205444102222087e-01 9.979189211687338190e-01
8.737474949899798338e-01 9.972696245733787546e-01 5.128751119869896530e-04 9.965037875634729092e-01 9.981686506284858096e-01
8.757515030060118999e-01 9.973278947806543115e-01 5.400549932009884565e-04 9.965870307167234987e-01 9.982518937817363991e-01
8.777555110220439660e-01 9.973861649879298685e-01 5.319752038182047876e-04 9.966702738699741992e-01 9.983351369349870996e-01
8.797595190380760322e-01 9.974527595105302513e-01 5.227776065298362154e-04 9.967535170232247888e-01 9.984183800882376891e-01
8.817635270541080983e-01 9.975443269791057777e-01 4.928247770120956122e-04 9.969200033297260788e-01 9.985016232414883897e-01
8.837675350701401644e-01 9.976025971863812236e-01 4.822358564208953759e-04 9.970864896362273688e-01 9.985848663947389792e-01
8.857715430861722306e-01 9.976858403396320352e-01 4.705999841872123978e-04 9.970864896362273688e-01 9.985848663947389792e-01
8.877755511022042967e-01 9.977274619162572744e-01 4.374029686312980387e-04 9.971697327894780694e-01 9.985848663947389792e-01
8.897795591182363628e-01 9.978190293848332448e-01 4.510519332104746641e-04 9.971697327894780694e-01 9.985848663947389792e-01
8.917835671342684289e-01 9.978856239074336276e-01 4.531976222031571249e-04 9.972529759427286589e-01 9.986681095479896797e-01
8.937875751503004951e-01 9.979272454840588669e-01 4.152990821032710635e-04 9.974194622492299489e-01 9.986681095479896797e-01
8.957915831663325612e-01 9.979855156913343128e-01 3.953830712407558267e-04 9.974194622492299489e-01 9.986681095479896797e-01
8.977955911823646273e-01 9.981103804212103636e-01 3.629439666459744851e-04 9.976691917089819395e-01 9.987513527012402692e-01
8.997995991983966935e-01 9.981436776825105550e-01 3.552249778298671658e-04 9.976691917089819395e-01 9.987513527012402692e-01
9.018036072144287596e-01 9.982185965204362077e-01 3.476336138819837904e-04 9.977524348622325290e-01 9.987513527012402692e-01
9.038076152304608257e-01 9.982435694664113512e-01 3.637068554891125915e-04 9.977524348622325290e-01 9.987513527012402692e-01
9.058116232464928919e-01 9.982602180970614469e-01 3.749639766771071039e-04 9.977524348622325290e-01 9.987513527012402692e-01
9.078156312625249580e-01 9.983101639890119561e-01 4.196148559436800943e-04 9.977524348622325290e-01 9.989178390077415592e-01
9.098196392785570241e-01 9.983684341962874020e-01 3.978291232947169811e-04 9.978356780154832295e-01 9.989178390077415592e-01
9.118236472945890903e-01 9.984516773495381026e-01 3.206752731916812744e-04 9.979189211687338190e-01 9.989178390077415592e-01
9.138276553106211564e-01 9.985182718721384854e-01 3.198097513077293006e-04 9.980854074752351091e-01 9.990010821609922598e-01
9.158316633266532225e-01 9.985848663947392012e-01 3.136842367671087949e-04 9.981686506284858096e-01 9.991675684674935498e-01
9.178356713426852886e-01 9.986264879713644405e-01 3.052879517338382841e-04 9.982518937817363991e-01 9.991675684674935498e-01
9.198396793587173548e-01 9.986348122866894883e-01 3.206752731916812744e-04 9.982518937817363991e-01 9.992508116207441393e-01
9.218436873747494209e-01 9.986431366020145362e-01 3.288894741553125760e-04 9.982518937817363991e-01 9.992508116207441393e-01
9.238476953907814870e-01 9.986597852326646318e-01 3.421080927001584064e-04 9.982518937817363991e-01 9.992508116207441393e-01
9.258517034068135532e-01 9.987347040705902845e-01 3.262452000709920182e-04 9.983351369349870996e-01 9.992508116207441393e-01
9.278557114228456193e-01 9.987763256472155238e-01 3.093466107726889919e-04 9.983351369349870996e-01 9.992508116207441393e-01
9.298597194388776854e-01 9.988262715391659219e-01 3.124669005098212383e-04 9.983351369349870996e-01 9.992508116207441393e-01
9.318637274549097516e-01 9.988845417464414789e-01 3.005988526640662089e-04 9.985016232414883897e-01 9.993340547739948398e-01
9.338677354709418177e-01 9.989178390077416703e-01 2.859496218649533266e-04 9.985016232414883897e-01 9.993340547739948398e-01
9.358717434869738838e-01 9.989761092150170052e-01 2.762117709653995421e-04 9.985848663947389792e-01 9.994172979272454294e-01
9.378757515030059499e-01 9.990177307916423555e-01 2.780869572711183648e-04 9.986681095479896797e-01 9.995005410804961299e-01
9.398797595190380161e-01 9.990676766835926426e-01 2.519394980508089972e-04 9.987513527012402692e-01 9.995005410804961299e-01
9.418837675350700822e-01 9.990843253142427383e-01 2.412615790591761985e-04 9.987513527012402692e-01 9.995005410804961299e-01
9.438877755511021483e-01 9.991176225755431517e-01 2.239844176654306042e-04 9.987513527012402692e-01 9.995005410804961299e-01
9.458917835671342145e-01 9.991758927828184866e-01 2.185033671590296250e-04 9.988345958544909697e-01 9.995005410804961299e-01
9.478957915831662806e-01 9.992091900441186780e-01 2.047510842628679558e-04 9.988345958544909697e-01 9.995005410804961299e-01
9.498997995991983467e-01 9.992424873054190915e-01 2.338228902886632784e-04 9.988345958544909697e-01 9.996670273869974199e-01
9.519038076152304129e-01 9.993090818280195853e-01 2.385174191608117932e-04 9.989178390077415592e-01 9.997502705402480094e-01
9.539078156312624790e-01 9.993756763506199681e-01 1.870657209210211617e-04 9.991675684674935498e-01 9.997502705402480094e-01
9.559118236472945451e-01 9.994339465578955251e-01 1.479762660004233150e-04 9.992508116207441393e-01 9.997502705402480094e-01
9.579158316633266113e-01 9.995088653958210667e-01 1.555110438047827947e-04 9.992508116207441393e-01 9.997502705402480094e-01
9.599198396793586774e-01 9.995338383417964323e-01 1.498376758511622755e-04 9.993340547739948398e-01 9.998335136934987100e-01
9.619238476953907435e-01 9.995588112877715758e-01 1.748106218263505715e-04 9.993340547739948398e-01 9.999167568467492995e-01
9.639278557114228096e-01 9.996170814950471328e-01 1.451393971044936503e-04 9.994172979272454294e-01 9.999167568467492995e-01
9.659318637274548758e-01 9.996670273869974199e-01 1.116824095979331862e-04 9.995837842337467194e-01 9.999167568467492995e-01
9.679358717434869419e-01 9.997003246482977223e-01 9.989178390077218497e-05 9.995837842337467194e-01 9.999167568467492995e-01
9.699398797595190080e-01 9.997086489636227702e-01 1.002380302904520295e-04 9.995837842337467194e-01 9.999167568467492995e-01
9.719438877755510742e-01 9.997419462249229616e-01 9.454604754516138341e-05 9.995837842337467194e-01 9.999167568467492995e-01
9.739478957915831403e-01 9.997669191708983272e-01 9.707736443593403233e-05 9.996670273869974199e-01 9.999167568467492995e-01
9.759519038076150954e-01 9.998002164321985186e-01 1.129165068363417366e-04 9.996670273869974199e-01 1.000000000000000000e+00
9.779559118236471615e-01 9.998168650628486143e-01 1.039706650861262912e-04 9.996670273869974199e-01 1.000000000000000000e+00
9.799599198396792277e-01 9.998335136934988210e-01 1.052951855545862503e-04 9.996670273869974199e-01 1.000000000000000000e+00
9.819639278557112938e-01 9.998584866394739645e-01 1.119922088327033352e-04 9.996670273869974199e-01 1.000000000000000000e+00
9.839679358717433599e-01 9.998834595854491081e-01 1.129165068363531614e-04 9.996670273869974199e-01 1.000000000000000000e+00
9.859719438877754261e-01 9.999167568467492995e-01 8.324315325065611843e-05 9.997502705402480094e-01 1.000000000000000000e+00
9.879759519038074922e-01 9.999417297927244430e-01 5.330162521796722526e-05 9.998335136934987100e-01 1.000000000000000000e+00
9.899799599198395583e-01 9.999417297927244430e-01 5.330162521796722526e-05 9.998335136934987100e-01 1.000000000000000000e+00
9.919839679358716245e-01 9.999667027386998086e-01 4.078065000890382461e-05 9.999167568467492995e-01 1.000000000000000000e+00
9.939879759519036906e-01 9.999833513693499043e-01 3.329726130028021067e-05 9.999167568467492995e-01 1.000000000000000000e+00
9.959919839679357567e-01 9.999833513693499043e-01 3.329726130028021067e-05 9.999167568467492995e-01 1.000000000000000000e+00
9.979959919839678228e-01 1.000000000000000000e+00 0.000000000000000000e+00 1.000000000000000000e+00 1.000000000000000000e+00
1.000000000000000000e+00 1.000000000000000000e+00 0.000000000000000000e+00 1.000000000000000000e+00 1.000000000000000000e+00
