# FPR	TPR_MEAN	TPR_STD	TPR_MIN	TPR_MAX
0.000000000000000000e+00 3.352380952380952239e-01 5.550019917841320094e-02 2.285714285714285643e-01 3.904761904761904767e-01
2.004008016032063962e-03 3.352380952380952239e-01 5.550019917841320094e-02 2.285714285714285643e-01 3.904761904761904767e-01
4.008016032064127925e-03 3.352380952380952239e-01 5.550019917841320094e-02 2.285714285714285643e-01 3.904761904761904767e-01
6.012024048096191453e-03 3.352380952380952239e-01 5.550019917841320094e-02 2.285714285714285643e-01 3.904761904761904767e-01
8.016032064128255849e-03 3.352380952380952239e-01 5.550019917841320094e-02 2.285714285714285643e-01 3.904761904761904767e-01
1.002004008016032024e-02 4.019047619047618758e-01 4.125030062420517035e-02 3.333333333333333148e-01 4.761904761904761640e-01
1.202404809619238291e-02 4.019047619047618758e-01 4.125030062420517035e-02 3.333333333333333148e-01 4.761904761904761640e-01
1.402805611222444730e-02 4.019047619047618758e-01 4.125030062420517035e-02 3.333333333333333148e-01 4.761904761904761640e-01
1.603206412825651170e-02 4.019047619047618758e-01 4.125030062420517035e-02 3.333333333333333148e-01 4.761904761904761640e-01
1.803607214428857436e-02 4.019047619047618758e-01 4.125030062420517035e-02 3.333333333333333148e-01 4.761904761904761640e-01
2.004008016032064049e-02 4.438095238095238204e-01 4.727494722282230694e-02 3.714285714285714413e-01 5.333333333333333259e-01
2.204408817635270315e-02 4.438095238095238204e-01 4.727494722282230694e-02 3.714285714285714413e-01 5.333333333333333259e-01
2.404809619238476581e-02 4.438095238095238204e-01 4.727494722282230694e-02 3.714285714285714413e-01 5.333333333333333259e-01
2.605210420841683194e-02 4.438095238095238204e-01 4.727494722282230694e-02 3.714285714285714413e-01 5.333333333333333259e-01
2.805611222444889460e-02 4.438095238095238204e-01 4.727494722282230694e-02 3.714285714285714413e-01 5.333333333333333259e-01
3.006012024048096073e-02 4.657142857142857473e-01 5.378212534664952166e-02 3.904761904761904767e-01 5.523809523809524169e-01
3.206412825651302340e-02 4.657142857142857473e-01 5.378212534664952166e-02 3.904761904761904767e-01 5.523809523809524169e-01
3.406813627254508953e-02 4.657142857142857473e-01 5.378212534664952166e-02 3.904761904761904767e-01 5.523809523809524169e-01
3.607214428857714872e-02 4.657142857142857473e-01 5.378212534664952166e-02 3.904761904761904767e-01 5.523809523809524169e-01
3.807615230460921485e-02 4.657142857142857473e-01 5.378212534664952166e-02 3.904761904761904767e-01 5.523809523809524169e-01
4.008016032064128098e-02 4.819047619047618913e-01 4.045097253637200407e-02 4.285714285714285476e-01 5.523809523809524169e-01
4.208416833667334017e-02 4.819047619047618913e-01 4.045097253637200407e-02 4.285714285714285476e-01 5.523809523809524169e-01
4.408817635270540630e-02 4.819047619047618913e-01 4.045097253637200407e-02 4.285714285714285476e-01 5.523809523809524169e-01
4.609218436873747243e-02 4.819047619047618913e-01 4.045097253637200407e-02 4.285714285714285476e-01 5.523809523809524169e-01
4.809619238476953162e-02 4.971428571428571641e-01 3.922144815614095337e-02 4.285714285714285476e-01 5.523809523809524169e-01
5.010020040080159776e-02 4.971428571428571641e-01 3.922144815614095337e-02 4.285714285714285476e-01 5.523809523809524169e-01
5.210420841683366389e-02 4.971428571428571641e-01 3.922144815614095337e-02 4.285714285714285476e-01 5.523809523809524169e-01
5.410821643286573002e-02 4.971428571428571641e-01 3.922144815614095337e-02 4.285714285714285476e-01 5.523809523809524169e-01
5.611222444889778921e-02 4.971428571428571641e-01 3.922144815614095337e-02 4.285714285714285476e-01 5.523809523809524169e-01
5.811623246492985534e-02 5.123809523809523814e-01 4.777118553898838937e-02 4.285714285714285476e-01 5.999999999999999778e-01
6.012024048096192147e-02 5.123809523809523814e-01 4.777118553898838937e-02 4.285714285714285476e-01 5.999999999999999778e-01
6.212424849699398066e-02 5.123809523809523814e-01 4.777118553898838937e-02 4.285714285714285476e-01 5.999999999999999778e-01
6.412825651302604679e-02 5.123809523809523814e-01 4.777118553898838937e-02 4.285714285714285476e-01 5.999999999999999778e-01
6.613226452905811292e-02 5.123809523809523814e-01 4.777118553898838937e-02 4.285714285714285476e-01 5.999999999999999778e-01
6.813627254509017905e-02 5.285714285714284699e-01 4.178554470186725267e-02 4.380952380952380931e-01 5.999999999999999778e-01
7.014028056112224518e-02 5.285714285714284699e-01 4.178554470186725267e-02 4.380952380952380931e-01 5.999999999999999778e-01
7.214428857715429744e-02 5.285714285714284699e-01 4.178554470186725267e-02 4.380952380952380931e-01 5.999999999999999778e-01
7.414829659318636357e-02 5.285714285714284699e-01 4.178554470186725267e-02 4.380952380952380931e-01 5.999999999999999778e-01
7.615230460921842970e-02 5.285714285714284699e-01 4.178554470186725267e-02 4.380952380952380931e-01 5.999999999999999778e-01
7.815631262525049583e-02 5.419047619047618891e-01 3.772438537207306597e-02 4.761904761904761640e-01 5.999999999999999778e-01
8.016032064128256196e-02 5.419047619047618891e-01 3.772438537207306597e-02 4.761904761904761640e-01 5.999999999999999778e-01
8.216432865731462809e-02 5.419047619047618891e-01 3.772438537207306597e-02 4.761904761904761640e-01 5.999999999999999778e-01
8.416833667334668034e-02 5.419047619047618891e-01 3.772438537207306597e-02 4.761904761904761640e-01 5.999999999999999778e-01
8.617234468937874647e-02 5.523809523809524169e-01 3.903600291794134119e-02 4.761904761904761640e-01 6.095238095238095788e-01
8.817635270541081260e-02 5.523809523809524169e-01 3.903600291794134119e-02 4.761904761904761640e-01 6.095238095238095788e-01
9.018036072144287874e-02 5.523809523809524169e-01 3.903600291794134119e-02 4.761904761904761640e-01 6.095238095238095788e-01
9.218436873747494487e-02 5.523809523809524169e-01 3.903600291794134119e-02 4.761904761904761640e-01 6.095238095238095788e-01
9.418837675350701100e-02 5.523809523809524169e-01 3.903600291794134119e-02 4.761904761904761640e-01 6.095238095238095788e-01
9.619238476953906325e-02 5.590476190476190155e-01 3.539219843059438625e-02 4.857142857142857095e-01 6.095238095238095788e-01
9.819639278557112938e-02 5.590476190476190155e-01 3.539219843059438625e-02 4.857142857142857095e-01 6.095238095238095788e-01
1.002004008016031955e-01 5.590476190476190155e-01 3.539219843059438625e-02 4.857142857142857095e-01 6.095238095238095788e-01
1.022044088176352616e-01 5.590476190476190155e-01 3.539219843059438625e-02 4.857142857142857095e-01 6.095238095238095788e-01
1.042084168336673278e-01 5.590476190476190155e-01 3.539219843059438625e-02 4.857142857142857095e-01 6.095238095238095788e-01
1.062124248496993939e-01 5.723809523809523236e-01 2.775009958920662129e-02 5.333333333333333259e-01 6.190476190476190688e-01
1.082164328657314600e-01 5.723809523809523236e-01 2.775009958920662129e-02 5.333333333333333259e-01 6.190476190476190688e-01
1.102204408817635123e-01 5.723809523809523236e-01 2.775009958920662129e-02 5.333333333333333259e-01 6.190476190476190688e-01
1.122244488977955784e-01 5.723809523809523236e-01 2.775009958920662129e-02 5.333333333333333259e-01 6.190476190476190688e-01
1.142284569138276445e-01 5.723809523809523236e-01 2.775009958920662129e-02 5.333333333333333259e-01 6.190476190476190688e-01
1.162324649298597107e-01 5.799999999999998490e-01 3.055050463303893293e-02 5.333333333333333259e-01 6.380952380952380487e-01
1.182364729458917768e-01 5.799999999999998490e-01 3.055050463303893293e-02 5.333333333333333259e-01 6.380952380952380487e-01
1.202404809619238429e-01 5.799999999999998490e-01 3.055050463303893293e-02 5.333333333333333259e-01 6.380952380952380487e-01
1.222444889779558952e-01 5.799999999999998490e-01 3.055050463303893293e-02 5.333333333333333259e-01 6.380952380952380487e-01
1.242484969939879613e-01 5.971428571428571974e-01 3.327886706601171363e-02 5.428571428571428159e-01 6.476190476190476497e-01
1.262525050100200275e-01 5.971428571428571974e-01 3.327886706601171363e-02 5.428571428571428159e-01 6.476190476190476497e-01
1.282565130260520936e-01 5.971428571428571974e-01 3.327886706601171363e-02 5.428571428571428159e-01 6.476190476190476497e-01
1.302605210420841597e-01 5.971428571428571974e-01 3.327886706601171363e-02 5.428571428571428159e-01 6.476190476190476497e-01
1.322645290581162258e-01 5.971428571428571974e-01 3.327886706601171363e-02 5.428571428571428159e-01 6.476190476190476497e-01
1.342685370741482920e-01 6.095238095238096898e-01 3.663882678413590138e-02 5.428571428571428159e-01 6.476190476190476497e-01
1.362725450901803581e-01 6.095238095238096898e-01 3.663882678413590138e-02 5.428571428571428159e-01 6.476190476190476497e-01
1.382765531062124242e-01 6.095238095238096898e-01 3.663882678413590138e-02 5.428571428571428159e-01 6.476190476190476497e-01
1.402805611222444904e-01 6.095238095238096898e-01 3.663882678413590138e-02 5.428571428571428159e-01 6.476190476190476497e-01
1.422845691382765287e-01 6.095238095238096898e-01 3.663882678413590138e-02 5.428571428571428159e-01 6.476190476190476497e-01
1.442885771543085949e-01 6.257142857142857784e-01 3.714285714285713719e-02 5.523809523809524169e-01 6.761904761904762307e-01
1.462925851703406610e-01 6.257142857142857784e-01 3.714285714285713719e-02 5.523809523809524169e-01 6.761904761904762307e-01
1.482965931863727271e-01 6.257142857142857784e-01 3.714285714285713719e-02 5.523809523809524169e-01 6.761904761904762307e-01
1.503006012024047933e-01 6.257142857142857784e-01 3.714285714285713719e-02 5.523809523809524169e-01 6.761904761904762307e-01
1.523046092184368594e-01 6.257142857142857784e-01 3.714285714285713719e-02 5.523809523809524169e-01 6.761904761904762307e-01
1.543086172344689255e-01 6.333333333333334147e-01 3.645268420762787925e-02 5.714285714285713969e-01 6.857142857142857206e-01
1.563126252505009917e-01 6.333333333333334147e-01 3.645268420762787925e-02 5.714285714285713969e-01 6.857142857142857206e-01
1.583166332665330578e-01 6.333333333333334147e-01 3.645268420762787925e-02 5.714285714285713969e-01 6.857142857142857206e-01
1.603206412825651239e-01 6.333333333333334147e-01 3.645268420762787925e-02 5.714285714285713969e-01 6.857142857142857206e-01
1.623246492985971901e-01 6.380952380952382708e-01 3.271536007108125782e-02 5.809523809523809978e-01 6.857142857142857206e-01
1.643286573146292562e-01 6.380952380952382708e-01 3.271536007108125782e-02 5.809523809523809978e-01 6.857142857142857206e-01
1.663326653306613223e-01 6.380952380952382708e-01 3.271536007108125782e-02 5.809523809523809978e-01 6.857142857142857206e-01
1.683366733466933607e-01 6.380952380952382708e-01 3.271536007108125782e-02 5.809523809523809978e-01 6.857142857142857206e-01
1.703406813627254268e-01 6.380952380952382708e-01 3.271536007108125782e-02 5.809523809523809978e-01 6.857142857142857206e-01
1.723446893787574929e-01 6.542857142857143593e-01 4.238897730336740194e-02 5.904761904761904878e-01 7.142857142857143016e-01
1.743486973947895591e-01 6.542857142857143593e-01 4.238897730336740194e-02 5.904761904761904878e-01 7.142857142857143016e-01
1.763527054108216252e-01 6.542857142857143593e-01 4.238897730336740194e-02 5.904761904761904878e-01 7.142857142857143016e-01
1.783567134268536913e-01 6.542857142857143593e-01 4.238897730336740194e-02 5.904761904761904878e-01 7.142857142857143016e-01
1.803607214428857575e-01 6.542857142857143593e-01 4.238897730336740194e-02 5.904761904761904878e-01 7.142857142857143016e-01
1.823647294589178236e-01 6.600000000000000311e-01 3.996597192068055554e-02 5.904761904761904878e-01 7.238095238095237915e-01
1.843687374749498897e-01 6.600000000000000311e-01 3.996597192068055554e-02 5.904761904761904878e-01 7.238095238095237915e-01
1.863727454909819559e-01 6.600000000000000311e-01 3.996597192068055554e-02 5.904761904761904878e-01 7.238095238095237915e-01
1.883767535070140220e-01 6.600000000000000311e-01 3.996597192068055554e-02 5.904761904761904878e-01 7.238095238095237915e-01
1.903807615230460881e-01 6.600000000000000311e-01 3.996597192068055554e-02 5.904761904761904878e-01 7.238095238095237915e-01
1.923847695390781265e-01 6.723809523809525235e-01 3.593897574116800692e-02 6.190476190476190688e-01 7.238095238095237915e-01
1.943887775551101926e-01 6.723809523809525235e-01 3.593897574116800692e-02 6.190476190476190688e-01 7.238095238095237915e-01
1.963927855711422588e-01 6.723809523809525235e-01 3.593897574116800692e-02 6.190476190476190688e-01 7.238095238095237915e-01
1.983967935871743249e-01 6.723809523809525235e-01 3.593897574116800692e-02 6.190476190476190688e-01 7.238095238095237915e-01
2.004008016032063910e-01 6.847619047619047938e-01 3.625307868699861880e-02 6.285714285714285587e-01 7.333333333333332815e-01
2.024048096192384572e-01 6.847619047619047938e-01 3.625307868699861880e-02 6.285714285714285587e-01 7.333333333333332815e-01
2.044088176352705233e-01 6.847619047619047938e-01 3.625307868699861880e-02 6.285714285714285587e-01 7.333333333333332815e-01
2.064128256513025894e-01 6.847619047619047938e-01 3.625307868699861880e-02 6.285714285714285587e-01 7.333333333333332815e-01
2.084168336673346555e-01 6.847619047619047938e-01 3.625307868699861880e-02 6.285714285714285587e-01 7.333333333333332815e-01
2.104208416833667217e-01 6.933333333333333570e-01 3.238095238095235751e-02 6.476190476190476497e-01 7.333333333333332815e-01
2.124248496993987878e-01 6.933333333333333570e-01 3.238095238095235751e-02 6.476190476190476497e-01 7.333333333333332815e-01
2.144288577154308539e-01 6.933333333333333570e-01 3.238095238095235751e-02 6.476190476190476497e-01 7.333333333333332815e-01
2.164328657314629201e-01 6.933333333333333570e-01 3.238095238095235751e-02 6.476190476190476497e-01 7.333333333333332815e-01
2.184368737474949584e-01 6.933333333333333570e-01 3.238095238095235751e-02 6.476190476190476497e-01 7.333333333333332815e-01
2.204408817635270246e-01 6.999999999999999556e-01 3.137079827047732639e-02 6.571428571428571397e-01 7.523809523809523725e-01
2.224448897795590907e-01 6.999999999999999556e-01 3.137079827047732639e-02 6.571428571428571397e-01 7.523809523809523725e-01
2.244488977955911568e-01 6.999999999999999556e-01 3.137079827047732639e-02 6.571428571428571397e-01 7.523809523809523725e-01
2.264529058116232230e-01 6.999999999999999556e-01 3.137079827047732639e-02 6.571428571428571397e-01 7.523809523809523725e-01
2.284569138276552891e-01 6.999999999999999556e-01 3.137079827047732639e-02 6.571428571428571397e-01 7.523809523809523725e-01
2.304609218436873552e-01 7.028571428571428470e-01 3.375246694603684788e-02 6.571428571428571397e-01 7.523809523809523725e-01
2.324649298597194214e-01 7.028571428571428470e-01 3.375246694603684788e-02 6.571428571428571397e-01 7.523809523809523725e-01
2.344689378757514875e-01 7.028571428571428470e-01 3.375246694603684788e-02 6.571428571428571397e-01 7.523809523809523725e-01
2.364729458917835536e-01 7.028571428571428470e-01 3.375246694603684788e-02 6.571428571428571397e-01 7.523809523809523725e-01
2.384769539078156197e-01 7.095238095238094456e-01 3.440455593940654894e-02 6.666666666666666297e-01 7.619047619047618625e-01
2.404809619238476859e-01 7.095238095238094456e-01 3.440455593940654894e-02 6.666666666666666297e-01 7.619047619047618625e-01
2.424849699398797520e-01 7.095238095238094456e-01 3.440455593940654894e-02 6.666666666666666297e-01 7.619047619047618625e-01
2.444889779559117904e-01 7.095238095238094456e-01 3.440455593940654894e-02 6.666666666666666297e-01 7.619047619047618625e-01
2.464929859719438565e-01 7.095238095238094456e-01 3.440455593940654894e-02 6.666666666666666297e-01 7.619047619047618625e-01
2.484969939879759226e-01 7.133333333333333748e-01 3.625307868699862573e-02 6.666666666666666297e-01 7.714285714285714635e-01
2.505010020040079888e-01 7.133333333333333748e-01 3.625307868699862573e-02 6.666666666666666297e-01 7.714285714285714635e-01
2.525050100200400549e-01 7.133333333333333748e-01 3.625307868699862573e-02 6.666666666666666297e-01 7.714285714285714635e-01
2.545090180360721210e-01 7.133333333333333748e-01 3.625307868699862573e-02 6.666666666666666297e-01 7.714285714285714635e-01
2.565130260521041872e-01 7.133333333333333748e-01 3.625307868699862573e-02 6.666666666666666297e-01 7.714285714285714635e-01
2.585170340681362533e-01 7.304761904761905011e-01 3.513498427751753778e-02 6.761904761904762307e-01 7.904761904761904434e-01
2.605210420841683194e-01 7.304761904761905011e-01 3.513498427751753778e-02 6.761904761904762307e-01 7.904761904761904434e-01
2.625250501002003856e-01 7.304761904761905011e-01 3.513498427751753778e-02 6.761904761904762307e-01 7.904761904761904434e-01
2.645290581162324517e-01 7.304761904761905011e-01 3.513498427751753778e-02 6.761904761904762307e-01 7.904761904761904434e-01
2.665330661322645178e-01 7.304761904761905011e-01 3.513498427751753778e-02 6.761904761904762307e-01 7.904761904761904434e-01
2.685370741482965840e-01 7.333333333333333925e-01 3.537938213525086001e-02 6.761904761904762307e-01 7.904761904761904434e-01
2.705410821643286501e-01 7.333333333333333925e-01 3.537938213525086001e-02 6.761904761904762307e-01 7.904761904761904434e-01
2.725450901803607162e-01 7.333333333333333925e-01 3.537938213525086001e-02 6.761904761904762307e-01 7.904761904761904434e-01
2.745490981963927823e-01 7.333333333333333925e-01 3.537938213525086001e-02 6.761904761904762307e-01 7.904761904761904434e-01
2.765531062124248485e-01 7.476190476190476275e-01 3.194382824999701664e-02 6.952380952380952106e-01 8.000000000000000444e-01
2.785571142284569146e-01 7.476190476190476275e-01 3.194382824999701664e-02 6.952380952380952106e-01 8.000000000000000444e-01
2.805611222444889807e-01 7.476190476190476275e-01 3.194382824999701664e-02 6.952380952380952106e-01 8.000000000000000444e-01
2.825651302605209914e-01 7.476190476190476275e-01 3.194382824999701664e-02 6.952380952380952106e-01 8.000000000000000444e-01
2.845691382765530575e-01 7.476190476190476275e-01 3.194382824999701664e-02 6.952380952380952106e-01 8.000000000000000444e-01
2.865731462925851236e-01 7.561904761904761907e-01 3.277076292206716063e-02 7.142857142857143016e-01 8.095238095238095344e-01
2.885771543086171897e-01 7.561904761904761907e-01 3.277076292206716063e-02 7.142857142857143016e-01 8.095238095238095344e-01
2.905811623246492559e-01 7.561904761904761907e-01 3.277076292206716063e-02 7.142857142857143016e-01 8.095238095238095344e-01
2.925851703406813220e-01 7.561904761904761907e-01 3.277076292206716063e-02 7.142857142857143016e-01 8.095238095238095344e-01
2.945891783567133881e-01 7.561904761904761907e-01 3.277076292206716063e-02 7.142857142857143016e-01 8.095238095238095344e-01
2.965931863727454543e-01 7.580952380952380443e-01 3.465410552125763183e-02 7.142857142857143016e-01 8.190476190476190244e-01
2.985971943887775204e-01 7.580952380952380443e-01 3.465410552125763183e-02 7.142857142857143016e-01 8.190476190476190244e-01
3.006012024048095865e-01 7.580952380952380443e-01 3.465410552125763183e-02 7.142857142857143016e-01 8.190476190476190244e-01
3.026052104208416527e-01 7.580952380952380443e-01 3.465410552125763183e-02 7.142857142857143016e-01 8.190476190476190244e-01
3.046092184368737188e-01 7.580952380952380443e-01 3.465410552125763183e-02 7.142857142857143016e-01 8.190476190476190244e-01
3.066132264529057849e-01 7.657142857142856807e-01 3.619047619047619652e-02 7.142857142857143016e-01 8.190476190476190244e-01
3.086172344689378511e-01 7.657142857142856807e-01 3.619047619047619652e-02 7.142857142857143016e-01 8.190476190476190244e-01
3.106212424849699172e-01 7.657142857142856807e-01 3.619047619047619652e-02 7.142857142857143016e-01 8.190476190476190244e-01
3.126252505010019833e-01 7.657142857142856807e-01 3.619047619047619652e-02 7.142857142857143016e-01 8.190476190476190244e-01
3.146292585170340494e-01 7.695238095238094989e-01 3.428571428571428048e-02 7.238095238095237915e-01 8.190476190476190244e-01
3.166332665330661156e-01 7.695238095238094989e-01 3.428571428571428048e-02 7.238095238095237915e-01 8.190476190476190244e-01
3.186372745490981817e-01 7.695238095238094989e-01 3.428571428571428048e-02 7.238095238095237915e-01 8.190476190476190244e-01
3.206412825651302478e-01 7.695238095238094989e-01 3.428571428571428048e-02 7.238095238095237915e-01 8.190476190476190244e-01
3.226452905811623140e-01 7.695238095238094989e-01 3.428571428571428048e-02 7.238095238095237915e-01 8.190476190476190244e-01
3.246492985971943801e-01 7.742857142857142438e-01 3.408672412985386951e-02 7.238095238095237915e-01 8.285714285714286254e-01
3.266533066132264462e-01 7.742857142857142438e-01 3.408672412985386951e-02 7.238095238095237915e-01 8.285714285714286254e-01
3.286573146292585124e-01 7.742857142857142438e-01 3.408672412985386951e-02 7.238095238095237915e-01 8.285714285714286254e-01
3.306613226452905785e-01 7.742857142857142438e-01 3.408672412985386951e-02 7.238095238095237915e-01 8.285714285714286254e-01
3.326653306613226446e-01 7.742857142857142438e-01 3.408672412985386951e-02 7.238095238095237915e-01 8.285714285714286254e-01
3.346693386773546552e-01 7.790476190476189888e-01 3.708175682653674227e-02 7.333333333333332815e-01 8.476190476190476053e-01
3.366733466933867214e-01 7.790476190476189888e-01 3.708175682653674227e-02 7.333333333333332815e-01 8.476190476190476053e-01
3.386773547094187875e-01 7.790476190476189888e-01 3.708175682653674227e-02 7.333333333333332815e-01 8.476190476190476053e-01
3.406813627254508536e-01 7.790476190476189888e-01 3.708175682653674227e-02 7.333333333333332815e-01 8.476190476190476053e-01
3.426853707414829198e-01 7.790476190476189888e-01 3.708175682653674227e-02 7.333333333333332815e-01 8.476190476190476053e-01
3.446893787575149859e-01 7.847619047619046606e-01 4.000000000000001471e-02 7.333333333333332815e-01 8.476190476190476053e-01
3.466933867735470520e-01 7.847619047619046606e-01 4.000000000000001471e-02 7.333333333333332815e-01 8.476190476190476053e-01
3.486973947895791182e-01 7.847619047619046606e-01 4.000000000000001471e-02 7.333333333333332815e-01 8.476190476190476053e-01
3.507014028056111843e-01 7.847619047619046606e-01 4.000000000000001471e-02 7.333333333333332815e-01 8.476190476190476053e-01
3.527054108216432504e-01 7.857142857142855874e-01 3.909404905099771177e-02 7.333333333333332815e-01 8.476190476190476053e-01
3.547094188376753165e-01 7.857142857142855874e-01 3.909404905099771177e-02 7.333333333333332815e-01 8.476190476190476053e-01
3.567134268537073827e-01 7.857142857142855874e-01 3.909404905099771177e-02 7.333333333333332815e-01 8.476190476190476053e-01
3.587174348697394488e-01 7.857142857142855874e-01 3.909404905099771177e-02 7.333333333333332815e-01 8.476190476190476053e-01
3.607214428857715149e-01 7.857142857142855874e-01 3.909404905099771177e-02 7.333333333333332815e-01 8.476190476190476053e-01
3.627254509018035811e-01 7.980952380952380798e-01 3.875617133214440124e-02 7.619047619047618625e-01 8.666666666666666963e-01
3.647294589178356472e-01 7.980952380952380798e-01 3.875617133214440124e-02 7.619047619047618625e-01 8.666666666666666963e-01
3.667334669338677133e-01 7.980952380952380798e-01 3.875617133214440124e-02 7.619047619047618625e-01 8.666666666666666963e-01
3.687374749498997795e-01 7.980952380952380798e-01 3.875617133214440124e-02 7.619047619047618625e-01 8.666666666666666963e-01
3.707414829659318456e-01 7.980952380952380798e-01 3.875617133214440124e-02 7.619047619047618625e-01 8.666666666666666963e-01
3.727454909819639117e-01 8.028571428571428248e-01 3.762808812407316544e-02 7.619047619047618625e-01 8.666666666666666963e-01
3.747494989979959779e-01 8.028571428571428248e-01 3.762808812407316544e-02 7.619047619047618625e-01 8.666666666666666963e-01
3.767535070140280440e-01 8.028571428571428248e-01 3.762808812407316544e-02 7.619047619047618625e-01 8.666666666666666963e-01
3.787575150300601101e-01 8.028571428571428248e-01 3.762808812407316544e-02 7.619047619047618625e-01 8.666666666666666963e-01
3.807615230460921762e-01 8.028571428571428248e-01 3.762808812407316544e-02 7.619047619047618625e-01 8.666666666666666963e-01
3.827655310621242424e-01 8.085714285714284966e-01 3.523809523809524197e-02 7.619047619047618625e-01 8.666666666666666963e-01
3.847695390781562530e-01 8.085714285714284966e-01 3.523809523809524197e-02 7.619047619047618625e-01 8.666666666666666963e-01
3.867735470941883191e-01 8.085714285714284966e-01 3.523809523809524197e-02 7.619047619047618625e-01 8.666666666666666963e-01
3.887775551102203853e-01 8.085714285714284966e-01 3.523809523809524197e-02 7.619047619047618625e-01 8.666666666666666963e-01
3.907815631262524514e-01 8.104761904761904612e-01 3.699604685629531708e-02 7.619047619047618625e-01 8.666666666666666963e-01
3.927855711422845175e-01 8.104761904761904612e-01 3.699604685629531708e-02 7.619047619047618625e-01 8.666666666666666963e-01
3.947895791583165837e-01 8.104761904761904612e-01 3.699604685629531708e-02 7.619047619047618625e-01 8.666666666666666963e-01
3.967935871743486498e-01 8.104761904761904612e-01 3.699604685629531708e-02 7.619047619047618625e-01 8.666666666666666963e-01
3.987975951903807159e-01 8.104761904761904612e-01 3.699604685629531708e-02 7.619047619047618625e-01 8.666666666666666963e-01
4.008016032064127820e-01 8.171428571428570597e-01 3.658928135675914434e-02 7.714285714285714635e-01 8.666666666666666963e-01
4.028056112224448482e-01 8.171428571428570597e-01 3.658928135675914434e-02 7.714285714285714635e-01 8.666666666666666963e-01
4.048096192384769143e-01 8.171428571428570597e-01 3.658928135675914434e-02 7.714285714285714635e-01 8.666666666666666963e-01
4.068136272545089804e-01 8.171428571428570597e-01 3.658928135675914434e-02 7.714285714285714635e-01 8.666666666666666963e-01
4.088176352705410466e-01 8.171428571428570597e-01 3.658928135675914434e-02 7.714285714285714635e-01 8.666666666666666963e-01
4.108216432865731127e-01 8.257142857142856229e-01 4.086369133890464800e-02 7.714285714285714635e-01 8.952380952380952772e-01
4.128256513026051788e-01 8.257142857142856229e-01 4.086369133890464800e-02 7.714285714285714635e-01 8.952380952380952772e-01
4.148296593186372450e-01 8.257142857142856229e-01 4.086369133890464800e-02 7.714285714285714635e-01 8.952380952380952772e-01
4.168336673346693111e-01 8.257142857142856229e-01 4.086369133890464800e-02 7.714285714285714635e-01 8.952380952380952772e-01
4.188376753507013772e-01 8.257142857142856229e-01 4.086369133890464800e-02 7.714285714285714635e-01 8.952380952380952772e-01
4.208416833667334433e-01 8.390476190476190421e-01 4.435478484645720421e-02 7.809523809523809534e-01 9.142857142857142572e-01
4.228456913827655095e-01 8.390476190476190421e-01 4.435478484645720421e-02 7.809523809523809534e-01 9.142857142857142572e-01
4.248496993987975756e-01 8.390476190476190421e-01 4.435478484645720421e-02 7.809523809523809534e-01 9.142857142857142572e-01
4.268537074148296417e-01 8.390476190476190421e-01 4.435478484645720421e-02 7.809523809523809534e-01 9.142857142857142572e-01
4.288577154308617079e-01 8.428571428571428603e-01 4.348742878792714178e-02 7.904761904761904434e-01 9.142857142857142572e-01
4.308617234468937740e-01 8.428571428571428603e-01 4.348742878792714178e-02 7.904761904761904434e-01 9.142857142857142572e-01
4.328657314629258401e-01 8.428571428571428603e-01 4.348742878792714178e-02 7.904761904761904434e-01 9.142857142857142572e-01
4.348697394789579063e-01 8.428571428571428603e-01 4.348742878792714178e-02 7.904761904761904434e-01 9.142857142857142572e-01
4.368737474949899169e-01 8.428571428571428603e-01 4.348742878792714178e-02 7.904761904761904434e-01 9.142857142857142572e-01
4.388777555110219830e-01 8.457142857142857517e-01 4.318393923335096807e-02 8.000000000000000444e-01 9.142857142857142572e-01
4.408817635270540491e-01 8.457142857142857517e-01 4.318393923335096807e-02 8.000000000000000444e-01 9.142857142857142572e-01
4.428857715430861153e-01 8.457142857142857517e-01 4.318393923335096807e-02 8.000000000000000444e-01 9.142857142857142572e-01
4.448897795591181814e-01 8.457142857142857517e-01 4.318393923335096807e-02 8.000000000000000444e-01 9.142857142857142572e-01
4.468937875751502475e-01 8.457142857142857517e-01 4.318393923335096807e-02 8.000000000000000444e-01 9.142857142857142572e-01
4.488977955911823137e-01 8.523809523809523503e-01 4.572420527298209914e-02 8.000000000000000444e-01 9.238095238095238582e-01
4.509018036072143798e-01 8.523809523809523503e-01 4.572420527298209914e-02 8.000000000000000444e-01 9.238095238095238582e-01
4.529058116232464459e-01 8.523809523809523503e-01 4.572420527298209914e-02 8.000000000000000444e-01 9.238095238095238582e-01
4.549098196392785121e-01 8.523809523809523503e-01 4.572420527298209914e-02 8.000000000000000444e-01 9.238095238095238582e-01
4.569138276553105782e-01 8.523809523809523503e-01 4.572420527298209914e-02 8.000000000000000444e-01 9.238095238095238582e-01
4.589178356713426443e-01 8.561904761904761685e-01 4.476190476190474582e-02 8.000000000000000444e-01 9.238095238095238582e-01
4.609218436873747105e-01 8.561904761904761685e-01 4.476190476190474582e-02 8.000000000000000444e-01 9.238095238095238582e-01
4.629258517034067766e-01 8.561904761904761685e-01 4.476190476190474582e-02 8.000000000000000444e-01 9.238095238095238582e-01
4.649298597194388427e-01 8.561904761904761685e-01 4.476190476190474582e-02 8.000000000000000444e-01 9.238095238095238582e-01
4.669338677354709088e-01 8.609523809523809135e-01 4.111815837128172252e-02 8.095238095238095344e-01 9.238095238095238582e-01
4.689378757515029750e-01 8.609523809523809135e-01 4.111815837128172252e-02 8.095238095238095344e-01 9.238095238095238582e-01
4.709418837675350411e-01 8.609523809523809135e-01 4.111815837128172252e-02 8.095238095238095344e-01 9.238095238095238582e-01
4.729458917835671072e-01 8.609523809523809135e-01 4.111815837128172252e-02 8.095238095238095344e-01 9.238095238095238582e-01
4.749498997995991734e-01 8.609523809523809135e-01 4.111815837128172252e-02 8.095238095238095344e-01 9.238095238095238582e-01
4.769539078156312395e-01 8.733333333333332948e-01 4.041732414080561470e-02 8.190476190476190244e-01 9.428571428571428381e-01
4.789579158316633056e-01 8.733333333333332948e-01 4.041732414080561470e-02 8.190476190476190244e-01 9.428571428571428381e-01
4.809619238476953718e-01 8.733333333333332948e-01 4.041732414080561470e-02 8.190476190476190244e-01 9.428571428571428381e-01
4.829659318637274379e-01 8.733333333333332948e-01 4.041732414080561470e-02 8.190476190476190244e-01 9.428571428571428381e-01
4.849699398797595040e-01 8.733333333333332948e-01 4.041732414080561470e-02 8.190476190476190244e-01 9.428571428571428381e-01
4.869739478957915702e-01 8.866666666666667140e-01 3.365828008966152002e-02 8.476190476190476053e-01 9.428571428571428381e-01
4.889779559118235808e-01 8.866666666666667140e-01 3.365828008966152002e-02 8.476190476190476053e-01 9.428571428571428381e-01
4.909819639278556469e-01 8.866666666666667140e-01 3.365828008966152002e-02 8.476190476190476053e-01 9.428571428571428381e-01
4.929859719438877130e-01 8.866666666666667140e-01 3.365828008966152002e-02 8.476190476190476053e-01 9.428571428571428381e-01
4.949899799599197792e-01 8.866666666666667140e-01 3.365828008966152002e-02 8.476190476190476053e-01 9.428571428571428381e-01
4.969939879759518453e-01 8.914285714285716811e-01 3.249280401758473935e-02 8.476190476190476053e-01 9.428571428571428381e-01
4.989979959919839114e-01 8.914285714285716811e-01 3.249280401758473935e-02 8.476190476190476053e-01 9.428571428571428381e-01
5.010020040080159776e-01 8.914285714285716811e-01 3.249280401758473935e-02 8.476190476190476053e-01 9.428571428571428381e-01
5.030060120240480437e-01 8.914285714285716811e-01 3.249280401758473935e-02 8.476190476190476053e-01 9.428571428571428381e-01
5.050100200400801098e-01 8.942857142857144614e-01 3.365828008966152696e-02 8.476190476190476053e-01 9.428571428571428381e-01
5.070140280561121759e-01 8.942857142857144614e-01 3.365828008966152696e-02 8.476190476190476053e-01 9.428571428571428381e-01
5.090180360721442421e-01 8.942857142857144614e-01 3.365828008966152696e-02 8.476190476190476053e-01 9.428571428571428381e-01
5.110220440881763082e-01 8.942857142857144614e-01 3.365828008966152696e-02 8.476190476190476053e-01 9.428571428571428381e-01
5.130260521042083743e-01 8.942857142857144614e-01 3.365828008966152696e-02 8.476190476190476053e-01 9.428571428571428381e-01
5.150300601202404405e-01 8.961904761904764261e-01 3.200056688840277608e-02 8.571428571428570953e-01 9.428571428571428381e-01
5.170340681362725066e-01 8.961904761904764261e-01 3.200056688840277608e-02 8.571428571428570953e-01 9.428571428571428381e-01
5.190380761523045727e-01 8.961904761904764261e-01 3.200056688840277608e-02 8.571428571428570953e-01 9.428571428571428381e-01
5.210420841683366389e-01 8.961904761904764261e-01 3.200056688840277608e-02 8.571428571428570953e-01 9.428571428571428381e-01
5.230460921843687050e-01 8.961904761904764261e-01 3.200056688840277608e-02 8.571428571428570953e-01 9.428571428571428381e-01
5.250501002004007711e-01 9.000000000000001332e-01 3.108032166110614655e-02 8.571428571428570953e-01 9.428571428571428381e-01
5.270541082164328373e-01 9.000000000000001332e-01 3.108032166110614655e-02 8.571428571428570953e-01 9.428571428571428381e-01
5.290581162324649034e-01 9.000000000000001332e-01 3.108032166110614655e-02 8.571428571428570953e-01 9.428571428571428381e-01
5.310621242484969695e-01 9.000000000000001332e-01 3.108032166110614655e-02 8.571428571428570953e-01 9.428571428571428381e-01
5.330661322645290356e-01 9.000000000000001332e-01 3.108032166110614655e-02 8.571428571428570953e-01 9.428571428571428381e-01
5.350701402805611018e-01 9.019047619047620978e-01 2.890283981998766419e-02 8.571428571428570953e-01 9.428571428571428381e-01
5.370741482965931679e-01 9.019047619047620978e-01 2.890283981998766419e-02 8.571428571428570953e-01 9.428571428571428381e-01
5.390781563126252340e-01 9.019047619047620978e-01 2.890283981998766419e-02 8.571428571428570953e-01 9.428571428571428381e-01
5.410821643286573002e-01 9.019047619047620978e-01 2.890283981998766419e-02 8.571428571428570953e-01 9.428571428571428381e-01
5.430861723446893663e-01 9.095238095238096232e-01 2.140210005166117563e-02 8.761904761904761862e-01 9.428571428571428381e-01
5.450901803607214324e-01 9.095238095238096232e-01 2.140210005166117563e-02 8.761904761904761862e-01 9.428571428571428381e-01
5.470941883767534986e-01 9.095238095238096232e-01 2.140210005166117563e-02 8.761904761904761862e-01 9.428571428571428381e-01
5.490981963927855647e-01 9.095238095238096232e-01 2.140210005166117563e-02 8.761904761904761862e-01 9.428571428571428381e-01
5.511022044088176308e-01 9.095238095238096232e-01 2.140210005166117563e-02 8.761904761904761862e-01 9.428571428571428381e-01
5.531062124248496970e-01 9.142857142857143682e-01 2.213133340689952058e-02 8.857142857142856762e-01 9.523809523809523281e-01
5.551102204408817631e-01 9.142857142857143682e-01 2.213133340689952058e-02 8.857142857142856762e-01 9.523809523809523281e-01
5.571142284569138292e-01 9.142857142857143682e-01 2.213133340689952058e-02 8.857142857142856762e-01 9.523809523809523281e-01
5.591182364729458953e-01 9.142857142857143682e-01 2.213133340689952058e-02 8.857142857142856762e-01 9.523809523809523281e-01
5.611222444889779615e-01 9.142857142857143682e-01 2.213133340689952058e-02 8.857142857142856762e-01 9.523809523809523281e-01
5.631262525050100276e-01 9.190476190476191132e-01 2.009049819974187065e-02 8.952380952380952772e-01 9.523809523809523281e-01
5.651302605210419827e-01 9.190476190476191132e-01 2.009049819974187065e-02 8.952380952380952772e-01 9.523809523809523281e-01
5.671342685370740488e-01 9.190476190476191132e-01 2.009049819974187065e-02 8.952380952380952772e-01 9.523809523809523281e-01
5.691382765531061150e-01 9.190476190476191132e-01 2.009049819974187065e-02 8.952380952380952772e-01 9.523809523809523281e-01
5.711422845691381811e-01 9.190476190476191132e-01 2.009049819974187065e-02 8.952380952380952772e-01 9.523809523809523281e-01
5.731462925851702472e-01 9.200000000000001510e-01 2.180099646144684211e-02 8.952380952380952772e-01 9.619047619047619291e-01
5.751503006012023134e-01 9.200000000000001510e-01 2.180099646144684211e-02 8.952380952380952772e-01 9.619047619047619291e-01
5.771543086172343795e-01 9.200000000000001510e-01 2.180099646144684211e-02 8.952380952380952772e-01 9.619047619047619291e-01
5.791583166332664456e-01 9.200000000000001510e-01 2.180099646144684211e-02 8.952380952380952772e-01 9.619047619047619291e-01
5.811623246492985118e-01 9.257142857142858228e-01 2.325058212520703452e-02 8.952380952380952772e-01 9.619047619047619291e-01
5.831663326653305779e-01 9.257142857142858228e-01 2.325058212520703452e-02 8.952380952380952772e-01 9.619047619047619291e-01
5.851703406813626440e-01 9.257142857142858228e-01 2.325058212520703452e-02 8.952380952380952772e-01 9.619047619047619291e-01
5.871743486973947102e-01 9.257142857142858228e-01 2.325058212520703452e-02 8.952380952380952772e-01 9.619047619047619291e-01
5.891783567134267763e-01 9.257142857142858228e-01 2.325058212520703452e-02 8.952380952380952772e-01 9.619047619047619291e-01
5.911823647294588424e-01 9.304761904761905678e-01 2.131717074818988492e-02 8.952380952380952772e-01 9.619047619047619291e-01
5.931863727454909085e-01 9.304761904761905678e-01 2.131717074818988492e-02 8.952380952380952772e-01 9.619047619047619291e-01
5.951903807615229747e-01 9.304761904761905678e-01 2.131717074818988492e-02 8.952380952380952772e-01 9.619047619047619291e-01
5.971943887775550408e-01 9.304761904761905678e-01 2.131717074818988492e-02 8.952380952380952772e-01 9.619047619047619291e-01
5.991983967935871069e-01 9.304761904761905678e-01 2.131717074818988492e-02 8.952380952380952772e-01 9.619047619047619291e-01
6.012024048096191731e-01 9.323809523809524213e-01 2.190476190476189564e-02 8.952380952380952772e-01 9.619047619047619291e-01
6.032064128256512392e-01 9.323809523809524213e-01 2.190476190476189564e-02 8.952380952380952772e-01 9.619047619047619291e-01
6.052104208416833053e-01 9.323809523809524213e-01 2.190476190476189564e-02 8.952380952380952772e-01 9.619047619047619291e-01
6.072144288577153715e-01 9.323809523809524213e-01 2.190476190476189564e-02 8.952380952380952772e-01 9.619047619047619291e-01
6.092184368737474376e-01 9.323809523809524213e-01 2.190476190476189564e-02 8.952380952380952772e-01 9.619047619047619291e-01
6.112224448897795037e-01 9.342857142857143860e-01 2.106032798809140405e-02 9.047619047619047672e-01 9.619047619047619291e-01
6.132264529058115698e-01 9.342857142857143860e-01 2.106032798809140405e-02 9.047619047619047672e-01 9.619047619047619291e-01
6.152304609218436360e-01 9.342857142857143860e-01 2.106032798809140405e-02 9.047619047619047672e-01 9.619047619047619291e-01
6.172344689378757021e-01 9.342857142857143860e-01 2.106032798809140405e-02 9.047619047619047672e-01 9.619047619047619291e-01
6.192384769539077682e-01 9.371428571428571663e-01 2.095238095238095150e-02 9.047619047619047672e-01 9.619047619047619291e-01
6.212424849699398344e-01 9.371428571428571663e-01 2.095238095238095150e-02 9.047619047619047672e-01 9.619047619047619291e-01
6.232464929859719005e-01 9.371428571428571663e-01 2.095238095238095150e-02 9.047619047619047672e-01 9.619047619047619291e-01
6.252505010020039666e-01 9.371428571428571663e-01 2.095238095238095150e-02 9.047619047619047672e-01 9.619047619047619291e-01
6.272545090180360328e-01 9.371428571428571663e-01 2.095238095238095150e-02 9.047619047619047672e-01 9.619047619047619291e-01
6.292585170340680989e-01 9.380952380952380931e-01 2.140210005166116869e-02 9.047619047619047672e-01 9.619047619047619291e-01
6.312625250501001650e-01 9.380952380952380931e-01 2.140210005166116869e-02 9.047619047619047672e-01 9.619047619047619291e-01
6.332665330661322312e-01 9.380952380952380931e-01 2.140210005166116869e-02 9.047619047619047672e-01 9.619047619047619291e-01
6.352705410821642973e-01 9.380952380952380931e-01 2.140210005166116869e-02 9.047619047619047672e-01 9.619047619047619291e-01
6.372745490981963634e-01 9.380952380952380931e-01 2.140210005166116869e-02 9.047619047619047672e-01 9.619047619047619291e-01
6.392785571142284295e-01 9.409523809523809845e-01 1.988629811221057087e-02 9.047619047619047672e-01 9.619047619047619291e-01
6.412825651302604957e-01 9.409523809523809845e-01 1.988629811221057087e-02 9.047619047619047672e-01 9.619047619047619291e-01
6.432865731462925618e-01 9.409523809523809845e-01 1.988629811221057087e-02 9.047619047619047672e-01 9.619047619047619291e-01
6.452905811623246279e-01 9.409523809523809845e-01 1.988629811221057087e-02 9.047619047619047672e-01 9.619047619047619291e-01
6.472945891783566941e-01 9.409523809523809845e-01 1.988629811221057087e-02 9.047619047619047672e-01 9.619047619047619291e-01
6.492985971943887602e-01 9.419047619047619113e-01 1.878388849839619790e-02 9.047619047619047672e-01 9.619047619047619291e-01
6.513026052104208263e-01 9.419047619047619113e-01 1.878388849839619790e-02 9.047619047619047672e-01 9.619047619047619291e-01
6.533066132264528925e-01 9.419047619047619113e-01 1.878388849839619790e-02 9.047619047619047672e-01 9.619047619047619291e-01
6.553106212424849586e-01 9.419047619047619113e-01 1.878388849839619790e-02 9.047619047619047672e-01 9.619047619047619291e-01
6.573146292585170247e-01 9.466666666666666563e-01 1.425393290199597832e-02 9.142857142857142572e-01 9.619047619047619291e-01
6.593186372745490909e-01 9.466666666666666563e-01 1.425393290199597832e-02 9.142857142857142572e-01 9.619047619047619291e-01
6.613226452905811570e-01 9.466666666666666563e-01 1.425393290199597832e-02 9.142857142857142572e-01 9.619047619047619291e-01
6.633266533066132231e-01 9.466666666666666563e-01 1.425393290199597832e-02 9.142857142857142572e-01 9.619047619047619291e-01
6.653306613226452892e-01 9.466666666666666563e-01 1.425393290199597832e-02 9.142857142857142572e-01 9.619047619047619291e-01
6.673346693386772444e-01 9.485714285714286209e-01 1.487666604934601705e-02 9.142857142857142572e-01 9.714285714285714191e-01
6.693386773547093105e-01 9.485714285714286209e-01 1.487666604934601705e-02 9.142857142857142572e-01 9.714285714285714191e-01
6.713426853707413766e-01 9.485714285714286209e-01 1.487666604934601705e-02 9.142857142857142572e-01 9.714285714285714191e-01
6.733466933867734427e-01 9.485714285714286209e-01 1.487666604934601705e-02 9.142857142857142572e-01 9.714285714285714191e-01
6.753507014028055089e-01 9.485714285714286209e-01 1.487666604934601705e-02 9.142857142857142572e-01 9.714285714285714191e-01
6.773547094188375750e-01 9.523809523809523281e-01 1.593638145779192536e-02 9.142857142857142572e-01 9.714285714285714191e-01
6.793587174348696411e-01 9.523809523809523281e-01 1.593638145779192536e-02 9.142857142857142572e-01 9.714285714285714191e-01
6.813627254509017073e-01 9.523809523809523281e-01 1.593638145779192536e-02 9.142857142857142572e-01 9.714285714285714191e-01
6.833667334669337734e-01 9.523809523809523281e-01 1.593638145779192536e-02 9.142857142857142572e-01 9.714285714285714191e-01
6.853707414829658395e-01 9.523809523809523281e-01 1.593638145779192536e-02 9.142857142857142572e-01 9.714285714285714191e-01
6.873747494989979057e-01 9.533333333333333659e-01 1.562020901605403606e-02 9.142857142857142572e-01 9.714285714285714191e-01
6.893787575150299718e-01 9.533333333333333659e-01 1.562020901605403606e-02 9.142857142857142572e-01 9.714285714285714191e-01
6.913827655310620379e-01 9.533333333333333659e-01 1.562020901605403606e-02 9.142857142857142572e-01 9.714285714285714191e-01
6.933867735470941041e-01 9.533333333333333659e-01 1.562020901605403606e-02 9.142857142857142572e-01 9.714285714285714191e-01
6.953907815631261702e-01 9.552380952380952195e-01 1.281297528292733683e-02 9.238095238095238582e-01 9.714285714285714191e-01
6.973947895791582363e-01 9.552380952380952195e-01 1.281297528292733683e-02 9.238095238095238582e-01 9.714285714285714191e-01
6.993987975951903024e-01 9.552380952380952195e-01 1.281297528292733683e-02 9.238095238095238582e-01 9.714285714285714191e-01
7.014028056112223686e-01 9.552380952380952195e-01 1.281297528292733683e-02 9.238095238095238582e-01 9.714285714285714191e-01
7.034068136272544347e-01 9.552380952380952195e-01 1.281297528292733683e-02 9.238095238095238582e-01 9.714285714285714191e-01
7.054108216432865008e-01 9.552380952380952195e-01 1.281297528292733683e-02 9.238095238095238582e-01 9.714285714285714191e-01
7.074148296593185670e-01 9.552380952380952195e-01 1.281297528292733683e-02 9.238095238095238582e-01 9.714285714285714191e-01
7.094188376753506331e-01 9.552380952380952195e-01 1.281297528292733683e-02 9.238095238095238582e-01 9.714285714285714191e-01
7.114228456913826992e-01 9.552380952380952195e-01 1.281297528292733683e-02 9.238095238095238582e-01 9.714285714285714191e-01
7.134268537074147654e-01 9.552380952380952195e-01 1.281297528292733683e-02 9.238095238095238582e-01 9.714285714285714191e-01
7.154308617234468315e-01 9.571428571428570731e-01 1.064794274999900439e-02 9.333333333333333481e-01 9.714285714285714191e-01
7.174348697394788976e-01 9.571428571428570731e-01 1.064794274999900439e-02 9.333333333333333481e-01 9.714285714285714191e-01
7.194388777555109638e-01 9.571428571428570731e-01 1.064794274999900439e-02 9.333333333333333481e-01 9.714285714285714191e-01
7.214428857715430299e-01 9.571428571428570731e-01 1.064794274999900439e-02 9.333333333333333481e-01 9.714285714285714191e-01
7.234468937875750960e-01 9.571428571428570731e-01 1.064794274999900439e-02 9.333333333333333481e-01 9.714285714285714191e-01
7.254509018036071621e-01 9.580952380952381109e-01 1.060526545300957343e-02 9.333333333333333481e-01 9.714285714285714191e-01
7.274549098196392283e-01 9.580952380952381109e-01 1.060526545300957343e-02 9.333333333333333481e-01 9.714285714285714191e-01
7.294589178356712944e-01 9.580952380952381109e-01 1.060526545300957343e-02 9.333333333333333481e-01 9.714285714285714191e-01
7.314629258517033605e-01 9.580952380952381109e-01 1.060526545300957343e-02 9.333333333333333481e-01 9.714285714285714191e-01
7.334669338677354267e-01 9.590476190476190377e-01 1.130889722575040106e-02 9.333333333333333481e-01 9.714285714285714191e-01
7.354709418837674928e-01 9.590476190476190377e-01 1.130889722575040106e-02 9.333333333333333481e-01 9.714285714285714191e-01
7.374749498997995589e-01 9.590476190476190377e-01 1.130889722575040106e-02 9.333333333333333481e-01 9.714285714285714191e-01
7.394789579158316251e-01 9.590476190476190377e-01 1.130889722575040106e-02 9.333333333333333481e-01 9.714285714285714191e-01
7.414829659318636912e-01 9.590476190476190377e-01 1.130889722575040106e-02 9.333333333333333481e-01 9.714285714285714191e-01
7.434869739478957573e-01 9.599999999999999645e-01 1.189523428266362100e-02 9.333333333333333481e-01 9.714285714285714191e-01
7.454909819639278235e-01 9.599999999999999645e-01 1.189523428266362100e-02 9.333333333333333481e-01 9.714285714285714191e-01
7.474949899799598896e-01 9.599999999999999645e-01 1.189523428266362100e-02 9.333333333333333481e-01 9.714285714285714191e-01
7.494989979959919557e-01 9.599999999999999645e-01 1.189523428266362100e-02 9.333333333333333481e-01 9.714285714285714191e-01
7.515030060120240218e-01 9.599999999999999645e-01 1.189523428266362100e-02 9.333333333333333481e-01 9.714285714285714191e-01
7.535070140280560880e-01 9.628571428571428559e-01 1.441213900040147662e-02 9.333333333333333481e-01 9.809523809523809090e-01
7.555110220440881541e-01 9.628571428571428559e-01 1.441213900040147662e-02 9.333333333333333481e-01 9.809523809523809090e-01
7.575150300601202202e-01 9.628571428571428559e-01 1.441213900040147662e-02 9.333333333333333481e-01 9.809523809523809090e-01
7.595190380761522864e-01 9.628571428571428559e-01 1.441213900040147662e-02 9.333333333333333481e-01 9.809523809523809090e-01
7.615230460921843525e-01 9.628571428571428559e-01 1.441213900040147662e-02 9.333333333333333481e-01 9.809523809523809090e-01
7.635270541082164186e-01 9.657142857142856363e-01 1.487666604934602226e-02 9.428571428571428381e-01 9.904761904761905100e-01
7.655310621242484848e-01 9.657142857142856363e-01 1.487666604934602226e-02 9.428571428571428381e-01 9.904761904761905100e-01
7.675350701402805509e-01 9.657142857142856363e-01 1.487666604934602226e-02 9.428571428571428381e-01 9.904761904761905100e-01
7.695390781563125060e-01 9.657142857142856363e-01 1.487666604934602226e-02 9.428571428571428381e-01 9.904761904761905100e-01
7.715430861723445721e-01 9.676190476190476009e-01 1.487666604934601358e-02 9.428571428571428381e-01 9.904761904761905100e-01
7.735470941883766383e-01 9.676190476190476009e-01 1.487666604934601358e-02 9.428571428571428381e-01 9.904761904761905100e-01
7.755511022044087044e-01 9.676190476190476009e-01 1.487666604934601358e-02 9.428571428571428381e-01 9.904761904761905100e-01
7.775551102204407705e-01 9.676190476190476009e-01 1.487666604934601358e-02 9.428571428571428381e-01 9.904761904761905100e-01
7.795591182364728366e-01 9.676190476190476009e-01 1.487666604934601358e-02 9.428571428571428381e-01 9.904761904761905100e-01
7.815631262525049028e-01 9.676190476190476009e-01 1.487666604934601358e-02 9.428571428571428381e-01 9.904761904761905100e-01
7.835671342685369689e-01 9.676190476190476009e-01 1.487666604934601358e-02 9.428571428571428381e-01 9.904761904761905100e-01
7.855711422845690350e-01 9.676190476190476009e-01 1.487666604934601358e-02 9.428571428571428381e-01 9.904761904761905100e-01
7.875751503006011012e-01 9.676190476190476009e-01 1.487666604934601358e-02 9.428571428571428381e-01 9.904761904761905100e-01
7.895791583166331673e-01 9.676190476190476009e-01 1.487666604934601358e-02 9.428571428571428381e-01 9.904761904761905100e-01
7.915831663326652334e-01 9.685714285714285277e-01 1.415816071173190901e-02 9.428571428571428381e-01 9.904761904761905100e-01
7.935871743486972996e-01 9.685714285714285277e-01 1.415816071173190901e-02 9.428571428571428381e-01 9.904761904761905100e-01
7.955911823647293657e-01 9.685714285714285277e-01 1.415816071173190901e-02 9.428571428571428381e-01 9.904761904761905100e-01
7.975951903807614318e-01 9.685714285714285277e-01 1.415816071173190901e-02 9.428571428571428381e-01 9.904761904761905100e-01
7.995991983967934980e-01 9.685714285714285277e-01 1.415816071173190901e-02 9.428571428571428381e-01 9.904761904761905100e-01
8.016032064128255641e-01 9.714285714285713080e-01 1.346870059402946809e-02 9.428571428571428381e-01 9.904761904761905100e-01
8.036072144288576302e-01 9.714285714285713080e-01 1.346870059402946809e-02 9.428571428571428381e-01 9.904761904761905100e-01
8.056112224448896963e-01 9.714285714285713080e-01 1.346870059402946809e-02 9.428571428571428381e-01 9.904761904761905100e-01
8.076152304609217625e-01 9.714285714285713080e-01 1.346870059402946809e-02 9.428571428571428381e-01 9.904761904761905100e-01
8.096192384769538286e-01 9.742857142857144215e-01 1.130889722575038892e-02 9.619047619047619291e-01 9.904761904761905100e-01
8.116232464929858947e-01 9.742857142857144215e-01 1.130889722575038892e-02 9.619047619047619291e-01 9.904761904761905100e-01
8.136272545090179609e-01 9.742857142857144215e-01 1.130889722575038892e-02 9.619047619047619291e-01 9.904761904761905100e-01
8.156312625250500270e-01 9.742857142857144215e-01 1.130889722575038892e-02 9.619047619047619291e-01 9.904761904761905100e-01
8.176352705410820931e-01 9.742857142857144215e-01 1.130889722575038892e-02 9.619047619047619291e-01 9.904761904761905100e-01
8.196392785571141593e-01 9.761904761904762751e-01 1.064794274999898878e-02 9.619047619047619291e-01 9.904761904761905100e-01
8.216432865731462254e-01 9.761904761904762751e-01 1.064794274999898878e-02 9.619047619047619291e-01 9.904761904761905100e-01
8.236472945891782915e-01 9.761904761904762751e-01 1.064794274999898878e-02 9.619047619047619291e-01 9.904761904761905100e-01
8.256513026052103577e-01 9.761904761904762751e-01 1.064794274999898878e-02 9.619047619047619291e-01 9.904761904761905100e-01
8.276553106212424238e-01 9.761904761904762751e-01 1.064794274999898878e-02 9.619047619047619291e-01 9.904761904761905100e-01
8.296593186372744899e-01 9.780952380952381287e-01 1.208435956233287929e-02 9.619047619047619291e-01 9.904761904761905100e-01
8.316633266533065560e-01 9.780952380952381287e-01 1.208435956233287929e-02 9.619047619047619291e-01 9.904761904761905100e-01
8.336673346693386222e-01 9.780952380952381287e-01 1.208435956233287929e-02 9.619047619047619291e-01 9.904761904761905100e-01
8.356713426853706883e-01 9.780952380952381287e-01 1.208435956233287929e-02 9.619047619047619291e-01 9.904761904761905100e-01
8.376753507014027544e-01 9.780952380952381287e-01 1.208435956233287929e-02 9.619047619047619291e-01 9.904761904761905100e-01
8.396793587174348206e-01 9.819047619047619468e-01 9.943149056105297576e-03 9.619047619047619291e-01 9.904761904761905100e-01
8.416833667334668867e-01 9.819047619047619468e-01 9.943149056105297576e-03 9.619047619047619291e-01 9.904761904761905100e-01
8.436873747494989528e-01 9.819047619047619468e-01 9.943149056105297576e-03 9.619047619047619291e-01 9.904761904761905100e-01
8.456913827655310190e-01 9.819047619047619468e-01 9.943149056105297576e-03 9.619047619047619291e-01 9.904761904761905100e-01
8.476953907815630851e-01 9.857142857142857650e-01 9.759000729485338768e-03 9.619047619047619291e-01 1.000000000000000000e+00
8.496993987975951512e-01 9.857142857142857650e-01 9.759000729485338768e-03 9.619047619047619291e-01 1.000000000000000000e+00
8.517034068136272174e-01 9.857142857142857650e-01 9.759000729485338768e-03 9.619047619047619291e-01 1.000000000000000000e+00
8.537074148296592835e-01 9.857142857142857650e-01 9.759000729485338768e-03 9.619047619047619291e-01 1.000000000000000000e+00
8.557114228456913496e-01 9.857142857142857650e-01 9.759000729485338768e-03 9.619047619047619291e-01 1.000000000000000000e+00
8.577154308617234157e-01 9.876190476190476186e-01 6.098213559459882832e-03 9.809523809523809090e-01 1.000000000000000000e+00
8.597194388777554819e-01 9.876190476190476186e-01 6.098213559459882832e-03 9.809523809523809090e-01 1.000000000000000000e+00
8.617234468937875480e-01 9.876190476190476186e-01 6.098213559459882832e-03 9.809523809523809090e-01 1.000000000000000000e+00
8.637274549098196141e-01 9.876190476190476186e-01 6.098213559459882832e-03 9.809523809523809090e-01 1.000000000000000000e+00
8.657314629258516803e-01 9.876190476190476186e-01 6.098213559459882832e-03 9.809523809523809090e-01 1.000000000000000000e+00
8.677354709418837464e-01 9.876190476190476186e-01 6.098213559459882832e-03 9.809523809523809090e-01 1.000000000000000000e+00
8.697394789579158125e-01 9.876190476190476186e-01 6.098213559459882832e-03 9.809523809523809090e-01 1.000000000000000000e+00
8.717434869739478787e-01 9.876190476190476186e-01 6.098213559459882832e-03 9.809523809523809090e-01 1.000000000000000000e+00
8.737474949899798338e-01 9.876190476190476186e-01 6.098213559459882832e-03 9.809523809523809090e-01 1.000000000000000000e+00
8.757515030060118999e-01 9.876190476190476186e-01 6.098213559459882832e-03 9.809523809523809090e-01 1.000000000000000000e+00
8.777555110220439660e-01 9.895238095238095832e-01 5.128728387747165905e-03 9.809523809523809090e-01 1.000000000000000000e+00
8.797595190380760322e-01 9.895238095238095832e-01 5.128728387747165905e-03 9.809523809523809090e-01 1.000000000000000000e+00
8.817635270541080983e-01 9.895238095238095832e-01 5.128728387747165905e-03 9.809523809523809090e-01 1.000000000000000000e+00
8.837675350701401644e-01 9.895238095238095832e-01 5.128728387747165905e-03 9.809523809523809090e-01 1.000000000000000000e+00
8.857715430861722306e-01 9.904761904761905100e-01 6.023386019368355375e-03 9.809523809523809090e-01 1.000000000000000000e+00
8.877755511022042967e-01 9.904761904761905100e-01 6.023386019368355375e-03 9.809523809523809090e-01 1.000000000000000000e+00
8.897795591182363628e-01 9.904761904761905100e-01 6.023386019368355375e-03 9.809523809523809090e-01 1.000000000000000000e+00
8.917835671342684289e-01 9.904761904761905100e-01 6.023386019368355375e-03 9.809523809523809090e-01 1.000000000000000000e+00
8.937875751503004951e-01 9.904761904761905100e-01 6.023386019368355375e-03 9.809523809523809090e-01 1.000000000000000000e+00
8.957915831663325612e-01 9.904761904761905100e-01 6.023386019368355375e-03 9.809523809523809090e-01 1.000000000000000000e+00
8.977955911823646273e-01 9.904761904761905100e-01 6.023386019368355375e-03 9.809523809523809090e-01 1.000000000000000000e+00
8.997995991983966935e-01 9.904761904761905100e-01 6.023386019368355375e-03 9.809523809523809090e-01 1.000000000000000000e+00
9.018036072144287596e-01 9.904761904761905100e-01 6.023386019368355375e-03 9.809523809523809090e-01 1.000000000000000000e+00
9.038076152304608257e-01 9.904761904761905100e-01 6.023386019368355375e-03 9.809523809523809090e-01 1.000000000000000000e+00
9.058116232464928919e-01 9.914285714285714368e-01 6.666666666666678370e-03 9.809523809523809090e-01 1.000000000000000000e+00
9.078156312625249580e-01 9.914285714285714368e-01 6.666666666666678370e-03 9.809523809523809090e-01 1.000000000000000000e+00
9.098196392785570241e-01 9.914285714285714368e-01 6.666666666666678370e-03 9.809523809523809090e-01 1.000000000000000000e+00
9.118236472945890903e-01 9.914285714285714368e-01 6.666666666666678370e-03 9.809523809523809090e-01 1.000000000000000000e+00
9.138276553106211564e-01 9.914285714285714368e-01 6.666666666666678370e-03 9.809523809523809090e-01 1.000000000000000000e+00
9.158316633266532225e-01 9.923809523809523636e-01 7.126966450997993495e-03 9.809523809523809090e-01 1.000000000000000000e+00
9.178356713426852886e-01 9.923809523809523636e-01 7.126966450997993495e-03 9.809523809523809090e-01 1.000000000000000000e+00
9.198396793587173548e-01 9.923809523809523636e-01 7.126966450997993495e-03 9.809523809523809090e-01 1.000000000000000000e+00
9.218436873747494209e-01 9.923809523809523636e-01 7.126966450997993495e-03 9.809523809523809090e-01 1.000000000000000000e+00
9.238476953907814870e-01 9.933333333333334014e-01 7.438333024673014597e-03 9.809523809523809090e-01 1.000000000000000000e+00
9.258517034068135532e-01 9.933333333333334014e-01 7.438333024673014597e-03 9.809523809523809090e-01 1.000000000000000000e+00
9.278557114228456193e-01 9.933333333333334014e-01 7.438333024673014597e-03 9.809523809523809090e-01 1.000000000000000000e+00
9.298597194388776854e-01 9.933333333333334014e-01 7.438333024673014597e-03 9.809523809523809090e-01 1.000000000000000000e+00
9.318637274549097516e-01 9.933333333333334014e-01 7.438333024673014597e-03 9.809523809523809090e-01 1.000000000000000000e+00
9.338677354709418177e-01 9.952380952380952550e-01 6.388765649999400900e-03 9.809523809523809090e-01 1.000000000000000000e+00
9.358717434869738838e-01 9.952380952380952550e-01 6.388765649999400900e-03 9.809523809523809090e-01 1.000000000000000000e+00
9.378757515030059499e-01 9.952380952380952550e-01 6.388765649999400900e-03 9.809523809523809090e-01 1.000000000000000000e+00
9.398797595190380161e-01 9.952380952380952550e-01 6.388765649999400900e-03 9.809523809523809090e-01 1.000000000000000000e+00
9.418837675350700822e-01 9.952380952380952550e-01 6.388765649999400900e-03 9.809523809523809090e-01 1.000000000000000000e+00
9.438877755511021483e-01 9.971428571428571086e-01 4.364357804719831702e-03 9.904761904761905100e-01 1.000000000000000000e+00
9.458917835671342145e-01 9.971428571428571086e-01 4.364357804719831702e-03 9.904761904761905100e-01 1.000000000000000000e+00
9.478957915831662806e-01 9.971428571428571086e-01 4.364357804719831702e-03 9.904761904761905100e-01 1.000000000000000000e+00
9.498997995991983467e-01 9.971428571428571086e-01 4.364357804719831702e-03 9.904761904761905100e-01 1.000000000000000000e+00
9.519038076152304129e-01 9.971428571428571086e-01 4.364357804719831702e-03 9.904761904761905100e-01 1.000000000000000000e+00
9.539078156312624790e-01 9.980952380952381464e-01 3.809523809523796076e-03 9.904761904761905100e-01 1.000000000000000000e+00
9.559118236472945451e-01 9.980952380952381464e-01 3.809523809523796076e-03 9.904761904761905100e-01 1.000000000000000000e+00
9.579158316633266113e-01 9.980952380952381464e-01 3.809523809523796076e-03 9.904761904761905100e-01 1.000000000000000000e+00
9.599198396793586774e-01 9.980952380952381464e-01 3.809523809523796076e-03 9.904761904761905100e-01 1.000000000000000000e+00
9.619238476953907435e-01 1.000000000000000000e+00 0.000000000000000000e+00 1.000000000000000000e+00 1.000000000000000000e+00
9.639278557114228096e-01 1.000000000000000000e+00 0.000000000000000000e+00 1.000000000000000000e+00 1.000000000000000000e+00
9.659318637274548758e-01 1.000000000000000000e+00 0.000000000000000000e+00 1.000000000000000000e+00 1.000000000000000000e+00
9.679358717434869419e-01 1.000000000000000000e+00 0.000000000000000000e+00 1.000000000000000000e+00 1.000000000000000000e+00
9.699398797595190080e-01 1.000000000000000000e+00 0.000000000000000000e+00 1.000000000000000000e+00 1.000000000000000000e+00
9.719438877755510742e-01 1.000000000000000000e+00 0.000000000000000000e+00 1.000000000000000000e+00 1.000000000000000000e+00
9.739478957915831403e-01 1.000000000000000000e+00 0.000000000000000000e+00 1.000000000000000000e+00 1.000000000000000000e+00
9.759519038076150954e-01 1.000000000000000000e+00 0.000000000000000000e+00 1.000000000000000000e+00 1.000000000000000000e+00
9.779559118236471615e-01 1.000000000000000000e+00 0.000000000000000000e+00 1.000000000000000000e+00 1.000000000000000000e+00
9.799599198396792277e-01 1.000000000000000000e+00 0.000000000000000000e+00 1.000000000000000000e+00 1.000000000000000000e+00
9.819639278557112938e-01 1.000000000000000000e+00 0.000000000000000000e+00 1.000000000000000000e+00 1.000000000000000000e+00
9.839679358717433599e-01 1.000000000000000000e+00 0.000000000000000000e+00 1.000000000000000000e+00 1.000000000000000000e+00
9.859719438877754261e-01 1.000000000000000000e+00 0.000000000000000000e+00 1.000000000000000000e+00 1.000000000000000000e+00
9.879759519038074922e-01 1.000000000000000000e+00 0.000000000000000000e+00 1.000000000000000000e+00 1.000000000000000000e+00
9.899799599198395583e-01 1.000000000000000000e+00 0.000000000000000000e+00 1.000000000000000000e+00 1.000000000000000000e+00
9.919839679358716245e-01 1.000000000000000000e+00 0.000000000000000000e+00 1.000000000000000000e+00 1.000000000000000000e+00
9.939879759519036906e-01 1.000000000000000000e+00 0.000000000000000000e+00 1.000000000000000000e+00 1.000000000000000000e+00
9.959919839679357567e-01 1.000000000000000000e+00 0.000000000000000000e+00 1.000000000000000000e+00 1.000000000000000000e+00
9.979959919839678228e-01 1.000000000000000000e+00 0.000000000000000000e+00 1.000000000000000000e+00 1.000000000000000000e+00
1.000000000000000000e+00 1.000000000000000000e+00 0.000000000000000000e+00 1.000000000000000000e+00 1.000000000000000000e+00
