# signal_efficiencies		0sq-mean	0sq-std	0sq-min	0sq-max	1sq-mean	1sq-std	1sq-min	1sq-max	2sq-mean	2sq-std	2sq-min	2sq-max	all-mean	all-std	all-min	all-max
1.000000000000000021e-02 5.597543291705584997e-03 5.551510513159142735e-03 0.000000000000000000e+00 1.187611784740586103e-02 9.116395409753078050e-02 1.119249921751719473e-01 0.000000000000000000e+00 2.350340274943750474e-01 3.557399333735307145e-01 4.827092553102802497e-01 0.000000000000000000e+00 1.111830842285710608e+00 4.700380988694627393e-01 5.966821702664591998e-01 0.000000000000000000e+00 1.358740987627491403e+00
1.497487437185929596e-02 8.455160590320452002e-03 7.420753542922705476e-03 0.000000000000000000e+00 1.778433727902987982e-02 1.382505619960711363e-01 1.694637772587999913e-01 0.000000000000000000e+00 3.519605034840390112e-01 6.568752470024682433e-01 8.048909911673214346e-01 0.000000000000000000e+00 1.664952718598702308e+00 8.022674942406992082e-01 9.830874353807723676e-01 0.000000000000000000e+00 2.034697559361771102e+00
1.994974874371859344e-02 1.119462787977599204e-02 9.695684414820054595e-03 0.000000000000000000e+00 2.369255671065390034e-02 1.874775861730172133e-01 2.254096686348265044e-01 0.000000000000000000e+00 4.688869794737030028e-01 8.793217023779490438e-01 1.077162487265833635e+00 0.000000000000000000e+00 2.218074594911693787e+00 1.074171568594263437e+00 1.315876290387609338e+00 0.000000000000000000e+00 2.710654131096050801e+00
2.492462311557788746e-02 1.694919830906396058e-02 7.978517748321891506e-03 0.000000000000000000e+00 2.960077614227792087e-02 2.831336533288025814e-01 2.839531670446404088e-01 0.000000000000000000e+00 5.858134554633668278e-01 1.170804351930171627e+00 1.308414131026159222e+00 0.000000000000000000e+00 2.771196471224685709e+00 1.475009295623249228e+00 1.587745634159731134e+00 0.000000000000000000e+00 3.386610702830330055e+00
2.989949748743718494e-02 2.324190869441385490e-02 1.104827376966871846e-02 3.642457342953583921e-03 3.366115534154903721e-02 3.497843788369953133e-01 3.498131277763262825e-01 0.000000000000000000e+00 7.027399314530309304e-01 1.618187037006269424e+00 1.621652661154280750e+00 0.000000000000000000e+00 3.324318347537677631e+00 2.018047061528007724e+00 2.018178198905848042e+00 0.000000000000000000e+00 4.062567274564609754e+00
3.487437185929648242e-02 2.553293779975881334e-02 5.174616372285226890e-03 1.728690566007160673e-02 3.264746514603487915e-02 5.343287066035141697e-01 3.629781413656996136e-01 0.000000000000000000e+00 8.196664074426949220e-01 1.934405090889458112e+00 1.934443592072762730e+00 0.000000000000000000e+00 3.877440223850668666e+00 2.363736176284844337e+00 2.363787846255452241e+00 0.000000000000000000e+00 4.738523846298890341e+00
3.984924623115577991e-02 3.146384865171761996e-02 6.266800131306361071e-03 2.270708612691849440e-02 4.038183199466095774e-02 6.458505065661986899e-01 3.431805599087697778e-01 0.000000000000000000e+00 9.365928834323589136e-01 2.682029931317114979e+00 1.943208139833525472e+00 0.000000000000000000e+00 4.430562100163660588e+00 3.448120319042691229e+00 2.398584940902606100e+00 0.000000000000000000e+00 5.414480418033170039e+00
4.482412060301507739e-02 2.634567057892036462e-02 3.019191717591598184e-03 2.179232422752061527e-02 3.073446439108403969e-02 7.496073502771014585e-01 3.977267299604788087e-01 0.000000000000000000e+00 1.053519359422022905e+00 3.492482186832647439e+00 1.873554606519338250e+00 0.000000000000000000e+00 4.983683976476652511e+00 4.336023784295216288e+00 2.244460289982052270e+00 0.000000000000000000e+00 6.090436989767449738e+00
4.979899497487437487e-02 3.053462279405465968e-02 7.209969037183039733e-03 2.090980983139353183e-02 4.791652816489573585e-02 8.309556520944004765e-01 4.422387434311041421e-01 0.000000000000000000e+00 1.170445835411686897e+00 3.942214909296075209e+00 2.092246422335632072e+00 0.000000000000000000e+00 5.536805852789644433e+00 4.817604202320280748e+00 2.556822564531849196e+00 0.000000000000000000e+00 6.766393561501729437e+00
5.477386934673367236e-02 2.688462563534916791e-02 5.018631278165817597e-03 2.241324793959633549e-02 3.755668854964305803e-02 8.895829790989033814e-01 4.309560493448533758e-01 0.000000000000000000e+00 1.287372311401350888e+00 4.313355046543247084e+00 2.284998809110233786e+00 0.000000000000000000e+00 6.089927729102635467e+00 5.250444367657950195e+00 2.794215909375286078e+00 0.000000000000000000e+00 7.442350133236009135e+00
5.974874371859296984e-02 2.845870438500552879e-02 7.607563935143434389e-03 1.832135741898589451e-02 4.170730740538695913e-02 1.000827829501503397e+00 3.977338439842753037e-01 0.000000000000000000e+00 1.404298787391014880e+00 4.561953960300018984e+00 2.471581040981376987e+00 0.000000000000000000e+00 6.643049605415627390e+00 5.387168752396779503e+00 2.811135533375822337e+00 0.000000000000000000e+00 8.118306704970288834e+00
6.472361809045226733e-02 2.627245227882882977e-02 7.030092786685408594e-03 1.907318540713089094e-02 4.437891270820207290e-02 9.915890904308526377e-01 4.122852965685551707e-01 0.000000000000000000e+00 1.521225263380678649e+00 5.049318124173368894e+00 1.924208984316252868e+00 9.629778784308216100e-01 7.196171481728620201e+00 6.264764051264257283e+00 2.247927257168118587e+00 1.033444446190106891e+00 8.794263276704569421e+00
6.969849246231155093e-02 2.795818670466665434e-02 6.943421365890411687e-03 2.113617933303857388e-02 4.556194592451546371e-02 1.035143837695271518e+00 3.664501286129553392e-01 2.282282161788010966e-01 1.638151739370342419e+00 5.483157341539287799e+00 1.733908972087493172e+00 2.338618154915640179e+00 7.749293358041610347e+00 6.639023956433979023e+00 2.160081249812872084e+00 2.679339217458557076e+00 9.470219848438846455e+00
7.467336683417084842e-02 2.664316351037761613e-02 7.279672481658699956e-03 2.001636096569910789e-02 4.531703909605500069e-02 1.096855818130354709e+00 3.164306797929564707e-01 4.953232356270811376e-01 1.755078215360006633e+00 5.730773104090824965e+00 1.489712848578931048e+00 3.714258431400462523e+00 8.302415234354601381e+00 6.740907957617224611e+00 1.611038442982769103e+00 4.325233988727011258e+00 1.014617642017312527e+01
7.964824120603014590e-02 2.837152274132763094e-02 7.591138710730558486e-03 2.013522374695408609e-02 4.836252012727183108e-02 1.168919004414798790e+00 3.032439195212549010e-01 7.624182550753612064e-01 1.872004691349670402e+00 5.760625580256568234e+00 1.299623440908719729e+00 3.960316591344963388e+00 8.855537110667592415e+00 7.015007054823509058e+00 1.602785735691470315e+00 4.839805006289628508e+00 1.082213299190740408e+01
8.462311557788944338e-02 2.747129263294947887e-02 6.634319118411653379e-03 1.999455397118269154e-02 4.278180783684872035e-02 1.151927496572458409e+00 1.838881513319616245e-01 8.894770585477523861e-01 1.406386715738919380e+00 6.122865037767425633e+00 1.379564489105018499e+00 4.207680214400579821e+00 9.408658986980583450e+00 7.482602003936935198e+00 1.685931658964251678e+00 5.142101975136740499e+00 1.149808956364168644e+01
8.959798994974874087e-02 2.889910775183114275e-02 7.566419086249244301e-03 1.954619146795381554e-02 4.644920920302670481e-02 1.168927192645113688e+00 1.657353152338598146e-01 9.341196517654620779e-01 1.489066219811456815e+00 6.098953049610160271e+00 8.881534969512923094e-01 4.455043837456195810e+00 7.044042801129268838e+00 7.353099822075729541e+00 1.043714731965026843e+00 5.444398943983853378e+00 8.608350576802228815e+00
9.457286432160803835e-02 2.820541982437958436e-02 6.551145177436767941e-03 1.994160983251757821e-02 4.075093188491597795e-02 1.177414967178960215e+00 1.804516628582024940e-01 9.074478167820673180e-01 1.571745723883994472e+00 6.086988833120885012e+00 8.174767735797043855e-01 4.702407460511811799e+00 7.435159030692812365e+00 7.146568184419230363e+00 9.037623292711417511e-01 5.746695912830966257e+00 9.086324052463147893e+00
9.954773869346733584e-02 2.908221474715151286e-02 6.882043626822012712e-03 2.129958251119861909e-02 4.518544970846618408e-02 1.182848940527456705e+00 2.216942598630465555e-01 8.892356989056166006e-01 1.654425227956531907e+00 6.011034427669687652e+00 7.533668082025082313e-01 4.929618085446166198e+00 7.826275260256355892e+00 7.232879416977388232e+00 1.022903323834456479e+00 5.521949752472102624e+00 9.564297528124068748e+00
1.045226130653266333e-01 2.805634209259961348e-02 6.651264300594724073e-03 2.134805276644036881e-02 4.404282601862447716e-02 1.188634852290741284e+00 2.405815539290766525e-01 8.586812281036106942e-01 1.737104732029069343e+00 6.142356412492874895e+00 9.244184071677180592e-01 4.744313188684057714e+00 8.217391489819897643e+00 7.323486223618360214e+00 1.179526520637192988e+00 5.797907867310435392e+00 1.004227100378498783e+01
1.094974874371859308e-01 2.992436131140487759e-02 6.601026749983541705e-03 2.246308917042225475e-02 4.461164255656883265e-02 1.142036991338321039e+00 2.072641048197986224e-01 8.578545157625513395e-01 1.487009336855311226e+00 6.103810294062518516e+00 9.515248043516233434e-01 4.970124249107001013e+00 8.324167833217289925e+00 7.359330143895978615e+00 1.072949802405131825e+00 6.073865982148769049e+00 9.738475884499699475e+00
1.144723618090452283e-01 3.037167738804563005e-02 7.158460305283825299e-03 2.327644422086550327e-02 4.779035542228787792e-02 1.141349233358592619e+00 2.145126473747066553e-01 8.968300077591060404e-01 1.553355139191162415e+00 5.907847888406545955e+00 7.604982190017848254e-01 4.810501346680736923e+00 7.348162183950495141e+00 6.921891668986525303e+00 1.010880750849868948e+00 5.878794779010751981e+00 8.980007356642653704e+00
1.194472361809045258e-01 2.923569322503333928e-02 6.059853906576924236e-03 2.309978179225036926e-02 4.255534734241406269e-02 1.157117388275732850e+00 2.440409282870762142e-01 8.790230710655267954e-01 1.620862671579189396e+00 5.789316140522662302e+00 9.179958619034495060e-01 4.695370089255264112e+00 7.667507248134471709e+00 6.937833532214351173e+00 1.254032289039245684e+00 5.412651907380585214e+00 9.370271065293936275e+00
1.244221105527638233e-01 3.098092591909260007e-02 6.608324439539443526e-03 2.387164571415556838e-02 4.590727850128882570e-02 1.135736389847103567e+00 2.565255927691337812e-01 8.110668111023662252e-01 1.688370203967216154e+00 5.845712722530852723e+00 1.033177676301906267e+00 4.611211332494838722e+00 7.628608167396283335e+00 7.117480045675327105e+00 1.301610529163880425e+00 5.635247379171974380e+00 9.363537950016043609e+00
1.293969849246231207e-01 2.982194306988770680e-02 5.940669885753683058e-03 2.373772660413608557e-02 4.111494853454312343e-02 1.124696914083876731e+00 2.446027834584659499e-01 8.434963806900618311e-01 1.641708362586456138e+00 5.927869124679634005e+00 9.423936506400663049e-01 4.783213105557207356e+00 7.193377936898755820e+00 7.062272274093706059e+00 1.176537984503286172e+00 5.490801350059587804e+00 8.790849354625102308e+00
1.343718592964824043e-01 3.027553717499055150e-02 5.860806272636300343e-03 2.325172520756557323e-02 4.028460598174934265e-02 1.123231525107860840e+00 2.281503686954390875e-01 8.440633657158471692e-01 1.579097963617986933e+00 5.943073189192920935e+00 9.975703830035329567e-01 4.504542628263230597e+00 7.469938875055251337e+00 7.053731100575793889e+00 1.219187091853194849e+00 5.504890192606938015e+00 9.128827640492239937e+00
1.393467336683417157e-01 2.962247869024216620e-02 5.107551304990937124e-03 2.279449489683097602e-02 3.740689990854396962e-02 1.132427273703445536e+00 2.399652412690999603e-01 8.456329682989141006e-01 1.637561201612819151e+00 5.802299915741682135e+00 8.562846973869715494e-01 4.671315148905737402e+00 6.956087281790884980e+00 7.007354508494968215e+00 1.032903777908426024e+00 5.708698767426716891e+00 8.580736552782466831e+00
1.443216080402010271e-01 3.073663343263298778e-02 5.927512764089432583e-03 2.296280519306783188e-02 3.964233739945618312e-02 1.123712069145409220e+00 2.016792133101063256e-01 8.489275210039042285e-01 1.464876234710666969e+00 5.835566444337714209e+00 7.404241207118655854e-01 4.838087669548242431e+00 6.866123243665954945e+00 6.886459714821971723e+00 1.006686760459132968e+00 5.438715726468080547e+00 8.005572786017104647e+00
1.492964824120603107e-01 2.994544060582375947e-02 5.203577446463829477e-03 2.253872740178508582e-02 3.846480988175011995e-02 1.140971271373133700e+00 1.939761446881701490e-01 8.772438388012415711e-01 1.432533190042254212e+00 5.729116231036805118e+00 8.063296863577898987e-01 4.679299820485936401e+00 6.776612732490547408e+00 6.871004692118198420e+00 1.089640906358679606e+00 5.421534603326553459e+00 8.281530900855436528e+00
1.542713567839196220e-01 3.050566469732252095e-02 4.462154121503847208e-03 2.377384850370764524e-02 3.635614386673614168e-02 1.147203963656553416e+00 1.951214211452244607e-01 9.064754577986575690e-01 1.480268223974998243e+00 5.760664618018823901e+00 9.371426194390374276e-01 4.440054854617961233e+00 7.002423792913490708e+00 6.951917554128762333e+00 1.126618239920431863e+00 5.412231268292940101e+00 8.557489015693771961e+00
1.592462311557789056e-01 2.926877390211586258e-02 3.669740840546700279e-03 2.325768792931942608e-02 3.584183018186218317e-02 1.147520338168807053e+00 1.767624887090022134e-01 9.357070767960735669e-01 1.528003257907742718e+00 5.819376088817278969e+00 9.376867059526455828e-01 4.571537119831252660e+00 7.228234853336433119e+00 7.053325561724584247e+00 1.172957835347250732e+00 5.586762504632028836e+00 8.833447130532103841e+00
1.642211055276382170e-01 3.084848271061070915e-02 4.823173304032712244e-03 2.366776310958872490e-02 3.925002175335643578e-02 1.142114047430945467e+00 1.891749831405592497e-01 9.097529269665060037e-01 1.575738291840486749e+00 5.921448636276967825e+00 9.612098745785921938e-01 4.659377463620869797e+00 7.454045913759377306e+00 7.076761546876984887e+00 1.116797539696909869e+00 5.578348677847540849e+00 8.778455609086337930e+00
1.691959798994975006e-01 2.988771501742864406e-02 4.467145584911705498e-03 2.366718499468995623e-02 3.743920747445970976e-02 1.111152215538837140e+00 1.483202766096897440e-01 8.892129620339319640e-01 1.420622543548900607e+00 5.791432681317741249e+00 7.870854807828066013e-01 4.702932721075360867e+00 7.110165950076400954e+00 6.973579773164040319e+00 8.749108787670862863e-01 5.747337820781109663e+00 8.127963093688475027e+00
1.741708542713567842e-01 3.038782345571258703e-02 4.049237345693941156e-03 2.428896738440066566e-02 3.785871733152500890e-02 1.112103114412309912e+00 1.582084270962894335e-01 8.932984434188893097e-01 1.447308894522296496e+00 5.772604851613611920e+00 6.766653518148162405e-01 4.841213190153608181e+00 6.846509351854750847e+00 6.919520706485160488e+00 7.890584965565706765e-01 5.916326963714679366e+00 8.366949831518935454e+00
1.791457286432160956e-01 2.983383108867918021e-02 4.003574576968602430e-03 2.420776195079511750e-02 3.795467345267877768e-02 1.121085029770769292e+00 1.747662188625666302e-01 8.779570739037397820e-01 1.488648646558565547e+00 5.748527042734034254e+00 6.493705335041016768e-01 4.979493659231856384e+00 7.042067466636524387e+00 6.886098143960083462e+00 7.710985866869478622e-01 6.005228101958558717e+00 8.605936569349395882e+00
1.841206030150753792e-01 3.024082817731006331e-02 3.583848565962324470e-03 2.503261437892397023e-02 3.539253215596650792e-02 1.112585923041869318e+00 1.858213376439284137e-01 8.654921374265227563e-01 1.529988398594834154e+00 5.780935712374286162e+00 6.541935480381233514e-01 4.993127546844822184e+00 7.237625581418296150e+00 6.953875766587903406e+00 8.283453226608177289e-01 5.970193381957153100e+00 8.844923307179856309e+00
1.890954773869346905e-01 2.956997302176750386e-02 3.140813244712810023e-03 2.511247628961781053e-02 3.483368793605316066e-02 1.110755268772229298e+00 1.966071629873574755e-01 8.888774326244556212e-01 1.571328150631102982e+00 5.827807790775456631e+00 7.128571729765262877e-01 4.890205101443622304e+00 7.433183696200067025e+00 6.985687354181257191e+00 9.360152091659069695e-01 5.807504486172442526e+00 9.083910045010316736e+00
1.940703517587939742e-01 3.023954882195139388e-02 3.514157521753883545e-03 2.459376520562710916e-02 3.637460310702352734e-02 1.116336055226619495e+00 2.101548155370497883e-01 8.945472020557195814e-01 1.612667902667371367e+00 5.847947687840770570e+00 7.824100502826079051e-01 4.863592393868390928e+00 7.628741810981837901e+00 7.054440333009173614e+00 1.029057970088280261e+00 5.754216819772564939e+00 9.322896782840777163e+00
1.990452261306532855e-01 2.899209376623714321e-02 2.862139844920303516e-03 2.340747953462210887e-02 3.434573887077828347e-02 1.114946363043026301e+00 2.164330495032491253e-01 8.872683815131047202e-01 1.654007654703640195e+00 5.918156825794298470e+00 8.641648762188208766e-01 4.829262758613888984e+00 7.824299925763610553e+00 7.129620980278988718e+00 1.070013797338565054e+00 5.639091016645000565e+00 9.561883520671237591e+00
2.040201005025125691e-01 2.961881510664410994e-02 2.636301088207685696e-03 2.545319818369294260e-02 3.451939438755990963e-02 1.092607462183975198e+00 1.800300118931997539e-01 8.754736363119466347e-01 1.517303994229788788e+00 5.931082478866267493e+00 7.810327069121005827e-01 4.761941705804519920e+00 7.500012156169355571e+00 6.981418018178563223e+00 9.644236112041689735e-01 5.544209457052879486e+00 8.989156160808073892e+00
2.089949748743718805e-01 2.817324561628707993e-02 2.473534163400625818e-03 2.429220685564682791e-02 3.188215692428229137e-02 1.103579822299970203e+00 1.899139121117167928e-01 8.822379588966983155e-01 1.553340217069801410e+00 5.826613052551161687e+00 7.551099761099212548e-01 4.647341178961075236e+00 7.348091594704594165e+00 6.986397538281461372e+00 9.701510680685934140e-01 5.631448033289500721e+00 8.979921091270224309e+00
2.139698492462311641e-01 2.909708576253591111e-02 2.686718215645101868e-03 2.474286393330018402e-02 3.432963935841690239e-02 1.096113511460215850e+00 1.819651617649223341e-01 8.754399338131243491e-01 1.489427131082244227e+00 5.820913241840452557e+00 7.693143429131660271e-01 4.709723065300692291e+00 7.523004089986092602e+00 6.927126866365966862e+00 9.995136599265413979e-01 5.536048753318673299e+00 9.159711812884454574e+00
2.189447236180904754e-01 2.802207146429011586e-02 2.661080060090901134e-03 2.389604290892027513e-02 3.255465378829866530e-02 1.093631005473055140e+00 1.667937835650593614e-01 8.829577016781854359e-01 1.427228633268582181e+00 5.770215488409908389e+00 6.860043774304338537e-01 4.614927733393311193e+00 7.078010155452686192e+00 6.770087174459343160e+00 8.188093778621777785e-01 5.524235202802811884e+00 8.364709202413736833e+00
2.239195979899497591e-01 2.848518300400682685e-02 2.878290413654167271e-03 2.371011256251391586e-02 3.324119417590484793e-02 1.089652516476035782e+00 1.486954149517659973e-01 8.895878162570257652e-01 1.358867835102762545e+00 5.668047589363507832e+00 6.543244133472359003e-01 4.623084420881778733e+00 6.856734163644039093e+00 6.784639298351459402e+00 7.759232215086786510e-01 5.554796521579185686e+00 8.188899634950869810e+00
2.288944723618090704e-01 2.918996976842994084e-02 2.753279747754605166e-03 2.477788756947546522e-02 3.375971785763132171e-02 1.084680312737126284e+00 1.517221784205835255e-01 8.966331618399315806e-01 1.354280711298007311e+00 5.644852384416238600e+00 6.210678555690640756e-01 4.646365765174335749e+00 6.705752153260331916e+00 6.774060217116376847e+00 7.653459418642765133e-01 5.678208742323426428e+00 8.030199813379265805e+00
2.338693467336683540e-01 2.777197877955359800e-02 2.643804611263903242e-03 2.314131391950800809e-02 3.146212953882553814e-02 1.077119798874180301e+00 1.519696189513646267e-01 8.916866135827115070e-01 1.333151741948356728e+00 5.671140844616788357e+00 6.321022651787445712e-01 4.747351541409736697e+00 6.713768935214468492e+00 6.807896558557748889e+00 8.531645458777754598e-01 5.707279375508333530e+00 8.204731049718352764e+00
2.388442211055276654e-01 2.877425483709598192e-02 3.381111388268913560e-03 2.250193194333363622e-02 3.492629039019216897e-02 1.079028357516393033e+00 1.540748329927675575e-01 8.989037185373965899e-01 1.323150447329193291e+00 5.660409197447393126e+00 6.495975958595854305e-01 4.769497310260728540e+00 6.638859288170832151e+00 6.802120710539552029e+00 8.863014497699580607e-01 5.565599557782898721e+00 8.113185821851089941e+00
2.438190954773869490e-01 2.760518055430510181e-02 3.151529134664662370e-03 2.206920268703533097e-02 3.214123780356535620e-02 1.073664891101543173e+00 1.520655432687725572e-01 8.949659863707555285e-01 1.281396285057510465e+00 5.689077512313864382e+00 7.340730491381145528e-01 4.649079518725051763e+00 6.777139757249080354e+00 6.823472867718497703e+00 8.887843182731774982e-01 5.599772327915006009e+00 8.034889926977266228e+00
2.487939698492462326e-01 2.736545989767523793e-02 2.953767149265608925e-03 2.243308723897955576e-02 3.195510901619227212e-02 1.068343434417017956e+00 1.468721653784345882e-01 9.022895911318927764e-01 1.276030176966797658e+00 5.717539765622506209e+00 7.378287610083369419e-01 4.675677462012945540e+00 6.762024285778350574e+00 6.857022619845329459e+00 8.283159976760287035e-01 5.714029842437590823e+00 7.996348763958547323e+00
2.537688442211055162e-01 2.653059848277358052e-02 3.013626592669848680e-03 2.219845686783695690e-02 3.220138957936941743e-02 1.071126515570519411e+00 1.496775809778121691e-01 8.762839945633686956e-01 1.301545625869991563e+00 5.760190855668833265e+00 7.070340856672489016e-01 4.769172123442814382e+00 6.843094827917632017e+00 6.762313193379590359e+00 7.601575504435601482e-01 5.828287356960176524e+00 7.910395136299964491e+00
2.587437185929647998e-01 2.741823629852464458e-02 3.290078081851277158e-03 2.249325551720169139e-02 3.244767014254656273e-02 1.067049187315602055e+00 1.480227566972275588e-01 8.777683946109849922e-01 1.269648075175971558e+00 5.665874439096528548e+00 6.152280551004966069e-01 4.862666784872682335e+00 6.599814547333254566e+00 6.765481240459152446e+00 8.294527775658249169e-01 5.703148678432200747e+00 8.065470209269014035e+00
2.637185929648241389e-01 2.641672969850920524e-02 2.969404372010468578e-03 2.243082087647344652e-02 3.269395070572370804e-02 1.056912722614845812e+00 1.415040323174703851e-01 8.765697724700535209e-01 1.292431619592377734e+00 5.644960152968912404e+00 6.657835179145917825e-01 4.756501837826976775e+00 6.726709408507463905e+00 6.702109573701122258e+00 8.303223014136954516e-01 5.737796257943625022e+00 8.012396426816396300e+00
2.686934673366834225e-01 2.668112640941765895e-02 3.133512914923477881e-03 2.272786218664185967e-02 3.319100482248882322e-02 1.055827377644461773e+00 1.377366370962400388e-01 8.757621645727688975e-01 1.289087002214057698e+00 5.595029939594523327e+00 6.608439854016923132e-01 4.846230054660983555e+00 6.680067133729186146e+00 6.730286546788882163e+00 7.606287575636657694e-01 5.801538366863093543e+00 7.966804074397696667e+00
2.736683417085427061e-01 2.628025569066545081e-02 3.031103740950720753e-03 2.255985107473094942e-02 3.361592288488354091e-02 1.056301767776109957e+00 1.306250437040309409e-01 8.779068299738216341e-01 1.237865391869340081e+00 5.624215886268545184e+00 6.270640534035438751e-01 4.872265818928637415e+00 6.639779091999806759e+00 6.763241691395310617e+00 8.037864665104320627e-01 5.807233767566621907e+00 8.114309891372704087e+00
2.786432160804020453e-01 2.652141047298736676e-02 3.074121096945974223e-03 2.313897546367222821e-02 3.394852344365645314e-02 1.043762162710121899e+00 1.266441591070845973e-01 8.674446820106151979e-01 1.216130604259268555e+00 5.667899107320558905e+00 6.573054907670660141e-01 4.838327512384483775e+00 6.760480180892201929e+00 6.787847952404097107e+00 8.062589642576573068e-01 5.841985912286208560e+00 8.261815708347713283e+00
2.836180904522613289e-01 2.627922387117342939e-02 3.034668494084513668e-03 2.302817696443060225e-02 3.381825698867901853e-02 1.043393193314360312e+00 1.292181860750441502e-01 8.829319720952053530e-01 1.197247184422449040e+00 5.679544581408142001e+00 6.505483627401180691e-01 4.915199280206820731e+00 6.881181269784597099e+00 6.702867028380948611e+00 7.517845167654156890e-01 5.809573718600142378e+00 7.866200000745219079e+00
2.885929648241206125e-01 2.661168927872076262e-02 3.166366180463832565e-03 2.246203581550482511e-02 3.486207220172927307e-02 1.049125527343940600e+00 1.299489663657970306e-01 8.906405940183436121e-01 1.218247799457498948e+00 5.647447020498541193e+00 6.440626614277066286e-01 4.837245384090452127e+00 6.924824238843156010e+00 6.631114648212934171e+00 6.859830099277134385e-01 5.719703119590257678e+00 7.842461800949431350e+00
2.935678391959798961e-01 2.590377686866685708e-02 3.372399899738620296e-03 2.119486300842787427e-02 3.462726197589594684e-02 1.037317507348837875e+00 1.212632125715524672e-01 8.829534365631912518e-01 1.219731471696372749e+00 5.542058859136314020e+00 5.492299481124016669e-01 4.812472686132261757e+00 6.527955558425246885e+00 6.631815651626340014e+00 6.466966013182348094e-01 5.757375217022210556e+00 7.676500289362947704e+00
2.985427135678392352e-01 2.622400890064263690e-02 3.087928659842903174e-03 2.253546759139686551e-02 3.424742262380160718e-02 1.039439891836984931e+00 1.213448283741201811e-01 8.703231593378043529e-01 1.221462810423619816e+00 5.540468863003913391e+00 5.180444997236125504e-01 4.790982389689408372e+00 6.387976519585877533e+00 6.646123630392034798e+00 6.995125797452089733e-01 5.736647310912175612e+00 7.806588192246708857e+00
3.035175879396985188e-01 2.515222876610602801e-02 3.127751260235562061e-03 2.087364715543630830e-02 3.328185226981895950e-02 1.041769022142990497e+00 1.161005178973984475e-01 8.780972904822467173e-01 1.223418789853318422e+00 5.551498601966000201e+00 5.638127278607152348e-01 4.820860220678888197e+00 6.494424874313869722e+00 6.620182394894081668e+00 6.457149916081114105e-01 5.770403901032377547e+00 7.529392053487047320e+00
3.084924623115578024e-01 2.587116363218618792e-02 3.138087893829645189e-03 2.116390669280749509e-02 3.394546218778844021e-02 1.040221129540381151e+00 1.140218382616714349e-01 8.728723855237987550e-01 1.208437097812368854e+00 5.550983007791035817e+00 5.476542204337070396e-01 4.850631380385034497e+00 6.481928833905409526e+00 6.587957748028861360e+00 6.652196704548235529e-01 5.812722117825130042e+00 7.528360138858112727e+00
3.134673366834170860e-01 2.510331488526352725e-02 2.703946617164979319e-03 2.079651543784528933e-02 3.188438502880593106e-02 1.041723678146903032e+00 1.106379633987384509e-01 8.805905420609706491e-01 1.227924843810646038e+00 5.522191285974876962e+00 5.184846913856859807e-01 4.833139599837358524e+00 6.259651635052898122e+00 6.559871593343364893e+00 6.639987298961471662e-01 5.796049563506810998e+00 7.649765523081431873e+00
3.184422110552764251e-01 2.541297445696636542e-02 2.950757239265812491e-03 2.110496440401480114e-02 3.299826384241797556e-02 1.033372982844489751e+00 1.099762632593500739e-01 8.759916032287959897e-01 1.202811607330820820e+00 5.492243726102631562e+00 5.329338082625818540e-01 4.909843803169180454e+00 6.358995256705710197e+00 6.574679917994620482e+00 6.751918750038896633e-01 5.730993017941746537e+00 7.557884491616717604e+00
3.234170854271357087e-01 2.514395593838619769e-02 2.619413893420339569e-03 2.119442262984655087e-02 3.171209597949440490e-02 1.039841180465851611e+00 1.126081753819863085e-01 8.836450353680328496e-01 1.216267723254048416e+00 5.504346957221507353e+00 5.653312838626410874e-01 4.893333282431185260e+00 6.458338878358521384e+00 6.544054412385817088e+00 6.505034651716756766e-01 5.820525653065026894e+00 7.536334684176464904e+00
3.283919597989949923e-01 2.479563621411205385e-02 2.142361087963889823e-03 2.149160286537921474e-02 2.991424810605065182e-02 1.033010413312564824e+00 9.875639793799567689e-02 8.853529974892440091e-01 1.177034060209422694e+00 5.488382178807926337e+00 5.178448561389211724e-01 4.836083657112384415e+00 6.261693045108865263e+00 6.538591220830602069e+00 6.194976840336503532e-01 5.760412270080515817e+00 7.542150074798961157e+00
3.333668341708542759e-01 2.570826173821739655e-02 2.713561912335735356e-03 2.178792417230243986e-02 3.251211293238509548e-02 1.037083070165008003e+00 1.003363979098000347e-01 8.987653841382778896e-01 1.186947180362202925e+00 5.478397786833137495e+00 5.130318263332428463e-01 4.909346439370092519e+00 6.356552664307913325e+00 6.591579893589630146e+00 6.285930538148182256e-01 5.706749277722757085e+00 7.549319691725945525e+00
3.383417085427135595e-01 2.444033839248697243e-02 1.846552094693869718e-03 2.118874721904453681e-02 2.831705899088229200e-02 1.035139649522302419e+00 1.019239905883811276e-01 8.882717878619745822e-01 1.198836459574322832e+00 5.512508223222974735e+00 5.222816295081492699e-01 4.856446738375484351e+00 6.358581367750588242e+00 6.563612847054311139e+00 6.083742556704688775e-01 5.702109279722767710e+00 7.457622849462810066e+00
3.433165829145728987e-01 2.445311288593593133e-02 1.926354843347730106e-03 2.179828171181581731e-02 2.772514321729470377e-02 1.031854776135133323e+00 1.044272383193283471e-01 8.740999847781072418e-01 1.193583410435456793e+00 5.506925824872700659e+00 4.935429688477021570e-01 4.809093532414806305e+00 6.275273178120391648e+00 6.557987672128854584e+00 5.883817831388220565e-01 5.741951104909201575e+00 7.469631104091242868e+00
3.482914572864321823e-01 2.367202816814917982e-02 1.804239615506929295e-03 2.075613315880402154e-02 2.640248851481565712e-02 1.015027217767275225e+00 9.548159957886140359e-02 8.500028639125272178e-01 1.169433484970217929e+00 5.500628795209901334e+00 5.040944454994070734e-01 4.803135751860754254e+00 6.281881524005100914e+00 6.519583857359497081e+00 5.515499128538706719e-01 5.780981359518198914e+00 7.375590608063307130e+00
3.532663316582914659e-01 2.379522264846702442e-02 1.656608418191391624e-03 2.099959427277134708e-02 2.599258934496128173e-02 1.008163222815056326e+00 9.078916005553470947e-02 8.474173953211919796e-01 1.162647074581876216e+00 5.463543079335769548e+00 4.424636459062381011e-01 4.834694071050758879e+00 6.134074375484745545e+00 6.503835823387912107e+00 5.676552489971733451e-01 5.737066779219175849e+00 7.406521363998565199e+00
3.582412060301507495e-01 2.340801792803256370e-02 1.831914466766196032e-03 2.022737425837396047e-02 2.616116558115434351e-02 1.008151035188277644e+00 8.958009695704373387e-02 8.505370628183539505e-01 1.167628290862029017e+00 5.454330963413019262e+00 4.438699056098091567e-01 4.866053216553511085e+00 6.145958315224732793e+00 6.547641505147838714e+00 5.664213883236060010e-01 5.776742915724136118e+00 7.422974813813949524e+00
3.632160804020100886e-01 2.359884045456706742e-02 1.821836556172982090e-03 2.000845175320291325e-02 2.623784173803939829e-02 1.003900108795352297e+00 8.678386691183075097e-02 8.431192786811511075e-01 1.153615484976225014e+00 5.459423782026737726e+00 4.665143273243808064e-01 4.826749549371877279e+00 6.231306873677145752e+00 6.474797501759515406e+00 5.143893816179657685e-01 5.770008815759810616e+00 7.276504933194112290e+00
3.681909547738693722e-01 2.311189022565511564e-02 1.715655473891251502e-03 1.922028797224434316e-02 2.542344685466074727e-02 9.982919070667420902e-01 9.042418948573860416e-02 8.327065484967549613e-01 1.155376412028791266e+00 5.462126151231979421e+00 4.293741621602774061e-01 4.892860258473678670e+00 6.171425549230497687e+00 6.406324183882816214e+00 4.589376231351485758e-01 5.776691299571616867e+00 7.297277513013724182e+00
3.731658291457286558e-01 2.330154118022020882e-02 1.914087559792326072e-03 1.975321358896161422e-02 2.667757392895600890e-02 9.991387923815981953e-01 8.910245259425286779e-02 8.368034438944291775e-01 1.157288532777551726e+00 5.371229919720538426e+00 3.724989530814095673e-01 4.856005340104420753e+00 6.117326629102733726e+00 6.378180814982411739e+00 4.519538688637429469e-01 5.816098443778567884e+00 7.318430051627342614e+00
3.781407035175879394e-01 2.228939020294640194e-02 1.770202899879278965e-03 1.872286114934869350e-02 2.576665085726028218e-02 9.946677812483585290e-01 8.734419473930346567e-02 8.323993737742482191e-01 1.142212487882989569e+00 5.352914930196666532e+00 3.847610240081822952e-01 4.854690117140250116e+00 6.132579912498459684e+00 6.352428065031674009e+00 4.806157705247872114e-01 5.744405784279093652e+00 7.339932470852026825e+00
3.831155778894472785e-01 2.276939107723087094e-02 1.720696784926838228e-03 1.869555609247210842e-02 2.533082517979056217e-02 9.873580591597779232e-01 8.349045943910202161e-02 8.289332306782419835e-01 1.134462851070201062e+00 5.308815379358048148e+00 3.741591416679541093e-01 4.886093038344217376e+00 6.085138795108584908e+00 6.323374386045385265e+00 4.601255587748354081e-01 5.679718932411448762e+00 7.289225732437953020e+00
3.880904522613065621e-01 2.165122966681893094e-02 1.805134849645093336e-03 1.760489888213290569e-02 2.486877182879965523e-02 9.859499479253465148e-01 8.140072610059537195e-02 8.376566434002462591e-01 1.149194202362954220e+00 5.299449932079249415e+00 3.910219170709000047e-01 4.824215305198290338e+00 6.164156206010440009e+00 6.292764278903035802e+00 4.786243960834933309e-01 5.527756943116232335e+00 7.312535089748081418e+00
3.930653266331658457e-01 2.181547435504466864e-02 1.752445301255190543e-03 1.821897949150235937e-02 2.496902591641728814e-02 9.757404105195837118e-01 7.340673790495004514e-02 8.256539389488963820e-01 1.096393124663859631e+00 5.268694072266462136e+00 3.577352870232037851e-01 4.826102330460908973e+00 6.060406853146492523e+00 6.284913803502050200e+00 4.701785180011371912e-01 5.508552398469606537e+00 7.201451943889716212e+00
3.980402010050251294e-01 2.102713824574898790e-02 1.570211649016212043e-03 1.752699926846560535e-02 2.344343755082681918e-02 9.673488107817554971e-01 7.214393929283803575e-02 8.300444787130859536e-01 1.093078413015203809e+00 5.274292317839011091e+00 4.036430665048781341e-01 4.639219892521855293e+00 6.137111056478314453e+00 6.233956546566449042e+00 4.641939820284156082e-01 5.463243723968468579e+00 7.163515179914244690e+00
4.030150753768844685e-01 2.105499452011811226e-02 1.465143973781788409e-03 1.733266883846691989e-02 2.248032510991489555e-02 9.622945384013867898e-01 6.981605243702471153e-02 8.244514172359391768e-01 1.066236469311721224e+00 5.241637328894322323e+00 3.789735180357818312e-01 4.630604247006727014e+00 6.007385186396788868e+00 6.210843119447553740e+00 4.475242778490295392e-01 5.416435764073093573e+00 7.190249682264381548e+00
4.079899497487437521e-01 2.055314058206902592e-02 1.391225256066036487e-03 1.709814865872917936e-02 2.258646562156147244e-02 9.540623140107979960e-01 6.511765146805428839e-02 8.174667111207908343e-01 1.052546184916937744e+00 5.186991037921215408e+00 3.659839673634925350e-01 4.582211641885148623e+00 6.008288173235722951e+00 6.179366623067098274e+00 4.286734376863110541e-01 5.384349084732710011e+00 7.097758589892281478e+00
4.129648241206030357e-01 2.103867188225927096e-02 1.571607190933505807e-03 1.755425242157896207e-02 2.380299491422929042e-02 9.518348382857585444e-01 6.357467998018183353e-02 8.228682708068146834e-01 1.059019995386097923e+00 5.185615143787151382e+00 3.511607740916296572e-01 4.568683688695944767e+00 5.977585158617594985e+00 6.142702840495675609e+00 4.225136235229906001e-01 5.399304979286605466e+00 7.069349647923669266e+00
4.179396984924623193e-01 2.049092967163061718e-02 1.204541710740573328e-03 1.739382005617559623e-02 2.190473031533745132e-02 9.496177587441705370e-01 6.389977369341748314e-02 8.218157373303295321e-01 1.050262404045966713e+00 5.144777725304603422e+00 3.465033085200346918e-01 4.513354118555811034e+00 5.901419638316370175e+00 6.108751450052322340e+00 4.192186039820335330e-01 5.318606694582826755e+00 6.951161427066691267e+00
4.229145728643216029e-01 2.037851849740563229e-02 1.385764095666775549e-03 1.743415886621305436e-02 2.273769697647522181e-02 9.419893785685214960e-01 6.493113927412642872e-02 8.130731397981361130e-01 1.048837001860643880e+00 5.121186419771499132e+00 3.514969329610219684e-01 4.524592693892841133e+00 5.912452632357891424e+00 6.086847700589850696e+00 3.984724600840112707e-01 5.289910487294001484e+00 6.819619635114928968e+00
4.278894472361809420e-01 1.977822617610568851e-02 1.520497159713432361e-03 1.735188125775035187e-02 2.220274597007019721e-02 9.354816476626368615e-01 6.849782732561833509e-02 8.184154980547843072e-01 1.048499927670455412e+00 5.091918103145208541e+00 3.418011788221152480e-01 4.458507068039567756e+00 5.781303697222473836e+00 6.064604744362901201e+00 3.829553623576786858e-01 5.323767869508378325e+00 6.804666143219988861e+00
4.328643216080402256e-01 2.033155954678234761e-02 1.269014915668942528e-03 1.773581648680661038e-02 2.244323639980218624e-02 9.276772201983478627e-01 6.802706585167311859e-02 8.211899869954908393e-01 1.038357531052169103e+00 5.080820861069508254e+00 3.259308091425581200e-01 4.430466984753779869e+00 5.711646674273125335e+00 6.001038500058887060e+00 3.977225579849692494e-01 5.230798627367392761e+00 6.791376942064952793e+00
4.378391959798995092e-01 1.980053847746272508e-02 1.649903666020835578e-03 1.680185820387844822e-02 2.261077551202232347e-02 9.215899539482654834e-01 6.374962271996223451e-02 8.223111857167573202e-01 1.020768634209048065e+00 5.045618090890649832e+00 3.186021683155110806e-01 4.462580728645542116e+00 5.697599586362754209e+00 5.943371648543505970e+00 3.599526595165312703e-01 5.222446033874954097e+00 6.610111795197282980e+00
4.428140703517587928e-01 1.995978577844442076e-02 1.625608833074807446e-03 1.712099053027655443e-02 2.277831462424246417e-02 9.113219028303408686e-01 5.418499822392375265e-02 8.227959841800366325e-01 1.001475379466822080e+00 4.997073395588691014e+00 3.052928460453782078e-01 4.383076117058251953e+00 5.610670529017147246e+00 5.927105660817749033e+00 3.735223955171766419e-01 5.153943010297336258e+00 6.604182139722160727e+00
4.477889447236181319e-01 2.018011557430579583e-02 1.706986886408153438e-03 1.703756835685420537e-02 2.308169627628096562e-02 9.064661356321657149e-01 4.858806926465617654e-02 8.294518342212811035e-01 9.966963623415141527e-01 4.963035288291139047e+00 2.933296498877752678e-01 4.367955875671316157e+00 5.498005352433796844e+00 5.900621448423160942e+00 3.710568461970464860e-01 5.179293240476030569e+00 6.638506742749005873e+00
4.527638190954774156e-01 1.992801422394237243e-02 1.622037967809684391e-03 1.715705957714912244e-02 2.280556017832755314e-02 9.025186876531620106e-01 4.908684078160105435e-02 8.242489665296528489e-01 9.840266071250618474e-01 4.941217468458237505e+00 3.087160817541148572e-01 4.302933370744810304e+00 5.525497485584012658e+00 5.863675236653321576e+00 3.676827545093694360e-01 5.146662974739320440e+00 6.557934202648834976e+00
4.577386934673366992e-01 2.016386547828170200e-02 1.702017239457277471e-03 1.727655079744403605e-02 2.334825961938227779e-02 8.950074479124069393e-01 5.319813755515689219e-02 8.018850481305893618e-01 9.780378969603756856e-01 4.911667129976994062e+00 3.100948462350102131e-01 4.324988149024440176e+00 5.552859690509203361e+00 5.835683784669188690e+00 3.941707202313494696e-01 5.082049604254024189e+00 6.555910973822268950e+00
4.627135678391959828e-01 1.980307453096259024e-02 1.518248127707772562e-03 1.739604201773895312e-02 2.286251809885177580e-02 8.887576303422564106e-01 5.347861524790545329e-02 8.080684338283231627e-01 9.727202797040027660e-01 4.888345764365777946e+00 3.093349528298394158e-01 4.292111294167634483e+00 5.484153667936745080e+00 5.780391548673390112e+00 3.749005329998191804e-01 5.111116420913113245e+00 6.554732866430945215e+00
4.676884422110553219e-01 2.001305387021742876e-02 1.571303061866284254e-03 1.755459182484090525e-02 2.294741415358539718e-02 8.835917341166972250e-01 5.245764909968773926e-02 8.050863944499893066e-01 9.678153924312390410e-01 4.855750340355950101e+00 3.183874829189966560e-01 4.247348199069861607e+00 5.481180449780849173e+00 5.732147736444028752e+00 3.644724070810461680e-01 5.087811525598448625e+00 6.485712562627192312e+00
4.726633165829146055e-01 1.970930869887391884e-02 1.457621660479823918e-03 1.760864199366021440e-02 2.291827586328338759e-02 8.792366428545161927e-01 5.562605508545691302e-02 7.975938115346001833e-01 9.752271030581758371e-01 4.810127047910667031e+00 3.104893485486553972e-01 4.266029202030955148e+00 5.478941981587120758e+00 5.713747892751971591e+00 3.701785695491593420e-01 5.081912187499155742e+00 6.454624426783952096e+00
4.776381909547738891e-01 1.972901253491480753e-02 1.444988839109003550e-03 1.761597701601907984e-02 2.280540260843938460e-02 8.742605332594509671e-01 5.456422121672108855e-02 7.906715198346809803e-01 9.626320858903798516e-01 4.782051837092338609e+00 3.058436231816468176e-01 4.238263322274177902e+00 5.420035680101198849e+00 5.653883603837051908e+00 3.336005154487194369e-01 5.114730829658515887e+00 6.333460578950307784e+00
4.826130653266331727e-01 1.941120268538919919e-02 1.429861427630099236e-03 1.687982912297880667e-02 2.242394560142469892e-02 8.697760024891243447e-01 5.103851280855117162e-02 7.905578493473139901e-01 9.494244841155006220e-01 4.759656261349261896e+00 3.025479287931593375e-01 4.242069708796760708e+00 5.392873024412874194e+00 5.612411789970575882e+00 2.952679996731600864e-01 5.089064519707157785e+00 6.141625429214074394e+00
4.875879396984924563e-01 1.977280587026524622e-02 1.466858255190963767e-03 1.764860017557479815e-02 2.303630658988362057e-02 8.627006578863012365e-01 4.740337698249535991e-02 7.857120329297907491e-01 9.344190344181317887e-01 4.714381379688426854e+00 2.762228268240165541e-01 4.246205584816396872e+00 5.299047499103492598e+00 5.586800070996684298e+00 3.026506486652262851e-01 5.028505747167770323e+00 6.098859488856191113e+00
4.925628140703517954e-01 1.934005864254225576e-02 1.485578423203787104e-03 1.673908302377331500e-02 2.229002048043536577e-02 8.589384344374554336e-01 4.817376134146032080e-02 7.827011920471182993e-01 9.312483032711567077e-01 4.682395070316244023e+00 2.510728216392008050e-01 4.222955821242913466e+00 5.129179683049240879e+00 5.543597422556065801e+00 2.938904278064357056e-01 4.988408903433326991e+00 6.034561845333145769e+00
4.975376884422110790e-01 1.941217024570659686e-02 1.389782204794718940e-03 1.661054188476071558e-02 2.210530830378384937e-02 8.557363026728322941e-01 4.942533815094356242e-02 7.815312930412544601e-01 9.332691294315038633e-01 4.656464797159423519e+00 2.489790377872624916e-01 4.188480543575084702e+00 5.092413932673227173e+00 5.510380247838703838e+00 2.983121914687744680e-01 5.001664275894519562e+00 6.046550077889415675e+00
5.025125628140703071e-01 1.905894396517996553e-02 1.272271274168530926e-03 1.635349576249067738e-02 2.102544963712640880e-02 8.519406196023229239e-01 4.947763066155898282e-02 7.804766688852059486e-01 9.279405619813402284e-01 4.617982613720873708e+00 2.429678059050585093e-01 4.164370758512053072e+00 5.037709092340402428e+00 5.484315718863568279e+00 2.900363016606846145e-01 4.993014149664558587e+00 6.011581577981899294e+00
5.074874371859295907e-01 1.925634763340022468e-02 1.461309803070286531e-03 1.645698630901775567e-02 2.176319181026222307e-02 8.449327405944366820e-01 5.007590420373295159e-02 7.719586432255900466e-01 9.266966867722667978e-01 4.595552300166562354e+00 2.480754761777408113e-01 4.170983464840770871e+00 5.046717634825587773e+00 5.452144420270299108e+00 2.900425330574820659e-01 4.950637273230572788e+00 5.968323917522784683e+00
5.124623115577889854e-01 1.888062516206379451e-02 1.298913667017061657e-03 1.628747734343650652e-02 2.079394776879102749e-02 8.419188256833916029e-01 5.094180548000478564e-02 7.637750240074149266e-01 9.210742023356605079e-01 4.575291552707763110e+00 2.382623168615025655e-01 4.154866922571716081e+00 5.016557486090985840e+00 5.405479535629525323e+00 2.699347009112006424e-01 4.896736770907026859e+00 5.863933700276206196e+00
5.174371859296482690e-01 1.904073443063696372e-02 1.223772000717741329e-03 1.639936463800140479e-02 2.074886220542518020e-02 8.389040065701367510e-01 5.094471223982252606e-02 7.642363381456225291e-01 9.190184738111989438e-01 4.540861237789335370e+00 2.338994167694712634e-01 4.118427109822277998e+00 4.969857705263956760e+00 5.364598233128178073e+00 2.518141153649782193e-01 4.898472819892585761e+00 5.838621359030621072e+00
5.224120603015075526e-01 1.873623811086499655e-02 1.196776004691803459e-03 1.619075502209555914e-02 2.050999398971086601e-02 8.363551441901500016e-01 5.226976103266074009e-02 7.596017078688214186e-01 9.172472195767689129e-01 4.498284679069081804e+00 2.153577161457473910e-01 4.076654373477677673e+00 4.891503350398497041e+00 5.333643015016015454e+00 2.454562875879096051e-01 4.853444181137617441e+00 5.757422184985546920e+00
5.273869346733668362e-01 1.881528208077766495e-02 1.274169232793146431e-03 1.638627212290517596e-02 2.077188814952359019e-02 8.326476099356232563e-01 5.212698816499111015e-02 7.600099723061549684e-01 9.176648495883107381e-01 4.475363301753888301e+00 2.059768465061926068e-01 4.085398955816345712e+00 4.869496775959198942e+00 5.294600399360493981e+00 2.433700173395111632e-01 4.827711366640642154e+00 5.718948909617998844e+00
5.323618090452261198e-01 1.845678104857920512e-02 1.326794101198993259e-03 1.622458294058632539e-02 2.061621218676398110e-02 8.285319762987105596e-01 4.980100545753625430e-02 7.545209239703178916e-01 9.053592668482299821e-01 4.442767060006725721e+00 1.973095992023840284e-01 4.046119662760743196e+00 4.800912773431686986e+00 5.273268135397254142e+00 2.455987918355836963e-01 4.825623295653864275e+00 5.700732078842958295e+00
5.373366834170854034e-01 1.865462672527522237e-02 1.256305597008129877e-03 1.615489334239527189e-02 2.076447465882944390e-02 8.225876968609068252e-01 4.768088642256739645e-02 7.549105749642048835e-01 9.043986957266691995e-01 4.410411748379995167e+00 1.994247955957341722e-01 4.017410886770150569e+00 4.767990500271204191e+00 5.243849435408407089e+00 2.470041241818649869e-01 4.824556381819570028e+00 5.701133921831608831e+00
5.423115577889447980e-01 1.826452830141753539e-02 1.344224905986419550e-03 1.583921560916035781e-02 2.071616016157295723e-02 8.175176138033419804e-01 5.027197421854123771e-02 7.485401963176945284e-01 9.013765654070532429e-01 4.392361016294463738e+00 1.993776023918966134e-01 4.013218412347220543e+00 4.737291076823522573e+00 5.199353307167663196e+00 2.560708544967269518e-01 4.755255455017297628e+00 5.685005587501601454e+00
5.472864321608040816e-01 1.832489535931150146e-02 1.252589088625420503e-03 1.584460137431131788e-02 2.011826791897993599e-02 8.129423125562196262e-01 4.856979052874343949e-02 7.438919004377754218e-01 8.940467968102507879e-01 4.363176343822368963e+00 2.028133260090077827e-01 4.002380108552532789e+00 4.751508109772713873e+00 5.156045380754027185e+00 2.623424547951901942e-01 4.690072897833496235e+00 5.637372517866536370e+00
5.522613065326633652e-01 1.790659932007731409e-02 1.201140915928350372e-03 1.514662403788742326e-02 1.966577163884058316e-02 8.100316366507614996e-01 4.779169028010280679e-02 7.427622614587540140e-01 8.957064699722815382e-01 4.323776836365253118e+00 2.105768641819780740e-01 3.943905877342669619e+00 4.737276047434409776e+00 5.138872027067511894e+00 2.674442446781605809e-01 4.695522784936208893e+00 5.655905320805247882e+00
5.572361809045226488e-01 1.816778119263183153e-02 1.238115639042696500e-03 1.563252636869915183e-02 2.001513022583936360e-02 8.031584697644987836e-01 4.677341781165558765e-02 7.355977947262063443e-01 8.892084994670071962e-01 4.293450920998720832e+00 2.120798662625093256e-01 3.902813098722759388e+00 4.696814413862031579e+00 5.105674301311740493e+00 2.728259917329872719e-01 4.668723018584016948e+00 5.643385669268736748e+00
5.622110552763819324e-01 1.816308559157223806e-02 1.215635531532395638e-03 1.536474221960162923e-02 1.996667283217085781e-02 7.971288894243320211e-01 4.728485653776630382e-02 7.326646852022223877e-01 8.888612777827059608e-01 4.273517143183697797e+00 2.166461175293471209e-01 3.901645625815626683e+00 4.708373250509444219e+00 5.068307287088138935e+00 2.633448277662920334e-01 4.656364062898106226e+00 5.606213599878727472e+00
5.671859296482412161e-01 1.785606137886843955e-02 1.219114072347444967e-03 1.534113055672310481e-02 1.996299685374091151e-02 7.889290911870661116e-01 4.848839943269684510e-02 7.243968455476615942e-01 8.843639154300958483e-01 4.235461095177417867e+00 2.177476300748889815e-01 3.887999217330261992e+00 4.699850044987655018e+00 5.039291084160599787e+00 2.525279555557098932e-01 4.617121613566093963e+00 5.518802081625258538e+00
5.721608040201004997e-01 1.803972676298887245e-02 1.202036259475611647e-03 1.542089316717449275e-02 2.012112758726348691e-02 7.831152372080335544e-01 5.139011624948484902e-02 7.100936030289053402e-01 8.847953992890295050e-01 4.208725590430869801e+00 2.176052816177773408e-01 3.850130913408535527e+00 4.663034943211531669e+00 4.992409088540530782e+00 2.361323749589805399e-01 4.586267360189829390e+00 5.442572018399237876e+00
5.771356783919597833e-01 1.755975740443926555e-02 1.219496423577680127e-03 1.529455902276455163e-02 1.978676716495482782e-02 7.768547550974769234e-01 5.215677170445276456e-02 6.983487182232303025e-01 8.745499473171401972e-01 4.180685550394565908e+00 2.045739856424961256e-01 3.832733468441528402e+00 4.595146212099052718e+00 4.957353019776602920e+00 2.389580135355222346e-01 4.550261699069118926e+00 5.432436568993553649e+00
5.821105527638190669e-01 1.776539708645863067e-02 1.269445017092990990e-03 1.553458796004093811e-02 2.017459054520840886e-02 7.696003206304791178e-01 4.851367550741101514e-02 6.940177609655326929e-01 8.640381063379612980e-01 4.141742763837443775e+00 1.909839375572223719e-01 3.808053647700384570e+00 4.533428575112320225e+00 4.920521735562051191e+00 2.291309751800160166e-01 4.566479596986324552e+00 5.361229369166649050e+00
5.870854271356784615e-01 1.731003771723093471e-02 1.242807951247604193e-03 1.544031790378456136e-02 1.974330798652987676e-02 7.604506411058968851e-01 4.991329465816365246e-02 6.777974532100204952e-01 8.558676453793920835e-01 4.114359612398240884e+00 1.960364600329932150e-01 3.787579810154925841e+00 4.518981108644670286e+00 4.900901765343786742e+00 2.299717401759299729e-01 4.560130418232527738e+00 5.341774434353199652e+00
5.920603015075377451e-01 1.732342201861062844e-02 1.243590434466941086e-03 1.533326155484750208e-02 1.947922435021827783e-02 7.549464934172600561e-01 4.730197563388335857e-02 6.748030587453263118e-01 8.468662055030669045e-01 4.083869842925041738e+00 1.824664082579519342e-01 3.800528834561225366e+00 4.455527834459064529e+00 4.860088159663075835e+00 2.274532189293744788e-01 4.518737899992806284e+00 5.273406662067364969e+00
5.970351758793970287e-01 1.692105476163699093e-02 1.044477847422336332e-03 1.503550274522414895e-02 1.847732333940054969e-02 7.487196598953556048e-01 4.565478446047203237e-02 6.760849602521599166e-01 8.376408125530686588e-01 4.062212434426339058e+00 1.861007514280885178e-01 3.792789705500312802e+00 4.426174401539514136e+00 4.798729903558904830e+00 2.145823458533836769e-01 4.476511322254910219e+00 5.178760974797516958e+00
6.020100502512563123e-01 1.713508474910761109e-02 1.201032516208624988e-03 1.544902041607347162e-02 1.921595612917788645e-02 7.438645443475178087e-01 4.696543367814148134e-02 6.735887622507300554e-01 8.298103563406669103e-01 4.027309096071741479e+00 1.784756783873206187e-01 3.760271685722899271e+00 4.372527202666023349e+00 4.760857276491271328e+00 2.121531188506332322e-01 4.462423452930821099e+00 5.149005482671332956e+00
6.069849246231155959e-01 1.684336986157302513e-02 1.027461334891921615e-03 1.507143416107912214e-02 1.844144290696651464e-02 7.376469351047625356e-01 4.333252169472945337e-02 6.755246764527883530e-01 8.138035421809370895e-01 3.979369679695820672e+00 1.775787953469521174e-01 3.718016388150661378e+00 4.303075468095192591e+00 4.710516928939576964e+00 2.073764497457261657e-01 4.396374917659609416e+00 5.095231674488996276e+00
6.119597989949748795e-01 1.686925843364719957e-02 9.753885944404015176e-04 1.507558483903971222e-02 1.842759774310551851e-02 7.310500341689083470e-01 4.363559804769021055e-02 6.696688799030301453e-01 8.104151574560810589e-01 3.946384794021269293e+00 1.650356441932587515e-01 3.711863284170659583e+00 4.270909328809892713e+00 4.674771117442384494e+00 2.135885989642163918e-01 4.299557572661261595e+00 5.014102675061128167e+00
6.169346733668341631e-01 1.674745314298959481e-02 9.714660021319157773e-04 1.505827985054113485e-02 1.826688106499078576e-02 7.211951192488625928e-01 4.282895214776938353e-02 6.646161649899783308e-01 8.018553768739352661e-01 3.908055514999785096e+00 1.645403617891503245e-01 3.651183836397522864e+00 4.209089761279603437e+00 4.638695725780468848e+00 2.170729781658093105e-01 4.264332630024728843e+00 4.974803885731374997e+00
6.219095477386934467e-01 1.684639799458326551e-02 1.009893292151916580e-03 1.503755298427719364e-02 1.855638326976813413e-02 7.160365058466690025e-01 4.202899832141963887e-02 6.587653592873182751e-01 7.950594735056124573e-01 3.878168782906791456e+00 1.717760416549992952e-01 3.577457494900152746e+00 4.166815592409707669e+00 4.583917337221885546e+00 2.097555535009769101e-01 4.190920519200844296e+00 4.862509124425831608e+00
6.268844221105528414e-01 1.669416772424192272e-02 1.041051589021269562e-03 1.493720398759331748e-02 1.847720700386627432e-02 7.104656830092151987e-01 4.153877709130728707e-02 6.537220663299684320e-01 7.841260573540483891e-01 3.840416328954430636e+00 1.689477063025919545e-01 3.547080974710183465e+00 4.124017777868214552e+00 4.547428926984656172e+00 2.010550892335269124e-01 4.171754508401444461e+00 4.822678660401034989e+00
6.318592964824121250e-01 1.681604477875525694e-02 1.034856805328314899e-03 1.503765637932560906e-02 1.844078757240210850e-02 7.033529774762501408e-01 3.881291900409292867e-02 6.460952400438464416e-01 7.618297865861959339e-01 3.798438423556301125e+00 1.666389237591662520e-01 3.486092195801504978e+00 4.042552096325148447e+00 4.521134452518742464e+00 2.153312099940589697e-01 4.140196757116918036e+00 4.844982715551907404e+00
6.368341708542714086e-01 1.663333342392146752e-02 1.120560667502272902e-03 1.468656810985006361e-02 1.840923714246387247e-02 6.974004690364929981e-01 3.725421070299229920e-02 6.416706779321218468e-01 7.546980906402502853e-01 3.773816746880635176e+00 1.634836580020666286e-01 3.475187752739037794e+00 4.008554371511347192e+00 4.480868550270619366e+00 2.113497699968562571e-01 4.113384201654969985e+00 4.808513869065158985e+00
6.418090452261306922e-01 1.669646053375352726e-02 1.072378554960093638e-03 1.483457233321054149e-02 1.854197327599407807e-02 6.913673534144930688e-01 3.528620791043047406e-02 6.432761075866292311e-01 7.480157207820008480e-01 3.750512596222105088e+00 1.750980387481334832e-01 3.443899571906397838e+00 4.026982354920700224e+00 4.445052164106852111e+00 2.023500866214135441e-01 4.107221042025503088e+00 4.743338951935720971e+00
6.467839195979899758e-01 1.645413039803963334e-02 1.089502997541918865e-03 1.446840588763580703e-02 1.830553474342214854e-02 6.836872323277982666e-01 3.856577931827143840e-02 6.232057815192139083e-01 7.411543231664864395e-01 3.715695633426342681e+00 1.705729001373660347e-01 3.411795025846005025e+00 3.989162697531964508e+00 4.387607400496810861e+00 1.859479678899775001e-01 4.074206922973547584e+00 4.660108726817510316e+00
6.517587939698492594e-01 1.652069762147041071e-02 1.128953183986856380e-03 1.470688743836026310e-02 1.850315962209294132e-02 6.783070139243625452e-01 4.111578649800343155e-02 6.226051340208216267e-01 7.377167995011653101e-01 3.679739563801896818e+00 1.690160465586492966e-01 3.394258841585941600e+00 3.940024220660011789e+00 4.348191038238870654e+00 1.993191529111049409e-01 3.992464146805289271e+00 4.654459876936021701e+00
6.567336683417085430e-01 1.616116931523856742e-02 1.147714947182602299e-03 1.459950644267444912e-02 1.829558979328659712e-02 6.720001012571620302e-01 4.332175158251846958e-02 6.104034121377629463e-01 7.360888126422833189e-01 3.634669787066709290e+00 1.542735271223894533e-01 3.372323742438456673e+00 3.860516195520137916e+00 4.312135120838545888e+00 1.958698974254258207e-01 3.951307874604258696e+00 4.620314538215770206e+00
6.617085427135678266e-01 1.625522111565416011e-02 1.018196438605291918e-03 1.452023373745589020e-02 1.805809831656552886e-02 6.647459484711105704e-01 4.110010216759863583e-02 6.012227471773180509e-01 7.261587021250506258e-01 3.604603654956243020e+00 1.646504764315600278e-01 3.309458864947247392e+00 3.864899096585069138e+00 4.279392121359241408e+00 1.988326190431454477e-01 3.913896284016443072e+00 4.608896866411762439e+00
6.666834170854271102e-01 1.631818756456415026e-02 1.132858310884468167e-03 1.478807950691487898e-02 1.852737422982230278e-02 6.577047310784068790e-01 3.966731518728380812e-02 5.895270703567043746e-01 7.195764221438013530e-01 3.578608161459378323e+00 1.626513995183271610e-01 3.279371489173014798e+00 3.837479287257353100e+00 4.239058387696441166e+00 1.952457552541880248e-01 3.902429720422015968e+00 4.540616188308788992e+00
6.716582914572865048e-01 1.595971990049772915e-02 8.994969873232538157e-04 1.445059742995420844e-02 1.755588360262419836e-02 6.525130772096658927e-01 3.958777859533282178e-02 5.862868045637287251e-01 7.201141466948158820e-01 3.549185424426778646e+00 1.709208525535791945e-01 3.246111783399762363e+00 3.830851341994601533e+00 4.201591827870656104e+00 2.073698921427221953e-01 3.850033499878167120e+00 4.540402710879923198e+00
6.766331658291457885e-01 1.605511650616473288e-02 1.075217186819725111e-03 1.460116318903556358e-02 1.830008932881421746e-02 6.468774631093870964e-01 4.093291315418955828e-02 5.764843642912567123e-01 7.191667407441917348e-01 3.519284878345707135e+00 1.675227989363561043e-01 3.225016456404511178e+00 3.778490191540908150e+00 4.164291005830492054e+00 2.141548159832259157e-01 3.793371636383196854e+00 4.529407029839794596e+00
6.816080402010050721e-01 1.574302525141241249e-02 1.014889212906652967e-03 1.441347712402851408e-02 1.788958171700274699e-02 6.427048077260020253e-01 3.899769729913223071e-02 5.765763136516872667e-01 7.119126883739000933e-01 3.487366596222430282e+00 1.764463783140007291e-01 3.188161822793604383e+00 3.770359306003395083e+00 4.120965005474524823e+00 2.149798857412204833e-01 3.759279916055559667e+00 4.497678962022077620e+00
6.865829145728643557e-01 1.580347401893193032e-02 8.880946960031896233e-04 1.433760528315179000e-02 1.754866421514220814e-02 6.342780889077780371e-01 4.274042086285519126e-02 5.646343723518634228e-01 7.074553350332528634e-01 3.450043263378453240e+00 1.803895120695880872e-01 3.140848984511800612e+00 3.760824792109154213e+00 4.073664187953806248e+00 2.188913923917400195e-01 3.713769872846154563e+00 4.472857269783790279e+00
6.915577889447236393e-01 1.562252831088888592e-02 8.903620367599966419e-04 1.438678577956187775e-02 1.753671814214061153e-02 6.288147360654402496e-01 4.203191756619856223e-02 5.590985573520285135e-01 6.954966114257518095e-01 3.417604142797038946e+00 1.799520128588110723e-01 3.103840869879500808e+00 3.734520350609802364e+00 4.025072396090740412e+00 2.156591007722150344e-01 3.662178303960726300e+00 4.390686353253861363e+00
6.965326633165829229e-01 1.564549623247880189e-02 9.917071717692790139e-04 1.443596627597196549e-02 1.774593060045842607e-02 6.199758190966702109e-01 4.360859071060574355e-02 5.523569712772401497e-01 6.888571774519619551e-01 3.379527436660556994e+00 1.831868844682022213e-01 3.066086810356459580e+00 3.713090853616837439e+00 3.986297287393084865e+00 2.146343308469434719e-01 3.636063064832165015e+00 4.349337974858071831e+00
7.015075376884422065e-01 1.550076471356612653e-02 9.464261499351402530e-04 1.448514677238205324e-02 1.765432929819230404e-02 6.143761137322830690e-01 4.024190133468331931e-02 5.490655437684879292e-01 6.759067512358538643e-01 3.339848107527312315e+00 1.808620750785563114e-01 3.036085374059863007e+00 3.644503067594861978e+00 3.952932650157467975e+00 2.214113948249301078e-01 3.589834771453183748e+00 4.352070311711833561e+00
7.064824120603014901e-01 1.561380403398624460e-02 9.378299654958766572e-04 1.457625656163877466e-02 1.773768785522954194e-02 6.086975784803633216e-01 4.007792164117855715e-02 5.476144155280276982e-01 6.747420210591726919e-01 3.307177670728667529e+00 1.783374082597758703e-01 3.018078598494700948e+00 3.607870169602476196e+00 3.913852517825051169e+00 2.131541381100827970e-01 3.561406772723483716e+00 4.306777420388047339e+00
7.114572864321608847e-01 1.540026331130031276e-02 9.910404588947109659e-04 1.437525790905604811e-02 1.769631604884796053e-02 6.033461863185817231e-01 4.006373252518276307e-02 5.422319331677790677e-01 6.747092933424680972e-01 3.276792906288206186e+00 1.833591145229120367e-01 2.980123370909443459e+00 3.609478802671240771e+00 3.870010015954921556e+00 2.150838948392303773e-01 3.504437231047000445e+00 4.255598599053387332e+00
7.164321608040201683e-01 1.545669305883624889e-02 9.785015928083079777e-04 1.454305569478935543e-02 1.782062571706018173e-02 5.980289012919206559e-01 4.005594532034088828e-02 5.352393871717638918e-01 6.711370476305041910e-01 3.243875402807556263e+00 1.772819662276609032e-01 2.956064446126690282e+00 3.558260613214865753e+00 3.831688014392761854e+00 2.208698101819902559e-01 3.479608590581922289e+00 4.221273427676661250e+00
7.214070351758794519e-01 1.513008922302987169e-02 1.111104517392993811e-03 1.400866573338317538e-02 1.783034863430171466e-02 5.934845006515337973e-01 4.008236837297923794e-02 5.336955009338432143e-01 6.695505769837083454e-01 3.203219419178670258e+00 1.763560746421059255e-01 2.911375362984509163e+00 3.513020727218037820e+00 3.789876511452418661e+00 2.164223652697016553e-01 3.436977681447863642e+00 4.183214283085450624e+00
7.263819095477387355e-01 1.528968197852021219e-02 1.008411958830816033e-03 1.409945403068752282e-02 1.771236545385502029e-02 5.875200168309657744e-01 3.955141104596372054e-02 5.287289583808206794e-01 6.605829578661568391e-01 3.171976235949547362e+00 1.805296614256943766e-01 2.889700475081312891e+00 3.492553257049265891e+00 3.747160677718873956e+00 2.175364590596583214e-01 3.403276357663730600e+00 4.133894073040106143e+00
7.313567839195980191e-01 1.495163591120377868e-02 1.000041445163695310e-03 1.357871508790713458e-02 1.741556445752811405e-02 5.805419540266711920e-01 3.989928459084184087e-02 5.205848534006457529e-01 6.544452904018986938e-01 3.138103347065173576e+00 1.770819458607974239e-01 2.858614755707911126e+00 3.467112633981771719e+00 3.703378110737666873e+00 2.237148892236588416e-01 3.344949224164351254e+00 4.074915922618214559e+00
7.363316582914573027e-01 1.502052152315900072e-02 1.169199608916861918e-03 1.376379090666859754e-02 1.787364163494794406e-02 5.729708215269339044e-01 3.704749354149921431e-02 5.155576901687008995e-01 6.359842715851089512e-01 3.102109459789351487e+00 1.752260384846718866e-01 2.836306919588515552e+00 3.416464945106027606e+00 3.664855022052831313e+00 2.234799548781581657e-01 3.314249402652710064e+00 4.041127782467994756e+00
7.413065326633165864e-01 1.479213304430099761e-02 1.132034087821919520e-03 1.351794755792549291e-02 1.756121012256819588e-02 5.649287783781778982e-01 3.535467661781450249e-02 5.108365503007648023e-01 6.234461802560175014e-01 3.066430223354694284e+00 1.845325373126353030e-01 2.779538045031281435e+00 3.377104402707520769e+00 3.624895640650913187e+00 2.173646443784102156e-01 3.281209710728758555e+00 4.012954439404517792e+00
7.462814070351758700e-01 1.482370027041054507e-02 9.928815638620277443e-04 1.355218919181494508e-02 1.735539840008639215e-02 5.578139727710490492e-01 3.449886532925541122e-02 5.040296716353767081e-01 6.139088536487568026e-01 3.030960934093386960e+00 1.833404188791988576e-01 2.749087494039038848e+00 3.343112434041104919e+00 3.586779589563377613e+00 2.125309109978258948e-01 3.252158823901423190e+00 3.973952383533882582e+00
7.512562814070351536e-01 1.457450095300202517e-02 9.761858410848624212e-04 1.359201866807046438e-02 1.713800415260189475e-02 5.529492282636807587e-01 3.448295472441391396e-02 4.995292137362365992e-01 6.083049095599766254e-01 2.995827131423339118e+00 1.800746441217994098e-01 2.717567931555189720e+00 3.312454801494461698e+00 3.539506247015199669e+00 2.101632885550109020e-01 3.226408034841198091e+00 3.942435130812303345e+00
7.562311557788945482e-01 1.472563815577903647e-02 1.098448376639064037e-03 1.347617843005755045e-02 1.749778752775354995e-02 5.466883595871381285e-01 3.310201114769942971e-02 4.925898933669156654e-01 5.996103184384554696e-01 2.963068069502024393e+00 1.747143664015820552e-01 2.696176903604359687e+00 3.274673542051292685e+00 3.499262916846578975e+00 2.109677062114427848e-01 3.199836625515098287e+00 3.903234330895745341e+00
7.612060301507538318e-01 1.450663599467430509e-02 1.055569046039028184e-03 1.331486599458897753e-02 1.727918836615618611e-02 5.420399122527532754e-01 3.327316511649396763e-02 4.893827301287988485e-01 5.925310033983148816e-01 2.920789596808982758e+00 1.715774763014719650e-01 2.671919566904367382e+00 3.247925434014698798e+00 3.452894010054792240e+00 2.094127255590931824e-01 3.156462781033447573e+00 3.843460438995744965e+00
7.661809045226131154e-01 1.449893624429638914e-02 9.429771155195832734e-04 1.352694650835004585e-02 1.693440175550697119e-02 5.355386807662358972e-01 3.332774061555280470e-02 4.806623035626986784e-01 5.867679883865566381e-01 2.886950023126282794e+00 1.720566379697250070e-01 2.648457554615934129e+00 3.210413178044474236e+00 3.413214452601207594e+00 2.095930610983040843e-01 3.116701163349696824e+00 3.810520742623070056e+00
7.711557788944723990e-01 1.427760923543138979e-02 9.079485562686235049e-04 1.325899985126042548e-02 1.652510164618974792e-02 5.295896760369397382e-01 3.421904024479514167e-02 4.718553508296664534e-01 5.818082878466211971e-01 2.851469951446145679e+00 1.756416423938975679e-01 2.616574930909318031e+00 3.174534244669449112e+00 3.369567972274894352e+00 2.068927956273113600e-01 3.068843234474597725e+00 3.755028342916214346e+00
7.761306532663316826e-01 1.441906012689718117e-02 9.749331721313796639e-04 1.325982034090823596e-02 1.696573764430447245e-02 5.214704849979133749e-01 3.200902508921243256e-02 4.688816809234834238e-01 5.716757628211965869e-01 2.814468440698255414e+00 1.742047698831691582e-01 2.579337268814307471e+00 3.145010005601569514e+00 3.332465529348163980e+00 2.003102901891130883e-01 3.040193141804007126e+00 3.694223287223924235e+00
7.811055276381909662e-01 1.442137062144829840e-02 9.171056229307955783e-04 1.338353924054055781e-02 1.668455856412591476e-02 5.166334476957340494e-01 3.094245699180727532e-02 4.624679651380613210e-01 5.648750146590847399e-01 2.781239525072188190e+00 1.749437903330026411e-01 2.537295516954808594e+00 3.109044107964342274e+00 3.287879109151595092e+00 1.930062168367306930e-01 3.009798590541368668e+00 3.642229540584358105e+00
7.860804020100502498e-01 1.426072492528328295e-02 9.148705704267129455e-04 1.323064991612885738e-02 1.650271689540367195e-02 5.088655709622572632e-01 2.870137249217891151e-02 4.577370148723999832e-01 5.540974131393926472e-01 2.746915959592208356e+00 1.690944190018634496e-01 2.515137947491064008e+00 3.057062026095364704e+00 3.247001093862837529e+00 1.921560533400414883e-01 2.967017207352798724e+00 3.603381192171422942e+00
7.910552763819095334e-01 1.433397243120672696e-02 9.120413909377387152e-04 1.320985452459017863e-02 1.665359391815196197e-02 5.013712436911279546e-01 2.999031169820563086e-02 4.497786531285183909e-01 5.495785785433758841e-01 2.708790217028716363e+00 1.617926858334231832e-01 2.491378833294082273e+00 3.010662223175155638e+00 3.206047280144084688e+00 1.841090178283923406e-01 2.938430690869484163e+00 3.533371654953499252e+00
7.960301507537689281e-01 1.416808689307318646e-02 9.271677400866644870e-04 1.310347630770928966e-02 1.648031112873624138e-02 4.963509690015687204e-01 2.945647639853987351e-02 4.480925280018726031e-01 5.444964501033511262e-01 2.676592605548711923e+00 1.608361090763922585e-01 2.456602248749069961e+00 2.982721584055952668e+00 3.166114324770588517e+00 1.831489856126552185e-01 2.889025004845104938e+00 3.503120545648087170e+00
8.010050251256282117e-01 1.424433226800115616e-02 9.296733766674631716e-04 1.322864862573528560e-02 1.649903251473159790e-02 4.902369347855708992e-01 2.943146330649784245e-02 4.433147109401122665e-01 5.394742203740333641e-01 2.640374583700044742e+00 1.524846653121147422e-01 2.425980926650900926e+00 2.922031661560784865e+00 3.123965631115114494e+00 1.784772793099696497e-01 2.861651682069955349e+00 3.460226784295624469e+00
8.059798994974874953e-01 1.408458958130546709e-02 8.836785000102707552e-04 1.318927223239274582e-02 1.636347050930321220e-02 4.841193149935945073e-01 2.825992326731887466e-02 4.414399523178122453e-01 5.351651174541591782e-01 2.607702750617478582e+00 1.519878465323907801e-01 2.391106469316957917e+00 2.890688098463367162e+00 3.078660284802142488e+00 1.704234958335802408e-01 2.825657712487009032e+00 3.405395357783211008e+00
8.109547738693467789e-01 1.413037563558994583e-02 9.349583135079184669e-04 1.318130707319729519e-02 1.642596996374532867e-02 4.790605430804694143e-01 2.707716095856890770e-02 4.380123178128341732e-01 5.274227007529461719e-01 2.571928046195047113e+00 1.469749026790977686e-01 2.367275795684558037e+00 2.860070627192285553e+00 3.037305810410442675e+00 1.697555426239715781e-01 2.779750521984932110e+00 3.362259992106260142e+00
8.159296482412060625e-01 1.397498088102607297e-02 8.329256471761822041e-04 1.325113461930592547e-02 1.608388967688314727e-02 4.719949269701312344e-01 2.772086223301725716e-02 4.334432895312203549e-01 5.214516642449976702e-01 2.532537608195957635e+00 1.448527086845292633e-01 2.331825211465225145e+00 2.818457911438660979e+00 2.991942048408440247e+00 1.662090336146046510e-01 2.745162002851944560e+00 3.313514335138887379e+00
8.209045226130653461e-01 1.409352942405943908e-02 8.327968530391065966e-04 1.331771184142332629e-02 1.629632794625131276e-02 4.666245255656001900e-01 2.857608319167139269e-02 4.261222681488745501e-01 5.193660242653027614e-01 2.495926668462324027e+00 1.405417170017707607e-01 2.295847833969631324e+00 2.775993971162092677e+00 2.944765654675300048e+00 1.727194617533008292e-01 2.692087519585296018e+00 3.294439434453495963e+00
8.258793969849246297e-01 1.396122529517888379e-02 7.743491511526258116e-04 1.302361024555195000e-02 1.592542948886827708e-02 4.598965277594427858e-01 2.643158446447889734e-02 4.243194585828969356e-01 5.090089879903763048e-01 2.454263691073293785e+00 1.404307349754536638e-01 2.265824290297665744e+00 2.741314863108682776e+00 2.897609365132405301e+00 1.723031596223621731e-01 2.651442129798271985e+00 3.254138136107624479e+00
8.308542713567839133e-01 1.400819887323531167e-02 7.786554140230922362e-04 1.303354844502145095e-02 1.600576229557008553e-02 4.544425929607184278e-01 2.648854700872310328e-02 4.218311210130915589e-01 5.026878578520787011e-01 2.412345743459689551e+00 1.465927037144341416e-01 2.214715272179003325e+00 2.727607432363769568e+00 2.861102582811992256e+00 1.710685977360944798e-01 2.625573388376791328e+00 3.224112008188971146e+00
8.358291457286431969e-01 1.394924539717493431e-02 7.627810464680240092e-04 1.290281024572253500e-02 1.592849546233779390e-02 4.489471630165936533e-01 2.820672797630303236e-02 4.105191575789616243e-01 5.017562429613260377e-01 2.377883121944180722e+00 1.437931153135277862e-01 2.188165255744598525e+00 2.689278914714460900e+00 2.818832864393599813e+00 1.729712927706954229e-01 2.596561382607450508e+00 3.198602286233805714e+00
8.408040201005025915e-01 1.396140863415062418e-02 7.323669871464095647e-04 1.288485511528473376e-02 1.574929060248209806e-02 4.435259776695770206e-01 2.628098727099548865e-02 4.066190764988443229e-01 4.923491110760008227e-01 2.343563132591292675e+00 1.450829247401335120e-01 2.156672306492534830e+00 2.662753289247508093e+00 2.774532486036471290e+00 1.756034812107399590e-01 2.553439388608940597e+00 3.163505353377634499e+00
8.457788944723618751e-01 1.383269209292533816e-02 6.987824083750205457e-04 1.289618189930164492e-02 1.548480719915258999e-02 4.375628068629006107e-01 2.496562915337872252e-02 4.030842151407998397e-01 4.817706876343922362e-01 2.307371298016287042e+00 1.483133109044210141e-01 2.115970014637716279e+00 2.644556808998769881e+00 2.734399300239357622e+00 1.753977153146314139e-01 2.518963906796868990e+00 3.132407922914471232e+00
8.507537688442211588e-01 1.393687226209954985e-02 7.046013047009465607e-04 1.295079592640961154e-02 1.567062697255786410e-02 4.319999882188915175e-01 2.432813045472278710e-02 4.004328592461351977e-01 4.757530649288585489e-01 2.270679080063832789e+00 1.490705461953767408e-01 2.086388994431014332e+00 2.611054308372982469e+00 2.694637528110974678e+00 1.767580216292635176e-01 2.475723472964403093e+00 3.095593035768993584e+00
8.557286432160804424e-01 1.372579101224628319e-02 6.446236586110295217e-04 1.291040398228991345e-02 1.505010505704864124e-02 4.273422085818377458e-01 2.414748712807410214e-02 3.970274776292950780e-01 4.677770696559848118e-01 2.236023728136733890e+00 1.516639084697332940e-01 2.046301233772287897e+00 2.587717273350750080e+00 2.643545468240605434e+00 1.625368690449698617e-01 2.436063937207739727e+00 3.007263303098641760e+00
8.607035175879397260e-01 1.380801475624864917e-02 6.143754918809497204e-04 1.301973947696877416e-02 1.511664208284937277e-02 4.204697862396833408e-01 2.555695573562151435e-02 3.902107705838134821e-01 4.640570544307660028e-01 2.197788594751829194e+00 1.458828070772044960e-01 2.017463210709271149e+00 2.538435532207648393e+00 2.603957003648290858e+00 1.597628774214592262e-01 2.408524647538935248e+00 2.962093193940325886e+00
8.656783919597990096e-01 1.363886534261117556e-02 5.062651838396587658e-04 1.295703657880301757e-02 1.451513721900844246e-02 4.133537193073067439e-01 2.482774966149313423e-02 3.798166321665613632e-01 4.550069365167738189e-01 2.155931097684973707e+00 1.353504291687010197e-01 1.996271518615479357e+00 2.469039562981163449e+00 2.561507713111564222e+00 1.504517695459077209e-01 2.379641275240443221e+00 2.893773441326246143e+00
8.706532663316582932e-01 1.369428001028777896e-02 5.803459715624524661e-04 1.294467878827985051e-02 1.471058397358547890e-02 4.077169373896675220e-01 2.462798278493261162e-02 3.734408156141345581e-01 4.504771643443433171e-01 2.118561113799255935e+00 1.290079921202690327e-01 1.967514259929959763e+00 2.413630288121897838e+00 2.523436005910712154e+00 1.513483038156425708e-01 2.346021065779342774e+00 2.865418956454562682e+00
8.756281407035175768e-01 1.355455000751406777e-02 5.205845888925622524e-04 1.288657802520700758e-02 1.442654527046331910e-02 4.011416910361444432e-01 2.423703843097452237e-02 3.677863511263691487e-01 4.433470184636163491e-01 2.082705249338376419e+00 1.280173203985791042e-01 1.935110020151251664e+00 2.381607573255629440e+00 2.480924556194535224e+00 1.494360927461233224e-01 2.300421872625077579e+00 2.810545247450768169e+00
8.806030150753769714e-01 1.365471346847673718e-02 5.005823113667349795e-04 1.298188293956601194e-02 1.443584016641703827e-02 3.961001576050372508e-01 2.372202610315252841e-02 3.626102738022216054e-01 4.380922527749607776e-01 2.049928714719862377e+00 1.279610826665741607e-01 1.897315736698743871e+00 2.345225130984890605e+00 2.440706167791572234e+00 1.521788509742758866e-01 2.245228326175545241e+00 2.771424765497866538e+00
8.855778894472362550e-01 1.355541057546386444e-02 5.302892162315377524e-04 1.271751207712487619e-02 1.444010999527844778e-02 3.888470882647713234e-01 2.176906913286634493e-02 3.583195056191763039e-01 4.243222978786496125e-01 2.015423592509832496e+00 1.251646170132787450e-01 1.855754283937820048e+00 2.295870652353420027e+00 2.401783808004267051e+00 1.496854265046195231e-01 2.218604652153180368e+00 2.728447718685795831e+00
8.905527638190955386e-01 1.357057616540277914e-02 5.267926935660279539e-04 1.282013239918274213e-02 1.445957030796043638e-02 3.825579481961789985e-01 2.002162075295214200e-02 3.512396229342580889e-01 4.146128391180146089e-01 1.983447498634190342e+00 1.251965330484421102e-01 1.832696231589844738e+00 2.269675339884452914e+00 2.359133119648628263e+00 1.450831440156071239e-01 2.171431368137707540e+00 2.668916763705309059e+00
8.955276381909548222e-01 1.367528312632749522e-02 5.356974146977760282e-04 1.283181947174851130e-02 1.458004504286542283e-02 3.762890593686630258e-01 2.035322473680841945e-02 3.457023241485292497e-01 4.077552903694987574e-01 1.946351337276330584e+00 1.234667106803654241e-01 1.793168520872216121e+00 2.225183416574697315e+00 2.320162507364206927e+00 1.451030315470114851e-01 2.135226135119837831e+00 2.629109184837547186e+00
9.005025125628141058e-01 1.346634075748338877e-02 6.028125459786562619e-04 1.260390381831468475e-02 1.452088303435676922e-02 3.713623168049745016e-01 1.945292751989904229e-02 3.425763860740665967e-01 4.046215564613014903e-01 1.910922111578539084e+00 1.234412971226411110e-01 1.758995138378530276e+00 2.184302070650265826e+00 2.281403868902802667e+00 1.426984996740908451e-01 2.108431690747977427e+00 2.596409361726220943e+00
9.054773869346733894e-01 1.357168782838199042e-02 5.443684873476169498e-04 1.267536539637284347e-02 1.447613517646594017e-02 3.648370410159931798e-01 1.785010883966055978e-02 3.390661951964394349e-01 3.963340865897764242e-01 1.877437041537550755e+00 1.193549435811089576e-01 1.736431332633331603e+00 2.144090534187907071e+00 2.241900859271717117e+00 1.348553721055728294e-01 2.067868543891878019e+00 2.532820709784177282e+00
9.104522613065326730e-01 1.335768515913936770e-02 5.808155571892317532e-04 1.250836628766780097e-02 1.423317031869734267e-02 3.575531450823032364e-01 1.603298387598775521e-02 3.335718103052854877e-01 3.862411259819399367e-01 1.844162513875614362e+00 1.168918196233216800e-01 1.702649554088295547e+00 2.111800804513245033e+00 2.196744691964036988e+00 1.260823212706478069e-01 2.026406639697078127e+00 2.462362775791558711e+00
9.154271356783919567e-01 1.337938876499448690e-02 7.349637876841238083e-04 1.211583870230410233e-02 1.451492102368668637e-02 3.523634789276010593e-01 1.616171219766200304e-02 3.277146816730397427e-01 3.813711730709250514e-01 1.806999110144375198e+00 1.099541274815361847e-01 1.667641472946920445e+00 2.051650652097655403e+00 2.155122727184718201e+00 1.214877514171195522e-01 1.990943549966199599e+00 2.408039383150492707e+00
9.204020100502512403e-01 1.317096308899139145e-02 7.010449461866218425e-04 1.189529053234014873e-02 1.411506702600278350e-02 3.474769843262481839e-01 1.592915625832624568e-02 3.234585008250236982e-01 3.774467483188619910e-01 1.769843900766942868e+00 1.057885798407648681e-01 1.634167001932805841e+00 1.998822788958075636e+00 2.113392031540328730e+00 1.172410829929205894e-01 1.955911267535992204e+00 2.361634115600719674e+00
9.253768844221106349e-01 1.323992712573252538e-02 6.854273066650344668e-04 1.194382424011732058e-02 1.402321556683405399e-02 3.409603594693449979e-01 1.678369178982530227e-02 3.179653038060189507e-01 3.732097588096573437e-01 1.733743476185357846e+00 1.011080789844846367e-01 1.604402787936039632e+00 1.951208440026124036e+00 2.069883200617583352e+00 1.122577990016827981e-01 1.925530682546316763e+00 2.308540643293385042e+00
9.303517587939699185e-01 1.301405468413834379e-02 6.328376215874949350e-04 1.177931153898223622e-02 1.386895742439351806e-02 3.350203896082602495e-01 1.520118186585460961e-02 3.103804407122484066e-01 3.604787193465640027e-01 1.694967888502499020e+00 9.604489033916031870e-02 1.581315820890407231e+00 1.900420458813212088e+00 2.023572466994212338e+00 1.074969589007418597e-01 1.887115155910608078e+00 2.245009693148204200e+00
9.353266331658292021e-01 1.304911393750422463e-02 6.580079468957693170e-04 1.179964234376626626e-02 1.392638566599549779e-02 3.269359240444075221e-01 1.369095722863061457e-02 3.053754410655151741e-01 3.467563381086645191e-01 1.654093525465262449e+00 9.149360747462355337e-02 1.542586954399618238e+00 1.846106095762177546e+00 1.984134713627178970e+00 1.064622000979782018e-01 1.850254188290564983e+00 2.206432555983825594e+00
9.403015075376884857e-01 1.278937062718553397e-02 6.269042230680587757e-04 1.164933363298019386e-02 1.394560897334873491e-02 3.199038080760070457e-01 1.329634545031762281e-02 3.016584030476346934e-01 3.400376845178287311e-01 1.618724822749295411e+00 8.844798126432849850e-02 1.507342585384964462e+00 1.799251763932607773e+00 1.940678396644222925e+00 9.914824543787664757e-02 1.807441528409451381e+00 2.141641901425534567e+00
9.452763819095477693e-01 1.279427913750596536e-02 5.776618474185404341e-04 1.174171021625057716e-02 1.380797373482646299e-02 3.143971789529222960e-01 1.444294958766394188e-02 2.988157556551692129e-01 3.371602465268180304e-01 1.582393416769350303e+00 8.192097975763504292e-02 1.476714098373441253e+00 1.752246200921959485e+00 1.899278171076392852e+00 9.244302671261095394e-02 1.775592765294389475e+00 2.088051391635921572e+00
9.502512562814070529e-01 1.233647129373482108e-02 5.858546437123232642e-04 1.165028242470562796e-02 1.340381231738527884e-02 3.060498356036158163e-01 1.464648842047038685e-02 2.891842893413962279e-01 3.321338371068665030e-01 1.546837504051127521e+00 7.788485153889947166e-02 1.446729609316717902e+00 1.711240458994774505e+00 1.852631304765165909e+00 8.732496350489858672e-02 1.742532147140099630e+00 2.035702661716864537e+00
9.552261306532663365e-01 1.248479712115948062e-02 5.654860975610109461e-04 1.159490523687346265e-02 1.362719553989270339e-02 2.982005082634983095e-01 1.486244865520798888e-02 2.807517255303645931e-01 3.257354521042320483e-01 1.504458507279306634e+00 7.389058273110818420e-02 1.416350343770121256e+00 1.668429365706490142e+00 1.805435992481144947e+00 8.344195701373781360e-02 1.703219503215349651e+00 1.971220280073207709e+00
9.602010050251256201e-01 1.200775154877087997e-02 5.291792350547005943e-04 1.134536778432217868e-02 1.286798047763765968e-02 2.919982808910307481e-01 1.320872515923699093e-02 2.769223555572366546e-01 3.156109530307180666e-01 1.464798337497523528e+00 6.552833115954014020e-02 1.384720852344077935e+00 1.606969996410043011e+00 1.760440411613928280e+00 7.486209627875814454e-02 1.671454719667017086e+00 1.917838590477191962e+00
9.651758793969849037e-01 1.203809642496355206e-02 4.609225429716840559e-04 1.132128666389054655e-02 1.276977374698865485e-02 2.855488272647480064e-01 1.261184667825408952e-02 2.730557891384212676e-01 3.084274126625252688e-01 1.425220916384599690e+00 5.696376696997905442e-02 1.355524219694415944e+00 1.545040685205251396e+00 1.714598724764474058e+00 6.719673081488074240e-02 1.626305599337564356e+00 1.849372786571246152e+00
9.701507537688442984e-01 1.162056997354838674e-02 2.568614606053369045e-04 1.113767531267365052e-02 1.194070736099758778e-02 2.778595183680597769e-01 1.031938518220405776e-02 2.661245678121095248e-01 2.969097010502311229e-01 1.385977288566803356e+00 5.019772403409309552e-02 1.321848791222463682e+00 1.490757444037016599e+00 1.670082820584218197e+00 5.887792804263159568e-02 1.597093091460496161e+00 1.793167747606342122e+00
9.751256281407035820e-01 1.169135452602964101e-02 3.476815000576937331e-04 1.102665482167496797e-02 1.221883198797335708e-02 2.695230827172536148e-01 8.225333698393745216e-03 2.600418477357575586e-01 2.878701560920085556e-01 1.345833185189093673e+00 4.172783279517849192e-02 1.290728544228023855e+00 1.429294789159105017e+00 1.621947652053988609e+00 4.936983952109220974e-02 1.559639421229360501e+00 1.723585640439548206e+00
9.801005025125628656e-01 1.141901455966908875e-02 2.609152899684258082e-04 1.091375772409810228e-02 1.184297734182923091e-02 2.620460722690098332e-01 8.442677902882968904e-03 2.528145498552932247e-01 2.811938231884713035e-01 1.300531942761628423e+00 3.561197562656399224e-02 1.258776585609146625e+00 1.382267363616565437e+00 1.564741664664450527e+00 3.926333686862324562e-02 1.514544745580407081e+00 1.649661509894216005e+00
9.850753768844221492e-01 1.139812219788572181e-02 1.552088353653863434e-04 1.111362347497197277e-02 1.167180076544206344e-02 2.539001706860912755e-01 5.237029043356588101e-03 2.481219197540624477e-01 2.625847221143545740e-01 1.248574780977676379e+00 2.485176087674613107e-02 1.220417185752896927e+00 1.305547914729141112e+00 1.510363257526500691e+00 3.284686800277188123e-02 1.470777032708719290e+00 1.587301965279048321e+00
9.900502512562814328e-01 1.113316513833132945e-02 1.401788575667053092e-04 1.096826178249880185e-02 1.138513397002826472e-02 2.431083893815410291e-01 4.782683877782857931e-03 2.368942443122179220e-01 2.520753058580829098e-01 1.195291504385472603e+00 1.997286935806855124e-02 1.169496291683385314e+00 1.239613965341445523e+00 1.444473885651560652e+00 2.354659798535106360e-02 1.416215280394158782e+00 1.500714854727344338e+00
9.950251256281407164e-01 1.117036876614750825e-02 1.438793092679608730e-04 1.092820455603570919e-02 1.140530466760168726e-02 2.309301177576935926e-01 3.180159327978502540e-03 2.256639577695711274e-01 2.346513001430013123e-01 1.129309200828977122e+00 1.443127005762565897e-02 1.110923141114683377e+00 1.159290577321791194e+00 1.363062639747826710e+00 1.534003115210694386e-02 1.340725340273879018e+00 1.396017185400669769e+00
1.000000000000000000e+00 1.120874170162206376e-02 1.469493622903703979e-04 1.102432292383010055e-02 1.146021003829624831e-02 2.172536871732481667e-01 2.043796053386410377e-03 2.147885448326720403e-01 2.205167468334374437e-01 1.021747781550969680e+00 3.656934783647791329e-03 1.015932122665699433e+00 1.027317403866160772e+00 1.246904087496746749e+00 4.289243058688865275e-03 1.241545533019638548e+00 1.254656086684777350e+00
