# FPR	TPR_MEAN	TPR_STD	TPR_MIN	TPR_MAX
0.000000000000000000e+00 3.448626653102747353e-02 2.053684541104716654e-02 9.155645981688707771e-04 6.388606307222786940e-02
2.004008016032063962e-03 2.453886001912267967e-01 2.628686501709590062e-02 2.038657171922685640e-01 2.893184130213631855e-01
4.008016032064127925e-03 3.405900305188199195e-01 2.693720744104172171e-02 3.007121057985757684e-01 3.925737538148524886e-01
6.012024048096191453e-03 4.025534079348932481e-01 1.930283930653903940e-02 3.786368260427263599e-01 4.441505595116989058e-01
8.016032064128255849e-03 4.444048830111902437e-01 1.892884548686192894e-02 4.150559511698880821e-01 4.846388606307222569e-01
1.002004008016032024e-02 4.755544252288911311e-01 1.800386500327348649e-02 4.395727365208545456e-01 5.044760935910478361e-01
1.202404809619238291e-02 5.026246185147508205e-01 1.743748742915442532e-02 4.658189216683621403e-01 5.278738555442522573e-01
1.402805611222444730e-02 5.255035605289928302e-01 1.709695962818234827e-02 4.927772126144455700e-01 5.533062054933876039e-01
1.603206412825651170e-02 5.475991861648016323e-01 1.636752699812967296e-02 5.175991861648016057e-01 5.751780264496439976e-01
1.803607214428857436e-02 5.640590030518819464e-01 1.600905645029789340e-02 5.358087487283824668e-01 5.918616480162767202e-01
2.004008016032064049e-02 5.792573753814852511e-01 1.439609036155363453e-02 5.523906408952187208e-01 6.047812817904374416e-01
2.204408817635270315e-02 5.954018311291964238e-01 1.330726318822873268e-02 5.700915564598169061e-01 6.188199389623600943e-01
2.404809619238476581e-02 6.087385554425228662e-01 1.247722182060823255e-02 5.859613428280773251e-01 6.304170905391658364e-01
2.605210420841683194e-02 6.217395727365209179e-01 1.295699135132346788e-02 6.019328585961343236e-01 6.438453713123092337e-01
2.805611222444889460e-02 6.326144455747709783e-01 1.239949103208939744e-02 6.124109867751780234e-01 6.526958290946083263e-01
3.006012024048096073e-02 6.424618514750762843e-01 1.273107570511261034e-02 6.191251271617497220e-01 6.618514750762970467e-01
3.206412825651302340e-02 6.517599186164801939e-01 1.343612397723074545e-02 6.277721261444557665e-01 6.748728382502543477e-01
3.406813627254508953e-02 6.604577822990844727e-01 1.410088747618252515e-02 6.351983723296033002e-01 6.850457782299084197e-01
3.607214428857714872e-02 6.693387589013225503e-01 1.472303845593041748e-02 6.432349949135299783e-01 6.950152594099694436e-01
3.807615230460921485e-02 6.781688708036621716e-01 1.381994551467544997e-02 6.557477110885046034e-01 7.002034587995931147e-01
4.008016032064128098e-02 6.849440488301118402e-01 1.476009106254618820e-02 6.585961342828077214e-01 7.103763987792471868e-01
4.208416833667334017e-02 6.917293997965411334e-01 1.511591054920690368e-02 6.649033570701933238e-01 7.173957273652085131e-01
4.408817635270540630e-02 6.986063072227873816e-01 1.482480801758364643e-02 6.730417090539165814e-01 7.246185147507629987e-01
4.609218436873747243e-02 7.045879959308239959e-01 1.518247475445980328e-02 6.792472024415056042e-01 7.324516785350966286e-01
4.809619238476953162e-02 7.101119023397761687e-01 1.532108256058262521e-02 6.844354018311291643e-01 7.365208545269582574e-01
5.010020040080159776e-02 7.164598168870802697e-01 1.554988366885676730e-02 6.895218718209562558e-01 7.425228891149542321e-01
5.210420841683366389e-02 7.216174974567649558e-01 1.616257354264123702e-02 6.932858596134282569e-01 7.482197355035605790e-01
5.410821643286573002e-02 7.267243133265512967e-01 1.571368896287335740e-02 7.007121057985757906e-01 7.530010172939979318e-01
5.611222444889778921e-02 7.319328585961343281e-01 1.626146603614448197e-02 7.063072227873855580e-01 7.608341810783316728e-01
5.811623246492985534e-02 7.368056968463886358e-01 1.627554675438713447e-02 7.103763987792471868e-01 7.660223804679552329e-01
6.012024048096192147e-02 7.411902339776196280e-01 1.614394292595673283e-02 7.147507629704984433e-01 7.697863682604272340e-01
6.212424849699398066e-02 7.454628687690743050e-01 1.664900075072392113e-02 7.189216683621566517e-01 7.755849440488301605e-01
6.412825651302604679e-02 7.501017293997964686e-01 1.658515280400714442e-02 7.227873855544252324e-01 7.791454730417090024e-01
6.613226452905811292e-02 7.538351983723297067e-01 1.622593812653851802e-02 7.270600203458799093e-01 7.826042726347914869e-01
6.813627254509017905e-02 7.577822990844353956e-01 1.615525647657429370e-02 7.318413021363173732e-01 7.864699898270600675e-01
7.014028056112224518e-02 7.618616480162766491e-01 1.644190389721111173e-02 7.369277721261444647e-01 7.898270600203458613e-01
7.214428857715429744e-02 7.653204476093591335e-01 1.613240012671276341e-02 7.393692777212614864e-01 7.925737538148525108e-01
7.414829659318636357e-02 7.691658189216683539e-01 1.659483421072259490e-02 7.420142421159715562e-01 7.972533062054933950e-01
7.615230460921842970e-02 7.721363173957274117e-01 1.604266183960487493e-02 7.457782299084435573e-01 7.988809766022380021e-01
7.815631262525049583e-02 7.753814852492370013e-01 1.604360040994208189e-02 7.489318413021363030e-01 8.021363173957273274e-01
8.016032064128256196e-02 7.781078331637842904e-01 1.586227226444512917e-02 7.523906408952186764e-01 8.059003051881994395e-01
8.216432865731462809e-02 7.817599186164801983e-01 1.553438579989667619e-02 7.572736520854527198e-01 8.085452695829095093e-01
8.416833667334668034e-02 7.848931841302136947e-01 1.546837255479682066e-02 7.612410986775177690e-01 8.119023397761953031e-01
8.617234468937874647e-02 7.879450661241098608e-01 1.572318295560122536e-02 7.635808748728382112e-01 8.145473041709053730e-01
8.817635270541081260e-02 7.910376398779246365e-01 1.588272224952635980e-02 7.678535096642929991e-01 8.183112919633773741e-01
9.018036072144287874e-02 7.935707019328586131e-01 1.592679589812615384e-02 7.706002034587996485e-01 8.216683621566632789e-01
9.218436873747494487e-02 7.966734486266531245e-01 1.574112818845036649e-02 7.740590030518820219e-01 8.237029501525940933e-01
9.418837675350701100e-02 7.993692777212613176e-01 1.602700122296176269e-02 7.758901322482197882e-01 8.270600203458799982e-01
9.619238476953906325e-02 8.020956256358087177e-01 1.602276477441222369e-02 7.781281790437436507e-01 8.313326551373346751e-01
9.819639278557112938e-02 8.046795523906409286e-01 1.582459590820133391e-02 7.806714140386571410e-01 8.342828077314343727e-01
1.002004008016031955e-01 8.072227873855546409e-01 1.588777445212023742e-02 7.844354018311291421e-01 8.377416073245167460e-01
1.022044088176352616e-01 8.097151576805696749e-01 1.570289756112157320e-02 7.872838250254323711e-01 8.400813835198371882e-01
1.042084168336673278e-01 8.118718209562564292e-01 1.595414428742681842e-02 7.903357070193285372e-01 8.441505595116989280e-01
1.062124248496993939e-01 8.142726347914546192e-01 1.602307802579781490e-02 7.927772126144455589e-01 8.472024415055950941e-01
1.082164328657314600e-01 8.168056968463884848e-01 1.580619546775972190e-02 7.951169888097660010e-01 8.501525940996947917e-01
1.102204408817635123e-01 8.189114954221770049e-01 1.554939449865901623e-02 7.972533062054933950e-01 8.519837232960325579e-01
1.122244488977955784e-01 8.216683621566632789e-01 1.570749370722459431e-02 7.994913530010172575e-01 8.559511698880976072e-01
1.142284569138276445e-01 8.239979654120039854e-01 1.566450756362204599e-02 8.012207527975584442e-01 8.586978636826042566e-01
1.162324649298597107e-01 8.259104781281789709e-01 1.533943411383414945e-02 8.036622583926754659e-01 8.598168870803661878e-01
1.182364729458917768e-01 8.278128179043742207e-01 1.507258985479209210e-02 8.051881993896236045e-01 8.608341810783316506e-01
1.202404809619238429e-01 8.296236012207527377e-01 1.461832714836959132e-02 8.086469989827059779e-01 8.623601220752797891e-01
1.222444889779558952e-01 8.314750762970499753e-01 1.454923903501144887e-02 8.104781281790437442e-01 8.632756866734486723e-01
1.242484969939879613e-01 8.332248219735504113e-01 1.438089628317502748e-02 8.135300101729400213e-01 8.642929806714140240e-01
1.262525050100200275e-01 8.349237029501527241e-01 1.432095964372448460e-02 8.145473041709053730e-01 8.657171922685655829e-01
1.282565130260520936e-01 8.367751780264496286e-01 1.422475689655951746e-02 8.158697863682604634e-01 8.672431332655137215e-01
1.302605210420841597e-01 8.385350966429296893e-01 1.401887234273777039e-02 8.174974567650050705e-01 8.683621566632756528e-01
1.322645290581162258e-01 8.401119023397761731e-01 1.397215809882463265e-02 8.188199389623601610e-01 8.694811800610376951e-01
1.342685370741482920e-01 8.415971515768057021e-01 1.402880881800599826e-02 8.211597151576806031e-01 8.711088504577823022e-01
1.362725450901803581e-01 8.432858596134285012e-01 1.400265556406706143e-02 8.242115971515767692e-01 8.729399796541200685e-01
1.382765531062124242e-01 8.449338758901323576e-01 1.425381368174931732e-02 8.255340793489318596e-01 8.752797558494405106e-01
1.402805611222444904e-01 8.467141403865717786e-01 1.450432938365594018e-02 8.265513733468972113e-01 8.773143438453713250e-01
1.422845691382765287e-01 8.482197355035603348e-01 1.437598759424750169e-02 8.283825025432349776e-01 8.793489318413021394e-01
1.442885771543085949e-01 8.496134282807732419e-01 1.431821335569611643e-02 8.289928789420142330e-01 8.801627670396744429e-01
1.462925851703406610e-01 8.511393692777213804e-01 1.435257629130648298e-02 8.305188199389623716e-01 8.816887080366225815e-01
1.482965931863727271e-01 8.524923702950152338e-01 1.411049483688535389e-02 8.324516785350966064e-01 8.827060020345880442e-01
1.503006012024047933e-01 8.537029501525941200e-01 1.407623569740892172e-02 8.340793489318413245e-01 8.838250254323499755e-01
1.523046092184368594e-01 8.552695829094607571e-01 1.389841416137302388e-02 8.363173957273651871e-01 8.847405900305188586e-01
1.543086172344689255e-01 8.567141403865716764e-01 1.382833367484471998e-02 8.375381485249236979e-01 8.864699898270600453e-01
1.563126252505009917e-01 8.584231943031536138e-01 1.406804316768913397e-02 8.394710071210579327e-01 8.885045778229908597e-01
1.583166332665330578e-01 8.596134282807732507e-01 1.423273924723922855e-02 8.408952187182096027e-01 8.904374364191250946e-01
1.603206412825651239e-01 8.609257375381484945e-01 1.384532646459527526e-02 8.432349949135300449e-01 8.911495422177009296e-01
1.623246492985971901e-01 8.623804679552391494e-01 1.373013787264378872e-02 8.442522889114953966e-01 8.926754832146490681e-01
1.643286573146292562e-01 8.637029501525941289e-01 1.363445714701236322e-02 8.457782299084435351e-01 8.939979654120040475e-01
1.663326653306613223e-01 8.650254323499491083e-01 1.372222138414057324e-02 8.464903357070193701e-01 8.953204476093591380e-01
1.683366733466933607e-01 8.665005086469991236e-01 1.342581823346611011e-02 8.483214649033570254e-01 8.961342828077314415e-01
1.703406813627254268e-01 8.678331637843335056e-01 1.317934115449045061e-02 8.502543234994913712e-01 8.968463886063072765e-01
1.723446893787574929e-01 8.690844354018312234e-01 1.303260021877986237e-02 8.512716174974567229e-01 8.973550356052899524e-01
1.743486973947895591e-01 8.702339776195320287e-01 1.311908587410562030e-02 8.525940996948118134e-01 8.987792472024415114e-01
1.763527054108216252e-01 8.714750762970497888e-01 1.353178458446231518e-02 8.530010172939980206e-01 9.008138351983723258e-01
1.783567134268536913e-01 8.726958290946085217e-01 1.348098415452191924e-02 8.541200406917599519e-01 9.016276703967446293e-01
1.803607214428857575e-01 8.741810783316378286e-01 1.357512422969212387e-02 8.552390640895218832e-01 9.028484231943031402e-01
1.823647294589178236e-01 8.753306205493387449e-01 1.352972333888509925e-02 8.567650050864700217e-01 9.042726347914546992e-01
1.843687374749498897e-01 8.765412004069175200e-01 1.332819757951440691e-02 8.585961342828076770e-01 9.053916581892166304e-01
1.863727454909819559e-01 8.778128179043743762e-01 1.353585643814719103e-02 8.601220752797558156e-01 9.073245167853509763e-01
1.883767535070140220e-01 8.788809766022380732e-01 1.359252494089820823e-02 8.614445574771109060e-01 9.086469989827059557e-01
1.903807615230460881e-01 8.800508646998983497e-01 1.375059781069336642e-02 8.627670396744658854e-01 9.098677517802644665e-01
1.923847695390781265e-01 8.812105798575787796e-01 1.356484779803936343e-02 8.643947100712106035e-01 9.104781281790437220e-01
1.943887775551101926e-01 8.823499491353000712e-01 1.331126378076642920e-02 8.660223804679552106e-01 9.112919633774160255e-01
1.963927855711422588e-01 8.833468972533061736e-01 1.312987672316412620e-02 8.672431332655137215e-01 9.119023397761952809e-01
1.983967935871743249e-01 8.845066124109866035e-01 1.302613483909152887e-02 8.683621566632756528e-01 9.128179043743641641e-01
2.004008016032063910e-01 8.858392675483214296e-01 1.284039429243523031e-02 8.699898270600203709e-01 9.133265513733469509e-01
2.024048096192384572e-01 8.870803662258393008e-01 1.272528666432936814e-02 8.713123092573753503e-01 9.140386571719226749e-01
2.044088176352705233e-01 8.884231943031537515e-01 1.256214340152342693e-02 8.727365208545269093e-01 9.150559511698881376e-01
2.064128256513025894e-01 8.892878942014240673e-01 1.256694120241912821e-02 8.736520854526957924e-01 9.157680569684638616e-01
2.084168336673346555e-01 8.903357070193285150e-01 1.237825679424447295e-02 8.745676500508646756e-01 9.160732451678534893e-01
2.104208416833667217e-01 8.913733468972532270e-01 1.220352596320003688e-02 8.755849440488301383e-01 9.168870803662257929e-01
2.124248496993987878e-01 8.925737538148524886e-01 1.221939064178785214e-02 8.770091556459816973e-01 9.177009155645982075e-01
2.144288577154308539e-01 8.932858596134284346e-01 1.229116819873992544e-02 8.774160732451679046e-01 9.187182095625635592e-01
2.164328657314629201e-01 8.943234994913529246e-01 1.214112151753529191e-02 8.782299084435402081e-01 9.192268565615462350e-01
2.184368737474949584e-01 8.951983723296030870e-01 1.219300594353501556e-02 8.792472024415055598e-01 9.198372329603254904e-01
2.204408817635270246e-01 8.960325534079348619e-01 1.213363529749470621e-02 8.800610376398779744e-01 9.207527975584943736e-01
2.224448897795590907e-01 8.971414038657170575e-01 1.192244695423489570e-02 8.813835198372329538e-01 9.209562563580875327e-01
2.244488977955911568e-01 8.980976602238046613e-01 1.205491670635896496e-02 8.818921668362156296e-01 9.219735503560528844e-01
2.264529058116232230e-01 8.987995930824006496e-01 1.215526281960012042e-02 8.825025432349948851e-01 9.230925737538148157e-01
2.284569138276552891e-01 8.997049847405900191e-01 1.219603137859865370e-02 8.836215666327568163e-01 9.237029501525940711e-01
2.304609218436873552e-01 9.006002034587996530e-01 1.227545108420882193e-02 8.844354018311292309e-01 9.249237029501525820e-01
2.324649298597194214e-01 9.014852492370293291e-01 1.203413652562910531e-02 8.854526958290945826e-01 9.255340793489318374e-01
2.344689378757514875e-01 9.021464903357070408e-01 1.187975093449595253e-02 8.858596134282807899e-01 9.258392675483214651e-01
2.364729458917835536e-01 9.030722278738553266e-01 1.175622198461987594e-02 8.870803662258393008e-01 9.266531027466937687e-01
2.384769539078156197e-01 9.041505595116989813e-01 1.153593451860169400e-02 8.893184130213631633e-01 9.273652085452696037e-01
2.404809619238476859e-01 9.048626653102745943e-01 1.163215078926147297e-02 8.899287894201424187e-01 9.283825025432349554e-01
2.424849699398797520e-01 9.055645981688709156e-01 1.156597064683563027e-02 8.906408952187182537e-01 9.286876907426245831e-01
2.444889779559117904e-01 9.065513733468973934e-01 1.141576121756188514e-02 8.917599186164801850e-01 9.297049847405900458e-01
2.464929859719438565e-01 9.074364191251271805e-01 1.135743486053942229e-02 8.923702950152594404e-01 9.301119023397761421e-01
2.484969939879759226e-01 9.084028484231942979e-01 1.133150445913451085e-02 8.931841302136317440e-01 9.309257375381485566e-01
2.505010020040079888e-01 9.091047812817905083e-01 1.127474331499415602e-02 8.940996948118006271e-01 9.313326551373346529e-01
2.525050100200400549e-01 9.098677517802643555e-01 1.122937757474856343e-02 8.948118006103763511e-01 9.319430315361139083e-01
2.545090180360721210e-01 9.105289928789419562e-01 1.135641427303719225e-02 8.952187182095625584e-01 9.329603255340793710e-01
2.565130260521041872e-01 9.111291963377414760e-01 1.137698600735384882e-02 8.957273652085452342e-01 9.333672431332654673e-01
2.585170340681362533e-01 9.119532044760936262e-01 1.115524447451590913e-02 8.968463886063072765e-01 9.338758901322482542e-01
2.605210420841683194e-01 9.127365208545269448e-01 1.126542756537980867e-02 8.974567650050864209e-01 9.343845371312309300e-01
2.625250501002003856e-01 9.135707019328584977e-01 1.113704180035334293e-02 8.981688708036622559e-01 9.348931841302136059e-01
2.645290581162324517e-01 9.142624618514751944e-01 1.113598242803177756e-02 8.988809766022380909e-01 9.356052899287894409e-01
2.665330661322645178e-01 9.149033570701931017e-01 1.113509489381375381e-02 8.992878942014241872e-01 9.358087487283824890e-01
2.685370741482965840e-01 9.155645981688707025e-01 1.102410672810570300e-02 9.003051881993896499e-01 9.362156663275686963e-01
2.705410821643286501e-01 9.164903357070193213e-01 1.087376888975927214e-02 9.015259409969481608e-01 9.370295015259409999e-01
2.725450901803607162e-01 9.172838250254324866e-01 1.068443986510736118e-02 9.028484231943031402e-01 9.375381485249236757e-01
2.745490981963927823e-01 9.178840284842320063e-01 1.073182971299771471e-02 9.035605289928789752e-01 9.385554425228891384e-01
2.765531062124248485e-01 9.187690742624621265e-01 1.075989798588814460e-02 9.041709053916582306e-01 9.396744659206510697e-01
2.785571142284569146e-01 9.194710071210578928e-01 1.044342345030295494e-02 9.052899287894201619e-01 9.399796541200406974e-01
2.805611222444889807e-01 9.199898270600204153e-01 1.027006030602336910e-02 9.062054933875890450e-01 9.399796541200406974e-01
2.825651302605209914e-01 9.208036622583927189e-01 1.013117060704148316e-02 9.073245167853509763e-01 9.406917599186165324e-01
2.845691382765530575e-01 9.215055951169889292e-01 1.007400518169882485e-02 9.080366225839267003e-01 9.413021363173956768e-01
2.865731462925851236e-01 9.220447609359103680e-01 1.011878259679502463e-02 9.082400813835198594e-01 9.419125127161749322e-01
2.885771543086171897e-01 9.228077314343844373e-01 1.001389405565775159e-02 9.091556459816887426e-01 9.422177009155645599e-01
2.905811623246492559e-01 9.234079348931840681e-01 1.002945091391491475e-02 9.094608341810783703e-01 9.426246185147507672e-01
2.925851703406813220e-01 9.239979654120041852e-01 9.899002439334397482e-03 9.101729399796540942e-01 9.430315361139369745e-01
2.945891783567133881e-01 9.247711088504578791e-01 9.806972681614924831e-03 9.108850457782299292e-01 9.435401831129196504e-01
2.965931863727454543e-01 9.254120040691760085e-01 9.695489617092522758e-03 9.116988809766022328e-01 9.441505595116989058e-01
2.985971943887775204e-01 9.260122075279755283e-01 9.621907373962226492e-03 9.122075279755849087e-01 9.446592065106815816e-01
3.006012024048095865e-01 9.265412004069176755e-01 9.658342656059370340e-03 9.126144455747711159e-01 9.454730417090538852e-01
3.026052104208416527e-01 9.270701932858594896e-01 9.569535996205176184e-03 9.133265513733469509e-01 9.457782299084435129e-01
3.046092184368737188e-01 9.277619532044761863e-01 9.544630486648011947e-03 9.139369277721260953e-01 9.461851475076297202e-01
3.066132264529057849e-01 9.283112919633774718e-01 9.518637885409977906e-03 9.149542217700915581e-01 9.468972533062054442e-01
3.086172344689378511e-01 9.289521871820956012e-01 9.614284061442849791e-03 9.151576805696846062e-01 9.477110885045778588e-01
3.106212424849699172e-01 9.296439471007120758e-01 9.704280926768959342e-03 9.157680569684638616e-01 9.484231943031535828e-01
3.126252505010019833e-01 9.302034587995932080e-01 9.584232283702406874e-03 9.161749745676500689e-01 9.486266531027467419e-01
3.146292585170340494e-01 9.307121057985756618e-01 9.674187792111108367e-03 9.164801627670396966e-01 9.493387589013224659e-01
3.166332665330661156e-01 9.313835198372331092e-01 9.662713368792688953e-03 9.170905391658189520e-01 9.496439471007120936e-01
3.186372745490981817e-01 9.318921668362156741e-01 9.686887973277843664e-03 9.177009155645982075e-01 9.502543234994913490e-01
3.206412825651302478e-01 9.324211597151578212e-01 9.553257305731671645e-03 9.185147507629705110e-01 9.509664292980671840e-01
3.226452905811623140e-01 9.330518819938962150e-01 9.592974521734526014e-03 9.191251271617497665e-01 9.517802644964394876e-01
3.246492985971943801e-01 9.336215666327568607e-01 9.519094507620997833e-03 9.201424211597151182e-01 9.523906408952187430e-01
3.266533066132264462e-01 9.341912512716176176e-01 9.529221541994597686e-03 9.206510681586979050e-01 9.527975584944048393e-01
3.286573146292585124e-01 9.348626653102746209e-01 9.349374613841256176e-03 9.220752797558494640e-01 9.532044760935910466e-01
3.306613226452905785e-01 9.353814852492370324e-01 9.366598795444831815e-03 9.222787385554425121e-01 9.537131230925737224e-01
3.326653306613226446e-01 9.358799593082400836e-01 9.258945905481321195e-03 9.227873855544251880e-01 9.537131230925737224e-01
3.346693386773546552e-01 9.363784333672431348e-01 9.248785882401138955e-03 9.232960325534079749e-01 9.543234994913529778e-01
3.366733466933867214e-01 9.369277721261444203e-01 9.278591274729243790e-03 9.237029501525940711e-01 9.549338758901322333e-01
3.386773547094187875e-01 9.374059003051883332e-01 9.193439572498369322e-03 9.241098677517802784e-01 9.552390640895218610e-01
3.406813627254508536e-01 9.379043743641911623e-01 9.029101751265875345e-03 9.251271617497456301e-01 9.554425228891149091e-01
3.426853707414829198e-01 9.382706002034586490e-01 8.986892867369703636e-03 9.256358087487284170e-01 9.556459816887080683e-01
3.446893787575149859e-01 9.387690742624620333e-01 9.027296355595411381e-03 9.262461851475076724e-01 9.559511698880976960e-01
3.466933867735470520e-01 9.392878942014242227e-01 8.978136809699400686e-03 9.265513733468973001e-01 9.562563580874873237e-01
3.486973947895791182e-01 9.398779247202441178e-01 8.744823941260226538e-03 9.278738555442522795e-01 9.565615462868769514e-01
3.507014028056111843e-01 9.403255340793489347e-01 8.711292305516642187e-03 9.287894201424211627e-01 9.569684638860630477e-01
3.527054108216432504e-01 9.407731434384537517e-01 8.720031479878891448e-03 9.292980671414038385e-01 9.576805696846388827e-01
3.547094188376753165e-01 9.411698880976601123e-01 8.730854248117285096e-03 9.300101729399796735e-01 9.577822990844353512e-01
3.567134268537073827e-01 9.416480162767040252e-01 8.740231033923661838e-03 9.305188199389623493e-01 9.585961342828077658e-01
3.587174348697394488e-01 9.421566632756868120e-01 8.767775995362134950e-03 9.310274669379450252e-01 9.590030518819938621e-01
3.607214428857715149e-01 9.425534079348929506e-01 8.765043105035102283e-03 9.313326551373346529e-01 9.594099694811800694e-01
3.627254509018035811e-01 9.430518819938962238e-01 8.731061676946375721e-03 9.317395727365208602e-01 9.596134282807731175e-01
3.647294589178356472e-01 9.435401831129196504e-01 8.611259995392896160e-03 9.326551373346897433e-01 9.597151576805696971e-01
3.667334669338677133e-01 9.439369277721260110e-01 8.602536637131690325e-03 9.328585961342827915e-01 9.600203458799593248e-01
3.687374749498997795e-01 9.444150559511698129e-01 8.560055995525584285e-03 9.328585961342827915e-01 9.601220752797559044e-01
3.707414829659318456e-01 9.449338758901323354e-01 8.341072592204313088e-03 9.333672431332654673e-01 9.605289928789420006e-01
3.727454909819639117e-01 9.455239064089522305e-01 8.290821261129044037e-03 9.338758901322482542e-01 9.611393692777212561e-01
3.747494989979959779e-01 9.458901322482198282e-01 8.249551846442625125e-03 9.341810783316378819e-01 9.613428280773143042e-01
3.767535070140280440e-01 9.464598168870802519e-01 8.088613266723127665e-03 9.349949135300101855e-01 9.614445574771108838e-01
3.787575150300601101e-01 9.469582909460833031e-01 8.111629576904970385e-03 9.353001017293998132e-01 9.619532044760935596e-01
3.807615230460921762e-01 9.473957273652086064e-01 8.029723914954749880e-03 9.360122075279755371e-01 9.621566632756867188e-01
3.827655310621242424e-01 9.478128179043743273e-01 7.889375668394935440e-03 9.364191251271617444e-01 9.624618514750763465e-01
3.847695390781562530e-01 9.482706002034587689e-01 7.866682588709813378e-03 9.371312309257375794e-01 9.630722278738554909e-01
3.867735470941883191e-01 9.486876907426244898e-01 7.795711817448870186e-03 9.374364191251272072e-01 9.633774160732451186e-01
3.887775551102203853e-01 9.490335707019328382e-01 7.821793547181479442e-03 9.375381485249236757e-01 9.635808748728382778e-01
3.907815631262524514e-01 9.495625635808748743e-01 7.725247832682681677e-03 9.384537131230925588e-01 9.640895218718209536e-01
3.927855711422845175e-01 9.500203458799590939e-01 7.695215533617671792e-03 9.388606307222787661e-01 9.643947100712105813e-01
3.947895791583165837e-01 9.504577822990845082e-01 7.634315324605031247e-03 9.394710071210580216e-01 9.645981688708036295e-01
3.967935871743486498e-01 9.508748728382503401e-01 7.562874482738611917e-03 9.397761953204476493e-01 9.646998982706002090e-01
3.987975951903807159e-01 9.511495422177009829e-01 7.516942232061853656e-03 9.399796541200406974e-01 9.646998982706002090e-01
4.008016032064127820e-01 9.514547304170906106e-01 7.495296256824689370e-03 9.401831129196337455e-01 9.648016276703967886e-01
4.028056112224448482e-01 9.517802644964394876e-01 7.363831416360499399e-03 9.409969481180060491e-01 9.651068158697864163e-01
4.048096192384769143e-01 9.522990844354020101e-01 7.333617325936815472e-03 9.410986775178026287e-01 9.655137334689725126e-01
4.068136272545089804e-01 9.526653102746693857e-01 7.399168852293251837e-03 9.412004069175992083e-01 9.659206510681587199e-01
4.088176352705410466e-01 9.530213631739574698e-01 7.330279184620266432e-03 9.414038657171922564e-01 9.662258392675483476e-01
4.108216432865731127e-01 9.534384537131230797e-01 7.239681930589892886e-03 9.420142421159715118e-01 9.666327568667344439e-01
4.128256513026051788e-01 9.539064089521870349e-01 7.036917529763947292e-03 9.431332655137334431e-01 9.667344862665310234e-01
4.148296593186372450e-01 9.543031536113936175e-01 7.068517113604605613e-03 9.436419125127162300e-01 9.670396744659206512e-01
4.168336673346693111e-01 9.546490335707018549e-01 7.017677131867797007e-03 9.440488301119023262e-01 9.672431332655136993e-01
4.188376753507013772e-01 9.549338758901322333e-01 6.950880385774768459e-03 9.445574771108850021e-01 9.674465920651068584e-01
4.208416833667334433e-01 9.552797558494404706e-01 6.829096957225214669e-03 9.451678535096642575e-01 9.675483214649033270e-01
4.228456913827655095e-01 9.557375381485249122e-01 6.782910242006554187e-03 9.457782299084435129e-01 9.681586978636825824e-01
4.248496993987975756e-01 9.561953204476093537e-01 6.736637300039779661e-03 9.461851475076297202e-01 9.684638860630722101e-01
4.268537074148296417e-01 9.565412004069177021e-01 6.764171312940806327e-03 9.465920651068158165e-01 9.686673448626652583e-01
4.288577154308617079e-01 9.567650050864699995e-01 6.770930332571202873e-03 9.468972533062054442e-01 9.687690742624618379e-01
4.308617234468937740e-01 9.570396744659206423e-01 6.751499073491259301e-03 9.471007121057986033e-01 9.690742624618514656e-01
4.328657314629258401e-01 9.575076297049847085e-01 6.616173903888204234e-03 9.479145473041709069e-01 9.694811800610376729e-01
4.348697394789579063e-01 9.578636826042726815e-01 6.581160995297990687e-03 9.483214649033571142e-01 9.698880976602237691e-01
4.368737474949899169e-01 9.582400813835200148e-01 6.576197888703717159e-03 9.486266531027467419e-01 9.700915564598169283e-01
4.388777555110219830e-01 9.585554425228890452e-01 6.559487717961258284e-03 9.487283825025432105e-01 9.702950152594099764e-01
4.408817635270540491e-01 9.587690742624618290e-01 6.544300599523863136e-03 9.490335707019328382e-01 9.703967446592065560e-01
4.428857715430861153e-01 9.591556459816885649e-01 6.514535037154998813e-03 9.496439471007120936e-01 9.708036622583926523e-01
4.448897795591181814e-01 9.594608341810783037e-01 6.384725480209491044e-03 9.504577822990843972e-01 9.708036622583926523e-01
4.468937875751502475e-01 9.598880976602236492e-01 6.398132286675708297e-03 9.506612410986775563e-01 9.713123092573753281e-01
4.488977955911823137e-01 9.601831129196339853e-01 6.320040793283001647e-03 9.511698880976602322e-01 9.714140386571719077e-01
4.509018036072143798e-01 9.607121057985757995e-01 6.195946828504409094e-03 9.515768056968464395e-01 9.717192268565615354e-01
4.529058116232464459e-01 9.610579857578839258e-01 6.232086175080898093e-03 9.520854526958291153e-01 9.720244150559511631e-01
4.549098196392785121e-01 9.614750762970498688e-01 6.240590838947865024e-03 9.524923702950152116e-01 9.724313326551373704e-01
4.569138276553105782e-01 9.617904374364190101e-01 6.295430843498486632e-03 9.526958290946083707e-01 9.728382502543234667e-01
4.589178356713426443e-01 9.620244150559512653e-01 6.322308281065555820e-03 9.526958290946083707e-01 9.732451678535096740e-01
4.609218436873747105e-01 9.623194303153612683e-01 6.251054331642700961e-03 9.532044760935910466e-01 9.736520854526958813e-01
4.629258517034067766e-01 9.627568667344862385e-01 6.150457209367633273e-03 9.537131230925737224e-01 9.737538148524923498e-01
4.649298597194388427e-01 9.631129196337742115e-01 6.101593374641394937e-03 9.539165818921668816e-01 9.739572736520853979e-01
4.669338677354709088e-01 9.634791454730416982e-01 6.020627442751412539e-03 9.541200406917599297e-01 9.739572736520853979e-01
4.689378757515029750e-01 9.638657171922684341e-01 5.879360869552635767e-03 9.550356052899288128e-01 9.740590030518819775e-01
4.709418837675350411e-01 9.642217700915566292e-01 5.776770050422230275e-03 9.555442522889114887e-01 9.741607324516785571e-01
4.729458917835671072e-01 9.644964394710070499e-01 5.729271188328155344e-03 9.557477110885045368e-01 9.741607324516785571e-01
4.749498997995991734e-01 9.647711088504576926e-01 5.719517814786361128e-03 9.561546286876907441e-01 9.743641912512716052e-01
4.769539078156312395e-01 9.650966429298067917e-01 5.735129686483843130e-03 9.564598168870803718e-01 9.746693794506612329e-01
4.789579158316633056e-01 9.653916581892166837e-01 5.711324430731697967e-03 9.566632756866734200e-01 9.748728382502542811e-01
4.809619238476953718e-01 9.656052899287892455e-01 5.745405960218486624e-03 9.568667344862665791e-01 9.749745676500508607e-01
4.829659318637274379e-01 9.659206510681584978e-01 5.613398414505289813e-03 9.577822990844353512e-01 9.751780264496439088e-01
4.849699398797595040e-01 9.661749745676498913e-01 5.531919047560744131e-03 9.578840284842319308e-01 9.752797558494404884e-01
4.869739478957915702e-01 9.664699898270600054e-01 5.450873505478045881e-03 9.580874872838249789e-01 9.755849440488301161e-01
4.889779559118235808e-01 9.667751780264497441e-01 5.325842562147372825e-03 9.585961342828077658e-01 9.758901322482197438e-01
4.909819639278556469e-01 9.671820956256358404e-01 5.247935678193526958e-03 9.596134282807731175e-01 9.761953204476093715e-01
4.929859719438877130e-01 9.674364191251271228e-01 5.211971549183245893e-03 9.598168870803662767e-01 9.763987792472024196e-01
4.949899799599197792e-01 9.676602238046794202e-01 5.208396249775635624e-03 9.600203458799593248e-01 9.769074262461850955e-01
4.969939879759518453e-01 9.679552390640896453e-01 5.125587124382305695e-03 9.603255340793489525e-01 9.771108850457782546e-01
4.989979959919839114e-01 9.683723296032553662e-01 5.128503837007104653e-03 9.606307222787385802e-01 9.774160732451678824e-01
5.010020040080159776e-01 9.686673448626652583e-01 5.157790925841066777e-03 9.609359104781282079e-01 9.778229908443539786e-01
5.030060120240480437e-01 9.690132248219736066e-01 5.103978006389678183e-03 9.615462868769074634e-01 9.779247202441505582e-01
5.050100200400801098e-01 9.693387589013224837e-01 5.065511245088043582e-03 9.617497456765005115e-01 9.782299084435401859e-01
5.070140280561121759e-01 9.696236012207529731e-01 4.893638824700004102e-03 9.623601220752797669e-01 9.783316378433367655e-01
5.090180360721442421e-01 9.698677517802647419e-01 4.840181786218756589e-03 9.627670396744659742e-01 9.783316378433367655e-01
5.110220440881763082e-01 9.701932858596133968e-01 4.787986900402184387e-03 9.630722278738554909e-01 9.784333672431332340e-01
5.130260521042083743e-01 9.706205493387589645e-01 4.872997531679964384e-03 9.634791454730416982e-01 9.790437436419124895e-01
5.150300601202404405e-01 9.708952187182097182e-01 4.951087429535097444e-03 9.636826042726347463e-01 9.794506612410986968e-01
5.170340681362725066e-01 9.711698880976602499e-01 4.890465656178585516e-03 9.639877924720243740e-01 9.796541200406917449e-01
5.190380761523045727e-01 9.715055951169887516e-01 4.953803972598811931e-03 9.641912512716175332e-01 9.801627670396744207e-01
5.210420841683366389e-01 9.718413021363174753e-01 4.836545622960842020e-03 9.646998982706002090e-01 9.803662258392675799e-01
5.230460921843687050e-01 9.721668362156664633e-01 4.707159047786490733e-03 9.651068158697864163e-01 9.804679552390640485e-01
5.250501002004007711e-01 9.724211597151576347e-01 4.628061621326335154e-03 9.653102746693794645e-01 9.804679552390640485e-01
5.270541082164328373e-01 9.726551373346896678e-01 4.541462926813005264e-03 9.658189216683621403e-01 9.804679552390640485e-01
5.290581162324649034e-01 9.727772126144456077e-01 4.506325355005360439e-03 9.659206510681587199e-01 9.804679552390640485e-01
5.310621242484969695e-01 9.730010172939979052e-01 4.473133211364825612e-03 9.662258392675483476e-01 9.806714140386572076e-01
5.330661322645290356e-01 9.732349949135299383e-01 4.461144462356177870e-03 9.663275686673448162e-01 9.807731434384536762e-01
5.350701402805611018e-01 9.734587995930823467e-01 4.395710767346406624e-03 9.667344862665310234e-01 9.808748728382502557e-01
5.370741482965931679e-01 9.737436419125126141e-01 4.427146133475672214e-03 9.668362156663276030e-01 9.809766022380468353e-01
5.390781563126252340e-01 9.739471007121055512e-01 4.325461825032531939e-03 9.670396744659206512e-01 9.809766022380468353e-01
5.410821643286573002e-01 9.741709053916581817e-01 4.257457420533344340e-03 9.674465920651068584e-01 9.810783316378433039e-01
5.430861723446893663e-01 9.745269582909461548e-01 4.307900769846399226e-03 9.677517802644964862e-01 9.813835198372329316e-01
5.450901803607214324e-01 9.747914547304171728e-01 4.192386931445577988e-03 9.683621566632757416e-01 9.814852492370295112e-01
5.470941883767534986e-01 9.750457782299084553e-01 4.030089489762279931e-03 9.689725330620548860e-01 9.814852492370295112e-01
5.490981963927855647e-01 9.753306205493388337e-01 3.862570331302832023e-03 9.694811800610376729e-01 9.815869786368260907e-01
5.511022044088176308e-01 9.756358087487283504e-01 3.852912884380243087e-03 9.697863682604273006e-01 9.819938962360121870e-01
5.531062124248496970e-01 9.758697863682603835e-01 3.842032708084273940e-03 9.698880976602237691e-01 9.820956256358087666e-01
5.551102204408817631e-01 9.760427263479145576e-01 3.742826329842191633e-03 9.699898270600203487e-01 9.820956256358087666e-01
5.571142284569138292e-01 9.762563580874872304e-01 3.625108284595030417e-03 9.703967446592065560e-01 9.822990844354018147e-01
5.591182364729458953e-01 9.764699898270599032e-01 3.601292594877402407e-03 9.707019328585961837e-01 9.825025432349948629e-01
5.611222444889779615e-01 9.766632756866734377e-01 3.528470703681354202e-03 9.708036622583926523e-01 9.825025432349948629e-01
5.631262525050100276e-01 9.769481180061039272e-01 3.506404489643658810e-03 9.711088504577822800e-01 9.829094608341810702e-01
5.651302605210419827e-01 9.771617497456765999e-01 3.486588743343448094e-03 9.712105798575788596e-01 9.830111902339776497e-01
5.671342685370740488e-01 9.774669379450662277e-01 3.328355258926589226e-03 9.715157680569684873e-01 9.831129196337741183e-01
5.691382765531061150e-01 9.777009155645981497e-01 3.174804905466811159e-03 9.723296032553407908e-01 9.832146490335706979e-01
5.711422845691381811e-01 9.779348931841301829e-01 3.160969985976510958e-03 9.727365208545269981e-01 9.835198372329603256e-01
5.731462925851702472e-01 9.781993896236012009e-01 3.099342728620948020e-03 9.731434384537130944e-01 9.838250254323499533e-01
5.751503006012023134e-01 9.783825025432349998e-01 3.127662083345510852e-03 9.733468972533062535e-01 9.841302136317395810e-01
5.771543086172343795e-01 9.785350966429297026e-01 3.051542877056043646e-03 9.734486266531027221e-01 9.841302136317395810e-01
5.791583166332664456e-01 9.787589013224821111e-01 3.072766790295901416e-03 9.736520854526958813e-01 9.843336724313326291e-01
5.811623246492985118e-01 9.790335707019327538e-01 2.961863311162632895e-03 9.742624618514750257e-01 9.843336724313326291e-01
5.831663326653305779e-01 9.792675483214650090e-01 2.958839422401401183e-03 9.746693794506612329e-01 9.847405900305188364e-01
5.851703406813626440e-01 9.794608341810782104e-01 3.000051571429447703e-03 9.747711088504578125e-01 9.849440488301118846e-01
5.871743486973947102e-01 9.796744659206509942e-01 3.007751466400794636e-03 9.749745676500508607e-01 9.851475076297049327e-01
5.891783567134267763e-01 9.798168870803664054e-01 3.012702048243616048e-03 9.751780264496439088e-01 9.853509664292980919e-01
5.911823647294588424e-01 9.800712105798575768e-01 2.966053196402634786e-03 9.754832146490335365e-01 9.855544252288911400e-01
5.931863727454909085e-01 9.803357070193285949e-01 2.923034588766147083e-03 9.758901322482197438e-01 9.860630722278738158e-01
5.951903807615229747e-01 9.805188199389623938e-01 2.874913155351746432e-03 9.759918616480163234e-01 9.860630722278738158e-01
5.971943887775550408e-01 9.807324516785351776e-01 2.846678727551201632e-03 9.759918616480163234e-01 9.861648016276703954e-01
5.991983967935871069e-01 9.809460834181077393e-01 2.777063556379824345e-03 9.762970498474059511e-01 9.861648016276703954e-01
6.012024048096191731e-01 9.811088504577822889e-01 2.675328488654456997e-03 9.771108850457782546e-01 9.862665310274669750e-01
6.032064128256512392e-01 9.813936927772125562e-01 2.583786572722803019e-03 9.774160732451678824e-01 9.862665310274669750e-01
6.052104208416833053e-01 9.815768056968463551e-01 2.629050647521678167e-03 9.775178026449643509e-01 9.866734486266530713e-01
6.072144288577153715e-01 9.817497456765005293e-01 2.626589274849704982e-03 9.778229908443539786e-01 9.869786368260426990e-01
6.092184368737474376e-01 9.819328585961342171e-01 2.590886246955286659e-03 9.783316378433367655e-01 9.870803662258392785e-01
6.112224448897795037e-01 9.821566632756866255e-01 2.574457380544834407e-03 9.785350966429298136e-01 9.873855544252289063e-01
6.132264529058115698e-01 9.823397761953203133e-01 2.515494693203690693e-03 9.787385554425228618e-01 9.874872838250254858e-01
6.152304609218436360e-01 9.825534079348932082e-01 2.412617328106223327e-03 9.791454730417090691e-01 9.874872838250254858e-01
6.172344689378757021e-01 9.827365208545270070e-01 2.416389121076399464e-03 9.796541200406917449e-01 9.877924720244150025e-01
6.192384769539077682e-01 9.829399796541201662e-01 2.372738753980403389e-03 9.797558494404883245e-01 9.878942014242115821e-01
6.212424849699398344e-01 9.830824008138352443e-01 2.388822060856465781e-03 9.798575788402847930e-01 9.879959308240081617e-01
6.232464929859719005e-01 9.832248219735504335e-01 2.351005826550321871e-03 9.801627670396744207e-01 9.881993896236012098e-01
6.252505010020039666e-01 9.834079348931841213e-01 2.352326023097848790e-03 9.802644964394710003e-01 9.883011190233977894e-01
6.272545090180360328e-01 9.835401831129196859e-01 2.310758180593209653e-03 9.804679552390640485e-01 9.883011190233977894e-01
6.292585170340680989e-01 9.837232960325534847e-01 2.335792087660834484e-03 9.807731434384536762e-01 9.886063072227874171e-01
6.312625250501001650e-01 9.839674465920650315e-01 2.309593461276526066e-03 9.807731434384536762e-01 9.886063072227874171e-01
6.332665330661322312e-01 9.841607324516784550e-01 2.224154608601845891e-03 9.811800610376398835e-01 9.887080366225838857e-01
6.352705410821642973e-01 9.844252288911494730e-01 2.124878545681969846e-03 9.815869786368260907e-01 9.887080366225838857e-01
6.372745490981963634e-01 9.845473041709054129e-01 2.184909747214671717e-03 9.815869786368260907e-01 9.888097660223804652e-01
6.392785571142284295e-01 9.847100712105797404e-01 2.256031502388614572e-03 9.816887080366225593e-01 9.889114954221770448e-01
6.412825651302604957e-01 9.848524923702950407e-01 2.247483112385303527e-03 9.816887080366225593e-01 9.890132248219735134e-01
6.432865731462925618e-01 9.850559511698880888e-01 2.204243939289391319e-03 9.817904374364191389e-01 9.891149542217700930e-01
6.452905811623246279e-01 9.852085452695830137e-01 2.133990885485622865e-03 9.820956256358087666e-01 9.891149542217700930e-01
6.472945891783566941e-01 9.853814852492369658e-01 2.024415055951185854e-03 9.825025432349948629e-01 9.891149542217700930e-01
6.492985971943887602e-01 9.854933875890130590e-01 1.986303979077065976e-03 9.826042726347914424e-01 9.891149542217700930e-01
6.513026052104208263e-01 9.857273652085452031e-01 1.928597326583582437e-03 9.829094608341810702e-01 9.892166836215666725e-01
6.533066132264528925e-01 9.858697863682603924e-01 1.901795690903291354e-03 9.831129196337741183e-01 9.895218718209563002e-01
6.553106212424849586e-01 9.859511698880977226e-01 1.907229559204706281e-03 9.832146490335706979e-01 9.895218718209563002e-01
6.573146292585170247e-01 9.861546286876906597e-01 1.979127106237552839e-03 9.834181078331637460e-01 9.900305188199389761e-01
6.593186372745490909e-01 9.862665310274669750e-01 1.918347843959009816e-03 9.835198372329603256e-01 9.900305188199389761e-01
6.613226452905811570e-01 9.864496439471006628e-01 1.890525327416860439e-03 9.836215666327569052e-01 9.901322482197355557e-01
6.633266533066132231e-01 9.866225839267548370e-01 1.846465672426002725e-03 9.840284842319430014e-01 9.904374364191250724e-01
6.653306613226452892e-01 9.867853509664292755e-01 1.869414393519880542e-03 9.840284842319430014e-01 9.906408952187182315e-01
6.673346693386772444e-01 9.869074262461851044e-01 1.881883915292919141e-03 9.841302136317395810e-01 9.907426246185147001e-01
6.693386773547093105e-01 9.870905391658189032e-01 1.801759494468696456e-03 9.845371312309257883e-01 9.907426246185147001e-01
6.713426853707413766e-01 9.872939979654120624e-01 1.770471539294574299e-03 9.848423194303154160e-01 9.909460834181078592e-01
6.733466933867734427e-01 9.874160732451677802e-01 1.721031756474093039e-03 9.851475076297049327e-01 9.909460834181078592e-01
6.753507014028055089e-01 9.876398779247199666e-01 1.671120217334150140e-03 9.853509664292980919e-01 9.910478128179043278e-01
6.773547094188375750e-01 9.878026449643947382e-01 1.684197729752286285e-03 9.855544252288911400e-01 9.912512716174974869e-01
6.793587174348696411e-01 9.879755849440489124e-01 1.748917450485578100e-03 9.857578840284841881e-01 9.916581892166835832e-01
6.813627254509017073e-01 9.880976602238046302e-01 1.699215980517805634e-03 9.857578840284841881e-01 9.916581892166835832e-01
6.833667334669337734e-01 9.882197355035605701e-01 1.632622172721014163e-03 9.858596134282807677e-01 9.916581892166835832e-01
6.853707414829658395e-01 9.883723296032554950e-01 1.631512505035226856e-03 9.859613428280773473e-01 9.917599186164801628e-01
6.873747494989979057e-01 9.884944048830112129e-01 1.582832311979976954e-03 9.861648016276703954e-01 9.917599186164801628e-01
6.893787575150299718e-01 9.886164801627670418e-01 1.559780764199620662e-03 9.862665310274669750e-01 9.918616480162767424e-01
6.913827655310620379e-01 9.887080366225837746e-01 1.553498202955944313e-03 9.863682604272634435e-01 9.918616480162767424e-01
6.933867735470941041e-01 9.889114954221769338e-01 1.535406384107895457e-03 9.865717192268566027e-01 9.919633774160732109e-01
6.953907815631261702e-01 9.890335707019326517e-01 1.479664523749881248e-03 9.867751780264496508e-01 9.919633774160732109e-01
6.973947895791582363e-01 9.891963377416074232e-01 1.411658088195469037e-03 9.871820956256358581e-01 9.921668362156663701e-01
6.993987975951903024e-01 9.893184130213631411e-01 1.343444477657731138e-03 9.872838250254323267e-01 9.921668362156663701e-01
7.014028056112223686e-01 9.894099694811799850e-01 1.298355714678028731e-03 9.875890132248219544e-01 9.921668362156663701e-01
7.034068136272544347e-01 9.895829094608341592e-01 1.309269627116677222e-03 9.876907426246185340e-01 9.921668362156663701e-01
7.054108216432865008e-01 9.897863682604274294e-01 1.276450632053558083e-03 9.878942014242115821e-01 9.922685656154628386e-01
7.074148296593185670e-01 9.899186164801628829e-01 1.305509681789629147e-03 9.878942014242115821e-01 9.924720244150559978e-01
7.094188376753506331e-01 9.900406917599186007e-01 1.318916862394475548e-03 9.879959308240081617e-01 9.925737538148524663e-01
7.114228456913826992e-01 9.901627670396745406e-01 1.300426458760447525e-03 9.880976602238046302e-01 9.926754832146490459e-01
7.134268537074147654e-01 9.902746693794506339e-01 1.279689537620864580e-03 9.883011190233977894e-01 9.926754832146490459e-01
7.154308617234468315e-01 9.903560528992878531e-01 1.289838930669016427e-03 9.884028484231942580e-01 9.926754832146490459e-01
7.174348697394788976e-01 9.904883011190234177e-01 1.214164998273825364e-03 9.886063072227874171e-01 9.926754832146490459e-01
7.194388777555109638e-01 9.906510681586977451e-01 1.234619446478478271e-03 9.889114954221770448e-01 9.927772126144456255e-01
7.214428857715430299e-01 9.907629704984740604e-01 1.201785507680372270e-03 9.891149542217700930e-01 9.927772126144456255e-01
7.234468937875750960e-01 9.908443540183112797e-01 1.170551362249644704e-03 9.892166836215666725e-01 9.928789420142420941e-01
7.254509018036071621e-01 9.909359104781281236e-01 1.151341330184032629e-03 9.893184130213631411e-01 9.929806714140386736e-01
7.274549098196392283e-01 9.910071210579856071e-01 1.107122511529024531e-03 9.893184130213631411e-01 9.929806714140386736e-01
7.294589178356712944e-01 9.910783316378433128e-01 1.106047022171433936e-03 9.893184130213631411e-01 9.930824008138352532e-01
7.314629258517033605e-01 9.912512716174974869e-01 1.031437790896178692e-03 9.896236012207527688e-01 9.930824008138352532e-01
7.334669338677354267e-01 9.913936927772126761e-01 1.065199602255008848e-03 9.898270600203459280e-01 9.934893184130213495e-01
7.354709418837674928e-01 9.915259409969481297e-01 1.015308336758394313e-03 9.898270600203459280e-01 9.934893184130213495e-01
7.374749498997995589e-01 9.916378433367242229e-01 1.041224136880905798e-03 9.899287894201423965e-01 9.935910478128179291e-01
7.394789579158316251e-01 9.917192268565614421e-01 1.026610442444972869e-03 9.901322482197355557e-01 9.936927772126143976e-01
7.414829659318636912e-01 9.917802644964393011e-01 1.054065826814933006e-03 9.901322482197355557e-01 9.936927772126143976e-01
7.434869739478957573e-01 9.918819938962357696e-01 1.053083564159331461e-03 9.904374364191250724e-01 9.938962360122075568e-01
7.454909819639278235e-01 9.919837232960325712e-01 9.860932505434576775e-04 9.906408952187182315e-01 9.938962360122075568e-01
7.474949899799598896e-01 9.921668362156662591e-01 9.510474785367632787e-04 9.909460834181078592e-01 9.938962360122075568e-01
7.494989979959919557e-01 9.922889114954221990e-01 9.209741849649055560e-04 9.910478128179043278e-01 9.939979654120040253e-01
7.515030060120240218e-01 9.924516785350968595e-01 1.013012352757253947e-03 9.910478128179043278e-01 9.945066124109868122e-01
7.535070140280560880e-01 9.925635808748729527e-01 9.815173871033386430e-04 9.912512716174974869e-01 9.945066124109868122e-01
7.555110220440881541e-01 9.926958290946084063e-01 1.025198184117519576e-03 9.912512716174974869e-01 9.947100712105798603e-01
7.575150300601202202e-01 9.927975584944048748e-01 1.014033431892334735e-03 9.912512716174974869e-01 9.948118006103764399e-01
7.595190380761522864e-01 9.929196337741608147e-01 1.017497436423186021e-03 9.914547304170905351e-01 9.950152594099694880e-01
7.615230460921843525e-01 9.930315361139369079e-01 1.005269730946119645e-03 9.914547304170905351e-01 9.950152594099694880e-01
7.635270541082164186e-01 9.930824008138353642e-01 1.009122829512692143e-03 9.914547304170905351e-01 9.950152594099694880e-01
7.655310621242484848e-01 9.932146490335707067e-01 1.038487276904590233e-03 9.917599186164801628e-01 9.953204476093591158e-01
7.675350701402805509e-01 9.933062054933875507e-01 1.020138444494127347e-03 9.918616480162767424e-01 9.953204476093591158e-01
7.695390781563125060e-01 9.933672431332654096e-01 9.965328094615243451e-04 9.919633774160732109e-01 9.953204476093591158e-01
7.715430861723445721e-01 9.934587995930824755e-01 9.683548841434178132e-04 9.920651068158697905e-01 9.953204476093591158e-01
7.735470941883766383e-01 9.935910478128178180e-01 9.977782164996304524e-04 9.922685656154628386e-01 9.956256358087487435e-01
7.755511022044087044e-01 9.936520854526957880e-01 1.017497436423200115e-03 9.922685656154628386e-01 9.956256358087487435e-01
7.775551102204407705e-01 9.937741607324517279e-01 1.008917702398174363e-03 9.923702950152594182e-01 9.957273652085453230e-01
7.795591182364728366e-01 9.939267548321464307e-01 1.001970036805177426e-03 9.926754832146490459e-01 9.960325534079348397e-01
7.815631262525049028e-01 9.939674465920649293e-01 9.915877233454626748e-04 9.926754832146490459e-01 9.960325534079348397e-01
7.835671342685369689e-01 9.941403865717193256e-01 9.566891512112706518e-04 9.927772126144456255e-01 9.960325534079348397e-01
7.855711422845690350e-01 9.941912512716173378e-01 9.857258634186837846e-04 9.927772126144456255e-01 9.960325534079348397e-01
7.875751503006011012e-01 9.942522889114954188e-01 1.014492582213288949e-03 9.927772126144456255e-01 9.960325534079348397e-01
7.895791583166331673e-01 9.943540183112918873e-01 1.016530741138214249e-03 9.927772126144456255e-01 9.961342828077314193e-01
7.915831663326652334e-01 9.944964394710069655e-01 9.666434414994389988e-04 9.928789420142420941e-01 9.961342828077314193e-01
7.935871743486972996e-01 9.945676500508646711e-01 9.225460060024090730e-04 9.929806714140386736e-01 9.961342828077314193e-01
7.955911823647293657e-01 9.946185147507629054e-01 8.827040734297204178e-04 9.931841302136317218e-01 9.961342828077314193e-01
7.975951903807614318e-01 9.946795523906409864e-01 8.548296707445039765e-04 9.933875890132247699e-01 9.962360122075279989e-01
7.995991983967934980e-01 9.948118006103765509e-01 8.845194351692629896e-04 9.933875890132247699e-01 9.962360122075279989e-01
8.016032064128255641e-01 9.948524923702951606e-01 8.501559477426792657e-04 9.935910478128179291e-01 9.962360122075279989e-01
8.036072144288576302e-01 9.949440488301120045e-01 8.302639838348183305e-04 9.935910478128179291e-01 9.963377416073244675e-01
8.056112224448896963e-01 9.950152594099694880e-01 7.827216301799073917e-04 9.937945066124109772e-01 9.963377416073244675e-01
8.076152304609217625e-01 9.951373346897252059e-01 7.290528124992571093e-04 9.939979654120040253e-01 9.964394710071210470e-01
8.096192384769538286e-01 9.952390640895218965e-01 7.059756489480197407e-04 9.940996948118006049e-01 9.964394710071210470e-01
8.116232464929858947e-01 9.953611393692778364e-01 7.601848094514602984e-04 9.940996948118006049e-01 9.965412004069176266e-01
8.136272545090179609e-01 9.954221770091556953e-01 7.626313250860945964e-04 9.942014242115971845e-01 9.966429298067140952e-01
8.156312625250500270e-01 9.954933875890132899e-01 7.503879392028268763e-04 9.942014242115971845e-01 9.967446592065106747e-01
8.176352705410820931e-01 9.956052899287893831e-01 7.650700173738754148e-04 9.944048830111902326e-01 9.969481180061037229e-01
8.196392785571141593e-01 9.956866734486267134e-01 7.999838555986826024e-04 9.944048830111902326e-01 9.971515768056968820e-01
8.216432865731462254e-01 9.957680569684639327e-01 7.750151354930002751e-04 9.945066124109868122e-01 9.972533062054933506e-01
8.236472945891782915e-01 9.958392675483214163e-01 7.370293260093364364e-04 9.947100712105798603e-01 9.972533062054933506e-01
8.256513026052103577e-01 9.959816887080366055e-01 6.674720123020960912e-04 9.949135300101729085e-01 9.972533062054933506e-01
8.276553106212424238e-01 9.960427263479145754e-01 6.425079419995072131e-04 9.951169888097660676e-01 9.973550356052899302e-01
8.296593186372744899e-01 9.961037639877924343e-01 6.640522449793400273e-04 9.952187182095625362e-01 9.975584944048829783e-01
8.316633266533065560e-01 9.962156663275685275e-01 6.667739413295567909e-04 9.952187182095625362e-01 9.975584944048829783e-01
8.336673346693386222e-01 9.963377416073244675e-01 6.513859854967217564e-04 9.953204476093591158e-01 9.976602238046795579e-01
8.356713426853706883e-01 9.964191251271616867e-01 6.775514061178649012e-04 9.953204476093591158e-01 9.976602238046795579e-01
8.376753507014027544e-01 9.965208545269582663e-01 6.621013263590277021e-04 9.954221770091556953e-01 9.977619532044761375e-01
8.396793587174348206e-01 9.965818921668361252e-01 6.611628406621352511e-04 9.954221770091556953e-01 9.977619532044761375e-01
8.416833667334668867e-01 9.966225839267547348e-01 6.605364427567788103e-04 9.954221770091556953e-01 9.977619532044761375e-01
8.436873747494989528e-01 9.967243133265512034e-01 6.926569493611109277e-04 9.954221770091556953e-01 9.977619532044761375e-01
8.456913827655310190e-01 9.967650050864698130e-01 7.045082275963770319e-04 9.954221770091556953e-01 9.977619532044761375e-01
8.476953907815630851e-01 9.968260427263480050e-01 7.118150838061497107e-04 9.954221770091556953e-01 9.977619532044761375e-01
8.496993987975951512e-01 9.968870803662259750e-01 6.977183397551241575e-04 9.954221770091556953e-01 9.978636826042726060e-01
8.517034068136272174e-01 9.969582909460834586e-01 6.966050179357079208e-04 9.955239064089521639e-01 9.979654120040691856e-01
8.537074148296592835e-01 9.969989827060020682e-01 7.051689450914942628e-04 9.955239064089521639e-01 9.979654120040691856e-01
8.557114228456913496e-01 9.970905391658190231e-01 6.274321035649682663e-04 9.959308240081383712e-01 9.979654120040691856e-01
8.577154308617234157e-01 9.971515768056967710e-01 6.303940339706898092e-04 9.959308240081383712e-01 9.979654120040691856e-01
8.597194388777554819e-01 9.972024415055951163e-01 6.056958554060664626e-04 9.959308240081383712e-01 9.979654120040691856e-01
8.617234468937875480e-01 9.972838250254323356e-01 6.104611673927936048e-04 9.960325534079348397e-01 9.979654120040691856e-01
8.637274549098196141e-01 9.973753814852492905e-01 5.183210255486082321e-04 9.964394710071210470e-01 9.979654120040691856e-01
8.657314629258516803e-01 9.974262461851475248e-01 5.383975024374150530e-04 9.964394710071210470e-01 9.980671414038657652e-01
8.677354709418837464e-01 9.974465920651068851e-01 5.467896093744447836e-04 9.964394710071210470e-01 9.980671414038657652e-01
8.697394789579158125e-01 9.974974567650051194e-01 5.070167159461694273e-04 9.965412004069176266e-01 9.980671414038657652e-01
8.717434869739478787e-01 9.975483214649033537e-01 5.524384123045892724e-04 9.965412004069176266e-01 9.982706002034588133e-01
8.737474949899798338e-01 9.976195320447608372e-01 5.270329134074863437e-04 9.966429298067140952e-01 9.982706002034588133e-01
8.757515030060118999e-01 9.976805696846389182e-01 4.937807161551066581e-04 9.967446592065106747e-01 9.982706002034588133e-01
8.777555110220439660e-01 9.977416073245167771e-01 4.831878773972758667e-04 9.970498474059003025e-01 9.984740590030518614e-01
8.797595190380760322e-01 9.978128179043743717e-01 4.689493620189666965e-04 9.971515768056968820e-01 9.984740590030518614e-01
8.817635270541080983e-01 9.978636826042726060e-01 4.661826749700670241e-04 9.971515768056968820e-01 9.984740590030518614e-01
8.837675350701401644e-01 9.979247202441504649e-01 4.248344459373493490e-04 9.971515768056968820e-01 9.984740590030518614e-01
8.857715430861722306e-01 9.979959308240079485e-01 4.458719633939267819e-04 9.972533062054933506e-01 9.985757884028484410e-01
8.877755511022042967e-01 9.980366225839267802e-01 4.293173519025337745e-04 9.972533062054933506e-01 9.985757884028484410e-01
8.897795591182363628e-01 9.980976602238046391e-01 4.341116641577257690e-04 9.972533062054933506e-01 9.986775178026449096e-01
8.917835671342684289e-01 9.981485249237028734e-01 4.238589350152434463e-04 9.973550356052899302e-01 9.986775178026449096e-01
8.937875751503004951e-01 9.982197355035603570e-01 3.785919443728979778e-04 9.974567650050865097e-01 9.986775178026449096e-01
8.957915831663325612e-01 9.982706002034585913e-01 3.343169221801567566e-04 9.976602238046795579e-01 9.987792472024414892e-01
8.977955911823646273e-01 9.983214649033570476e-01 3.224998470833581729e-04 9.976602238046795579e-01 9.987792472024414892e-01
8.997995991983966935e-01 9.983926754832145312e-01 3.398431961035604655e-04 9.976602238046795579e-01 9.988809766022380687e-01
9.018036072144287596e-01 9.984130213631738915e-01 3.191126580133809014e-04 9.977619532044761375e-01 9.988809766022380687e-01
9.038076152304608257e-01 9.984435401831127654e-01 3.344716627217313100e-04 9.977619532044761375e-01 9.988809766022380687e-01
9.058116232464928919e-01 9.984740590030518614e-01 3.611035472898914541e-04 9.977619532044761375e-01 9.989827060020345373e-01
9.078156312625249580e-01 9.984944048830112218e-01 3.718345245675811904e-04 9.977619532044761375e-01 9.989827060020345373e-01
9.098196392785570241e-01 9.985554425228890807e-01 3.458799593082249250e-04 9.979654120040691856e-01 9.989827060020345373e-01
9.118236472945890903e-01 9.986063072227875370e-01 3.019495845301211159e-04 9.981688708036622337e-01 9.989827060020345373e-01
9.138276553106211564e-01 9.986571719226858823e-01 2.722093216736389877e-04 9.981688708036622337e-01 9.990844354018311169e-01
9.158316633266532225e-01 9.986978636826044919e-01 2.310847750071235796e-04 9.982706002034588133e-01 9.990844354018311169e-01
9.178356713426852886e-01 9.987487283825025042e-01 2.366165483135878786e-04 9.982706002034588133e-01 9.990844354018311169e-01
9.198396793587173548e-01 9.987894201424211138e-01 2.631234416353570634e-04 9.982706002034588133e-01 9.991861648016276964e-01
9.218436873747494209e-01 9.987995930824009605e-01 2.759849433621775513e-04 9.982706002034588133e-01 9.991861648016276964e-01
9.238476953907814870e-01 9.988097660223804741e-01 2.914862417475959887e-04 9.982706002034588133e-01 9.992878942014241650e-01
9.258517034068135532e-01 9.988606307222788194e-01 2.722093216736464687e-04 9.983723296032553929e-01 9.992878942014241650e-01
9.278557114228456193e-01 9.988911495422178044e-01 2.784116415748412693e-04 9.983723296032553929e-01 9.992878942014241650e-01
9.298597194388776854e-01 9.989521871820956633e-01 2.842968181583229543e-04 9.983723296032553929e-01 9.993896236012207446e-01
9.318637274549097516e-01 9.990233977619531469e-01 2.774808076701086156e-04 9.985757884028484410e-01 9.994913530010173242e-01
9.338677354709418177e-01 9.990539165818921319e-01 2.615454757310937506e-04 9.986775178026449096e-01 9.994913530010173242e-01
9.358717434869738838e-01 9.991047812817905882e-01 2.683805891815457573e-04 9.986775178026449096e-01 9.995930824008137927e-01
9.378757515030059499e-01 9.991353001017294622e-01 2.583606327405907300e-04 9.987792472024414892e-01 9.995930824008137927e-01
9.398797595190380161e-01 9.991658189216684471e-01 2.483531152743251183e-04 9.987792472024414892e-01 9.995930824008137927e-01
9.418837675350700822e-01 9.991963377416073211e-01 2.203093370061694927e-04 9.988809766022380687e-01 9.995930824008137927e-01
9.438877755511021483e-01 9.992166836215666814e-01 2.184222843701317889e-04 9.988809766022380687e-01 9.995930824008137927e-01
9.458917835671342145e-01 9.992370295015259307e-01 2.047264679297819629e-04 9.988809766022380687e-01 9.995930824008137927e-01
9.478957915831662806e-01 9.992675483214649157e-01 1.864730699880156695e-04 9.988809766022380687e-01 9.995930824008137927e-01
9.498997995991983467e-01 9.992980671414040117e-01 1.900462023628488116e-04 9.988809766022380687e-01 9.995930824008137927e-01
9.519038076152304129e-01 9.993387589013226213e-01 2.193678398051561234e-04 9.988809766022380687e-01 9.996948118006103723e-01
9.539078156312624790e-01 9.993591047812818706e-01 2.087312769957573903e-04 9.989827060020345373e-01 9.996948118006103723e-01
9.559118236472945451e-01 9.994303153611395762e-01 1.522546240803197533e-04 9.991861648016276964e-01 9.996948118006103723e-01
9.579158316633266113e-01 9.995116988809767955e-01 1.690055719820520667e-04 9.991861648016276964e-01 9.997965412004069519e-01
9.599198396793586774e-01 9.995625635808750298e-01 1.512316250998721630e-04 9.993896236012207446e-01 9.998982706002034204e-01
9.619238476953907435e-01 9.995625635808750298e-01 1.512316250998721630e-04 9.993896236012207446e-01 9.998982706002034204e-01
9.639278557114228096e-01 9.996236012207528887e-01 1.512316250998856071e-04 9.993896236012207446e-01 9.998982706002034204e-01
9.659318637274548758e-01 9.996642929806714983e-01 1.442263161623399449e-04 9.993896236012207446e-01 9.998982706002034204e-01
9.679358717434869419e-01 9.997151576805697326e-01 9.967404853646393231e-05 9.995930824008137927e-01 9.998982706002034204e-01
9.699398797595190080e-01 9.997151576805697326e-01 9.967404853646393231e-05 9.995930824008137927e-01 9.998982706002034204e-01
9.719438877755510742e-01 9.997558494404883422e-01 8.138351983724423095e-05 9.995930824008137927e-01 9.998982706002034204e-01
9.739478957915831403e-01 9.997965412004068408e-01 7.879925424632278205e-05 9.996948118006103723e-01 9.998982706002034204e-01
9.759519038076150954e-01 9.998270600203460479e-01 1.119023397761890912e-04 9.996948118006103723e-01 1.000000000000000000e+00
9.779559118236471615e-01 9.998372329603256725e-01 1.037440389337203307e-04 9.996948118006103723e-01 1.000000000000000000e+00
9.799599198396792277e-01 9.998372329603256725e-01 1.037440389337203307e-04 9.996948118006103723e-01 1.000000000000000000e+00
9.819639278557112938e-01 9.998779247202442821e-01 1.095659167270459169e-04 9.996948118006103723e-01 1.000000000000000000e+00
9.839679358717433599e-01 9.999084435401831561e-01 1.062086114843336103e-04 9.996948118006103723e-01 1.000000000000000000e+00
9.859719438877754261e-01 9.999389623601221411e-01 8.138351983722479663e-05 9.997965412004069519e-01 1.000000000000000000e+00
9.879759519038074922e-01 9.999593082400813904e-01 4.983702426824215766e-05 9.998982706002034204e-01 1.000000000000000000e+00
9.899799599198395583e-01 9.999593082400813904e-01 4.983702426824215766e-05 9.998982706002034204e-01 1.000000000000000000e+00
9.919839679358716245e-01 9.999796541200407507e-01 4.069175991863183264e-05 9.998982706002034204e-01 1.000000000000000000e+00
9.939879759519036906e-01 9.999898270600203753e-01 3.051881993897386940e-05 9.998982706002034204e-01 1.000000000000000000e+00
9.959919839679357567e-01 9.999898270600203753e-01 3.051881993897386940e-05 9.998982706002034204e-01 1.000000000000000000e+00
9.979959919839678228e-01 1.000000000000000000e+00 0.000000000000000000e+00 1.000000000000000000e+00 1.000000000000000000e+00
1.000000000000000000e+00 1.000000000000000000e+00 0.000000000000000000e+00 1.000000000000000000e+00 1.000000000000000000e+00
