# FPR	TPR_MEAN	TPR_STD	TPR_MIN	TPR_MAX
0.000000000000000000e+00 1.710500296618548688e-02 1.654890502922657172e-02 1.977456990310460854e-04 5.082064465097883843e-02
2.004008016032063962e-03 1.767055566541427536e-01 1.962095763792657405e-02 1.475182914771603626e-01 2.181135060312438256e-01
4.008016032064127925e-03 2.675697053589084495e-01 1.490652409539098069e-02 2.452046667984971451e-01 2.896974490804825053e-01
6.012024048096191453e-03 3.210599169468064118e-01 1.248531955375463930e-02 2.978050227407553763e-01 3.367609254498714622e-01
8.016032064128255849e-03 3.567332410520070995e-01 1.702336664609525874e-02 3.237097093138224246e-01 3.846153846153846367e-01
1.002004008016032024e-02 3.909630215542811427e-01 1.423039658935019297e-02 3.527783270713861774e-01 4.079493771010480607e-01
1.202404809619238291e-02 4.221870674312834248e-01 1.284007759689267079e-02 4.016215147320545964e-01 4.384022147518291668e-01
1.402805611222444730e-02 4.481510777140596535e-01 1.295801779792707213e-02 4.178366620526003383e-01 4.615384615384615641e-01
1.603206412825651170e-02 4.766264583745303263e-01 1.307577641258217925e-02 4.579790389559026953e-01 5.066244809175400876e-01
1.803607214428857436e-02 4.997231560213565293e-01 1.149256425064509521e-02 4.807197943444729837e-01 5.240261024322721006e-01
2.004008016032064049e-02 5.177971129127941774e-01 9.499309034424542261e-03 5.036582954320742989e-01 5.384615384615384359e-01
2.204408817635270315e-02 5.354558038362666750e-01 1.151885246269707987e-02 5.133478346845956608e-01 5.534902115878980178e-01
2.404809619238476581e-02 5.503065058334981607e-01 8.741366463246177942e-03 5.299584734032034561e-01 5.596203282578603444e-01
2.605210420841683194e-02 5.653154043899545345e-01 8.381618883604122563e-03 5.441961637334388202e-01 5.718805615977852197e-01
2.805611222444889460e-02 5.777338342891041867e-01 9.734311978028181711e-03 5.554676685782083956e-01 5.926438599960450748e-01
3.006012024048096073e-02 5.893810559620329403e-01 9.523565078111563553e-03 5.695076132094126775e-01 6.033221277437216257e-01
3.206412825651302340e-02 6.015226418825390109e-01 1.101869484294857975e-02 5.807791180541823639e-01 6.169665809768637432e-01
3.406813627254508953e-02 6.115285742535098157e-01 1.015352438259044254e-02 5.920506228989519393e-01 6.264583745303539120e-01
3.607214428857714872e-02 6.206051018390349450e-01 1.084584234416442923e-02 5.985762309669764303e-01 6.395095906664030050e-01
3.807615230460921485e-02 6.311449475973895940e-01 9.266680789542890498e-03 6.122206842001186589e-01 6.450464702392723071e-01
4.008016032064128098e-02 6.399248566343681555e-01 9.883111636547389431e-03 6.197350207632984498e-01 6.539450266956693403e-01
4.208416833667334017e-02 6.486849911014436199e-01 1.031057528309327169e-02 6.280403401226023474e-01 6.616571089578802134e-01
4.408817635270540630e-02 6.571880561597785997e-01 9.586567910214661287e-03 6.353569309867510562e-01 6.677872256278425400e-01
4.609218436873747243e-02 6.641882539054775325e-01 9.125401606756088080e-03 6.438599960450860360e-01 6.758947992881154665e-01
4.809619238476953162e-02 6.712082262210796735e-01 9.294489616266674373e-03 6.515720783072967981e-01 6.816294245600158508e-01
5.010020040080159776e-02 6.774965394502668881e-01 9.072390785054664994e-03 6.606683804627249135e-01 6.917144552105991551e-01
5.210420841683366389e-02 6.834289104211983545e-01 8.192234633087975768e-03 6.689736998220289221e-01 6.954716234921890505e-01
5.410821643286573002e-02 6.888471425746490739e-01 8.128887710252583748e-03 6.733241052007118421e-01 7.006130116669961883e-01
5.611222444889778921e-02 6.941467273086810996e-01 7.968464683576603064e-03 6.798497132687364441e-01 7.073363654340517614e-01
5.811623246492985534e-02 6.992881154834882373e-01 7.667868371514827142e-03 6.838046272493573108e-01 7.116867708127347925e-01
6.012024048096192147e-02 7.056555269922879514e-01 7.308703507255081416e-03 6.929009294047854262e-01 7.166304132885109590e-01
6.212424849699398066e-02 7.103421000593236334e-01 7.165819574061750748e-03 6.964603519873442394e-01 7.205853272691319367e-01
6.412825651302604679e-02 7.144749851690724851e-01 7.150332447403057873e-03 7.006130116669961883e-01 7.233537670555665322e-01
6.613226452905811292e-02 7.184694482894997680e-01 7.229518932462662521e-03 7.035791971524619770e-01 7.284951552303737810e-01
6.813627254509017905e-02 7.228989519477950765e-01 7.616701263222298152e-03 7.061498912398654904e-01 7.326478149100257298e-01
7.014028056112224518e-02 7.269329642080284426e-01 7.616906616343056130e-03 7.112912794146727391e-01 7.377892030848328675e-01
7.214428857715429744e-02 7.321336760925449827e-01 7.325243802397069307e-03 7.184101245797903657e-01 7.435238283567332518e-01
7.414829659318636357e-02 7.358710698042315590e-01 7.503947732521451010e-03 7.219695471623491789e-01 7.472809966383231473e-01
7.615230460921842970e-02 7.399644057741744385e-01 7.983148410790357266e-03 7.275064267352184810e-01 7.520268934150682316e-01
7.815631262525049583e-02 7.432074352382835869e-01 8.399980333220632978e-03 7.314613407158394587e-01 7.563772987937512626e-01
8.016032064128256196e-02 7.466284358315207204e-01 8.048055603549696471e-03 7.360094917935534609e-01 7.597389756772789937e-01
8.216432865731462809e-02 7.498516907257266606e-01 8.259523257865102053e-03 7.385801858809570852e-01 7.625074154637137003e-01
8.416833667334668034e-02 7.522444136840025219e-01 8.658665251764079487e-03 7.397666600751433563e-01 7.648803638520862425e-01
8.617234468937874647e-02 7.546371366422780502e-01 8.797261444176874765e-03 7.419418627644849273e-01 7.692307692307692735e-01
8.817635270541081260e-02 7.585129523432865284e-01 8.770551212972741567e-03 7.451057939489815762e-01 7.731856832113901401e-01
9.018036072144287874e-02 7.614593632588492200e-01 9.082557042097545719e-03 7.470832509392920651e-01 7.765473600949179822e-01
9.218436873747494487e-02 7.634368202491595978e-01 9.255702856917994228e-03 7.486652165315403895e-01 7.787225627842594422e-01
9.418837675350701100e-02 7.664425548744314698e-01 8.520728855919484576e-03 7.516314020170061783e-01 7.801067826774767955e-01
9.619238476953906325e-02 7.687166304132884154e-01 9.480746323181373988e-03 7.518291477160371494e-01 7.840616966580976621e-01
9.819639278557112938e-02 7.715246193395294272e-01 9.650800511879421839e-03 7.540043504053787204e-01 7.872256278425944220e-01
1.002004008016031955e-01 7.733043306308088338e-01 9.414107637194890285e-03 7.567727901918133160e-01 7.894008305319358820e-01
1.022044088176352616e-01 7.762705161162746226e-01 9.664566900704463573e-03 7.575637729879375337e-01 7.915760332212774530e-01
1.042084168336673278e-01 7.789203084832905244e-01 9.679444928234455167e-03 7.595412299782480225e-01 7.935534902115879419e-01
1.062124248496993939e-01 7.810955111726320954e-01 9.817830007756711552e-03 7.603322127743721293e-01 7.947399644057742130e-01
1.082164328657314600e-01 7.832113901522641530e-01 9.822628220715057257e-03 7.615186869685584004e-01 7.957286929009294019e-01
1.102204408817635123e-01 7.850306505833497539e-01 1.022307014590457391e-02 7.621119240656515359e-01 7.988926240854261618e-01
1.122244488977955784e-01 7.870872058532726312e-01 9.355294474786036985e-03 7.650781095511172136e-01 7.992881154834882151e-01
1.142284569138276445e-01 7.888273680047459546e-01 9.699804484427003090e-03 7.652758552501482958e-01 8.000790982796124329e-01
1.162324649298597107e-01 7.908641487047656238e-01 9.992010142041927653e-03 7.678465493375519202e-01 8.024520466679849751e-01
1.182364729458917768e-01 7.925252125766263367e-01 9.816555399418749189e-03 7.702194977259244624e-01 8.048249950563575172e-01
1.202404809619238429e-01 7.949574846747082812e-01 9.639144474047067757e-03 7.729879375123590579e-01 8.071979434447300594e-01
1.222444889779558952e-01 7.970535890844374638e-01 9.859184906153065781e-03 7.747676488036385756e-01 8.087799090369784949e-01
1.242484969939879613e-01 7.983587106980423176e-01 1.005087135997072452e-02 7.755586315997626823e-01 8.095708918331026016e-01
1.262525050100200275e-01 8.004745896776744862e-01 1.022251550418263981e-02 7.779315799881352245e-01 8.127348230175993615e-01
1.282565130260520936e-01 8.025113703776941554e-01 1.040753103996486587e-02 7.795135455803836599e-01 8.153055171050029859e-01
1.302605210420841597e-01 8.039153648408147168e-01 1.043572833447460775e-02 7.803045283765077667e-01 8.162942456001581748e-01
1.322645290581162258e-01 8.058532726913189004e-01 1.035356900016991266e-02 7.822819853668182555e-01 8.184694482894997458e-01
1.342685370741482920e-01 8.075143365631797243e-01 9.756781607385614855e-03 7.858414079493770688e-01 8.194581767846549347e-01
1.362725450901803581e-01 8.089974293059125632e-01 9.787693000353319892e-03 7.872256278425944220e-01 8.198536681827169881e-01
1.382765531062124242e-01 8.110342100059323434e-01 9.349085395179059649e-03 7.897963219299980464e-01 8.210401423769032592e-01
1.402805611222444904e-01 8.127348230175993615e-01 9.500440988728707167e-03 7.917737789203085352e-01 8.232153450662448302e-01
1.422845691382765287e-01 8.142772394700414917e-01 9.236142554217150608e-03 7.941467273086810774e-01 8.244018192604311013e-01
1.442885771543085949e-01 8.157801067826774277e-01 9.255343743163056344e-03 7.959264385999604841e-01 8.251928020565553190e-01
1.462925851703406610e-01 8.172829740953133637e-01 8.624523999461897183e-03 7.984971326873639974e-01 8.263792762507415901e-01
1.482965931863727271e-01 8.189242633972710905e-01 8.811140954864141173e-03 7.998813525805813507e-01 8.285544789400830501e-01
1.503006012024047933e-01 8.203084832904885548e-01 8.812915954193138723e-03 8.014633181728297862e-01 8.303341902313624567e-01
1.523046092184368594e-01 8.219893217322524759e-01 8.431390576042268117e-03 8.050227407553885994e-01 8.331026300177971633e-01
1.543086172344689255e-01 8.235317381846944951e-01 8.251091835649803155e-03 8.070001977456989772e-01 8.342891042119834344e-01
1.563126252505009917e-01 8.249159580779117373e-01 7.785858662275833668e-03 8.093731461340716304e-01 8.362665612022938122e-01
1.583166332665330578e-01 8.268736404983190180e-01 7.897582968041001739e-03 8.113506031243820082e-01 8.378485267945422477e-01
1.603206412825651239e-01 8.282776349614395794e-01 8.099466856661626663e-03 8.127348230175993615e-01 8.400237294838837077e-01
1.623246492985971901e-01 8.292268143167886851e-01 8.695056252267366337e-03 8.129325687166304437e-01 8.423966778722562498e-01
1.643286573146292562e-01 8.306308087799090245e-01 8.361276507295541463e-03 8.160964999011272036e-01 8.435831520664425209e-01
1.663326653306613223e-01 8.318172829740954066e-01 8.293658301417801068e-03 8.172829740953134747e-01 8.437808977654736031e-01
1.683366733466933607e-01 8.327466877595413042e-01 8.496072102293023356e-03 8.176784654933755281e-01 8.447696262606287920e-01
1.703406813627254268e-01 8.340913585129523522e-01 8.194406161676253547e-03 8.206446509788412058e-01 8.455606090567530098e-01
1.723446893787574929e-01 8.354360292663635112e-01 7.988926240854248365e-03 8.220288708720585591e-01 8.463515918528772275e-01
1.743486973947895591e-01 8.366620526003561986e-01 7.865209334131435803e-03 8.232153450662448302e-01 8.467470832509392809e-01
1.763527054108216252e-01 8.376903302353173597e-01 7.864612709024623727e-03 8.240063278623690479e-01 8.485267945422186875e-01
1.783567134268536913e-01 8.390745501285346020e-01 8.010433949723337263e-03 8.247973106584931546e-01 8.499110144354360408e-01
1.803607214428857575e-01 8.406169665809768432e-01 7.805822049365387233e-03 8.277634961439588324e-01 8.518884714257465296e-01
1.823647294589178236e-01 8.417638916353569201e-01 7.597038726886247775e-03 8.293454617362072678e-01 8.534704370179948540e-01
1.843687374749498897e-01 8.428317184101246085e-01 7.554196291939593161e-03 8.303341902313624567e-01 8.544591655131500429e-01
1.863727454909819559e-01 8.437808977654736031e-01 7.479912406782205161e-03 8.321139015226418634e-01 8.548546569112122073e-01
1.883767535070140220e-01 8.448684991101442776e-01 7.351912772403124477e-03 8.329048843187660811e-01 8.556456397073363140e-01
1.903807615230460881e-01 8.457781293256871891e-01 7.283084430456887581e-03 8.334981214158592167e-01 8.560411311053984784e-01
1.923847695390781265e-01 8.476764880363850674e-01 7.247885681558162256e-03 8.352778327071386233e-01 8.572276052995847495e-01
1.943887775551101926e-01 8.489816096499902542e-01 7.288773418587819047e-03 8.364643069013248944e-01 8.586118251928021028e-01
1.963927855711422588e-01 8.498912398655329437e-01 7.262114884906345318e-03 8.376507810955111655e-01 8.596005536879572917e-01
1.983967935871743249e-01 8.507415463713664527e-01 7.158722052723138531e-03 8.382440181926043010e-01 8.599960450860193450e-01
2.004008016032063910e-01 8.517105002966186555e-01 7.078881741473556574e-03 8.404192208819458720e-01 8.607870278821435628e-01
2.024048096192384572e-01 8.528771999209017185e-01 7.084155145831045990e-03 8.421989321732252787e-01 8.619735020763298339e-01
2.044088176352705233e-01 8.537868301364446300e-01 6.971875103633072383e-03 8.433854063674115498e-01 8.625667391734229694e-01
2.064128256513025894e-01 8.547953332015030270e-01 6.483556480072310592e-03 8.455606090567530098e-01 8.629622305714850228e-01
2.084168336673346555e-01 8.557840616966579939e-01 6.737326847179416107e-03 8.459561004548150631e-01 8.643464504647023761e-01
2.104208416833667217e-01 8.572473798694879576e-01 6.828070508224199156e-03 8.471425746490013342e-01 8.661261617559817827e-01
2.124248496993987878e-01 8.580779118054181476e-01 6.583506429243921043e-03 8.483290488431876053e-01 8.667193988530749182e-01
2.144288577154308539e-01 8.593039351394107239e-01 6.362527404863037826e-03 8.497132687364049586e-01 8.669171445521060004e-01
2.164328657314629201e-01 8.604310856238877037e-01 6.693509352751434230e-03 8.507019972315602585e-01 8.696855843385405960e-01
2.184368737474949584e-01 8.615186869685583781e-01 6.830704352982008148e-03 8.514929800276843652e-01 8.704765671346648137e-01
2.204408817635270246e-01 8.627447103025508435e-01 6.742200434058575817e-03 8.528771999209017185e-01 8.714652956298200026e-01
2.224448897795590907e-01 8.639114099268340174e-01 7.108840991969987873e-03 8.538659284160569074e-01 8.738382440181926558e-01
2.244488977955911568e-01 8.650385604113109972e-01 6.978630349992626450e-03 8.548546569112122073e-01 8.752224639114098981e-01
2.264529058116232230e-01 8.660668380462723803e-01 6.884873697176131617e-03 8.560411311053984784e-01 8.762111924065651980e-01
2.284569138276552891e-01 8.670753411113307774e-01 6.817955118599564740e-03 8.572276052995847495e-01 8.773976666007514691e-01
2.304609218436873552e-01 8.680442950365829802e-01 6.750083542909654337e-03 8.584140794937710206e-01 8.779909036978446046e-01
2.324649298597194214e-01 8.691121218113506686e-01 6.561135543907519775e-03 8.601937907850504272e-01 8.789796321929997935e-01
2.344689378757514875e-01 8.698240063278623868e-01 6.414432787739178000e-03 8.607870278821435628e-01 8.789796321929997935e-01
2.364729458917835536e-01 8.705754399841805213e-01 6.212646211884490476e-03 8.625667391734229694e-01 8.793751235910618469e-01
2.384769539078156197e-01 8.713861973502075031e-01 6.375390032167175917e-03 8.631599762705161050e-01 8.807593434842792002e-01
2.404809619238476859e-01 8.725528969744906771e-01 6.204458414251877094e-03 8.645441961637334582e-01 8.807593434842792002e-01
2.424849699398797520e-01 8.734032034803244082e-01 6.451966715875608743e-03 8.647419418627644294e-01 8.819458176784654713e-01
2.444889779559117904e-01 8.741150879968359044e-01 6.528124346327523683e-03 8.649396875617955116e-01 8.819458176784654713e-01
2.464929859719438565e-01 8.751829147716035928e-01 6.414280382112178339e-03 8.661261617559817827e-01 8.829345461736207712e-01
2.484969939879759226e-01 8.762507415463713922e-01 6.527884742563669698e-03 8.669171445521060004e-01 8.843187660668380135e-01
2.505010020040079888e-01 8.772394700415265811e-01 6.329592407363641288e-03 8.681036187462922715e-01 8.849120031639311490e-01
2.525050100200400549e-01 8.782479731065849782e-01 6.258299920686790849e-03 8.686968558433854071e-01 8.859007316590864489e-01
2.545090180360721210e-01 8.789400830531934883e-01 6.275614834700398749e-03 8.696855843385405960e-01 8.870872058532727200e-01
2.565130260521041872e-01 8.797508404192211362e-01 6.315769788198121078e-03 8.702788214356337315e-01 8.878781886493968267e-01
2.585170340681362533e-01 8.809175400435039771e-01 6.150368100073157901e-03 8.720585327269131382e-01 8.884714257464899623e-01
2.605210420841683194e-01 8.814119042910816271e-01 6.280753306727018814e-03 8.720585327269131382e-01 8.888669171445521267e-01
2.625250501002003856e-01 8.823808582163337189e-01 6.375758030668567979e-03 8.726517698240062737e-01 8.904488827368004511e-01
2.645290581162324517e-01 8.830136444532332707e-01 6.220163180174011902e-03 8.730472612220684381e-01 8.908443741348626155e-01
2.665330661322645178e-01 8.839430492386790572e-01 6.302754469220429694e-03 8.736404983191615736e-01 8.916353569309867222e-01
2.685370741482965840e-01 8.849317777338343571e-01 6.287224911823305340e-03 8.744314811152857914e-01 8.924263397271109399e-01
2.705410821643286501e-01 8.858216333794739494e-01 6.430962543918940406e-03 8.752224639114098981e-01 8.934150682222661288e-01
2.725450901803607162e-01 8.868696855843383187e-01 6.129127861718230465e-03 8.768044295036583335e-01 8.940083053193592644e-01
2.745490981963927823e-01 8.876211192406564532e-01 6.055055966893338991e-03 8.783863950959066580e-01 8.951947795135455355e-01
2.765531062124248485e-01 8.883330037571683935e-01 5.999912134103386856e-03 8.787818864939687113e-01 8.953925252125766177e-01
2.785571142284569146e-01 8.888669171445519046e-01 5.956053184739300461e-03 8.789796321929997935e-01 8.957880166106386710e-01
2.805611222444889807e-01 8.895194779513545535e-01 5.966581209521162020e-03 8.795728692900929291e-01 8.961835080087008354e-01
2.825651302605209914e-01 8.899742930591258983e-01 5.975847541798100584e-03 8.797706149891240113e-01 8.965789994067628887e-01
2.845691382765530575e-01 8.908245995649594073e-01 5.933985674390963340e-03 8.805615977852481180e-01 8.979632192999802420e-01
2.865731462925851236e-01 8.914969349416649314e-01 5.814564246251427600e-03 8.813525805813723357e-01 8.983587106980422954e-01
2.885771543086171897e-01 8.920703974688549698e-01 5.583156422813497465e-03 8.831322918726517424e-01 8.987542020961044598e-01
2.905811623246492559e-01 8.929998022543010894e-01 5.487541129339890654e-03 8.839232746687759601e-01 8.995451848922285665e-01
2.925851703406813220e-01 8.937907850504250851e-01 5.521639241788242267e-03 8.849120031639311490e-01 9.009294047854459198e-01
2.945891783567133881e-01 8.944235712873244148e-01 5.503195656773629194e-03 8.849120031639311490e-01 9.015226418825390553e-01
2.965931863727454543e-01 8.949970338145144533e-01 5.356682430189075965e-03 8.857029859600553667e-01 9.019181332806011087e-01
2.985971943887775204e-01 8.960450860193789335e-01 5.254271047654522284e-03 8.866917144552105556e-01 9.023136246786632730e-01
3.006012024048095865e-01 8.967965196756969570e-01 5.363576419806429310e-03 8.872849515523036912e-01 9.042910816689736508e-01
3.026052104208416527e-01 8.975479533320150916e-01 5.507457350766729355e-03 8.878781886493968267e-01 9.048843187660667864e-01
3.046092184368737188e-01 8.980423175795927415e-01 5.374319205953902168e-03 8.886691714455210445e-01 9.050820644650978686e-01
3.066132264529057849e-01 8.987937512359106540e-01 5.197214444254722766e-03 8.896578999406763444e-01 9.050820644650978686e-01
3.086172344689378511e-01 8.996045086019377468e-01 5.260221442163531304e-03 8.904488827368004511e-01 9.056753015621910041e-01
3.106212424849699172e-01 9.003559422582559923e-01 4.997491965679554289e-03 8.918331026300178044e-01 9.064662843583152219e-01
3.126252505010019833e-01 9.012457979038955846e-01 5.262562563840226387e-03 8.924263397271109399e-01 9.072572671544394396e-01
3.146292585170340494e-01 9.019181332806012197e-01 5.246040965655730283e-03 8.936128139212972110e-01 9.078505042515325751e-01
3.166332665330661156e-01 9.026893415068222293e-01 5.105861344437331688e-03 8.940083053193592644e-01 9.082459956495946285e-01
3.186372745490981817e-01 9.034605497330433499e-01 5.078485315645736749e-03 8.947992881154834821e-01 9.090369784457188462e-01
3.206412825651302478e-01 9.041328851097487629e-01 5.386383767205622612e-03 8.953925252125766177e-01 9.104211983389360885e-01
3.226452905811623140e-01 9.049831916155823830e-01 5.527867747393180008e-03 8.959857623096697532e-01 9.110144354360292240e-01
3.246492985971943801e-01 9.053589084437412282e-01 5.391027953026887934e-03 8.963812537077318066e-01 9.110144354360292240e-01
3.266533066132264462e-01 9.057741744117064897e-01 5.606535216150866467e-03 8.963812537077318066e-01 9.123986553292465773e-01
3.286573146292585124e-01 9.066838046272494012e-01 5.553416081100277790e-03 8.969744908048249421e-01 9.127941467273086307e-01
3.306613226452905785e-01 9.073363654340516060e-01 5.489500386648482784e-03 8.977654736009491598e-01 9.133873838244017662e-01
3.326653306613226446e-01 9.080284753806605602e-01 5.162223340635439632e-03 8.991496934941665131e-01 9.137828752224639306e-01
3.346693386773546552e-01 9.085426141981413073e-01 5.228308029016939112e-03 8.995451848922285665e-01 9.147716037176191195e-01
3.366733466933867214e-01 9.090369784457189573e-01 5.317852106457302691e-03 8.999406762902907309e-01 9.157603322127744194e-01
3.386773547094187875e-01 9.096499901127150789e-01 5.187914096889178171e-03 9.005339133873838664e-01 9.161558236108364728e-01
3.406813627254508536e-01 9.103025509195173948e-01 5.066459376467505327e-03 9.013248961835079731e-01 9.163535693098675550e-01
3.426853707414829198e-01 9.110342100059323212e-01 5.170549024414067101e-03 9.019181332806011087e-01 9.169468064069606905e-01
3.446893787575149859e-01 9.116867708127347480e-01 5.044802452928924541e-03 9.029068617757564086e-01 9.171445521059916617e-01
3.466933867735470520e-01 9.122800079098279946e-01 4.936676919961858513e-03 9.033023531738184619e-01 9.173422978050227439e-01
3.486973947895791182e-01 9.127941467273086307e-01 5.015885044498843287e-03 9.038955902709115975e-01 9.179355349021158794e-01
3.507014028056111843e-01 9.133873838244019883e-01 5.170208691275001572e-03 9.042910816689736508e-01 9.191220090963021505e-01
3.527054108216432504e-01 9.138619735020764301e-01 5.037821527049574609e-03 9.052798101641289508e-01 9.197152461933952861e-01
3.547094188376753165e-01 9.143365631797509829e-01 4.810385139729198185e-03 9.058730472612220863e-01 9.197152461933952861e-01
3.567134268537073827e-01 9.149495748467468825e-01 4.647192218394212947e-03 9.074550128534704108e-01 9.199129918924263682e-01
3.587174348697394488e-01 9.154241645244216574e-01 4.811401150693935501e-03 9.074550128534704108e-01 9.207039746885504750e-01
3.607214428857715149e-01 9.160964999011271814e-01 4.988563949960470208e-03 9.074550128534704108e-01 9.214949574846746927e-01
3.627254509018035811e-01 9.167688352778325944e-01 5.031025229096443806e-03 9.084437413486257107e-01 9.220881945817678282e-01
3.647294589178356472e-01 9.176191417836662145e-01 5.081102575921811644e-03 9.098279612418429529e-01 9.240656515720783171e-01
3.667334669338677133e-01 9.182717025904686414e-01 5.222171515131141147e-03 9.102234526399051173e-01 9.242633972711093993e-01
3.687374749498997795e-01 9.186869685584339029e-01 5.464941295933115756e-03 9.102234526399051173e-01 9.248566343682025348e-01
3.707414829659318456e-01 9.193790785050426351e-01 5.329640965066981262e-03 9.108166897369982529e-01 9.254498714652956703e-01
3.727454909819639117e-01 9.198932173225232711e-01 5.132596185072072804e-03 9.116076725331223596e-01 9.258453628633577237e-01
3.747494989979959779e-01 9.205062289895196148e-01 5.088638911885026185e-03 9.123986553292465773e-01 9.260431085623888059e-01
3.767535070140280440e-01 9.212774372157405134e-01 5.095128129543023861e-03 9.125964010282776595e-01 9.272295827565750770e-01
3.787575150300601101e-01 9.217322523235118581e-01 5.251107158015154430e-03 9.129918924263397129e-01 9.278228198536682125e-01
3.807615230460921762e-01 9.223057148507021186e-01 4.984172400507582215e-03 9.139806209214950128e-01 9.282183112517302659e-01
3.827655310621242424e-01 9.227407553885704772e-01 4.935765922219398881e-03 9.145738580185881483e-01 9.286138026497923192e-01
3.847695390781562530e-01 9.234130907652758902e-01 4.986211815191353598e-03 9.149693494166502017e-01 9.292070397468854548e-01
3.867735470941883191e-01 9.238085821633379435e-01 5.057073209375756787e-03 9.153648408147122550e-01 9.299980225430096725e-01
3.887775551102203853e-01 9.243424955507218987e-01 5.194505131319093055e-03 9.155625865137433372e-01 9.299980225430096725e-01
3.907815631262524514e-01 9.250148309274273117e-01 5.215990297824207346e-03 9.159580779118053906e-01 9.305912596401028081e-01
3.927855711422845175e-01 9.256871663041328357e-01 5.001676373359334807e-03 9.171445521059916617e-01 9.313822424362270258e-01
3.947895791583165837e-01 9.262804034012260823e-01 4.944275221519931450e-03 9.177377892030847972e-01 9.321732252323512435e-01
3.967935871743486498e-01 9.266758947992880247e-01 4.936360070250677551e-03 9.183310263001779328e-01 9.325687166304132969e-01
3.987975951903807159e-01 9.273877793157998539e-01 4.704353140040336625e-03 9.199129918924263682e-01 9.331619537275064324e-01
4.008016032064127820e-01 9.279216927031835871e-01 4.815625455622933940e-03 9.201107375914573394e-01 9.347439193197547569e-01
4.028056112224448482e-01 9.285940280798892221e-01 4.857022436684103710e-03 9.205062289895195038e-01 9.353371564168478924e-01
4.048096192384769143e-01 9.290883923274669831e-01 4.819643229193851588e-03 9.207039746885504750e-01 9.357326478149100568e-01
4.068136272545089804e-01 9.297014039944631048e-01 4.750220494364367461e-03 9.220881945817678282e-01 9.369191220090963279e-01
4.088176352705410466e-01 9.302550919517500461e-01 4.689575837208998822e-03 9.222859402807989104e-01 9.371168677081272991e-01
4.108216432865731127e-01 9.307494561993276960e-01 4.494355616641239164e-03 9.228791773778920460e-01 9.373146134071583813e-01
4.128256513026051788e-01 9.313229187265175124e-01 4.524921116141805699e-03 9.232746687759540993e-01 9.381055962032825990e-01
4.148296593186372450e-01 9.318172829740953844e-01 4.453275290263690282e-03 9.238679058730472349e-01 9.385010876013446524e-01
4.168336673346693111e-01 9.324105200711885200e-01 4.394050041473163484e-03 9.248566343682025348e-01 9.388965789994068167e-01
4.188376753507013772e-01 9.329839825983784474e-01 4.198965903659677285e-03 9.254498714652956703e-01 9.392920703974688701e-01
4.208416833667334433e-01 9.334190231362466950e-01 4.194866350909112751e-03 9.258453628633577237e-01 9.394898160964999523e-01
4.228456913827655095e-01 9.340320348032429276e-01 4.304501923124634533e-03 9.258453628633577237e-01 9.402807988926240590e-01
4.248496993987975756e-01 9.345263990508205776e-01 4.111446477393386478e-03 9.268340913585129126e-01 9.404785445916551412e-01
4.268537074148296417e-01 9.348427921692703535e-01 3.993533019992475189e-03 9.276250741546371303e-01 9.406762902906862234e-01
4.288577154308617079e-01 9.352976072770416982e-01 3.799394284080668052e-03 9.286138026497923192e-01 9.406762902906862234e-01
4.308617234468937740e-01 9.359897172236504304e-01 3.805821347325885531e-03 9.290092940478544836e-01 9.414672730868103301e-01
4.328657314629258401e-01 9.364247577615186779e-01 3.849951840087662090e-03 9.294047854459165370e-01 9.418627644848724945e-01
4.348697394789579063e-01 9.369586711489024111e-01 3.846446132674880523e-03 9.298002768439785903e-01 9.418627644848724945e-01
4.368737474949899169e-01 9.376112319557048380e-01 3.821406854376627887e-03 9.307890053391338903e-01 9.430492386790587656e-01
4.388777555110219830e-01 9.381649199129918903e-01 3.866977691374074919e-03 9.309867510381649724e-01 9.434447300771208189e-01
4.408817635270540491e-01 9.385010876013446524e-01 3.893130220233254231e-03 9.313822424362270258e-01 9.436424757761519011e-01
4.428857715430861153e-01 9.390943246984380099e-01 3.918160246738214454e-03 9.319754795333201614e-01 9.442357128732450366e-01
4.448897795591181814e-01 9.394898160965000633e-01 3.800629123271765004e-03 9.323709709313822147e-01 9.446312042713070900e-01
4.468937875751502475e-01 9.399050820644649917e-01 3.859284824436686606e-03 9.329642080284753503e-01 9.448289499703381722e-01
4.488977955911823137e-01 9.404785445916552522e-01 3.672963342101381954e-03 9.337551908245995680e-01 9.454221870674313077e-01
4.509018036072143798e-01 9.410520071188450686e-01 3.541194289320147379e-03 9.353371564168478924e-01 9.458176784654933611e-01
4.529058116232464459e-01 9.417243424955508146e-01 3.718513097302316491e-03 9.357326478149100568e-01 9.473996440577417966e-01
4.549098196392785121e-01 9.423175795926439502e-01 3.536332285943488175e-03 9.369191220090963279e-01 9.475973897567727677e-01
4.569138276553105782e-01 9.428910421198338776e-01 3.630990134712024260e-03 9.369191220090963279e-01 9.483883725528969855e-01
4.589178356713426443e-01 9.432469843780897367e-01 3.687838001401285044e-03 9.377101048052204346e-01 9.489816096499901210e-01
4.609218436873747105e-01 9.437215740557644006e-01 3.633573856671818737e-03 9.379078505042515168e-01 9.495748467470832566e-01
4.629258517034067766e-01 9.443345857227605222e-01 3.440150048111131724e-03 9.386988333003757345e-01 9.495748467470832566e-01
4.649298597194388427e-01 9.449475973897566439e-01 3.259146684925474935e-03 9.396875617955309234e-01 9.501680838441763921e-01
4.669338677354709088e-01 9.453430887878189193e-01 3.340907586623349888e-03 9.400830531935930878e-01 9.507613209412695277e-01
4.689378757515029750e-01 9.459165513150088467e-01 3.538764122636599025e-03 9.404785445916551412e-01 9.521455408344868809e-01
4.709418837675350411e-01 9.462527190033618307e-01 3.567981273093614146e-03 9.406762902906862234e-01 9.521455408344868809e-01
4.729458917835671072e-01 9.466679849713267592e-01 3.459193496771993930e-03 9.406762902906862234e-01 9.521455408344868809e-01
4.749498997995991734e-01 9.470437017994859374e-01 3.399616084293714206e-03 9.412695273877793589e-01 9.527387779315800165e-01
4.769539078156312395e-01 9.473798694878384774e-01 3.398062920692804852e-03 9.418627644848724945e-01 9.529365236306109876e-01
4.789579158316633056e-01 9.479928811548349321e-01 3.367487910999880738e-03 9.428514929800276834e-01 9.531342693296420698e-01
4.809619238476953718e-01 9.485465691121216514e-01 3.190760284995834174e-03 9.436424757761519011e-01 9.533320150286731520e-01
4.829659318637274379e-01 9.490211587897963152e-01 3.105048277854925709e-03 9.442357128732450366e-01 9.535297607277041232e-01
4.849699398797595040e-01 9.494561993276647849e-01 3.203480324302947213e-03 9.446312042713070900e-01 9.543207435238283409e-01
4.869739478957915702e-01 9.498121415859204220e-01 3.215177233411533209e-03 9.446312042713070900e-01 9.545184892228594231e-01
4.889779559118235808e-01 9.501087601344672118e-01 3.365222803879562487e-03 9.448289499703381722e-01 9.553094720189836409e-01
4.909819639278556469e-01 9.505438006723352373e-01 3.208663903474250761e-03 9.460154241645244433e-01 9.553094720189836409e-01
4.929859719438877130e-01 9.509195175004944156e-01 3.200549417628680351e-03 9.462131698635554145e-01 9.553094720189836409e-01
4.949899799599197792e-01 9.513545580383626632e-01 3.110333041887552302e-03 9.466086612616175788e-01 9.555072177180146120e-01
4.969939879759518453e-01 9.517105002966186333e-01 3.227316434008058264e-03 9.470041526596796322e-01 9.564959462131699119e-01
4.989979959919839114e-01 9.521257662645838948e-01 3.127196775684744356e-03 9.470041526596796322e-01 9.570891833102630475e-01
5.010020040080159776e-01 9.525805813723551285e-01 3.224892249459542903e-03 9.473996440577417966e-01 9.572869290092940187e-01
5.030060120240480437e-01 9.529167490607077795e-01 3.265439578895944824e-03 9.479928811548349321e-01 9.580779118054182364e-01
5.050100200400801098e-01 9.531540438995452780e-01 3.310631539556804261e-03 9.479928811548349321e-01 9.582756575044493186e-01
5.070140280561121759e-01 9.535297607277042342e-01 3.191005379306991862e-03 9.483883725528969855e-01 9.586711489025113719e-01
5.090180360721442421e-01 9.538857029859600933e-01 3.153780434240005190e-03 9.489816096499901210e-01 9.588688946015424541e-01
5.110220440881763082e-01 9.542416452442159525e-01 3.187572344015801584e-03 9.489816096499901210e-01 9.590666403005734253e-01
5.130260521042083743e-01 9.546173620723749087e-01 3.079059920187567946e-03 9.495748467470832566e-01 9.592643859996045075e-01
5.150300601202404405e-01 9.550919517500494615e-01 3.119685182846271623e-03 9.495748467470832566e-01 9.592643859996045075e-01
5.170340681362725066e-01 9.553885702985958073e-01 3.131882372466587416e-03 9.499703381451453099e-01 9.594621316986355897e-01
5.190380761523045727e-01 9.557642871267549856e-01 3.074993307432552329e-03 9.505635752422384455e-01 9.600553687957287252e-01
5.210420841683366389e-01 9.559818073956890538e-01 3.008335417162208425e-03 9.509590666403006098e-01 9.600553687957287252e-01
5.230460921843687050e-01 9.565750444927821894e-01 3.103032666946128892e-03 9.511568123393315810e-01 9.606486058928218608e-01
5.250501002004007711e-01 9.568321139015225629e-01 3.236088880017359577e-03 9.513545580383626632e-01 9.616373343879770497e-01
5.270541082164328373e-01 9.572473798694879354e-01 3.045283765078119972e-03 9.521455408344868809e-01 9.618350800870081319e-01
5.290581162324649034e-01 9.576428712675498778e-01 3.010414432902514936e-03 9.531342693296420698e-01 9.622305714850701852e-01
5.310621242484969695e-01 9.579592643859996537e-01 2.987465686062281550e-03 9.533320150286731520e-01 9.626260628831322386e-01
5.330661322645290356e-01 9.583152066442555128e-01 3.103788674428853596e-03 9.533320150286731520e-01 9.628238085821633208e-01
5.350701402805611018e-01 9.585327269131894701e-01 3.213048158015696047e-03 9.535297607277041232e-01 9.632192999802254851e-01
5.370741482965931679e-01 9.588886691714455512e-01 3.217183356841527442e-03 9.537275064267352054e-01 9.638125370773186207e-01
5.390781563126252340e-01 9.591655131500889109e-01 3.335108869960187478e-03 9.537275064267352054e-01 9.640102827763495918e-01
5.410821643286573002e-01 9.594621316986357007e-01 3.168870970774790696e-03 9.541229978247972587e-01 9.640102827763495918e-01
5.430861723446893663e-01 9.598576230966976430e-01 3.074929723935175812e-03 9.549139806209214765e-01 9.644057741744117562e-01
5.450901803607214324e-01 9.602531144947598074e-01 3.090152241347451229e-03 9.551117263199525587e-01 9.644057741744117562e-01
5.470941883767534986e-01 9.604310856238876815e-01 3.103347692445840040e-03 9.553094720189836409e-01 9.644057741744117562e-01
5.490981963927855647e-01 9.607277041724341382e-01 3.095462436915082886e-03 9.555072177180146120e-01 9.646035198734427274e-01
5.511022044088176308e-01 9.612022938501088021e-01 3.086100245188751288e-03 9.562982005141388298e-01 9.651967569705358629e-01
5.531062124248496970e-01 9.615582361083646612e-01 3.149313672393660654e-03 9.562982005141388298e-01 9.659877397666600807e-01
5.551102204408817631e-01 9.620526003559423112e-01 3.115922595826067874e-03 9.564959462131699119e-01 9.661854854656911629e-01
5.571142284569138292e-01 9.624085426141982813e-01 2.974676397610889842e-03 9.570891833102630475e-01 9.663832311647221340e-01
5.591182364729458953e-01 9.627842594423571265e-01 2.958000704182754334e-03 9.572869290092940187e-01 9.665809768637532162e-01
5.611222444889779615e-01 9.629622305714848896e-01 2.842383773608544387e-03 9.578801661063871542e-01 9.665809768637532162e-01
5.631262525050100276e-01 9.633577219695471650e-01 2.810564009881432249e-03 9.586711489025113719e-01 9.669764682618152696e-01
5.651302605210419827e-01 9.636938896578998159e-01 2.685558413504441407e-03 9.586711489025113719e-01 9.671742139608463518e-01
5.671342685370740488e-01 9.640102827763495918e-01 2.722865648101007417e-03 9.590666403005734253e-01 9.675697053589084051e-01
5.691382765531061150e-01 9.643069013248963817e-01 2.678341215094518901e-03 9.594621316986355897e-01 9.675697053589084051e-01
5.711422845691381811e-01 9.646826181530553379e-01 2.457462745960998368e-03 9.602531144947596964e-01 9.677674510579394873e-01
5.731462925851702472e-01 9.650385604113109750e-01 2.461596412038050304e-03 9.602531144947596964e-01 9.679651967569705695e-01
5.751503006012023134e-01 9.653351789598575428e-01 2.487276185023630602e-03 9.602531144947596964e-01 9.683606881550326229e-01
5.771543086172343795e-01 9.656120229385010134e-01 2.429054592740457347e-03 9.608463515918528319e-01 9.683606881550326229e-01
5.791583166332664456e-01 9.659086414870478032e-01 2.593712071515850287e-03 9.610440972908839141e-01 9.687561795530946762e-01
5.811623246492985118e-01 9.662645837453034403e-01 2.654805053879898472e-03 9.612418429899149963e-01 9.693494166501878118e-01
5.831663326653305779e-01 9.665612022938502301e-01 2.643365215743785634e-03 9.616373343879770497e-01 9.695471623492188940e-01
5.851703406813626440e-01 9.669171445521060893e-01 2.764269861615899042e-03 9.618350800870081319e-01 9.701403994463120295e-01
5.871743486973947102e-01 9.672730868103617263e-01 2.863218422577682321e-03 9.618350800870081319e-01 9.705358908443740829e-01
5.891783567134267763e-01 9.675499307890053080e-01 2.743538964968598743e-03 9.624283171841012674e-01 9.705358908443740829e-01
5.911823647294588424e-01 9.679849713268735556e-01 2.671324098167073523e-03 9.630215542811944029e-01 9.709313822424362472e-01
5.931863727454909085e-01 9.684002372948388171e-01 2.692247961260411156e-03 9.632192999802254851e-01 9.711291279414672184e-01
5.951903807615229747e-01 9.686968558433853849e-01 2.698413782608851622e-03 9.636147913782875385e-01 9.715246193395293828e-01
5.971943887775550408e-01 9.690330235317382579e-01 2.492223492851598950e-03 9.648012655724738096e-01 9.717223650385604650e-01
5.991983967935871069e-01 9.692505438006724372e-01 2.520385104162303335e-03 9.649990112715048918e-01 9.717223650385604650e-01
6.012024048096191731e-01 9.696658097686373656e-01 2.444699934431565375e-03 9.653945026695669451e-01 9.721178564366225183e-01
6.032064128256512392e-01 9.700415265967965439e-01 2.313286627130361865e-03 9.657899940676289985e-01 9.725133478346845717e-01
6.052104208416833053e-01 9.704370179948587083e-01 2.451169413201135638e-03 9.659877397666600807e-01 9.729088392327467361e-01
6.072144288577153715e-01 9.706743128336958737e-01 2.506070806691288420e-03 9.661854854656911629e-01 9.731065849317777072e-01
6.092184368737474376e-01 9.709116076725331501e-01 2.556126106156543336e-03 9.663832311647221340e-01 9.731065849317777072e-01
6.112224448897795037e-01 9.710698042317579270e-01 2.512304435640415595e-03 9.665809768637532162e-01 9.733043306308087894e-01
6.132264529058115698e-01 9.712873245006921064e-01 2.524338287084517286e-03 9.667787225627842984e-01 9.735020763298398716e-01
6.152304609218436360e-01 9.715443939094324799e-01 2.464216103560866455e-03 9.671742139608463518e-01 9.742930591259639783e-01
6.172344689378757021e-01 9.717816887482697563e-01 2.495124482279600844e-03 9.675697053589084051e-01 9.742930591259639783e-01
6.192384769539077682e-01 9.720387581570101299e-01 2.384783615848350309e-03 9.679651967569705695e-01 9.746885505240261427e-01
6.212424849699398344e-01 9.722958275657503924e-01 2.313624678663252134e-03 9.683606881550326229e-01 9.746885505240261427e-01
6.232464929859719005e-01 9.724342495550721832e-01 2.316580525308681044e-03 9.683606881550326229e-01 9.746885505240261427e-01
6.252505010020039666e-01 9.727308681036188620e-01 2.277855358770932738e-03 9.683606881550326229e-01 9.748862962230571139e-01
6.272545090180360328e-01 9.730077120822622216e-01 2.122890108125762357e-03 9.689539252521257584e-01 9.750840419220881961e-01
6.292585170340680989e-01 9.733043306308086784e-01 2.151705834880038651e-03 9.689539252521257584e-01 9.756772790191813316e-01
6.312625250501001650e-01 9.736404983191615514e-01 2.022523830508518757e-03 9.695471623492188940e-01 9.758750247182124138e-01
6.332665330661322312e-01 9.739568914376113273e-01 2.135378885068908630e-03 9.697449080482499761e-01 9.760727704172433850e-01
6.352705410821642973e-01 9.742139608463515899e-01 2.198804132713870225e-03 9.697449080482499761e-01 9.762705161162744671e-01
6.372745490981963634e-01 9.744710302550918524e-01 2.067270271814003555e-03 9.703381451453431117e-01 9.762705161162744671e-01
6.392785571142284295e-01 9.746687759541231566e-01 2.082347654716282075e-03 9.705358908443740829e-01 9.768637532133676027e-01
6.412825651302604957e-01 9.749060707929603220e-01 2.063483712591829364e-03 9.709313822424362472e-01 9.774569903104607382e-01
6.432865731462925618e-01 9.752224639114098759e-01 2.148159139560559903e-03 9.711291279414672184e-01 9.782479731065849560e-01
6.452905811623246279e-01 9.754795333201501384e-01 2.124271149218228544e-03 9.715246193395293828e-01 9.786434645046470093e-01
6.472945891783566941e-01 9.757959264386000253e-01 2.152069268010720331e-03 9.715246193395293828e-01 9.786434645046470093e-01
6.492985971943887602e-01 9.760925449871467041e-01 2.112179564302063463e-03 9.719201107375914361e-01 9.788412102036780915e-01
6.513026052104208263e-01 9.762902906861775643e-01 2.145244651130079686e-03 9.721178564366225183e-01 9.792367016017401449e-01
6.533066132264528925e-01 9.764287126754995771e-01 2.171244173432588728e-03 9.721178564366225183e-01 9.792367016017401449e-01
6.553106212424849586e-01 9.766264583745304373e-01 2.174843121988132792e-03 9.721178564366225183e-01 9.792367016017401449e-01
6.573146292585170247e-01 9.769230769230770051e-01 2.164480015974052686e-03 9.721178564366225183e-01 9.796321929998023093e-01
6.593186372745490909e-01 9.770614989123987959e-01 2.191322155775374259e-03 9.721178564366225183e-01 9.796321929998023093e-01
6.613226452905811570e-01 9.772790191813328642e-01 2.141595962969717465e-03 9.725133478346845717e-01 9.798299386988332804e-01
6.633266533066132231e-01 9.774372157405576411e-01 2.202801880948006708e-03 9.725133478346845717e-01 9.798299386988332804e-01
6.653306613226452892e-01 9.776745105793949175e-01 2.184978124315544151e-03 9.727110935337156539e-01 9.800276843978643626e-01
6.673346693386772444e-01 9.779513545580383882e-01 2.263734861384063789e-03 9.729088392327467361e-01 9.802254300968954448e-01
6.693386773547093105e-01 9.782281985366818589e-01 2.284711737762481348e-03 9.731065849317777072e-01 9.806209214949574982e-01
6.713426853707413766e-01 9.783468459561003305e-01 2.179243734047870643e-03 9.736998220288708428e-01 9.806209214949574982e-01
6.733466933867734427e-01 9.784852679454223434e-01 2.167639249522615962e-03 9.738975677279019250e-01 9.808186671939885803e-01
6.753507014028055089e-01 9.786236899347440232e-01 2.143421083433022165e-03 9.740953134269330072e-01 9.810164128930195515e-01
6.773547094188375750e-01 9.788807593434845078e-01 2.129419122162829782e-03 9.740953134269330072e-01 9.812141585920506337e-01
6.793587174348696411e-01 9.789994067629029795e-01 2.180230405748497750e-03 9.740953134269330072e-01 9.814119042910817159e-01
6.813627254509017073e-01 9.792762507415464501e-01 2.125743270773467700e-03 9.744908048249950605e-01 9.814119042910817159e-01
6.833667334669337734e-01 9.796124184298993232e-01 2.179602575435805444e-03 9.748862962230571139e-01 9.814119042910817159e-01
6.853707414829658395e-01 9.797706149891241001e-01 2.089096976057298275e-03 9.752817876211192782e-01 9.816096499901126871e-01
6.873747494989979057e-01 9.799288115483488770e-01 2.068782954919040021e-03 9.756772790191813316e-01 9.818073956891437692e-01
6.893787575150299718e-01 9.801265572473798482e-01 1.931946131176982395e-03 9.760727704172433850e-01 9.820051413881748514e-01
6.913827655310620379e-01 9.803243029464109304e-01 1.913643070976442850e-03 9.764682618153055493e-01 9.822028870872058226e-01
6.933867735470941041e-01 9.805418232153449987e-01 1.957982012179024754e-03 9.764682618153055493e-01 9.825983784852679870e-01
6.953907815631261702e-01 9.807197943444728727e-01 1.913643070976451524e-03 9.770614989123986849e-01 9.827961241842989581e-01
6.973947895791582363e-01 9.809175400435039549e-01 1.838609692240899748e-03 9.770614989123986849e-01 9.827961241842989581e-01
6.993987975951903024e-01 9.810559620328257457e-01 1.869298366319393796e-03 9.770614989123986849e-01 9.831916155823611225e-01
7.014028056112223686e-01 9.811548348823411203e-01 1.861437310577607109e-03 9.770614989123986849e-01 9.835871069804231759e-01
7.034068136272544347e-01 9.815107771405973125e-01 1.699347888364163622e-03 9.778524817085227916e-01 9.839825983784852292e-01
7.054108216432865008e-01 9.817282974095313808e-01 1.799811786115529345e-03 9.780502274075538738e-01 9.847735811746094470e-01
7.074148296593185670e-01 9.819853668182718653e-01 1.702106945066664137e-03 9.786434645046470093e-01 9.847735811746094470e-01
7.094188376753506331e-01 9.821435633774966423e-01 1.694277948458910912e-03 9.788412102036780915e-01 9.847735811746094470e-01
7.114228456913826992e-01 9.822424362270121279e-01 1.739263075127221508e-03 9.788412102036780915e-01 9.847735811746094470e-01
7.134268537074147654e-01 9.824599564959461961e-01 1.661652296503526383e-03 9.792367016017401449e-01 9.847735811746094470e-01
7.154308617234468315e-01 9.825983784852679870e-01 1.567064485359598606e-03 9.796321929998023093e-01 9.847735811746094470e-01
7.174348697394788976e-01 9.827170259046864587e-01 1.577510039563304088e-03 9.798299386988332804e-01 9.847735811746094470e-01
7.194388777555109638e-01 9.828356733241051524e-01 1.556548835606419608e-03 9.802254300968954448e-01 9.847735811746094470e-01
7.214428857715430299e-01 9.829938698833300403e-01 1.637831065125453173e-03 9.802254300968954448e-01 9.851690725726715003e-01
7.234468937875750960e-01 9.831322918726519422e-01 1.621152961760697828e-03 9.804231757959264160e-01 9.853668182717025825e-01
7.254509018036071621e-01 9.833695867114892186e-01 1.465054098634874496e-03 9.808186671939885803e-01 9.853668182717025825e-01
7.274549098196392283e-01 9.836464306901324672e-01 1.474631456397254743e-03 9.810164128930195515e-01 9.855645639707336647e-01
7.294589178356712944e-01 9.838639509590667576e-01 1.404412173586296877e-03 9.812141585920506337e-01 9.855645639707336647e-01
7.314629258517033605e-01 9.840221475182916455e-01 1.411632849323696346e-03 9.816096499901126871e-01 9.859600553687957181e-01
7.334669338677354267e-01 9.842198932173225057e-01 1.479264718945234175e-03 9.816096499901126871e-01 9.859600553687957181e-01
7.354709418837674928e-01 9.844176389163534768e-01 1.571549652861806926e-03 9.816096499901126871e-01 9.863555467668577714e-01
7.374749498997995589e-01 9.845956100454813509e-01 1.671974674623529682e-03 9.818073956891437692e-01 9.867510381649199358e-01
7.394789579158316251e-01 9.848329048843187383e-01 1.611475794493109339e-03 9.820051413881748514e-01 9.869487838639509070e-01
7.414829659318636912e-01 9.850108760134468344e-01 1.670453793311656946e-03 9.820051413881748514e-01 9.873442752620130713e-01
7.434869739478957573e-01 9.852283962823807917e-01 1.625969947452751349e-03 9.825983784852679870e-01 9.875420209610440425e-01
7.454909819639278235e-01 9.854459165513149710e-01 1.519428333976538667e-03 9.827961241842989581e-01 9.875420209610440425e-01
7.474949899799598896e-01 9.857227605299584416e-01 1.463318172829731990e-03 9.829938698833300403e-01 9.877397666600751247e-01
7.494989979959919557e-01 9.859402807988928430e-01 1.416196105975390781e-03 9.835871069804231759e-01 9.879375123591062069e-01
7.515030060120240218e-01 9.860193790785050094e-01 1.358701474099406571e-03 9.837848526794542581e-01 9.879375123591062069e-01
7.535070140280560880e-01 9.861973502076327724e-01 1.452589889041483884e-03 9.837848526794542581e-01 9.881352580581372891e-01
7.555110220440881541e-01 9.862962230571484801e-01 1.437027668501021692e-03 9.837848526794542581e-01 9.883330037571682603e-01
7.575150300601202202e-01 9.864544196163734791e-01 1.429388203954997391e-03 9.839825983784852292e-01 9.883330037571682603e-01
7.595190380761522864e-01 9.866323907455013531e-01 1.396034217498326631e-03 9.843780897765473936e-01 9.885307494561993424e-01
7.615230460921843525e-01 9.867905873047261300e-01 1.452589889041482800e-03 9.843780897765473936e-01 9.891239865532924780e-01
7.635270541082164186e-01 9.869092347241448238e-01 1.473968372836411246e-03 9.843780897765473936e-01 9.893217322523235602e-01
7.655310621242484848e-01 9.871069804231756839e-01 1.436347225417035659e-03 9.845758354755783648e-01 9.895194779513545313e-01
7.675350701402805509e-01 9.872454024124974747e-01 1.461847702454141355e-03 9.845758354755783648e-01 9.897172236503856135e-01
7.695390781563125060e-01 9.873245006921100853e-01 1.435394063196336611e-03 9.847735811746094470e-01 9.899149693494166957e-01
7.715430861723445721e-01 9.874431481115285569e-01 1.387746573820285156e-03 9.851690725726715003e-01 9.899149693494166957e-01
7.735470941883766383e-01 9.876408938105596391e-01 1.379267391138773707e-03 9.853668182717025825e-01 9.899149693494166957e-01
7.755511022044087044e-01 9.878781886493968045e-01 1.314823034200469833e-03 9.855645639707336647e-01 9.899149693494166957e-01
7.775551102204407705e-01 9.880957089183309838e-01 1.375150377750747463e-03 9.857623096697646359e-01 9.903104607474787491e-01
7.795591182364728366e-01 9.882934546173620660e-01 1.380825805821339148e-03 9.859600553687957181e-01 9.905082064465098313e-01
7.815631262525049028e-01 9.885307494561992314e-01 1.375718974168575401e-03 9.861578010678268003e-01 9.905082064465098313e-01
7.835671342685369689e-01 9.887087205853273275e-01 1.307067658268610492e-03 9.861578010678268003e-01 9.905082064465098313e-01
7.855711422845690350e-01 9.889064662843584097e-01 1.298061572653863224e-03 9.863555467668577714e-01 9.907059521455408024e-01
7.875751503006011012e-01 9.890646628435831866e-01 1.269428819118366848e-03 9.865532924658888536e-01 9.907059521455408024e-01
7.895791583166331673e-01 9.892624085426142688e-01 1.293837279252946660e-03 9.867510381649199358e-01 9.912991892426339380e-01
7.915831663326652334e-01 9.894403796717421429e-01 1.309309500276592758e-03 9.869487838639509070e-01 9.912991892426339380e-01
7.935871743486972996e-01 9.895194779513545313e-01 1.387041955052434588e-03 9.869487838639509070e-01 9.916946806406961024e-01
7.955911823647293657e-01 9.896776745105793083e-01 1.334746848383323381e-03 9.873442752620130713e-01 9.916946806406961024e-01
7.975951903807614318e-01 9.898556456397071823e-01 1.323715085717215275e-03 9.875420209610440425e-01 9.916946806406961024e-01
7.995991983967934980e-01 9.900731659086415837e-01 1.253152423789203815e-03 9.877397666600751247e-01 9.916946806406961024e-01
8.016032064128255641e-01 9.903104607474786381e-01 1.296705264841203431e-03 9.879375123591062069e-01 9.918924263397270735e-01
8.036072144288576302e-01 9.904488827368004289e-01 1.320757720347745089e-03 9.881352580581372891e-01 9.920901720387581557e-01
8.056112224448896963e-01 9.907257267154438996e-01 1.388310011348062702e-03 9.881352580581372891e-01 9.924856634368202091e-01
8.076152304609217625e-01 9.908048249950563990e-01 1.398972209280106979e-03 9.881352580581372891e-01 9.926834091358512913e-01
8.096192384769538286e-01 9.910421198338935644e-01 1.381533594993768124e-03 9.883330037571682603e-01 9.928811548348823735e-01
8.116232464929858947e-01 9.911212181135059529e-01 1.301070527949055875e-03 9.885307494561993424e-01 9.928811548348823735e-01
8.136272545090179609e-01 9.912398655329246466e-01 1.317793718136903072e-03 9.887284951552304246e-01 9.930789005339133446e-01
8.156312625250500270e-01 9.913980620921494236e-01 1.362150690076689057e-03 9.889262408542613958e-01 9.932766462329444268e-01
8.176352705410820931e-01 9.914771603717620341e-01 1.310055928420159185e-03 9.893217322523235602e-01 9.934743919319755090e-01
8.196392785571141593e-01 9.916749060707930052e-01 1.336649762002864320e-03 9.895194779513545313e-01 9.936721376310064802e-01
8.216432865731462254e-01 9.918133280601149071e-01 1.330051154502683930e-03 9.895194779513545313e-01 9.936721376310064802e-01
8.236472945891782915e-01 9.919715246193394620e-01 1.434712845340494316e-03 9.895194779513545313e-01 9.940676290290686445e-01
8.256513026052103577e-01 9.920703974688551696e-01 1.405108081747322201e-03 9.897172236503856135e-01 9.940676290290686445e-01
8.276553106212424238e-01 9.922681431678860298e-01 1.252059807654874865e-03 9.901127150484476669e-01 9.942653747280996157e-01
8.296593186372744899e-01 9.923670160174017374e-01 1.266807781534270462e-03 9.903104607474787491e-01 9.944631204271306979e-01
8.316633266533065560e-01 9.924658888669171120e-01 1.288992563791362426e-03 9.903104607474787491e-01 9.946608661261617801e-01
8.336673346693386222e-01 9.925845362863355836e-01 1.279248090934223016e-03 9.903104607474787491e-01 9.946608661261617801e-01
8.356713426853706883e-01 9.927031837057542774e-01 1.267579237535064766e-03 9.905082064465098313e-01 9.948586118251927513e-01
8.376753507014027544e-01 9.928416056950762902e-01 1.221549947516751850e-03 9.907059521455408024e-01 9.948586118251927513e-01
8.396793587174348206e-01 9.929602531144947619e-01 1.167202259313723702e-03 9.911014435436029668e-01 9.950563575242238334e-01
8.416833667334668867e-01 9.930393513941073724e-01 1.110901475593298760e-03 9.912991892426339380e-01 9.950563575242238334e-01
8.436873747494989528e-01 9.931184496737195389e-01 1.085982220110426289e-03 9.912991892426339380e-01 9.950563575242238334e-01
8.456913827655310190e-01 9.931975479533321494e-01 1.105255179947172697e-03 9.914969349416650202e-01 9.952541032232549156e-01
8.476953907815630851e-01 9.933755190824598014e-01 1.091190797810655993e-03 9.916946806406961024e-01 9.954518489222858868e-01
8.496993987975951512e-01 9.935534902115877864e-01 9.815838359494518696e-04 9.918924263397270735e-01 9.956495946213169690e-01
8.517034068136272174e-01 9.937116867708125634e-01 8.564923008783048401e-04 9.924856634368202091e-01 9.956495946213169690e-01
8.537074148296592835e-01 9.939094324698437566e-01 8.047059501433866720e-04 9.928811548348823735e-01 9.956495946213169690e-01
8.557114228456913496e-01 9.940478544591652144e-01 7.832826703713147197e-04 9.930789005339133446e-01 9.958473403203480512e-01
8.577154308617234157e-01 9.941269527387778249e-01 7.241381618983821090e-04 9.932766462329444268e-01 9.958473403203480512e-01
8.597194388777554819e-01 9.942456001581966296e-01 7.369841864181970580e-04 9.932766462329444268e-01 9.958473403203480512e-01
8.617234468937875480e-01 9.944433458572277118e-01 7.527334906337381773e-04 9.934743919319755090e-01 9.958473403203480512e-01
8.637274549098196141e-01 9.945224441368401003e-01 7.022060867931577627e-04 9.936721376310064802e-01 9.958473403203480512e-01
8.657314629258516803e-01 9.947004152659678633e-01 6.895628148769279882e-04 9.936721376310064802e-01 9.960450860193791334e-01
8.677354709418837464e-01 9.948190626853865570e-01 6.838685570808962976e-04 9.936721376310064802e-01 9.962428317184101045e-01
8.697394789579158125e-01 9.948981609649990565e-01 6.952104342988694704e-04 9.936721376310064802e-01 9.962428317184101045e-01
8.717434869739478787e-01 9.949377101048051397e-01 6.746577856132749025e-04 9.938698833300375624e-01 9.962428317184101045e-01
8.737474949899798338e-01 9.951156812339331248e-01 7.912299396378359197e-04 9.940676290290686445e-01 9.966383231164722689e-01
8.757515030060118999e-01 9.951947795135455133e-01 7.762620694637404261e-04 9.940676290290686445e-01 9.966383231164722689e-01
8.777555110220439660e-01 9.953332015028673041e-01 8.114805034084737094e-04 9.940676290290686445e-01 9.966383231164722689e-01
8.797595190380760322e-01 9.954122997824796926e-01 8.191542486536862889e-04 9.940676290290686445e-01 9.966383231164722689e-01
8.817635270541080983e-01 9.954320743523827897e-01 8.503065058335049654e-04 9.940676290290686445e-01 9.968360688155032401e-01
8.837675350701401644e-01 9.955507217718013724e-01 8.307673141230109649e-04 9.942653747280996157e-01 9.968360688155032401e-01
8.857715430861722306e-01 9.955902709116075666e-01 7.912299396378363533e-04 9.944631204271306979e-01 9.968360688155032401e-01
8.877755511022042967e-01 9.956891437611231632e-01 7.388389041831014544e-04 9.944631204271306979e-01 9.968360688155032401e-01
8.897795591182363628e-01 9.957880166106386488e-01 7.609998578166604199e-04 9.946608661261617801e-01 9.972315602135654045e-01
8.917835671342684289e-01 9.959462131698636478e-01 7.033189339046699374e-04 9.948586118251927513e-01 9.972315602135654045e-01
8.937875751503004951e-01 9.961044097290884247e-01 6.679590964625329273e-04 9.950563575242238334e-01 9.972315602135654045e-01
8.957915831663325612e-01 9.963614791378286872e-01 6.918273950775830636e-04 9.954518489222858868e-01 9.972315602135654045e-01
8.977955911823646273e-01 9.964603519873442838e-01 7.316590864148786802e-04 9.954518489222858868e-01 9.974293059125963756e-01
8.997995991983966935e-01 9.965592248368597694e-01 6.203040198282690340e-04 9.958473403203480512e-01 9.974293059125963756e-01
9.018036072144287596e-01 9.966185485465690608e-01 5.624466147252322806e-04 9.960450860193791334e-01 9.974293059125963756e-01
9.038076152304608257e-01 9.966778722562784631e-01 5.648747026729498142e-04 9.960450860193791334e-01 9.976270516116274578e-01
9.058116232464928919e-01 9.968360688155033511e-01 5.593092989413228893e-04 9.962428317184101045e-01 9.978247973106585400e-01
9.078156312625249580e-01 9.969744908048250309e-01 5.382897998345441458e-04 9.964405774174411867e-01 9.978247973106585400e-01
9.098196392785570241e-01 9.970733636543405165e-01 4.662774816116956956e-04 9.964405774174411867e-01 9.978247973106585400e-01
9.118236472945890903e-01 9.971920110737592102e-01 4.745896776745019423e-04 9.964405774174411867e-01 9.980225430096895112e-01
9.138276553106211564e-01 9.972315602135652934e-01 4.241172748571672506e-04 9.966383231164722689e-01 9.980225430096895112e-01
9.158316633266532225e-01 9.973106584931776819e-01 3.974639359747113364e-04 9.966383231164722689e-01 9.980225430096895112e-01
9.178356713426852886e-01 9.973502076329839872e-01 3.772747484346075089e-04 9.966383231164722689e-01 9.980225430096895112e-01
9.198396793587173548e-01 9.974490804824995838e-01 2.858776407909902843e-04 9.970338145145343223e-01 9.980225430096895112e-01
9.218436873747494209e-01 9.974688550524026809e-01 2.768439786434563447e-04 9.970338145145343223e-01 9.980225430096895112e-01
9.238476953907814870e-01 9.975479533320150693e-01 2.959586621929034041e-04 9.970338145145343223e-01 9.980225430096895112e-01
9.258517034068135532e-01 9.976468261815305549e-01 3.586782113351133874e-04 9.970338145145343223e-01 9.982202887087205934e-01
9.278557114228456193e-01 9.977456990310461515e-01 3.559422582558689893e-04 9.972315602135654045e-01 9.982202887087205934e-01
9.298597194388776854e-01 9.978050227407553319e-01 3.586782113351231994e-04 9.972315602135654045e-01 9.984180344077516756e-01
9.318637274549097516e-01 9.979038955902709285e-01 3.559422582558985880e-04 9.974293059125963756e-01 9.984180344077516756e-01
9.338677354709418177e-01 9.980225430096894002e-01 3.751960838641583518e-04 9.974293059125963756e-01 9.986157801067826467e-01
9.358717434869738838e-01 9.981016412893020107e-01 3.974639359747289546e-04 9.974293059125963756e-01 9.988135258058137289e-01
9.378757515030059499e-01 9.982005141388174962e-01 3.361676883527744204e-04 9.976270516116274578e-01 9.988135258058137289e-01
9.398797595190380161e-01 9.982598378485267876e-01 3.402145646447601803e-04 9.976270516116274578e-01 9.988135258058137289e-01
9.418837675350700822e-01 9.983191615582361900e-01 3.095209777041466243e-04 9.978247973106585400e-01 9.988135258058137289e-01
9.438877755511021483e-01 9.983389361281392871e-01 3.088886563538362998e-04 9.978247973106585400e-01 9.988135258058137289e-01
9.458917835671342145e-01 9.984180344077516756e-01 2.501307225761045740e-04 9.980225430096895112e-01 9.988135258058137289e-01
9.478957915831662806e-01 9.984971326873640640e-01 2.682353167144705904e-04 9.980225430096895112e-01 9.990112715048448111e-01
9.498997995991983467e-01 9.985762309669764525e-01 2.906256368736298188e-04 9.980225430096895112e-01 9.990112715048448111e-01
9.519038076152304129e-01 9.986355546766858549e-01 3.120374498331047195e-04 9.980225430096895112e-01 9.990112715048448111e-01
9.539078156312624790e-01 9.986948783863951462e-01 2.959586621929345207e-04 9.980225430096895112e-01 9.990112715048448111e-01
9.559118236472945451e-01 9.987937512359105208e-01 2.245959401147052542e-04 9.984180344077516756e-01 9.992090172038757823e-01
9.579158316633266113e-01 9.988135258058136179e-01 2.653036951749870647e-04 9.984180344077516756e-01 9.994067629029068645e-01
9.599198396793586774e-01 9.988333003757166040e-01 2.570694087403641069e-04 9.984180344077516756e-01 9.994067629029068645e-01
9.619238476953907435e-01 9.989123986553292145e-01 2.689632293600090055e-04 9.986157801067826467e-01 9.994067629029068645e-01
9.639278557114228096e-01 9.989519477951354087e-01 2.509111635445851387e-04 9.986157801067826467e-01 9.994067629029068645e-01
9.659318637274548758e-01 9.989914969349416030e-01 2.245959401147023268e-04 9.986157801067826467e-01 9.994067629029068645e-01
9.679358717434869419e-01 9.991101443543601857e-01 2.381173537431711322e-04 9.986157801067826467e-01 9.994067629029068645e-01
9.699398797595190080e-01 9.991694680640696991e-01 2.623393150370128039e-04 9.986157801067826467e-01 9.994067629029068645e-01
9.719438877755510742e-01 9.992287917737788794e-01 2.718553902485241341e-04 9.986157801067826467e-01 9.996045086019379466e-01
9.739478957915831403e-01 9.993672137631006702e-01 2.768439786434548269e-04 9.990112715048448111e-01 9.998022543009689178e-01
9.759519038076150954e-01 9.994265374728099616e-01 2.570694087403564633e-04 9.990112715048448111e-01 9.998022543009689178e-01
9.779559118236471615e-01 9.994858611825193639e-01 2.202002911936022298e-04 9.992090172038757823e-01 9.998022543009689178e-01
9.799599198396792277e-01 9.995649594621317524e-01 2.129786358368440115e-04 9.992090172038757823e-01 1.000000000000000000e+00
9.819639278557112938e-01 9.996045086019378356e-01 1.768691301166484028e-04 9.994067629029068645e-01 1.000000000000000000e+00
9.839679358717433599e-01 9.997033814514534322e-01 2.026290442151276131e-04 9.994067629029068645e-01 1.000000000000000000e+00
9.859719438877754261e-01 9.997824797310658207e-01 1.642599142360521929e-04 9.996045086019379466e-01 1.000000000000000000e+00
9.879759519038074922e-01 9.998022543009689178e-01 1.531731598262620802e-04 9.996045086019379466e-01 1.000000000000000000e+00
9.899799599198395583e-01 9.998220288708721259e-01 1.384219893217226429e-04 9.996045086019379466e-01 1.000000000000000000e+00
9.919839679358716245e-01 9.998418034407752231e-01 1.186474194186271254e-04 9.996045086019379466e-01 1.000000000000000000e+00
9.939879759519036906e-01 9.999209017203873895e-01 9.687521229122506873e-05 9.998022543009689178e-01 1.000000000000000000e+00
9.959919839679357567e-01 9.999802254300969029e-01 5.932370970932466223e-05 9.998022543009689178e-01 1.000000000000000000e+00
9.979959919839678228e-01 1.000000000000000000e+00 0.000000000000000000e+00 1.000000000000000000e+00 1.000000000000000000e+00
1.000000000000000000e+00 1.000000000000000000e+00 0.000000000000000000e+00 1.000000000000000000e+00 1.000000000000000000e+00
