# FPR	TPR_MEAN	TPR_STD	TPR_MIN	TPR_MAX
0.000000000000000000e+00 3.155996393146978727e-04 4.678203311173242908e-04 0.000000000000000000e+00 1.502855425308085397e-03
2.004008016032063962e-03 6.417192666065524298e-03 7.810511848624155772e-04 5.259993988578298349e-03 7.965133754132852628e-03
4.008016032064127925e-03 1.221821460775473350e-02 1.467959762074389505e-03 1.006913134956417127e-02 1.532912533814247136e-02
6.012024048096191453e-03 1.720769461977757903e-02 2.416982159964375758e-03 1.412684099789600183e-02 2.299368800721370704e-02
8.016032064128255849e-03 2.168620378719566741e-02 3.007250882894913369e-03 1.788397956116621543e-02 2.705139765554553585e-02
1.002004008016032024e-02 2.601442741208295772e-02 2.441342266394751302e-03 2.359483017733694094e-02 3.155996393146979356e-02
1.202404809619238291e-02 3.079350766456267000e-02 2.822368890661367587e-03 2.675082657048391890e-02 3.727081454764051560e-02
1.402805611222444730e-02 3.479110309588218097e-02 2.956655598629529067e-03 3.005710850616170882e-02 4.087766756837991899e-02
1.603206412825651170e-02 3.979561166215810075e-02 3.299991283123139899e-03 3.486624586714758001e-02 4.643823264201983603e-02
1.803607214428857436e-02 4.464983468590320859e-02 3.672291118685006538e-03 3.907424105801021730e-02 5.019537120529005136e-02
2.004008016032064049e-02 4.894800120228433304e-02 3.024475540721666654e-03 4.373309287646528348e-02 5.305079651337541585e-02
2.204408817635270315e-02 5.285542530808536033e-02 2.986903890902053473e-03 4.764051698226630382e-02 5.680793507664562425e-02
2.404809619238476581e-02 5.767959122332429883e-02 3.019056635308063098e-03 5.335136759843703280e-02 6.251878569281635323e-02
2.605210420841683194e-02 6.248872858431019084e-02 3.958419629252620843e-03 5.680793507664562425e-02 6.822963630898708220e-02
2.805611222444889460e-02 6.618575293056808140e-02 3.444261362449822436e-03 6.041478809738503458e-02 7.093477607454162781e-02
3.006012024048096073e-02 7.046889089269611772e-02 2.926094633522447353e-03 6.462278328824766493e-02 7.424105801021942119e-02
3.206412825651302340e-02 7.424105801021940731e-02 2.663914573912890167e-03 6.883077847911031610e-02 7.769762548842801264e-02
3.406813627254508953e-02 7.825368199579199602e-02 2.427053351136028870e-03 7.318905921250375146e-02 8.145476405169822798e-02
3.607214428857714872e-02 8.318304779080251676e-02 2.876113496994985117e-03 7.739705440336640263e-02 8.746618575293056697e-02
3.807615230460921485e-02 8.745115719867749271e-02 2.801485371128218695e-03 8.160504959422903992e-02 9.107303877366997036e-02
4.008016032064128098e-02 9.152389540126240619e-02 3.046017688045259478e-03 8.596333032762248916e-02 9.588217613465584155e-02
4.208416833667334017e-02 9.588217613465584155e-02 2.941146046104739335e-03 9.062218214607754840e-02 9.918845807033363493e-02
4.408817635270540630e-02 1.001352569882777432e-01 3.239376893220805020e-03 9.513074842200180958e-02 1.053501653140967859e-01
4.609218436873747243e-02 1.044183949504057934e-01 3.116242387323780224e-03 9.978960024045686883e-02 1.106101593026750790e-01
4.809619238476953162e-02 1.083408476104598811e-01 3.288782006282576532e-03 1.039975954313195061e-01 1.157198677487225741e-01
5.010020040080159776e-02 1.118274721971746211e-01 3.239655771201068422e-03 1.070033062819356756e-01 1.188758641418695555e-01
5.210420841683366389e-02 1.154643823264201730e-01 4.205874556894323262e-03 1.097084460474902351e-01 1.250375713856327065e-01
5.410821643286573002e-02 1.193567778779681260e-01 4.853455250503523749e-03 1.127141568981064046e-01 1.286444244063721098e-01
5.611222444889778921e-02 1.230688307784791186e-01 5.390392766441451898e-03 1.152690111211301521e-01 1.339044183949504030e-01
5.811623246492985534e-02 1.267207694619777170e-01 4.899308686504358357e-03 1.203787195671776333e-01 1.363089870754433386e-01
6.012024048096192147e-02 1.311541929666366069e-01 4.850313094413967289e-03 1.242861436729786606e-01 1.403666967237751639e-01
6.212424849699398066e-02 1.356627592425608819e-01 4.878635382381818139e-03 1.283438533213104860e-01 1.436729786594529712e-01
6.412825651302604679e-02 1.397054403366396191e-01 5.312631127725559246e-03 1.302975653742109996e-01 1.486324015629696405e-01
6.613226452905811292e-02 1.431770363691012848e-01 5.294681451691119270e-03 1.339044183949504030e-01 1.510369702434625760e-01
6.813627254509017905e-02 1.461526901112112919e-01 5.242036416797083223e-03 1.387135557559362742e-01 1.534415389239555116e-01
7.014028056112224518e-02 1.499849714457469063e-01 5.911019068018373047e-03 1.424706943192065034e-01 1.582506762849413828e-01
7.214428857715429744e-02 1.544785091674180655e-01 5.105927808035150631e-03 1.465284039675383287e-01 1.623083859332732082e-01
7.414829659318636357e-02 1.578749624286143738e-01 4.517199429094876338e-03 1.514878268710549980e-01 1.641118124436429238e-01
7.615230460921842970e-02 1.617222723174030485e-01 4.765473746643905661e-03 1.535918244664863375e-01 1.677186654643823271e-01
7.815631262525049583e-02 1.654794108806732778e-01 4.286406085002518462e-03 1.577998196573489609e-01 1.705740907724676847e-01
8.016032064128256196e-02 1.685602645025548463e-01 4.152996240366912950e-03 1.620078148482116120e-01 1.737300871656146661e-01
8.216432865731462809e-02 1.715058611361586771e-01 4.053700052838420630e-03 1.642620979861737218e-01 1.767357980162308495e-01
8.416833667334668034e-02 1.751127141568980805e-01 3.709222559243202395e-03 1.690712353471595930e-01 1.789900811541929593e-01
8.617234468937874647e-02 1.783438533213104749e-01 3.675733681046792350e-03 1.728283739104298222e-01 1.828975052599939866e-01
8.817635270541081260e-02 1.814697926059513355e-01 3.875065430895234878e-03 1.767357980162308495e-01 1.872557859933874358e-01
9.018036072144287874e-02 1.847610459873760269e-01 3.343101809148779028e-03 1.797415088668470051e-01 1.896603546738803714e-01
9.218436873747494487e-02 1.885632702134054928e-01 3.678190681492306182e-03 1.831980763450556104e-01 1.947700631199278665e-01
9.418837675350701100e-02 1.921701232341448962e-01 4.208022027481086481e-03 1.863540727382025919e-01 1.986774872257288937e-01
9.619238476953906325e-02 1.953712052900511142e-01 4.506060820728870382e-03 1.892094980462879494e-01 2.022843402464682971e-01
9.819639278557112938e-02 1.987376014427411908e-01 4.230584735962939803e-03 1.932672076946197748e-01 2.043883378418996088e-01
1.002004008016031955e-01 2.018034265103696989e-01 4.573127571615295643e-03 1.949203486624586645e-01 2.081454764051698103e-01
1.022044088176352616e-01 2.060114217012323778e-01 4.902073897730389006e-03 1.991283438533213157e-01 2.129546137661557093e-01
1.042084168336673278e-01 2.090321611061015938e-01 4.707777078201860581e-03 2.028854824165915172e-01 2.156597535317102410e-01
1.062124248496993939e-01 2.118725578599339188e-01 4.840874388935724124e-03 2.049894800120228566e-01 2.186654643823264244e-01
1.082164328657314600e-01 2.151638112413585824e-01 5.190859158166578717e-03 2.088969041178238562e-01 2.215208896904117819e-01
1.102204408817635123e-01 2.178539224526600537e-01 4.903640158589267495e-03 2.120529005109708376e-01 2.248271716260895614e-01
1.122244488977955784e-01 2.208295761947700608e-01 5.202658877097080491e-03 2.150586113615870210e-01 2.299368800721370565e-01
1.142284569138276445e-01 2.239555154794109215e-01 4.906218792363262193e-03 2.179140366696723785e-01 2.312894499549143501e-01
1.162324649298597107e-01 2.269011121130147246e-01 4.776527552082606223e-03 2.204688908926961122e-01 2.342951608055305057e-01
1.182364729458917768e-01 2.294409377817853701e-01 4.259766756885328617e-03 2.242260294559663414e-01 2.366997294860234413e-01
1.202404809619238429e-01 2.326420198376916437e-01 4.317669897072448984e-03 2.264803125939284512e-01 2.409077246768860925e-01
1.222444889779558952e-01 2.353321310489930873e-01 4.142241432188772249e-03 2.305380222422603043e-01 2.442140066125638720e-01
1.242484969939879613e-01 2.380673279230537953e-01 4.380739785582054950e-03 2.327923053802224140e-01 2.476705740907724773e-01
1.262525050100200275e-01 2.408476104598737122e-01 4.033256310991370497e-03 2.359483017733693955e-01 2.494740006011421651e-01
1.282565130260520936e-01 2.438533213104899511e-01 4.448147415624010420e-03 2.386534415389239550e-01 2.524797114517583485e-01
1.302605210420841597e-01 2.471295461376615543e-01 4.128450807973592200e-03 2.410580102194168906e-01 2.550345656747821099e-01
1.322645290581162258e-01 2.503907424105801249e-01 4.429448070647554539e-03 2.434625788999098261e-01 2.598437030357679811e-01
1.342685370741482920e-01 2.533663961526901320e-01 4.124756395117310653e-03 2.475202885482416515e-01 2.622482717162609167e-01
1.362725450901803581e-01 2.564923354373308539e-01 3.864443036776434720e-03 2.511271415689810826e-01 2.648031259392846226e-01
1.382765531062124242e-01 2.597234746017433316e-01 4.291856197059125237e-03 2.539825668770664402e-01 2.690111211301473015e-01
1.402805611222444904e-01 2.621280432822362672e-01 4.144067631110547045e-03 2.568379921851517977e-01 2.714156898106402371e-01
1.422845691382765287e-01 2.645626690712353235e-01 4.481534029302965128e-03 2.586414186955214856e-01 2.736699729486023469e-01
1.442885771543085949e-01 2.682596934174932835e-01 4.625280207194786344e-03 2.622482717162609167e-01 2.772768259693417225e-01
1.462925851703406610e-01 2.709948902915539359e-01 4.366978251823069868e-03 2.648031259392846226e-01 2.790802524797114659e-01
1.482965931863727271e-01 2.742260294559663025e-01 4.519099008417300223e-03 2.675082657048392099e-01 2.822362488728584196e-01
1.503006012024047933e-01 2.776224827171626108e-01 4.431792988770294310e-03 2.708145476405169894e-01 2.862939585211902727e-01
1.523046092184368594e-01 2.803426510369702584e-01 4.488080902898732537e-03 2.741208295761947689e-01 2.880973850315599605e-01
1.543086172344689255e-01 2.831830477908025556e-01 4.607201791189194894e-03 2.772768259693417225e-01 2.911030958821761438e-01
1.563126252505009917e-01 2.864141869552149222e-01 5.118011606293374448e-03 2.792305380222422362e-01 2.960625187856928409e-01
1.583166332665330578e-01 2.893748121430718134e-01 5.783260277511577223e-03 2.817853922452659976e-01 3.014727983168019043e-01
1.603206412825651239e-01 2.920348662458671640e-01 6.120442145457366881e-03 2.834385332131049151e-01 3.049293657950105096e-01
1.623246492985971901e-01 2.951307484220018207e-01 6.556584648962295210e-03 2.859933874361286210e-01 3.082356477306882891e-01
1.643286573146292562e-01 2.974752028854824037e-01 6.915486851800127163e-03 2.870453862338442907e-01 3.113916441238352983e-01
1.663326653306613223e-01 2.997445145776975739e-01 6.528432336294562321e-03 2.900510970844604741e-01 3.133453561767358120e-01
1.683366733466933607e-01 3.025398256687706899e-01 6.462086100271786232e-03 2.915539525097685658e-01 3.159002103997595179e-01
1.703406813627254268e-01 3.052149083258190454e-01 6.348190111043288363e-03 2.971145175834084551e-01 3.192064923354373529e-01
1.723446893787574929e-01 3.078148482116019879e-01 6.092331962608847108e-03 2.989179440937781984e-01 3.204087766756837929e-01
1.743486973947895591e-01 3.102945596633603920e-01 6.006554236192852489e-03 3.014727983168019043e-01 3.225127742711151324e-01
1.763527054108216252e-01 3.128343853321310375e-01 6.574610319951053328e-03 3.041779380823564916e-01 3.253681995792004900e-01
1.783567134268536913e-01 3.158400961827472764e-01 6.658582392556298794e-03 3.070333633904418491e-01 3.291253381424706914e-01
1.803607214428857575e-01 3.186955214908325784e-01 6.370121790670562299e-03 3.088367899008115369e-01 3.316801923654944528e-01
1.823647294589178236e-01 3.218214607754733558e-01 5.946523748890009467e-03 3.154493537721670959e-01 3.352870453862338285e-01
1.843687374749498897e-01 3.246618575293057640e-01 5.548386732182995426e-03 3.183047790802524535e-01 3.376916140667267641e-01
1.863727454909819559e-01 3.277877968139465414e-01 5.616116634189499517e-03 3.196573489630297749e-01 3.397956116621581035e-01
1.883767535070140220e-01 3.302524797114517741e-01 5.734235418091817096e-03 3.211602043883378665e-01 3.429516080553050572e-01
1.903807615230460881e-01 3.324316200781484709e-01 5.290819546885934532e-03 3.238653441538923983e-01 3.443041779380823786e-01
1.923847695390781265e-01 3.356627592425608375e-01 4.849009084033480306e-03 3.295761947700631134e-01 3.482116020438834059e-01
1.943887775551101926e-01 3.384129846708746614e-01 4.936508347325699493e-03 3.325819056206792967e-01 3.512173128944995337e-01
1.963927855711422588e-01 3.410580102194168406e-01 5.404097593643973456e-03 3.355876164712954801e-01 3.557258791704238088e-01
1.983967935871743249e-01 3.442440637210700816e-01 5.676418434125298125e-03 3.384430417793808377e-01 3.599338743612864322e-01
2.004008016032063910e-01 3.463330327622482496e-01 5.740140508992802246e-03 3.399458972046889293e-01 3.615870153291253497e-01
2.024048096192384572e-01 3.489780583107905398e-01 6.032593465759474548e-03 3.415990381725277913e-01 3.647430117222723034e-01
2.044088176352705233e-01 3.516681695220919557e-01 6.196431658577786564e-03 3.441538923955515528e-01 3.671475804027652390e-01
2.064128256513025894e-01 3.544484520589119003e-01 5.868549410746199888e-03 3.473098887886985064e-01 3.686504358280733307e-01
2.084168336673346555e-01 3.570033062819356617e-01 5.829936303296466039e-03 3.501653140967838640e-01 3.706041478809738443e-01
2.104208416833667217e-01 3.595581605049594232e-01 5.420810143642896053e-03 3.539224526600541210e-01 3.721070033062819360e-01
2.124248496993987878e-01 3.625788999098286669e-01 5.221292636154722423e-03 3.570784490532010746e-01 3.740607153591824496e-01
2.144288577154308539e-01 3.656146678689509710e-01 5.175062526558681444e-03 3.602344454463480838e-01 3.761647129546137891e-01
2.164328657314629201e-01 3.678238653441538442e-01 5.256665183956885090e-03 3.627892996693717897e-01 3.787195671776374950e-01
2.184368737474949584e-01 3.709648331830477930e-01 5.153369923690483134e-03 3.660955816050495693e-01 3.808235647730688345e-01
2.204408817635270246e-01 3.736248872858430881e-01 5.034206771141507691e-03 3.685001502855425048e-01 3.832281334535617701e-01
2.224448897795590907e-01 3.761647129546137891e-01 5.190402276666045318e-03 3.698527201683198262e-01 3.862338443041779534e-01
2.244488977955911568e-01 3.788548241659152049e-01 5.320384146464508107e-03 3.730087165614667799e-01 3.883378418996092374e-01
2.264529058116232230e-01 3.810940787496243098e-01 5.646738028648581008e-03 3.745115719867748716e-01 3.917944093778178427e-01
2.284569138276552891e-01 3.835136759843703058e-01 5.888988411064794565e-03 3.766155695822062111e-01 3.946498346859032003e-01
2.304609218436873552e-01 3.861887586414187723e-01 6.148148299082598078e-03 3.799218515178839906e-01 3.978058310790502095e-01
2.324649298597194214e-01 3.889690411782387169e-01 6.134817100890813807e-03 3.827772768259693481e-01 3.991584009618274753e-01
2.344689378757514875e-01 3.915990381725277802e-01 5.722328017036809079e-03 3.856327021340547057e-01 4.012623985572588148e-01
2.364729458917835536e-01 3.939585211902614792e-01 5.480458574940581806e-03 3.884881274421400632e-01 4.048692515779981904e-01
2.384769539078156197e-01 3.961226330027051157e-01 5.438094348988726026e-03 3.902915539525097510e-01 4.074241058010219518e-01
2.404809619238476859e-01 3.987376014427411741e-01 5.914762419682866208e-03 3.913435527502254208e-01 4.113315299068229791e-01
2.424849699398797520e-01 4.010820559062217572e-01 5.994038587861484461e-03 3.940486925157800080e-01 4.143372407574391070e-01
2.444889779559117904e-01 4.030507965133753312e-01 6.067312318233515113e-03 3.958521190261496958e-01 4.164412383528704464e-01
2.464929859719438565e-01 4.058010219416892106e-01 6.674708665113225463e-03 3.973549744514577875e-01 4.201983769161406479e-01
2.484969939879759226e-01 4.081755335136760254e-01 6.670376020791153084e-03 4.000601142170123192e-01 4.218515178839795654e-01
2.505010020040079888e-01 4.106702735196874343e-01 6.404068856470584298e-03 4.014126840997895851e-01 4.235046588518184274e-01
2.525050100200400549e-01 4.136008415990380938e-01 6.068056778302730915e-03 4.044183949504057685e-01 4.257589419897805927e-01
2.545090180360721210e-01 4.158851818455064908e-01 5.813176108617021387e-03 4.071235347159603002e-01 4.274120829576194547e-01
2.565130260521041872e-01 4.182146077547339580e-01 6.019981882366990875e-03 4.086263901412683919e-01 4.301172227231740419e-01
2.585170340681362533e-01 4.205590622182146521e-01 5.613200220871698148e-03 4.123835287045386488e-01 4.308686504358280600e-01
2.605210420841683194e-01 4.231289449954913628e-01 5.006674375715993927e-03 4.149383829275623548e-01 4.319206492335437297e-01
2.625250501002003856e-01 4.254132852419596489e-01 4.766231998982673607e-03 4.185452359483017859e-01 4.340246468289750692e-01
2.645290581162324517e-01 4.283739104298166511e-01 4.795592587960125462e-03 4.201983769161406479e-01 4.364292155094680048e-01
2.665330661322645178e-01 4.308836789900811759e-01 4.802299203603962140e-03 4.233543733092876571e-01 4.394349263600841327e-01
2.685370741482965840e-01 4.327171626089570400e-01 4.608182140763798784e-03 4.251577998196573449e-01 4.407874962428614540e-01
2.705410821643286501e-01 4.353171024947400380e-01 4.333959896500970757e-03 4.272617974150886844e-01 4.428914938382927380e-01
2.725450901803607162e-01 4.378268710550045073e-01 4.112472636337531108e-03 4.299669371806432161e-01 4.443943492636008297e-01
2.745490981963927823e-01 4.401562969642320300e-01 4.145702350361684350e-03 4.338743612864442434e-01 4.477006311992786092e-01
2.765531062124248485e-01 4.428764652840396776e-01 4.152588338718112178e-03 4.367297865945296009e-01 4.507063420498947925e-01
2.785571142284569146e-01 4.453862338443041469e-01 4.164943582738471137e-03 4.389840697324917107e-01 4.531109107303877281e-01
2.805611222444889807e-01 4.475353171024947230e-01 3.655647554289997731e-03 4.428914938382927380e-01 4.543131950706342237e-01
2.825651302605209914e-01 4.497595431319507675e-01 3.553895618405874309e-03 4.452960625187856736e-01 4.567177637511271593e-01
2.845691382765530575e-01 4.519837691614066455e-01 3.386763977544922279e-03 4.467989179440937653e-01 4.594229035166816910e-01
2.865731462925851236e-01 4.546889089269613438e-01 3.510542888771023100e-03 4.499549143372407745e-01 4.630297565374211222e-01
2.885771543086171897e-01 4.569431920649232870e-01 3.386763977544920978e-03 4.522091974752028842e-01 4.648331830477908100e-01
2.905811623246492559e-01 4.592575894198978048e-01 3.539503708476166455e-03 4.535617673579801501e-01 4.661857529305680758e-01
2.925851703406813220e-01 4.612563871355574996e-01 3.838493994718501258e-03 4.553651938683498379e-01 4.679891794409377637e-01
2.945891783567133881e-01 4.637210700330628432e-01 4.355792538281241452e-03 4.568680492936579296e-01 4.706943192064923509e-01
2.965931863727454543e-01 4.661556958220619551e-01 4.672792971388119512e-03 4.589720468890892691e-01 4.749023143973549743e-01
2.985971943887775204e-01 4.681244364292155291e-01 4.725016653617004556e-03 4.604749023143973607e-01 4.765554553651938918e-01
3.006012024048095865e-01 4.702134054703936417e-01 4.851127922900655420e-03 4.624286143672978744e-01 4.786594529606251758e-01
3.026052104208416527e-01 4.727532311391643982e-01 4.624816288638079927e-03 4.654343252179140578e-01 4.798617373008716713e-01
3.046092184368737188e-01 4.750676284941388050e-01 4.948229939225072885e-03 4.667868951006913236e-01 4.819657348963029553e-01
3.066132264529057849e-01 4.775022542831379724e-01 5.070238654405010564e-03 4.690411782386534334e-01 4.843703035767958909e-01
3.086172344689378511e-01 4.796663660955816089e-01 4.889271685842297606e-03 4.712954613766155432e-01 4.854223023745115606e-01
3.106212424849699172e-01 4.821460775473400129e-01 4.652933596156859711e-03 4.735497445145777085e-01 4.873760144274120742e-01
3.126252505010019833e-01 4.847610459873760158e-01 4.405802092224041233e-03 4.761045987376014699e-01 4.887285843101893401e-01
3.146292585170340494e-01 4.867297865945296453e-01 4.392376194406550673e-03 4.783588818755635796e-01 4.912834385332131015e-01
3.166332665330661156e-01 4.890141268409978759e-01 4.676006115625268821e-03 4.798617373008716713e-01 4.944394349263601107e-01
3.186372745490981817e-01 4.912834385332131015e-01 4.884164526619660940e-03 4.815148782687105333e-01 4.969942891493838166e-01
3.206412825651302478e-01 4.932521791403666755e-01 4.572954710487243425e-03 4.840697324917342947e-01 4.987977156597535044e-01
3.226452905811623140e-01 4.957769762548842607e-01 3.951366747449135131e-03 4.875262999699429001e-01 5.018034265103696878e-01
3.246492985971943801e-01 4.982266305981364884e-01 4.105189272402238326e-03 4.893297264803125879e-01 5.045085662759242195e-01
3.266533066132264462e-01 5.000601142170123525e-01 4.130091708477431900e-03 4.914337240757439274e-01 5.072137060414788623e-01
3.286573146292585124e-01 5.022542831379620543e-01 3.985259764103931714e-03 4.938382927562368629e-01 5.090171325518485501e-01
3.306613226452905785e-01 5.047039374812142265e-01 3.850977221529432171e-03 4.966937180643222205e-01 5.114217012323414302e-01
3.326653306613226446e-01 5.070634204989480365e-01 4.074928122652798738e-03 4.984971445746919083e-01 5.136759843703035955e-01
3.346693386773546552e-01 5.090171325518484391e-01 3.786479958707180630e-03 5.024045686804929911e-01 5.145776976254884394e-01
3.366733466933867214e-01 5.112113014727983629e-01 4.000080585123895124e-03 5.046588518184550454e-01 5.166816952209197789e-01
3.386773547094187875e-01 5.133754132852419438e-01 4.324464854204445111e-03 5.057108506161707151e-01 5.183348361887586409e-01
3.406813627254508536e-01 5.153291253381423465e-01 4.177829961862110884e-03 5.079651337541328804e-01 5.198376916140666770e-01
3.426853707414829198e-01 5.173429516080553237e-01 4.369770206284641530e-03 5.100691313495642198e-01 5.225428313796213198e-01
3.446893787575149859e-01 5.195671776375113682e-01 4.676658138492078252e-03 5.115719867748722560e-01 5.249474000601141999e-01
3.466933867735470520e-01 5.215359182446648312e-01 4.774754040532773296e-03 5.130748422001802922e-01 5.264502554854223471e-01
3.486973947895791182e-01 5.236699729486022914e-01 4.319369638486199661e-03 5.156296964232041091e-01 5.273519687406071910e-01
3.507014028056111843e-01 5.255485422302375031e-01 4.173502845256331015e-03 5.169822663059813195e-01 5.288548241659152271e-01
3.527054108216432504e-01 5.269762548842800154e-01 4.473993281215557678e-03 5.177336940186354486e-01 5.308085362188157408e-01
3.547094188376753165e-01 5.293958521190261779e-01 4.953134248299241940e-03 5.187856928163511183e-01 5.333633904418394467e-01
3.567134268537073827e-01 5.315299068229636381e-01 4.865075188536053044e-03 5.213405470393748242e-01 5.357679591223324378e-01
3.587174348697394488e-01 5.334836188758641518e-01 4.809043431604501095e-03 5.234445446348061637e-01 5.378719567177637773e-01
3.607214428857715149e-01 5.359933874361286765e-01 4.472983521392039606e-03 5.256988277727682179e-01 5.399759543131951167e-01
3.627254509018035811e-01 5.378719567177637773e-01 3.981290663261635027e-03 5.293056807935077046e-01 5.422302374511571710e-01
3.647294589178356472e-01 5.398256687706642909e-01 4.004482294702199456e-03 5.309588217613465666e-01 5.443342350465885104e-01
3.667334669338677133e-01 5.424556657649535207e-01 4.170931495755325798e-03 5.344153892395551164e-01 5.474902314397355196e-01
3.687374749498997795e-01 5.445746919146379206e-01 3.973454251796988169e-03 5.365193868349864559e-01 5.500450856627592255e-01
3.707414829659318456e-01 5.472497745716861095e-01 4.038852307121319589e-03 5.396753832281334651e-01 5.529005109708445831e-01
3.727454909819639117e-01 5.497445145776975739e-01 3.813819519221385481e-03 5.420799519086263452e-01 5.539525097685602528e-01
3.747494989979959779e-01 5.520438833784190313e-01 3.775159666400594149e-03 5.450856627592425285e-01 5.557559362789299406e-01
3.767535070140280440e-01 5.536970243462578933e-01 3.532861185241438062e-03 5.465885181845506757e-01 5.572587917042380878e-01
3.787575150300601101e-01 5.556206792906521752e-01 3.627115960881812252e-03 5.482416591523895377e-01 5.592125037571386015e-01
3.807615230460921762e-01 5.575743913435527999e-01 3.567469838989785393e-03 5.500450856627592255e-01 5.613165013525698299e-01
3.827655310621242424e-01 5.596783889389840283e-01 3.711444407145708148e-03 5.519987977156597392e-01 5.638713555755936468e-01
3.847695390781562530e-01 5.616922152088970055e-01 4.009132690080008214e-03 5.538022242260294270e-01 5.662759242560865269e-01
3.867735470941883191e-01 5.636759843703035289e-01 4.007329541018573270e-03 5.562067929065224181e-01 5.683799218515178664e-01
3.887775551102203853e-01 5.656747820859633347e-01 4.065494763763405177e-03 5.581605049594229317e-01 5.703336339044183800e-01
3.907815631262524514e-01 5.678238653441538553e-01 3.949994685513617300e-03 5.598136459272617937e-01 5.719867748722572420e-01
3.927855711422845175e-01 5.696122633002704827e-01 4.179883773012844396e-03 5.611662158100391151e-01 5.737902013826270409e-01
3.947895791583165837e-01 5.716260895701833489e-01 4.711973054948121083e-03 5.623685001502854997e-01 5.776976254884280682e-01
3.967935871743486498e-01 5.741358581304478736e-01 4.377438899206409842e-03 5.652239254583708572e-01 5.792004809137361043e-01
3.987975951903807159e-01 5.760745416290952159e-01 4.405084342829733435e-03 5.676284941388638483e-01 5.813044785091674438e-01
4.008016032064127820e-01 5.782837391042980890e-01 4.312671395838579488e-03 5.704839194469492059e-01 5.838593327321911497e-01
4.028056112224448482e-01 5.804027652539824889e-01 4.615014286980479059e-03 5.718364893297265272e-01 5.870153291253381589e-01
4.048096192384769143e-01 5.822061917643523987e-01 4.810546081621756842e-03 5.730387736699729118e-01 5.886684700931770209e-01
4.068136272545089804e-01 5.839945897204688041e-01 4.779198400030722216e-03 5.745416290952810590e-01 5.904718966035467087e-01
4.088176352705410466e-01 5.862338443041779090e-01 5.328168273197563844e-03 5.751427712654042512e-01 5.930267508265705256e-01
4.108216432865731127e-01 5.887135557559360910e-01 5.410300404060845378e-03 5.763450556056507468e-01 5.955816050495942315e-01
4.128256513026051788e-01 5.907123534715961188e-01 5.538261837501392074e-03 5.781484821160204346e-01 5.991884580703336072e-01
4.148296593186372450e-01 5.933724075743913584e-01 5.258297635346216928e-03 5.805530507965134257e-01 6.009918845807032950e-01
4.168336673346693111e-01 5.955214908325818790e-01 5.113331695113351900e-03 5.825067628494139393e-01 6.027953110910730938e-01
4.188376753507013772e-01 5.976254884280132185e-01 4.797476093232048988e-03 5.864141869552148556e-01 6.058010219416891662e-01
4.208416833667334433e-01 5.996693718064320944e-01 4.809513060167039389e-03 5.883678990081153692e-01 6.076044484520589650e-01
4.228456913827655095e-01 6.015779981965734269e-01 4.492733446122508349e-03 5.913736098587315526e-01 6.091073038773670012e-01
4.248496993987975756e-01 6.035767959122333437e-01 4.742836481139994440e-03 5.930267508265705256e-01 6.115118725578598813e-01
4.268537074148296417e-01 6.056056507363992703e-01 4.785149258118960060e-03 5.949804628794710393e-01 6.136158701532912207e-01
4.288577154308617079e-01 6.072230123005253333e-01 4.909062267583867017e-03 5.961827472197174238e-01 6.160204388337842119e-01
4.308617234468937740e-01 6.093778178539224211e-01 4.998796260787762707e-03 5.987376014427412407e-01 6.193267207694619358e-01
4.328657314629258401e-01 6.115269011121130527e-01 4.877894602802912427e-03 6.020438833784189647e-01 6.218815749924857528e-01
4.348697394789579063e-01 6.133303276224827405e-01 4.771631059199375573e-03 6.042981665163811300e-01 6.227832882476705967e-01
4.368737474949899169e-01 6.154343252179140800e-01 5.074424224667744600e-03 6.064021641118124695e-01 6.260895701833483207e-01
4.388777555110219830e-01 6.177787796813946075e-01 5.008388310635913596e-03 6.083558761647129831e-01 6.277427111511872937e-01
4.408817635270540491e-01 6.195521490832581746e-01 4.933052826529723406e-03 6.097084460474901935e-01 6.286444244063721376e-01
4.428857715430861153e-01 6.212203186053500970e-01 4.968159095078790964e-03 6.115118725578598813e-01 6.304478509167418254e-01
4.448897795591181814e-01 6.232341448752630741e-01 4.394406828137509095e-03 6.145175834084760647e-01 6.316501352569883210e-01
4.468937875751502475e-01 6.252780282536819501e-01 3.726475415400901537e-03 6.191764352269312210e-01 6.322512774271115132e-01
4.488977955911823137e-01 6.268860835587616309e-01 3.835698070809394171e-03 6.200781484821160650e-01 6.333032762248271830e-01
4.509018036072143798e-01 6.290051097084460308e-01 4.061159183421613784e-03 6.221821460775472934e-01 6.364592726179741922e-01
4.529058116232464459e-01 6.309738503155996048e-01 3.974051043636121772e-03 6.241358581304478070e-01 6.381124135858130542e-01
4.549098196392785121e-01 6.328524195972347055e-01 3.933349061707966041e-03 6.259392846408176059e-01 6.394649834685903755e-01
4.569138276553105782e-01 6.351217312894499312e-01 4.050160518192954390e-03 6.284941388638413118e-01 6.424706943192064479e-01
4.589178356713426443e-01 6.369401863540726794e-01 4.095825610502441989e-03 6.299969942891493480e-01 6.441238352870454209e-01
4.609218436873747105e-01 6.390441839495040188e-01 3.955565726537589935e-03 6.318004207995190358e-01 6.462278328824767604e-01
4.629258517034067766e-01 6.411782386534415901e-01 3.697268704918147807e-03 6.342049894800120269e-01 6.477306883077847965e-01
4.649298597194388427e-01 6.438382927562368296e-01 3.394890197881615841e-03 6.376615569582205767e-01 6.501352569882776766e-01
4.669338677354709088e-01 6.458070333633905147e-01 3.281459957016442247e-03 6.396152690111210903e-01 6.513375413285241722e-01
4.689378757515029750e-01 6.476254884280132629e-01 3.342324787501406783e-03 6.414186955214907782e-01 6.532912533814246858e-01
4.709418837675350411e-01 6.492636008415990645e-01 3.283524157986130159e-03 6.432221220318605770e-01 6.546438232642020072e-01
4.729458917835671072e-01 6.512924556657648800e-01 3.183819702258766388e-03 6.459272617974151087e-01 6.571986774872257131e-01
4.749498997995991734e-01 6.531860535016531522e-01 2.861785585673286714e-03 6.481815449353771630e-01 6.582506762849413828e-01
4.769539078156312395e-01 6.546137661556958864e-01 3.017560052340320306e-03 6.492335437330928327e-01 6.599038172527802448e-01
4.789579158316633056e-01 6.565674782085964001e-01 3.116967078012246404e-03 6.501352569882776766e-01 6.618575293056807585e-01
4.809619238476953718e-01 6.586113615870152760e-01 3.377381278169570757e-03 6.516381124135858238e-01 6.638112413585812721e-01
4.829659318637274379e-01 6.606853020739404947e-01 3.607979986247541841e-03 6.532912533814246858e-01 6.662158100390742632e-01
4.849699398797595040e-01 6.628494138863840757e-01 3.344452721156527218e-03 6.567478208596333467e-01 6.690712353471596208e-01
4.869739478957915702e-01 6.648632401562970529e-01 3.649185503042067739e-03 6.590021039975954009e-01 6.716260895701833267e-01
4.889779559118235808e-01 6.667568379921851029e-01 3.696657777981117790e-03 6.605049594229035481e-01 6.738803727081454920e-01
4.909819639278556469e-01 6.687406071535918484e-01 3.626088374276965724e-03 6.624586714758040618e-01 6.755335136759843540e-01
4.929859719438877130e-01 6.704538623384430629e-01 3.740751760629673888e-03 6.641118124436429238e-01 6.774872257288848676e-01
4.949899799599197792e-01 6.718515178839794544e-01 3.270739638789448792e-03 6.672678088367899329e-01 6.782386534415388857e-01
4.969939879759518453e-01 6.735798016230838403e-01 3.181655322701048855e-03 6.684700931770363175e-01 6.791403666967237296e-01
4.989979959919839114e-01 6.757739705440337641e-01 2.589276411696034633e-03 6.726780883678989964e-01 6.813946498346858949e-01
5.010020040080159776e-01 6.781635106702734728e-01 2.554191112516482169e-03 6.752329425909227023e-01 6.839495040577096008e-01
5.030060120240480437e-01 6.799519086263901002e-01 2.307947558816045384e-03 6.771866546438232159e-01 6.850015028554252705e-01
5.050100200400801098e-01 6.815299068229635493e-01 2.275672496015348437e-03 6.795912233243162071e-01 6.865043582807334177e-01
5.070140280561121759e-01 6.829576194770062836e-01 2.860325158610228617e-03 6.801923654944393993e-01 6.890592125037571236e-01
5.090180360721442421e-01 6.847610459873759714e-01 2.781054166312081979e-03 6.818455064622783723e-01 6.908626390141268114e-01
5.110220440881763082e-01 6.862488728584309472e-01 3.053460512584879084e-03 6.833483618875864085e-01 6.932672076946198025e-01
5.130260521042083743e-01 6.886083558761646461e-01 2.840356995473979334e-03 6.860535016531409402e-01 6.946197775773970129e-01
5.150300601202404405e-01 6.904869251577998579e-01 3.164037161320607233e-03 6.877066426209799133e-01 6.970243462578900040e-01
5.170340681362725066e-01 6.924406372107003715e-01 3.011153773346323531e-03 6.889089269612262978e-01 6.986774872257288660e-01
5.190380761523045727e-01 6.940637210700331128e-01 3.025222214198880141e-03 6.904117823865344450e-01 6.994289149383828841e-01
5.210420841683366389e-01 6.962578899909829255e-01 3.164893637525319648e-03 6.922152088969041328e-01 7.015329125338142235e-01
5.230460921843687050e-01 6.978058310790501428e-01 2.979143178446367560e-03 6.938683498647429948e-01 7.024346257889990675e-01
5.250501002004007711e-01 6.996543432521792338e-01 2.525736224505228424e-03 6.959723474601743343e-01 7.033363390441839114e-01
5.270541082164328373e-01 7.018635407273819959e-01 2.581063954436863938e-03 6.985272016831980402e-01 7.060414788097385541e-01
5.290581162324649034e-01 7.036218815749925026e-01 2.411556198433954194e-03 7.009317703636910313e-01 7.078449053201082419e-01
5.310621242484969695e-01 7.054403366396153618e-01 2.159096482845550106e-03 7.021340547039375268e-01 7.094980462879471039e-01
5.330661322645290356e-01 7.072137060414787069e-01 2.425889843580544044e-03 7.040877667568380405e-01 7.113014727983167917e-01
5.350701402805611018e-01 7.091824466486322809e-01 2.386135008548090353e-03 7.066426209798617464e-01 7.132551848512173054e-01
5.370741482965931679e-01 7.108656447249774857e-01 2.436712194205873337e-03 7.078449053201082419e-01 7.150586113615869932e-01
5.390781563126252340e-01 7.125939284640817606e-01 2.712810151979864852e-03 7.088969041178239117e-01 7.173128944995491585e-01
5.410821643286573002e-01 7.144424406372107406e-01 2.865256043243951875e-03 7.100991884580702962e-01 7.194168920949804980e-01
5.430861723446893663e-01 7.162909528103396095e-01 3.018308436581463184e-03 7.123534715960324615e-01 7.221220318605350297e-01
5.450901803607214324e-01 7.180943793207094084e-01 3.100256334831157611e-03 7.128043282236249389e-01 7.231740306582506994e-01
5.470941883767534986e-01 7.197926059513075625e-01 3.487952288068784865e-03 7.146077547339946268e-01 7.267808836789900750e-01
5.490981963927855647e-01 7.214457469191464245e-01 3.456730828199403895e-03 7.158100390742410113e-01 7.279831680192365706e-01
5.511022044088176308e-01 7.233694018635407064e-01 4.012398832375586345e-03 7.171626089570183327e-01 7.303877366997294507e-01
5.531062124248496970e-01 7.248572287345956822e-01 3.818435947648233988e-03 7.186654643823263688e-01 7.314397354974451204e-01
5.551102204408817631e-01 7.268259693417494782e-01 3.921300877597625606e-03 7.204688908926961677e-01 7.336940186354072857e-01
5.571142284569138292e-01 7.293507664562668413e-01 3.654411682264189793e-03 7.237751728283738917e-01 7.357980162308386252e-01
5.591182364729458953e-01 7.308686504358281599e-01 3.698856642720821809e-03 7.254283137962127537e-01 7.374511571986774872e-01
5.611222444889779615e-01 7.329876765855125598e-01 3.624375082508020807e-03 7.266305981364592492e-01 7.389540126239855233e-01
5.631262525050100276e-01 7.349113315299067306e-01 3.380222208787495106e-03 7.293357379020137810e-01 7.406071535918244964e-01
5.651302605210419827e-01 7.364743011722272303e-01 3.335018707214658720e-03 7.309888788698527540e-01 7.410580102194168628e-01
5.671342685370740488e-01 7.381574992485722131e-01 3.075570771040354087e-03 7.324917342951607901e-01 7.425608656447250100e-01
5.691382765531061150e-01 7.401863540727381396e-01 3.325218335156761296e-03 7.342951608055304780e-01 7.452660054102795417e-01
5.711422845691381811e-01 7.417643522693115887e-01 3.167461676601579339e-03 7.359483017733694510e-01 7.458671475804027340e-01
5.731462925851702472e-01 7.435377216711752668e-01 3.317363999796228268e-03 7.374511571986774872e-01 7.481214307183648993e-01
5.751503006012023134e-01 7.453411481815450657e-01 3.323485857781394246e-03 7.391042981665163492e-01 7.500751427712654129e-01
5.771543086172343795e-01 7.471896603546739346e-01 3.532701355474412563e-03 7.403065825067628447e-01 7.520288548241659266e-01
5.791583166332664456e-01 7.488428013225126856e-01 3.098070027466216011e-03 7.425608656447250100e-01 7.526299969942891188e-01
5.811623246492985118e-01 7.508265704839194310e-01 3.463095467929941124e-03 7.442140066125638720e-01 7.568379921851517977e-01
5.831663326653305779e-01 7.524045686804929911e-01 3.326203066907950767e-03 7.454162909528103675e-01 7.574391343552749900e-01
5.851703406813626440e-01 7.540276525398256213e-01 3.199388249553932265e-03 7.472197174631800554e-01 7.595431319507063295e-01
5.871743486973947102e-01 7.557709648331830676e-01 3.152738524877933633e-03 7.488728584310189174e-01 7.607454162909528250e-01
5.891783567134267763e-01 7.574541629095281614e-01 3.020290757992447582e-03 7.508265704839194310e-01 7.623985572587916870e-01
5.911823647294588424e-01 7.589720468890893690e-01 2.992003611007597839e-03 7.529305680793507705e-01 7.639014126840998342e-01
5.931863727454909085e-01 7.605801021941689388e-01 3.139097701240443298e-03 7.547339945897204583e-01 7.652539825668770446e-01
5.951903807615229747e-01 7.622933573790202644e-01 3.103350966988827064e-03 7.572888488127441642e-01 7.670574090772467324e-01
5.971943887775550408e-01 7.637661556958219577e-01 3.233375198789583023e-03 7.577397054403366417e-01 7.682596934174932279e-01
5.991983967935871069e-01 7.654493537721671625e-01 3.245645851916312361e-03 7.598437030357679811e-01 7.700631199278629158e-01
6.012024048096191731e-01 7.675834084761046228e-01 3.239516335211881266e-03 7.628494138863841645e-01 7.729185452359482733e-01
6.032064128256512392e-01 7.696122633002705493e-01 3.537301561749272173e-03 7.649534114818155039e-01 7.748722572888487869e-01
6.052104208416833053e-01 7.719116321009918957e-01 3.615015560937980162e-03 7.670574090772467324e-01 7.771265404268109522e-01
6.072144288577153715e-01 7.737751728283739361e-01 3.844520376235804806e-03 7.681094078749624021e-01 7.790802524797114659e-01
6.092184368737474376e-01 7.752780282536819723e-01 3.987554368314453514e-03 7.694619777577397235e-01 7.819356777877968234e-01
6.112224448897795037e-01 7.771866546438233048e-01 4.246570577998824876e-03 7.708145476405169338e-01 7.843402464682897035e-01
6.132264529058115698e-01 7.785091674180943944e-01 4.415326833272782171e-03 7.718665464382326036e-01 7.856928163510670249e-01
6.152304609218436360e-01 7.802675082657047900e-01 4.218421751274526940e-03 7.748722572888487869e-01 7.880973850315600160e-01
6.172344689378757021e-01 7.821310489930868304e-01 4.350007175485032240e-03 7.763751127141569341e-01 7.896002404568680522e-01
6.192384769539077682e-01 7.837992185151788638e-01 3.916776857839443862e-03 7.781785392245266220e-01 7.905019537120528961e-01
6.212424849699398344e-01 7.853321310489931317e-01 3.711292268215809088e-03 7.799819657348963098e-01 7.918545235948302174e-01
6.232464929859719005e-01 7.867598437030357550e-01 3.832988495372857598e-03 7.810339645326119795e-01 7.938082356477307311e-01
6.252505010020039666e-01 7.881725278028252069e-01 3.610764585733085112e-03 7.819356777877968234e-01 7.948602344454464008e-01
6.272545090180360328e-01 7.897956116621580591e-01 3.329460790703208870e-03 7.843402464682897035e-01 7.968139464983469145e-01
6.292585170340680989e-01 7.915539525097685658e-01 2.994418221396344826e-03 7.873459573189058869e-01 7.981665163811241248e-01
6.312625250501001650e-01 7.931620078148482467e-01 3.091684466851414223e-03 7.879470994890291902e-01 7.998196573489629868e-01
6.332665330661322312e-01 7.946348061316502731e-01 3.022383873636690782e-03 7.894499549143372263e-01 8.010219416892094824e-01
6.352705410821642973e-01 7.961827472197174904e-01 2.908559159219223974e-03 7.915539525097685658e-01 8.022242260294559779e-01
6.372745490981963634e-01 7.977457168620378791e-01 2.759530674968241944e-03 7.938082356477307311e-01 8.031259392846408218e-01
6.392785571142284295e-01 7.991283438533213213e-01 2.750841283714460309e-03 7.957619477006312447e-01 8.041779380823564916e-01
6.412825651302604957e-01 8.011121130147278446e-01 2.812548858500647526e-03 7.974150886684701067e-01 8.056807935076645277e-01
6.432865731462925618e-01 8.024496543432521056e-01 2.902690460382301597e-03 7.987676585512473171e-01 8.068830778479110233e-01
6.452905811623246279e-01 8.040577096483317865e-01 2.985202048196015489e-03 8.004207995190862901e-01 8.083859332732191705e-01
6.472945891783566941e-01 8.055305079651337019e-01 2.686708744224415059e-03 8.016230838593327857e-01 8.092876465284040144e-01
6.492985971943887602e-01 8.070634204989479699e-01 2.766070631231377312e-03 8.038773669972948399e-01 8.116922152088968945e-01
6.513026052104208263e-01 8.084911331529907041e-01 3.049759885240354521e-03 8.046287947099488580e-01 8.134956417192665823e-01
6.533066132264528925e-01 8.100691313495642643e-01 2.907782528632308749e-03 8.064322212203186568e-01 8.146979260595130778e-01
6.553106212424849586e-01 8.118425007514277203e-01 3.132291065852243952e-03 8.076345055605650414e-01 8.174030658250676096e-01
6.573146292585170247e-01 8.134204989480011694e-01 3.011153773346313123e-03 8.086865043582807111e-01 8.190562067929064716e-01
6.593186372745490909e-01 8.151036970243463742e-01 3.347726418932148607e-03 8.104899308686503989e-01 8.205590622182146188e-01
6.613226452905811570e-01 8.163059813645927587e-01 3.136650454196849343e-03 8.127442140066125642e-01 8.213104899308686369e-01
6.633266533066132231e-01 8.177787796813946741e-01 3.535545244992944081e-03 8.136459272617974081e-01 8.232642019837691505e-01
6.653306613226452892e-01 8.191914637811843480e-01 3.580740311462924253e-03 8.151487826871055553e-01 8.250676284941388383e-01
6.673346693386772444e-01 8.203336339044182690e-01 4.045585199014779462e-03 8.155996393146979218e-01 8.267207694619778113e-01
6.693386773547093105e-01 8.218515178839794766e-01 4.188196801526992280e-03 8.168019236549444173e-01 8.280733393447550217e-01
6.713426853707413766e-01 8.232942590922751602e-01 4.072044944585113610e-03 8.175533513675984354e-01 8.300270513976555353e-01
6.733466933867734427e-01 8.241809437932070548e-01 3.765815049178751830e-03 8.186053501653141051e-01 8.300270513976555353e-01
6.753507014028055089e-01 8.256687706642621416e-01 3.608105182908960019e-03 8.204087766756837929e-01 8.319807634505560490e-01
6.773547094188375750e-01 8.271565975353171174e-01 4.061298216125488678e-03 8.214607754733994627e-01 8.337841899609257368e-01
6.793587174348696411e-01 8.286594529606251536e-01 3.929586176204061428e-03 8.232642019837691505e-01 8.354373309287645988e-01
6.813627254509017073e-01 8.301172227231740086e-01 3.964349165926661124e-03 8.249173429516080125e-01 8.367899008115419202e-01
6.833667334669337734e-01 8.314697926059514410e-01 3.895382708583684968e-03 8.267207694619778113e-01 8.378418996092575899e-01
6.853707414829658395e-01 8.330477908025247791e-01 3.603375991629366101e-03 8.280733393447550217e-01 8.388938984069732596e-01
6.873747494989979057e-01 8.343703035767958687e-01 3.130451819087456955e-03 8.292756236850015172e-01 8.394950405770964519e-01
6.893787575150299718e-01 8.354373309287647098e-01 3.159572594173223892e-03 8.298767658551247095e-01 8.406973249173429474e-01
6.913827655310620379e-01 8.371355575593627529e-01 3.112797802536230226e-03 8.325819056206792412e-01 8.425007514277126353e-01
6.933867735470941041e-01 8.383378418996093595e-01 3.331495250395257336e-03 8.333333333333333703e-01 8.438533213104899566e-01
6.953907815631261702e-01 8.397054403366397413e-01 3.328884134406000055e-03 8.352870453862338840e-01 8.459573189059212961e-01
6.973947895791582363e-01 8.409528103396454179e-01 3.353119348738794244e-03 8.364893297264802685e-01 8.468590321611061400e-01
6.993987975951903024e-01 8.424105801021941620e-01 3.365322513322127878e-03 8.373910429816651124e-01 8.482116020438833504e-01
7.014028056112223686e-01 8.439885782987677221e-01 3.384896190844167378e-03 8.394950405770964519e-01 8.500150285542530382e-01
7.034068136272544347e-01 8.452359483017733988e-01 3.583483050841918070e-03 8.405470393748121216e-01 8.513675984370303595e-01
7.054108216432865008e-01 8.464232040877668339e-01 3.776595247584618818e-03 8.414487526299969655e-01 8.531710249474000474e-01
7.074148296593185670e-01 8.480913736098587563e-01 4.090859700835353802e-03 8.425007514277126353e-01 8.539224526600540655e-01
7.094188376753506331e-01 8.495792004809137321e-01 4.148234892094176084e-03 8.434024646828974792e-01 8.558761647129545791e-01
7.114228456913826992e-01 8.511872557859933019e-01 4.328536708444067314e-03 8.444544634806131489e-01 8.585813044785092218e-01
7.134268537074147654e-01 8.523745115719869592e-01 4.368141783050078636e-03 8.455064622783288186e-01 8.594830177336940658e-01
7.154308617234468315e-01 8.538473098887887636e-01 4.160087326620496954e-03 8.461076044484520109e-01 8.596333032762247806e-01
7.174348697394788976e-01 8.549894800120227956e-01 4.125851380839931463e-03 8.473098887886985064e-01 8.602344454463480838e-01
7.194388777555109638e-01 8.561917643522691801e-01 4.211455702778099837e-03 8.489630297565373684e-01 8.614367297865945794e-01
7.214428857715430299e-01 8.574391343552750788e-01 4.224708104794470606e-03 8.497144574691914976e-01 8.626390141268409639e-01
7.234468937875750960e-01 8.590321611061014773e-01 4.239011460250017779e-03 8.521190261496843776e-01 8.636910129245566337e-01
7.254509018036071621e-01 8.606101593026751484e-01 4.030483418065497654e-03 8.539224526600540655e-01 8.654944394349263215e-01
7.274549098196392283e-01 8.618875864141870569e-01 4.003918243386676672e-03 8.554253080853622127e-01 8.671475804027652945e-01
7.294589178356712944e-01 8.636459272617973415e-01 3.941408477017373062e-03 8.573790201382627263e-01 8.688007213706041565e-01
7.314629258517033605e-01 8.649984971445746629e-01 3.797231230066417610e-03 8.585813044785092218e-01 8.701532912533814779e-01
7.334669338677354267e-01 8.661707243763150377e-01 3.826383245107903199e-03 8.591824466486324141e-01 8.710550045085663218e-01
7.354709418837674928e-01 8.674481514878268351e-01 3.781107792428347030e-03 8.603847309888789097e-01 8.718064322212203399e-01
7.374749498997995589e-01 8.688758641418695694e-01 3.974619333506548315e-03 8.618875864141869458e-01 8.743612864442440458e-01
7.394789579158316251e-01 8.701232341448751351e-01 3.793511939380767028e-03 8.633904418394950930e-01 8.754132852419597155e-01
7.414829659318636912e-01 8.712654042681092781e-01 3.946648286174226326e-03 8.645927261797414776e-01 8.770664262097985775e-01
7.434869739478957573e-01 8.726179741508867105e-01 3.919082743390568668e-03 8.656447249774571473e-01 8.773669972948602291e-01
7.454909819639278235e-01 8.740907724676885149e-01 3.783973896908437648e-03 8.675984370303576609e-01 8.788698527201682653e-01
7.474949899799598896e-01 8.753080853621881818e-01 3.361192519507230029e-03 8.700030057108506520e-01 8.793207093477607428e-01
7.494989979959919557e-01 8.768409978960024498e-01 3.229041475921822120e-03 8.721070033062818805e-01 8.805229936880072383e-01
7.515030060120240218e-01 8.779981965734897642e-01 3.282836235211847309e-03 8.728584310189360096e-01 8.817252780282537339e-01
7.535070140280560880e-01 8.790201382626990911e-01 3.260191906108073946e-03 8.739104298166516793e-01 8.832281334535617701e-01
7.555110220440881541e-01 8.801172227231740530e-01 3.360520496044131639e-03 8.749624286143673491e-01 8.841298467087466140e-01
7.575150300601202202e-01 8.813345356176733869e-01 3.322092426726303612e-03 8.758641418695521930e-01 8.856327021340546501e-01
7.595190380761522864e-01 8.822212203186052815e-01 3.298793333657913315e-03 8.767658551247370369e-01 8.869852720168319715e-01
7.615230460921843525e-01 8.835437330928765931e-01 3.382226134863893386e-03 8.778178539224527066e-01 8.878869852720168154e-01
7.635270541082164186e-01 8.848361887586415619e-01 3.481341156147285416e-03 8.796212804328223944e-01 8.905921250375713472e-01
7.655310621242484848e-01 8.860384730988879465e-01 3.065272497455184646e-03 8.811241358581304306e-01 8.917944093778178427e-01
7.675350701402805509e-01 8.870904718966036162e-01 3.090953848525015025e-03 8.824767057409077520e-01 8.929966937180643383e-01
7.695390781563125060e-01 8.882626991283437690e-01 3.196704554024436436e-03 8.829275623685001184e-01 8.940486925157800080e-01
7.715430861723445721e-01 8.896002404568680300e-01 3.186053501653156404e-03 8.838292756236849623e-01 8.949504057709648519e-01
7.735470941883766383e-01 8.908926961226327768e-01 3.007964289031376214e-03 8.862338443041779534e-01 8.960024045686805216e-01
7.755511022044087044e-01 8.920799519086264340e-01 3.083198650072478154e-03 8.871355575593627973e-01 8.978058310790502095e-01
7.775551102204407705e-01 8.934174932371506950e-01 3.112616403005602321e-03 8.883378418996092929e-01 8.993086865043582456e-01
7.795591182364728366e-01 8.947400060114217846e-01 3.208657924877081780e-03 8.886384129846708335e-01 9.008115419296663928e-01
7.815631262525049028e-01 8.963630898707544148e-01 2.897199684063963936e-03 8.907424105801021730e-01 9.018635407273820626e-01
7.835671342685369689e-01 8.975954313195071421e-01 2.949734247645976505e-03 8.922452660054103202e-01 9.029155395250977323e-01
7.855711422845690350e-01 8.988277727682596474e-01 2.879684335982683925e-03 8.941989780583108338e-01 9.041178238653441168e-01
7.875751503006011012e-01 8.997595431319507231e-01 2.978536613606834992e-03 8.951006913134956777e-01 9.050195371205289607e-01
7.895791583166331673e-01 9.009467989179439362e-01 3.089784499853941158e-03 8.966035467388037139e-01 9.060715359182446305e-01
7.915831663326652334e-01 9.024797114517582042e-01 3.357427455594890007e-03 8.978058310790502095e-01 9.077246768860836035e-01
7.935871743486972996e-01 9.037270814547639919e-01 3.500201584868778068e-03 8.991584009618274198e-01 9.092275323113916397e-01
7.955911823647293657e-01 9.046889089269611883e-01 3.548648698933107304e-03 8.999098286744815489e-01 9.099789600240456577e-01
7.975951903807614318e-01 9.058010219416890996e-01 3.528223182419086383e-03 9.008115419296663928e-01 9.108806732792305016e-01
7.995991983967934980e-01 9.069882777276827568e-01 3.428651928596604132e-03 9.027652539825669065e-01 9.123835287045386488e-01
8.016032064128255641e-01 9.082055906221822017e-01 3.321140479309803856e-03 9.039675383228132910e-01 9.137360985873158592e-01
8.036072144288576302e-01 9.094229035166817576e-01 3.419813482159800647e-03 9.050195371205289607e-01 9.147880973850315289e-01
8.056112224448896963e-01 9.108055305079651998e-01 3.339755952084382494e-03 9.059212503757138046e-01 9.153892395551548322e-01
8.076152304609217625e-01 9.117673579801623962e-01 3.216567052548018491e-03 9.065223925458371079e-01 9.164412383528705019e-01
8.096192384769538286e-01 9.131800420799519591e-01 3.221899119287254844e-03 9.074241058010219518e-01 9.173429516080553459e-01
8.116232464929858947e-01 9.141268409978959841e-01 3.020851556177296237e-03 9.089269612263299880e-01 9.182446648632401898e-01
8.136272545090179609e-01 9.152840396753830765e-01 2.871240589827398892e-03 9.096783889389841171e-01 9.188458070333633820e-01
8.156312625250500270e-01 9.161556958220620217e-01 2.969004907442774049e-03 9.107303877366996758e-01 9.200480913736098776e-01
8.176352705410820931e-01 9.172076946197774694e-01 2.877055687022283571e-03 9.123835287045386488e-01 9.220018034265103912e-01
8.196392785571141593e-01 9.182897505259994819e-01 3.211366796549819814e-03 9.129846708746618411e-01 9.239555154794109049e-01
8.216432865731462254e-01 9.192816351067026881e-01 3.169172546580701754e-03 9.146378118425007031e-01 9.247069431920649230e-01
8.236472945891782915e-01 9.202434625788997735e-01 2.751539086532821601e-03 9.165915238954012167e-01 9.248572287345957488e-01
8.256513026052103577e-01 9.213856327021341386e-01 2.845481237308916406e-03 9.174932371505860607e-01 9.257589419897805927e-01
8.276553106212424238e-01 9.224376314998498083e-01 2.921459722668832276e-03 9.180943793207093639e-01 9.266606552449654366e-01
8.296593186372744899e-01 9.237150586113616058e-01 2.721952894179364806e-03 9.198978058310790518e-01 9.280132251277427580e-01
8.316633266533065560e-01 9.245416290952809257e-01 2.552598944470603395e-03 9.204989480012022440e-01 9.290652239254583167e-01
8.336673346693386222e-01 9.256988277727682402e-01 2.367843990529747318e-03 9.218515178839795654e-01 9.293657950105199683e-01
8.356713426853706883e-01 9.268710550045085039e-01 2.459545842558308326e-03 9.226029455966335835e-01 9.301172227231739864e-01
8.376753507014027544e-01 9.278629395852119321e-01 2.315568115029940921e-03 9.242560865644724455e-01 9.307183648932972897e-01
8.396793587174348206e-01 9.290802524797114881e-01 2.525915063011755640e-03 9.250075142771265746e-01 9.325217914036669775e-01
8.416833667334668867e-01 9.302975653742111550e-01 2.444439508427717535e-03 9.268109407874962624e-01 9.337240757439134731e-01
8.436873747494989528e-01 9.312443642921552911e-01 2.415112515778204509e-03 9.275623685001502805e-01 9.349263600841598576e-01
8.456913827655310190e-01 9.325969341749325014e-01 2.449469936872575304e-03 9.287646528403967761e-01 9.356777877968139867e-01
8.476953907815630851e-01 9.336940186354073523e-01 2.368416233013752748e-03 9.298166516381124458e-01 9.367297865945296564e-01
8.496993987975951512e-01 9.346257889990983170e-01 2.454766094270558092e-03 9.308686504358281155e-01 9.382326420198376926e-01
8.517034068136272174e-01 9.357529305680793996e-01 2.361205408031973995e-03 9.317703636910129594e-01 9.392846408175533623e-01
8.537074148296592835e-01 9.368650435828073109e-01 2.332526514946525655e-03 9.331229335737901698e-01 9.404869251577998579e-01
8.557114228456913496e-01 9.377817853922453262e-01 2.390437890079170121e-03 9.343252179140366653e-01 9.416892094980462424e-01
8.577154308617234157e-01 9.386233844304177065e-01 2.466881217755730743e-03 9.352269311692215092e-01 9.430417793808235638e-01
8.597194388777554819e-01 9.397204688908928905e-01 2.444116099587284249e-03 9.361286444244063532e-01 9.442440637210700594e-01
8.617234468937875480e-01 9.409077246768861036e-01 2.573176402263220933e-03 9.367297865945296564e-01 9.458972046889089214e-01
8.637274549098196141e-01 9.420498948001203576e-01 2.473281824727480236e-03 9.377817853922452151e-01 9.470994890291554169e-01
8.657314629258516803e-01 9.429065223925456873e-01 2.185556922317824936e-03 9.395852119026150140e-01 9.474000601142169575e-01
8.677354709418837464e-01 9.440637210700328907e-01 2.387412496821244515e-03 9.401863540727382063e-01 9.492034866245867564e-01
8.697394789579158125e-01 9.452660054102794973e-01 2.287896872135269152e-03 9.415389239555155276e-01 9.501051998797716003e-01
8.717434869739478787e-01 9.461526901112113919e-01 2.420530505333357355e-03 9.419897805831078941e-01 9.511571986774872700e-01
8.737474949899798338e-01 9.473700030057108368e-01 2.186951579631046631e-03 9.442440637210700594e-01 9.517583408476104623e-01
8.757515030060118999e-01 9.481364592726180263e-01 2.116253112463983670e-03 9.451457769762549033e-01 9.525097685602644804e-01
8.777555110220439660e-01 9.493387436128646328e-01 2.101258468630387045e-03 9.460474902314397472e-01 9.534114818154493243e-01
8.797595190380760322e-01 9.503606853020741818e-01 1.655939375311723692e-03 9.484520589119326273e-01 9.537120529005109759e-01
8.817635270541080983e-01 9.515479410880672839e-01 1.671077922923676047e-03 9.493537721671174712e-01 9.549143372407574715e-01
8.837675350701401644e-01 9.525398256687704901e-01 1.788082202312695976e-03 9.504057709648331409e-01 9.556657649534114896e-01
8.857715430861722306e-01 9.535918244664862709e-01 1.615552107048582372e-03 9.511571986774872700e-01 9.564171926660655076e-01
8.877755511022042967e-01 9.547941088067327664e-01 1.412684099789615795e-03 9.532611962729184985e-01 9.571686203787195257e-01
8.897795591182363628e-01 9.555755936278929052e-01 1.747711663373186343e-03 9.534114818154493243e-01 9.580703336339043696e-01
8.917835671342684289e-01 9.565825067628495049e-01 1.640041550676751662e-03 9.544634806131649940e-01 9.592726179741508652e-01
8.937875751503004951e-01 9.576946197775774161e-01 1.504732821949272478e-03 9.559663360384731412e-01 9.598737601442741685e-01
8.957915831663325612e-01 9.585211902614968471e-01 1.350899011376253695e-03 9.564171926660655076e-01 9.609257589419897272e-01
8.977955911823646273e-01 9.598737601442742795e-01 1.359232828926362161e-03 9.577697625488428290e-01 9.621280432822362227e-01
8.997995991983966935e-01 9.608957018334836064e-01 1.318407706610227751e-03 9.589720468890893246e-01 9.631800420799518925e-01
9.018036072144287596e-01 9.620529005109709209e-01 1.187636194777913143e-03 9.603246167718665349e-01 9.637811842500751958e-01
9.038076152304608257e-01 9.629095281033965836e-01 1.207532878064361331e-03 9.607754733994590124e-01 9.646828975052600397e-01
9.058116232464928919e-01 9.638863841298468405e-01 1.372543963428541096e-03 9.616771866546438563e-01 9.661857529305680758e-01
9.078156312625249580e-01 9.648031259392846337e-01 1.188681691210418138e-03 9.631800420799518925e-01 9.672377517282837456e-01
9.098196392785570241e-01 9.655996393146978329e-01 1.283072445956815215e-03 9.640817553351367364e-01 9.682897505259994153e-01
9.118236472945890903e-01 9.667868951006912681e-01 1.209775280883567880e-03 9.654343252179140578e-01 9.687406071535917818e-01
9.138276553106211564e-01 9.675383228133453972e-01 1.235635995857811481e-03 9.660354673880372500e-01 9.694920348662459109e-01
9.158316633266532225e-01 9.684700931770363619e-01 1.095745484433901379e-03 9.666366095581605533e-01 9.699428914938382773e-01
9.178356713426852886e-01 9.694920348662460219e-01 1.310158985133967309e-03 9.672377517282837456e-01 9.712954613766155987e-01
9.198396793587173548e-01 9.702885482416589991e-01 1.495397787388729393e-03 9.681394649834685895e-01 9.729486023444544607e-01
9.218436873747494209e-01 9.710249474000599568e-01 1.244378812412639959e-03 9.691914637811842592e-01 9.730988878869852865e-01
9.238476953907814870e-01 9.718665464382325592e-01 1.262398557258802116e-03 9.699428914938382773e-01 9.743011722272317821e-01
9.258517034068135532e-01 9.726931169221521012e-01 1.230231980207865429e-03 9.711451758340847729e-01 9.749023143973549743e-01
9.278557114228456193e-01 9.734896302975654114e-01 1.322512774271120389e-03 9.718966035467387909e-01 9.758040276525398182e-01
9.298597194388776854e-01 9.743913435527501443e-01 1.460478582898274650e-03 9.723474601743312684e-01 9.768560264502554880e-01
9.318637274549097516e-01 9.753681995792005122e-01 1.525897892798105211e-03 9.733994589720469381e-01 9.779080252479711577e-01
9.338677354709418177e-01 9.761797415088668828e-01 1.602145386345465083e-03 9.737000300571084788e-01 9.788097385031560016e-01
9.358717434869738838e-01 9.768860835587617197e-01 1.541141417889296513e-03 9.743011722272317821e-01 9.792605951307483680e-01
9.378757515030059499e-01 9.777427111511872715e-01 1.499018245315293651e-03 9.753531710249474518e-01 9.800120228434024972e-01
9.398797595190380161e-01 9.785091674180945720e-01 1.502855425308080627e-03 9.762548842801322957e-01 9.809137360985873411e-01
9.418837675350700822e-01 9.793357379020140030e-01 1.440312679033138111e-03 9.768560264502554880e-01 9.818154493537721850e-01
9.438877755511021483e-01 9.800721370604147387e-01 1.349560824805750691e-03 9.782085963330328093e-01 9.824165915238953772e-01
9.458917835671342145e-01 9.808385933273218171e-01 1.266774301946921918e-03 9.792605951307483680e-01 9.830177336940186805e-01
9.478957915831662806e-01 9.817553351367598324e-01 1.177993263737005551e-03 9.798617373008716713e-01 9.834685903216110470e-01
9.498997995991983467e-01 9.827321911632100893e-01 1.022494060305024740e-03 9.815148782687105333e-01 9.845205891193267167e-01
9.519038076152304129e-01 9.835136759843703391e-01 9.878917000026984571e-04 9.822663059813645514e-01 9.855725879170423864e-01
9.539078156312624790e-01 9.841899609257589443e-01 9.827341583571725086e-04 9.828674481514878547e-01 9.860234445446347529e-01
9.559118236472945451e-01 9.848512173128944891e-01 7.975052095834867438e-04 9.837691614066726986e-01 9.861737300871655787e-01
9.579158316633266113e-01 9.855725879170422754e-01 7.923911227210313993e-04 9.842200180342650651e-01 9.867748722572888820e-01
9.599198396793586774e-01 9.865945296062520464e-01 7.294656507070603878e-04 9.852720168319807348e-01 9.876765855124737259e-01
9.619238476953907435e-01 9.874962428614366683e-01 7.627639038442690297e-04 9.866245867147580562e-01 9.890291553952509362e-01
9.639278557114228096e-01 9.881574992485722131e-01 6.680526231107003325e-04 9.873760144274120742e-01 9.894800120228434137e-01
9.659318637274548758e-01 9.888938984069733928e-01 8.161210689741776620e-04 9.878268710550045517e-01 9.906822963630899093e-01
9.679358717434869419e-01 9.896002404568682298e-01 6.646631916890768455e-04 9.888788698527202214e-01 9.911331529906822757e-01
9.699398797595190080e-01 9.902013826269913110e-01 6.333425760656776447e-04 9.893297264803125879e-01 9.912834385332131015e-01
9.719438877755510742e-01 9.910880673279232056e-01 8.341862991510432370e-04 9.896302975653742395e-01 9.918845807033362938e-01
9.739478957915831403e-01 9.919296663660956970e-01 7.953783361826835931e-04 9.906822963630899093e-01 9.930868650435827893e-01
9.759519038076150954e-01 9.925608656447248990e-01 8.320174653240956612e-04 9.911331529906822757e-01 9.938382927562368074e-01
9.779559118236471615e-01 9.936128644424406797e-01 9.791653819814982382e-04 9.923354373309287713e-01 9.954914337240757805e-01
9.799599198396792277e-01 9.942891493838292849e-01 9.042145450250367936e-04 9.929365795010519635e-01 9.956417192666066063e-01
9.819639278557112938e-01 9.948752629996995278e-01 9.177267592889788066e-04 9.935377216711752668e-01 9.965434325217914502e-01
9.839679358717433599e-01 9.955665764953410823e-01 8.428058246354173163e-04 9.938382927562368074e-01 9.971445746919146425e-01
9.859719438877754261e-01 9.963029756537421511e-01 8.559681915177670599e-04 9.945897204688909365e-01 9.974451457769762941e-01
9.879759519038074922e-01 9.967838893898408603e-01 6.893504623492424741e-04 9.953411481815449546e-01 9.977457168620378347e-01
9.899799599198395583e-01 9.973549744514575988e-01 5.866913524479335472e-04 9.965434325217914502e-01 9.983468590321611380e-01
9.919839679358716245e-01 9.978509167418092574e-01 6.050743053560897391e-04 9.971445746919146425e-01 9.987977156597535044e-01
9.939879759519036906e-01 9.982116020438835946e-01 4.913670791785996984e-04 9.974451457769762941e-01 9.989480012022843303e-01
9.959919839679357567e-01 9.987376014427413740e-01 5.038489514349429746e-04 9.980462879470994864e-01 9.993988578298768077e-01
9.979959919839678228e-01 9.994439434926360999e-01 1.906909759610426460e-04 9.990982867448151561e-01 9.996994289149383484e-01
1.000000000000000000e+00 1.000000000000000000e+00 0.000000000000000000e+00 1.000000000000000000e+00 1.000000000000000000e+00
