# signal_efficiencies		0sq-mean	0sq-std	0sq-min	0sq-max	1sq-mean	1sq-std	1sq-min	1sq-max	2sq-mean	2sq-std	2sq-min	2sq-max	all-mean	all-std	all-min	all-max
1.000000000000000021e-02 2.323977887690654442e-01 8.891346163605418768e-03 2.179367386328052991e-01 2.535820163793868209e-01 2.756072671125909257e-01 4.210625957398665686e-02 2.197048315699638155e-01 3.588852090391629335e-01 6.814181766524880501e-01 7.807918309505271215e-02 6.187081489459369532e-01 8.676470166311101018e-01 1.190169051496122510e+00 7.282880866517309204e-02 1.095103115592937826e+00 1.377301176077321498e+00
1.497487437185929596e-02 2.896089927116075602e-01 1.329342302105953992e-02 2.665424712395889073e-01 3.185261682357438673e-01 3.270007350912693123e-01 4.381343574648709910e-02 2.686922647413507170e-01 4.033391428989676619e-01 8.506563356124832165e-01 8.233351708348340958e-02 7.612194987803945212e-01 1.064565692548452125e+00 1.463999360612846523e+00 6.183611202813789343e-02 1.338310621660774524e+00 1.560519121319844382e+00
1.994974874371859344e-02 3.274672777442914628e-01 1.997618903703346840e-02 3.051468177435722184e-01 3.782181917555009210e-01 3.826780940797954167e-01 4.534353483457390782e-02 3.100063321829342744e-01 4.480665230266006605e-01 9.882905699370219121e-01 9.142010670926183080e-02 8.788683414923442738e-01 1.233279004071180296e+00 1.716039629879896555e+00 6.437016205782526701e-02 1.589946925734469829e+00 1.800359352048623851e+00
2.492462311557788746e-02 3.631475334056333271e-01 1.891839667260560368e-02 3.415303800988168659e-01 4.019516511840259820e-01 4.252385625347030462e-01 5.243031970372411671e-02 3.463691082674378308e-01 5.373078149958443461e-01 1.115230325960214319e+00 6.722657742686095894e-02 1.017871224862351820e+00 1.262772934847786965e+00 1.874776306666103620e+00 8.384596126036365782e-02 1.730096550156652757e+00 2.015989986086222263e+00
2.989949748743718494e-02 3.938770403432759748e-01 1.792697661694314312e-02 3.684323248074919954e-01 4.344984779264776109e-01 4.452963345781067450e-01 4.130246506014382396e-02 3.974155627484289299e-01 5.297345648252558270e-01 1.209825696094696479e+00 6.129253677052062116e-02 1.108658125708438691e+00 1.313591597619284901e+00 2.036144737260011439e+00 7.434158305352535356e-02 1.941682937392959829e+00 2.178021099027584118e+00
3.487437185929648242e-02 4.206917227121302894e-01 1.394080912970462917e-02 3.992246759798859790e-01 4.466424406831475680e-01 4.863485405615531332e-01 4.268692432157619732e-02 4.365448449969292488e-01 5.665814084880360646e-01 1.324323579062467227e+00 6.087947665972373579e-02 1.188863201491239918e+00 1.397453901921659636e+00 2.174389018802729279e+00 7.259423330712269640e-02 2.077474686330595954e+00 2.311823103742530083e+00
3.984924623115577991e-02 4.451812570692097459e-01 1.694583989016774581e-02 4.152611717129475744e-01 4.759051022250278540e-01 5.132209584766290744e-01 3.398470071770001016e-02 4.768379615934165150e-01 5.737990039138516352e-01 1.423155567583673342e+00 6.492209975617897755e-02 1.283403816986647961e+00 1.494736434486806154e+00 2.326494972440930287e+00 6.215172735674161231e-02 2.230336731730421018e+00 2.458674265189717101e+00
4.482412060301507739e-02 4.716679079873965508e-01 1.694131714037309944e-02 4.494324424059571443e-01 5.082148609908639925e-01 5.439124462867680476e-01 3.635164086441446119e-02 4.876066032080415558e-01 6.187154950432989242e-01 1.525081863684732753e+00 6.499151179756355867e-02 1.397959923734491738e+00 1.609278403883676045e+00 2.463165170684196159e+00 5.976148315532885114e-02 2.375525122920868704e+00 2.570373452846906659e+00
4.979899497487437487e-02 4.944205722826116589e-01 1.554076396781681538e-02 4.727072299496453134e-01 5.186516781901869821e-01 5.695792841368672033e-01 3.329891823824853575e-02 5.233849389136541186e-01 6.413697635810337028e-01 1.591953999933930719e+00 7.639073448085691165e-02 1.426129578167845358e+00 1.717125711851279046e+00 2.607000334955201559e+00 5.747842578322515800e-02 2.525390585240212982e+00 2.713073778220915777e+00
5.477386934673367236e-02 5.106135727215516118e-01 1.470615034394599091e-02 4.868550318659152776e-01 5.306086060021633077e-01 6.070372120212605971e-01 3.750161688697979667e-02 5.453407496648045027e-01 6.726401644944315361e-01 1.642272929631748424e+00 8.616408544173735640e-02 1.502914419607067398e+00 1.804006610416173162e+00 2.735721499021765979e+00 7.043892835790656337e-02 2.640486268292321803e+00 2.882689072200742775e+00
5.974874371859296984e-02 5.312067481159953308e-01 1.402523961852443490e-02 5.141354603306836912e-01 5.566280258362137356e-01 6.374026996933839229e-01 3.927079002444312100e-02 5.899127560544727977e-01 7.244607515375611761e-01 1.704781612849911809e+00 7.042036270267396092e-02 1.589800358345030196e+00 1.827084079907945746e+00 2.854239609452309701e+00 8.035463379590057631e-02 2.725968635238094961e+00 2.978135088963275834e+00
6.472361809045226733e-02 5.546512390545927929e-01 1.401776641752003165e-02 5.377094755695180917e-01 5.773359990339128611e-01 6.592270683786101149e-01 3.884309472786396517e-02 5.977224185927244582e-01 7.311198857979496202e-01 1.771104612633428221e+00 7.033012337614295839e-02 1.679965375046768683e+00 1.898252716949657692e+00 2.959129478612406494e+00 6.770111454967647768e-02 2.866985237998615155e+00 3.042286158284497333e+00
6.969849246231155093e-02 5.708639715349738131e-01 1.356899014835994538e-02 5.484298535581166867e-01 5.928364562378806157e-01 6.788112453224097731e-01 4.127033825961068381e-02 6.170162379846096945e-01 7.226107336576804707e-01 1.827173885912567686e+00 7.965411585292357655e-02 1.739443513232861172e+00 1.989117723270358296e+00 3.050966076674177963e+00 6.013246704200967546e-02 2.959421703487602251e+00 3.135678685441234403e+00
7.467336683417084842e-02 5.879196976980478606e-01 9.946382732850936326e-03 5.727874655415581273e-01 6.048384239865618461e-01 6.938784714564746325e-01 3.546944892588772130e-02 6.384867888690142212e-01 7.502711138700363103e-01 1.883578191580659977e+00 6.768763263269375607e-02 1.819776533398839158e+00 2.028110304350670301e+00 3.148043077999726158e+00 5.446598346800246571e-02 3.058419013919252638e+00 3.225345468967813378e+00
7.964824120603014590e-02 6.040145753722017119e-01 1.028224805171526306e-02 5.903119132948053682e-01 6.211844941375517237e-01 7.219936612438846435e-01 3.850010841037407316e-02 6.637854103525869798e-01 7.769720027822822894e-01 1.927728732763443364e+00 6.268402453395162388e-02 1.845942297329187243e+00 2.040872349998879898e+00 3.227024096817313392e+00 4.896302004532508689e-02 3.154328423043832874e+00 3.291259547049179002e+00
8.462311557788944338e-02 6.212592600558299871e-01 9.652548194378156310e-03 6.049695558466146039e-01 6.364826214792386194e-01 7.388218642979934581e-01 3.291455822027524597e-02 6.909421292054428454e-01 7.876322808967954892e-01 1.994658967470934741e+00 5.673650795867143937e-02 1.927780941361558087e+00 2.107756384271834982e+00 3.296369735625941821e+00 3.949953728713689188e-02 3.247442344980175921e+00 3.365252633735795307e+00
8.959798994974874087e-02 6.373549414458337115e-01 1.095679258823251644e-02 6.238378531987099906e-01 6.594430357609991633e-01 7.497162516183234482e-01 3.266888573608289770e-02 7.076049557101196097e-01 8.023267194902128363e-01 2.047680541234358831e+00 6.872667570906150492e-02 1.918526769419928613e+00 2.187776953088114595e+00 3.366399501013047857e+00 5.332169350738589358e-02 3.260532656126339024e+00 3.463910371909471486e+00
9.457286432160803835e-02 6.521119942123028146e-01 9.643960027288320941e-03 6.401014431115337189e-01 6.702264269845694677e-01 7.652855302542899141e-01 2.525488169643784475e-02 7.331992125042818831e-01 8.105617583117883385e-01 2.107479243508251887e+00 6.372044157207497339e-02 1.995491087480756986e+00 2.221625849449405443e+00 3.444002610463745562e+00 4.429894748837890500e-02 3.359617053186186642e+00 3.506732449331596779e+00
9.954773869346733584e-02 6.671274785226866122e-01 8.850208394532120548e-03 6.555442663806997361e-01 6.859429625938754382e-01 7.822637175604501003e-01 2.226575378836974720e-02 7.488328262149919201e-01 8.225242850438552189e-01 2.153943366915160862e+00 6.168841445497640075e-02 2.070646963573258503e+00 2.264048739603789162e+00 3.514092261456121413e+00 5.126194324846854861e-02 3.438735304844079188e+00 3.610684202231701168e+00
1.045226130653266333e-01 6.822028429453659282e-01 9.658688663488072118e-03 6.709817237485946606e-01 7.000821228342447577e-01 7.838863296946382286e-01 2.332881889910146458e-02 7.471354451976232047e-01 8.246517658898303571e-01 2.204267579366292029e+00 5.878806480322884553e-02 2.116259827172223051e+00 2.302036143637390619e+00 3.569046810919246582e+00 5.112039409352962110e-02 3.473793848196184975e+00 3.643215052213900407e+00
1.094974874371859308e-01 6.943375974805693351e-01 1.105468770172842244e-02 6.799974256509218051e-01 7.107895159971823196e-01 7.954952345411332448e-01 2.568218883604805533e-02 7.515556934296255820e-01 8.361442589971813666e-01 2.268425956645208519e+00 5.704715761437358090e-02 2.187978154011783971e+00 2.374480581381460897e+00 3.617783635863566438e+00 5.104363269551822485e-02 3.479681162221516910e+00 3.677970207569839722e+00
1.144723618090452283e-01 7.056437016348142688e-01 1.183153892338352671e-02 6.891074029305570559e-01 7.271671918436354298e-01 8.073683468779837558e-01 2.620362943139094986e-02 7.627300230321478747e-01 8.486699378031097307e-01 2.325384890099695845e+00 7.043287458776527343e-02 2.204800946229734659e+00 2.445185770159985506e+00 3.685096976889210563e+00 6.736532925933462479e-02 3.535750127829901945e+00 3.793749127412707534e+00
1.194472361809045258e-01 7.178690219929455552e-01 1.251788557620706413e-02 6.965618640760653513e-01 7.378618458482841813e-01 8.168099237874830720e-01 2.720040998541296828e-02 7.746273056871773033e-01 8.520902926818543222e-01 2.375536973531356288e+00 7.007151819639846624e-02 2.273318518533929744e+00 2.514400152052790549e+00 3.752009214999669773e+00 5.887410166410789181e-02 3.646282717785879424e+00 3.853980433122022209e+00
1.244221105527638233e-01 7.320093696529577088e-01 1.389524340808223624e-02 7.104111241090490525e-01 7.581048581196012659e-01 8.229359391543574764e-01 2.817770066929033840e-02 7.548748204561872566e-01 8.561980729527178813e-01 2.428076405137888916e+00 6.779387616117803217e-02 2.340562382944721520e+00 2.582131132018587572e+00 3.804771688519386519e+00 4.942137302506451751e-02 3.726841492738006245e+00 3.879412117780265845e+00
1.293969849246231207e-01 7.444705302512518719e-01 1.363936934319030791e-02 7.221044520108454989e-01 7.703055947619003030e-01 8.300436339247887485e-01 2.981091326866089006e-02 7.613280489458278399e-01 8.693867320890549255e-01 2.466572557401895072e+00 8.318499976720758471e-02 2.331565884253895327e+00 2.609233036016384233e+00 3.853185922270542907e+00 5.138560504807374724e-02 3.791553568894555859e+00 3.940849879647768894e+00
1.343718592964824043e-01 7.563874392520691936e-01 1.297241930977700158e-02 7.352396423276889026e-01 7.814888164351041500e-01 8.415915714815241921e-01 3.008199859537538309e-02 7.858580337448722863e-01 8.824355480029554277e-01 2.510686833646944116e+00 8.203194047571549241e-02 2.396000225961086638e+00 2.644582658577555367e+00 3.902511262705077311e+00 5.350387271928112171e-02 3.814694506380016392e+00 3.985181629029068695e+00
1.393467336683417157e-01 7.693464991126731656e-01 1.408904561680272838e-02 7.489724118622800297e-01 7.922611343540207907e-01 8.529929066465170573e-01 3.022209897386172323e-02 8.062264371232151783e-01 9.117590406032490824e-01 2.548273078312759399e+00 7.203230663722705318e-02 2.459367974264382362e+00 2.629987171370252952e+00 3.945982137586390159e+00 5.642597399896961963e-02 3.839941813972433948e+00 4.029875475345220615e+00
1.443216080402010271e-01 7.808695119442076171e-01 1.457656003701296790e-02 7.637955212575252562e-01 8.038515817884097636e-01 8.568254887197264136e-01 2.823975241128627231e-02 8.101011688554644596e-01 8.929696543517937624e-01 2.587910908944505373e+00 6.178948604375516379e-02 2.497824370039482655e+00 2.663852944865905847e+00 3.982710074094596653e+00 5.213893660576946615e-02 3.891150204637093157e+00 4.074801457872648136e+00
1.492964824120603107e-01 7.926328698990122712e-01 1.336336264803100575e-02 7.745113587518633880e-01 8.146796925584061100e-01 8.647356411996224290e-01 2.894010162900254035e-02 8.117946148416529395e-01 9.111452495708693977e-01 2.611595795818456800e+00 5.380623481878146069e-02 2.535720621677491682e+00 2.686431004839815007e+00 4.016436704328607554e+00 4.684794709365329435e-02 3.930112890769210665e+00 4.079710906365703771e+00
1.542713567839196220e-01 8.034313214816195536e-01 1.225455367443662423e-02 7.831908700023839653e-01 8.208765980837778864e-01 8.658565204240034063e-01 3.847121641610142667e-02 7.996406827622222213e-01 9.195525823256882614e-01 2.649407666282769469e+00 6.077844198158222772e-02 2.550839048212278026e+00 2.747126829372207091e+00 4.040621530779634263e+00 6.198656583078284571e-02 3.929408628471637854e+00 4.113370476368957362e+00
1.592462311557789056e-01 8.143454711412644320e-01 1.236435575779128160e-02 7.922853495724222483e-01 8.318462939494414288e-01 8.772941951209343170e-01 3.545816229494972577e-02 8.195073556093626088e-01 9.315135682282239538e-01 2.689321295966813796e+00 5.627045365431222745e-02 2.609955868510878130e+00 2.779806868417997734e+00 4.080295912971281247e+00 6.579053728521430666e-02 3.968622089124637320e+00 4.172341459951086406e+00
1.642211055276382170e-01 8.224817061190204948e-01 1.155318812489896686e-02 8.056031944296924152e-01 8.428055689076863199e-01 8.828225328809651273e-01 3.829213268678097887e-02 8.166446358372910774e-01 9.508606495712228490e-01 2.724001684963315739e+00 5.146016938854876960e-02 2.646347731918114121e+00 2.788172608507634820e+00 4.101099890380125679e+00 5.684164447049725594e-02 4.027398717317923982e+00 4.182740606005161510e+00
1.691959798994975006e-01 8.326565806789962831e-01 1.234200237438164496e-02 8.152627279385673553e-01 8.534944493166901625e-01 8.851978266749357394e-01 3.391570536282793175e-02 8.283022258513633718e-01 9.453347732956726146e-01 2.746559644826548574e+00 5.360708178552626990e-02 2.661269038944813925e+00 2.820705523665535175e+00 4.130515794551729236e+00 5.509710929681905373e-02 4.055873922517781338e+00 4.206876210620427159e+00
1.741708542713567842e-01 8.413747204473182029e-01 1.067671280452068758e-02 8.248995430350877234e-01 8.575399728456840620e-01 8.860695382336298831e-01 3.790432245696282593e-02 8.276768196121212506e-01 9.559764542160661405e-01 2.786925044396908024e+00 4.979394073670065368e-02 2.717708938469108215e+00 2.852138022955142294e+00 4.157350841338748104e+00 5.281758966930832910e-02 4.078694145378677582e+00 4.232177664876843437e+00
1.791457286432160956e-01 8.485083698795099494e-01 7.813469352732882803e-03 8.363995557736915165e-01 8.577414770970159807e-01 8.885107678050395696e-01 3.429357077612660981e-02 8.362228409716069288e-01 9.606134685380189886e-01 2.806333722564088529e+00 4.801188501237994150e-02 2.732484292435708895e+00 2.884460160113455629e+00 4.183536322374197702e+00 5.088520587311419485e-02 4.110318005273048136e+00 4.276262149746695940e+00
1.841206030150753792e-01 8.575369643352873661e-01 7.170628445042403175e-03 8.452948721151073430e-01 8.665988099016410651e-01 8.912530141823609142e-01 2.517336049999262595e-02 8.419791210309504059e-01 9.177779114939610405e-01 2.826463573803601026e+00 4.275201689574100600e-02 2.747933484073850519e+00 2.893739888054203568e+00 4.208187359912127334e+00 5.350544966651406970e-02 4.133270683432378689e+00 4.285557870423058802e+00
1.890954773869346905e-01 8.660739959585914693e-01 7.085074773102753923e-03 8.536008979842327760e-01 8.748116505101651841e-01 8.958756994419181385e-01 2.194743333234278407e-02 8.590039868729408834e-01 9.182511585046430058e-01 2.849386749544391417e+00 4.747216757303718282e-02 2.744001069626863298e+00 2.925985629265286381e+00 4.235454915798936959e+00 3.928831265064672978e-02 4.165834480919286875e+00 4.294048981519195785e+00
1.940703517587939742e-01 8.755379271779718531e-01 7.938559391326075257e-03 8.624592930064103324e-01 8.846737216344779942e-01 8.913517889574009700e-01 1.667830744239741023e-02 8.625804631510125553e-01 9.137329935303325490e-01 2.880571510190945705e+00 5.264419824037348816e-02 2.780469778039700746e+00 2.979823558494465008e+00 4.244851098928858590e+00 2.441544833351128388e-02 4.202012045647154359e+00 4.286356470715566580e+00
1.990452261306532855e-01 8.846637390482591234e-01 9.135323846698755260e-03 8.717935738644821964e-01 8.990736972151152084e-01 8.915921878344006402e-01 1.865802550872347823e-02 8.587864325105860619e-01 9.207651042468086855e-01 2.917232040181822139e+00 4.227775872947644314e-02 2.832875213318285734e+00 2.989587330480382832e+00 4.258101998610568373e+00 3.529350513242862641e-02 4.198820725725059155e+00 4.316850647264839580e+00
2.040201005025125691e-01 8.940038312781730667e-01 8.986991837805565972e-03 8.810488761511927613e-01 9.069073276268511119e-01 8.961173883309699884e-01 2.075836634062007413e-02 8.603135298741618753e-01 9.269422149651965759e-01 2.942898944606779477e+00 4.739708019077458478e-02 2.859817095747537063e+00 3.031729216929037740e+00 4.280518494846240252e+00 4.429720158196476243e-02 4.201508276064808811e+00 4.373499193284652087e+00
2.089949748743718805e-01 9.020095621117700802e-01 9.640866564010979953e-03 8.867122271196283823e-01 9.167092190061042478e-01 8.985860987427534141e-01 2.083571448059649486e-02 8.612452244152881686e-01 9.311633963165512062e-01 2.967573030500156861e+00 4.920331117515359953e-02 2.882728377310977752e+00 3.052043055671848748e+00 4.299125531039622139e+00 5.696047450544227536e-02 4.228640933078505526e+00 4.412305587209384150e+00
2.139698492462311641e-01 9.099841105406003550e-01 9.476434834054811920e-03 8.958786261073860002e-01 9.249643382742057662e-01 9.001284715177808593e-01 2.417621610107422228e-02 8.605822707629274815e-01 9.313402526064636922e-01 2.991672404627682358e+00 5.417136976870130793e-02 2.916019382138647309e+00 3.100862380965234255e+00 4.321866065164460480e+00 4.854621967610945471e-02 4.261027604751474129e+00 4.410407267611652138e+00
2.189447236180904754e-01 9.166092354621534488e-01 8.720047708062788824e-03 9.016029675207997141e-01 9.298115368544033199e-01 9.000380841311702573e-01 1.898955284104178465e-02 8.712367424608450373e-01 9.385802917223229347e-01 3.016766505533411635e+00 5.940347625769927531e-02 2.915797669214757359e+00 3.133439377942414339e+00 4.332699672775725652e+00 5.096299855378409738e-02 4.262689747776131632e+00 4.433280938001786353e+00
2.239195979899497591e-01 9.251288808811948261e-01 8.277023476632960203e-03 9.096513080776386095e-01 9.391443728271976488e-01 9.011034268087927401e-01 2.083219094694128276e-02 8.693351320136011307e-01 9.464499862062518698e-01 3.033608900121035568e+00 5.056703861116793042e-02 2.948737539526852469e+00 3.105366621417861683e+00 4.332223940528393769e+00 5.699739934852792594e-02 4.257461000524337180e+00 4.449615980054694830e+00
2.288944723618090704e-01 9.332944013558206464e-01 8.446937731002522251e-03 9.206910553755689453e-01 9.494529701875226158e-01 9.025433641595232981e-01 1.953307379899531585e-02 8.701135501964004648e-01 9.436588947580902831e-01 3.031201795812755506e+00 5.110333117723443036e-02 2.907838356480237252e+00 3.099514169247918005e+00 4.342294096304406992e+00 5.759057961349880322e-02 4.273919866037283910e+00 4.466845934449541033e+00
2.338693467336683540e-01 9.385755131245353544e-01 9.597685990667702283e-03 9.227487601056286737e-01 9.561239329845607759e-01 9.041766153952952578e-01 1.653073012024546679e-02 8.770467715944161302e-01 9.315726840298278466e-01 3.060947764263164395e+00 5.008819877808435433e-02 2.932130089771977310e+00 3.130322080689761144e+00 4.359542896153679514e+00 6.454466387886774459e-02 4.254096101268744157e+00 4.499210073013799160e+00
2.388442211055276654e-01 9.439921255992551608e-01 1.024769136331906208e-02 9.277182509702734947e-01 9.634442212438345532e-01 9.032626484013792645e-01 1.541216765366350099e-02 8.696337345575836375e-01 9.284333982085093417e-01 3.085983409343616035e+00 5.450346250492443118e-02 2.955930761633879467e+00 3.160837393635197667e+00 4.375685745281897354e+00 6.645887315712492582e-02 4.296919426848623047e+00 4.538633004718123587e+00
2.438190954773869490e-01 9.506704687232898632e-01 9.849681629579776221e-03 9.331541818922867160e-01 9.707623892171935998e-01 9.071637066285074269e-01 1.279090323689232971e-02 8.807729777031043650e-01 9.302789372284268055e-01 3.108237284920750909e+00 5.610003261605073233e-02 3.002561493976021012e+00 3.208427813679763485e+00 4.395358472165969310e+00 7.238940230437627965e-02 4.279996255757854584e+00 4.570177865195521605e+00
2.487939698492462326e-01 9.584384741773668281e-01 8.851650797661496720e-03 9.413521184952297061e-01 9.759306144347474898e-01 9.133400449785931130e-01 1.448653193768113454e-02 8.897459702378227586e-01 9.415731765887604965e-01 3.132278370628798658e+00 6.241760365719948439e-02 3.006439682605251296e+00 3.255586483028211298e+00 4.402550611379658640e+00 7.757476360793678916e-02 4.295674658253594735e+00 4.582605064494740255e+00
2.537688442211055162e-01 9.651617933018009632e-01 8.363718844665423563e-03 9.487100769793376243e-01 9.816639784471700159e-01 9.133829651018275930e-01 1.379489203688543351e-02 8.969590599879866399e-01 9.414901451529604781e-01 3.159783616562206188e+00 6.228085803143441207e-02 3.052078161248872767e+00 3.284846734315206351e+00 4.406340167620138359e+00 7.364756673366408546e-02 4.311003574505217095e+00 4.589403281593100736e+00
2.587437185929647998e-01 9.721108716382593773e-01 9.252425123428898932e-03 9.539928101066034172e-01 9.889442716774216047e-01 9.144172810006512275e-01 1.468500734329992834e-02 8.828220347128505896e-01 9.343461957278325070e-01 3.187648242003715104e+00 5.510725575205799309e-02 3.097355754393317007e+00 3.296868204423488269e+00 4.421344273812903403e+00 7.884712035334381919e-02 4.312436346268401444e+00 4.616687421695378823e+00
2.637185929648241389e-01 9.780781157494740086e-01 7.874647224093958911e-03 9.616625525473567748e-01 9.928203787664576785e-01 9.144920590330581911e-01 1.714551297449906295e-02 8.814327814055724630e-01 9.451756339028836162e-01 3.198676015654839944e+00 4.758922760241166700e-02 3.114544665381036914e+00 3.276951827198687273e+00 4.414911031436871802e+00 7.019818421793078134e-02 4.286802770499284598e+00 4.562999109247491525e+00
2.686934673366834225e-01 9.851848955196841340e-01 8.887898331470446556e-03 9.660570305587005135e-01 1.002028226907082598e+00 9.100293014567354399e-01 2.008106945144026365e-02 8.790378841222734607e-01 9.398191640750999110e-01 3.210559778610773130e+00 4.871836580079621365e-02 3.134774611728721627e+00 3.290566997086838086e+00 4.409613020784307835e+00 7.658289295645723249e-02 4.273531859501093599e+00 4.562459242136826632e+00
2.736683417085427061e-01 9.927301227215101775e-01 7.141744604228418385e-03 9.778234225758110076e-01 1.006195395168959505e+00 9.105724538758348530e-01 2.034619421266267367e-02 8.782453572528611252e-01 9.412967456129420762e-01 3.228629655315043756e+00 4.859303843011953533e-02 3.162407716318499151e+00 3.304766131004694518e+00 4.410879484885168011e+00 7.066276320849589065e-02 4.294401073817542880e+00 4.547008422840413289e+00
2.786432160804020453e-01 1.000663898517423211e+00 8.254250529715801907e-03 9.848189787812002827e-01 1.014651298920213884e+00 9.103895395342564978e-01 2.306115562509180456e-02 8.632733434227460867e-01 9.474514920507686178e-01 3.251887500073491033e+00 4.471138485548450253e-02 3.192698403563935194e+00 3.333541778899222319e+00 4.404667215111571998e+00 6.488067354780328866e-02 4.285872628941780782e+00 4.509737962151278090e+00
2.836180904522613289e-01 1.007418877889467046e+00 8.367154582580286007e-03 9.891377794258454648e-01 1.021780069081012154e+00 9.110402174235263661e-01 2.466036275049062615e-02 8.690179169114390367e-01 9.564330378392507104e-01 3.264174541405180374e+00 5.220181722642009553e-02 3.196807817943529972e+00 3.362367982513338127e+00 4.401169116508969914e+00 5.711568455570712605e-02 4.295779953609125457e+00 4.482582048854287571e+00
2.885929648241206125e-01 1.013577021766910002e+00 9.326956402024064174e-03 9.921513408925309863e-01 1.027233332537582422e+00 9.117933520185730334e-01 2.761817650188566967e-02 8.610335338554389040e-01 9.628683796800094896e-01 3.279985504474764557e+00 4.108584805582167487e-02 3.214092409010557816e+00 3.347553837113545150e+00 4.393521938311435449e+00 4.959268761737270492e-02 4.302144290566130458e+00 4.459348967207160008e+00
2.935678391959798961e-01 1.019965191841653462e+00 1.032979546045066123e-02 9.964788963713002712e-01 1.033943618905174722e+00 9.124777188850190512e-01 3.253766336815568788e-02 8.579990222517130949e-01 9.740134615252120653e-01 3.288294725765422477e+00 5.003303607130757391e-02 3.183183654437729881e+00 3.376280277329477553e+00 4.400526911553559017e+00 4.660417325466013200e-02 4.303287405256798870e+00 4.463083261353216535e+00
2.985427135678392352e-01 1.027161339745238822e+00 1.064403702659334414e-02 1.004587361164177572e+00 1.044621152708198331e+00 9.152338932538125471e-01 3.283087485876298034e-02 8.572830423788027066e-01 9.779133484973900892e-01 3.304795683681883478e+00 4.923474193775095875e-02 3.224804332226189896e+00 3.390900775765153252e+00 4.397202728752815482e+00 3.939375400184057935e-02 4.314990261794479309e+00 4.451938193452343207e+00
3.035175879396985188e-01 1.033736306548032502e+00 1.186964227013330778e-02 1.009790427745771879e+00 1.053115430827478383e+00 9.165824581391752712e-01 3.250430878904102261e-02 8.602640029089363427e-01 9.815957162337198838e-01 3.306640160435763587e+00 4.945880087973494182e-02 3.231420046141093572e+00 3.392246420534978935e+00 4.386660797352258001e+00 4.780213126420961023e-02 4.293875814551610937e+00 4.440085247745083841e+00
3.084924623115578024e-01 1.038477452734759332e+00 1.183269436101730236e-02 1.017442853895486943e+00 1.061296022855770405e+00 9.173582255008714270e-01 3.182095447216327228e-02 8.682177357211900981e-01 9.839708324355855851e-01 3.314435697728895125e+00 4.985940461225765730e-02 3.248951019140941199e+00 3.391021469164763324e+00 4.373910997717982418e+00 4.791479289019163340e-02 4.289523363290479452e+00 4.437796582449856864e+00
3.134673366834170860e-01 1.044267886369419696e+00 1.001531851423592689e-02 1.026351982706976473e+00 1.065980158845151626e+00 9.173432850967946361e-01 3.124938390632009746e-02 8.693761983783760972e-01 9.818852240583905155e-01 3.331520706944915755e+00 4.571069700984589645e-02 3.260766156318666287e+00 3.409901983867841047e+00 4.370282811010032908e+00 4.841079008793951199e-02 4.293461715411606150e+00 4.449538150802190728e+00
3.184422110552764251e-01 1.051222564432175544e+00 9.584829247637868116e-03 1.035275473030858429e+00 1.072247007617503023e+00 9.146572776064496590e-01 2.874041015748141081e-02 8.713056939364742792e-01 9.733027960272752077e-01 3.348013408976710625e+00 4.370535600147394673e-02 3.273867860478079983e+00 3.415058311030397586e+00 4.364065600398413736e+00 4.582775603563075256e-02 4.285617915082144513e+00 4.431282159909477159e+00
3.234170854271357087e-01 1.057455320314118152e+00 8.845021277002745180e-03 1.043824110919001402e+00 1.076760000458746980e+00 9.136155054086977367e-01 2.727167014173346310e-02 8.656447896625845129e-01 9.598417379035988350e-01 3.351484762450809285e+00 4.970270756594231953e-02 3.257460123965906007e+00 3.416882466103510652e+00 4.354222697267115194e+00 4.027408954181843637e-02 4.297139475208171966e+00 4.413366610747304186e+00
3.283919597989949923e-01 1.063812578375950446e+00 8.783154705899657785e-03 1.050897148686711358e+00 1.085399919441742966e+00 9.111438081114728860e-01 2.695273743471118116e-02 8.625781154900136194e-01 9.555979489121979586e-01 3.352783590162408789e+00 5.474746972679370854e-02 3.268378808483046516e+00 3.421256817251083771e+00 4.337505073091327823e+00 3.845808077379336831e-02 4.279013093616999441e+00 4.392744161026263860e+00
3.333668341708542759e-01 1.070333466059150140e+00 9.015869204951308669e-03 1.058212450625604761e+00 1.092469156595861968e+00 9.056916866996159721e-01 2.746874554534855378e-02 8.493195400667300499e-01 9.530068825491161411e-01 3.367458987051649366e+00 5.220896593323374330e-02 3.297035226876233072e+00 3.443869857519927802e+00 4.331958384564662978e+00 4.453367983937340374e-02 4.261927026548655739e+00 4.390039967348997152e+00
3.383417085427135595e-01 1.074287104356909328e+00 8.619525963210222796e-03 1.059431385506395484e+00 1.095273732984955339e+00 9.023643298666497170e-01 3.017415530391278494e-02 8.467337782390578216e-01 9.627116619938301811e-01 3.368862548688224656e+00 5.717634181471377419e-02 3.295512666571167593e+00 3.442704120081178765e+00 4.320261162404539945e+00 4.024683304396903943e-02 4.251574592181973422e+00 4.378087804882495604e+00
3.433165829145728987e-01 1.080022685233518409e+00 8.220243952773169729e-03 1.064052341300852689e+00 1.099156459864786939e+00 8.965017544420345041e-01 2.559122276669672721e-02 8.464518351871572754e-01 9.501786798498117470e-01 3.380871556550442136e+00 5.238289787798817987e-02 3.320870781845649322e+00 3.458846797845788856e+00 4.303074351802670172e+00 4.231222287248759262e-02 4.246538379693791221e+00 4.379104112157797601e+00
3.482914572864321823e-01 1.085181686832143555e+00 8.713579532533165944e-03 1.069590796704793956e+00 1.105670315628594969e+00 8.935821028480315231e-01 2.180556387652925893e-02 8.510154698038291388e-01 9.404560867019894355e-01 3.386797594588912830e+00 5.489321909491270274e-02 3.313476399811396522e+00 3.468720214193800722e+00 4.293051258102248191e+00 5.219068684825095561e-02 4.224637815109596239e+00 4.365504015964948081e+00
3.532663316582914659e-01 1.091999415445112476e+00 9.000663907121599083e-03 1.077885281784137783e+00 1.112778309343195993e+00 8.899414761057347079e-01 2.195908952681094317e-02 8.468047415456451121e-01 9.367274607819138232e-01 3.389886736026016756e+00 4.704761599215087631e-02 3.322807811941300926e+00 3.460577154635845698e+00 4.281915623004557858e+00 4.382133750251784171e-02 4.212211365046973022e+00 4.335431467850713538e+00
3.582412060301507495e-01 1.097441236837402911e+00 9.308261539028210921e-03 1.085734217570561544e+00 1.119303661174410047e+00 8.895541389984989999e-01 2.247490635533076764e-02 8.439944586196443943e-01 9.369175929544658610e-01 3.404636411524684547e+00 4.542394921572974475e-02 3.335759828479455180e+00 3.467286877184730720e+00 4.269346926742603188e+00 4.865814466716043146e-02 4.180132545451781922e+00 4.346343067901887736e+00
3.632160804020100886e-01 1.103245448893467096e+00 9.574337176077116901e-03 1.092126478756353603e+00 1.124889701272717923e+00 8.868432877514014212e-01 1.994555368794537209e-02 8.401341200618371863e-01 9.219548283362705154e-01 3.404667301134501223e+00 4.623744907034535445e-02 3.333198851154756337e+00 3.466509281345237614e+00 4.261608165911627388e+00 5.888826229020818759e-02 4.168578411773768977e+00 4.357322563845452024e+00
3.681909547738693722e-01 1.108586190085432799e+00 9.622136757410594196e-03 1.097390716504482278e+00 1.130810495717156527e+00 8.828086000969607161e-01 2.204193146237200945e-02 8.334221909288133112e-01 9.144503474333012250e-01 3.412018248486187844e+00 4.810000436019119113e-02 3.326032626021996563e+00 3.481664101750191254e+00 4.243982700375889650e+00 5.889791089764184057e-02 4.155873093808909680e+00 4.344014258421756480e+00
3.731658291457286558e-01 1.114123032394330526e+00 9.059233760790498177e-03 1.102197976575050697e+00 1.130893923401829371e+00 8.788821790599499195e-01 2.307702699264351301e-02 8.302510384173439340e-01 9.102227516874533686e-01 3.414672821573740968e+00 4.630650757770258391e-02 3.328181704580265965e+00 3.479712664288625579e+00 4.225117958998739098e+00 5.257962974350146451e-02 4.141803468637981211e+00 4.311748062970549356e+00
3.781407035175879394e-01 1.119725227662381917e+00 1.009623811917858237e-02 1.107080651305790919e+00 1.137844569508347892e+00 8.735514916220850079e-01 2.307831261357761593e-02 8.291960250191258153e-01 9.098365525128021547e-01 3.419154205177397099e+00 4.186025304648455236e-02 3.353359194479131666e+00 3.478467032609605880e+00 4.211685887851221111e+00 5.330610754629343945e-02 4.118720143998627847e+00 4.279614023106361742e+00
3.831155778894472785e-01 1.124682676039328477e+00 1.011871521142455009e-02 1.109413959388913407e+00 1.143010163694434755e+00 8.707653549922456104e-01 2.188164640619009657e-02 8.332880622662159897e-01 9.031950903719295765e-01 3.418785779727548491e+00 3.637707242632771260e-02 3.366126650454014158e+00 3.477872600816996229e+00 4.195793009723965739e+00 5.273856329897320949e-02 4.092141348235611709e+00 4.256536029329129889e+00
3.880904522613065621e-01 1.130488214369734123e+00 9.525458508323076876e-03 1.116820744199603643e+00 1.148022459680213547e+00 8.675194116741058448e-01 2.322048272623720641e-02 8.307984976373842256e-01 9.091264505585053834e-01 3.428759221786264355e+00 3.872678063568305712e-02 3.364743736102461025e+00 3.492220935302110085e+00 4.177268084754586219e+00 5.134885844958216733e-02 4.090542513174417749e+00 4.249634692604625563e+00
3.930653266331658457e-01 1.134800257353099306e+00 9.657622646120536669e-03 1.118717536813266467e+00 1.153990469427725429e+00 8.651154665482800876e-01 2.170939673119117591e-02 8.341544875361818212e-01 9.036584869387441765e-01 3.436137464347127413e+00 3.046594195403967698e-02 3.387724182899665593e+00 3.483906979936211457e+00 4.162064442203569747e+00 4.704759053160949972e-02 4.093251963018851747e+00 4.239443905254603351e+00
3.980402010050251294e-01 1.140445783288055237e+00 1.067450464578158231e-02 1.121611891404017847e+00 1.159454299308181335e+00 8.611202158718798128e-01 2.367828336965963065e-02 8.284269908429500173e-01 9.054891031153162739e-01 3.438725679532500301e+00 2.676237818280947922e-02 3.414390933104246351e+00 3.489812426985678062e+00 4.149455315313762327e+00 4.802709895233871901e-02 4.076189987565387973e+00 4.235923581623143974e+00
4.030150753768844685e-01 1.143567642190298050e+00 9.512902302144906480e-03 1.126283803312161602e+00 1.159237247186700959e+00 8.584496900463365332e-01 2.211104744211860734e-02 8.248011737838404356e-01 8.964342839815406805e-01 3.429795885697862978e+00 2.889307786677397169e-02 3.379361952489301935e+00 3.464835119560201626e+00 4.136713291283449223e+00 4.490707151528059576e-02 4.066883135762261681e+00 4.211150933794730378e+00
4.079899497487437521e-01 1.148807028989441203e+00 9.287952796230144678e-03 1.132678593543208878e+00 1.166794910848505396e+00 8.547271673208651777e-01 2.346322733415974471e-02 8.210999578718827241e-01 8.955356238091506382e-01 3.433324216904724668e+00 3.786173505328287864e-02 3.368993162218438808e+00 3.475118884219756676e+00 4.116249518475295410e+00 3.921143717842733717e-02 4.050564175710091419e+00 4.202230474122626624e+00
4.129648241206030357e-01 1.154342340177153536e+00 9.228494031360636590e-03 1.139766833757595021e+00 1.174465394005940855e+00 8.506200518677955458e-01 2.440037874607497992e-02 8.121476006532960534e-01 8.886106326115830178e-01 3.435115525791712088e+00 3.877500959649424206e-02 3.366718220769076897e+00 3.509212581931822950e+00 4.103469464703190184e+00 3.016530407820886342e-02 4.055404763781042199e+00 4.165102204149026655e+00
4.179396984924623193e-01 1.159430087259870401e+00 9.137319512651644743e-03 1.145001961539007684e+00 1.179783035657835377e+00 8.457796377433040025e-01 2.715274778063969663e-02 8.041249134121938313e-01 8.860996986444945600e-01 3.438776809638811383e+00 4.472334493376643044e-02 3.358180042187088432e+00 3.523119401696234831e+00 4.085684564793326423e+00 2.975488822428581231e-02 4.043548359743997622e+00 4.131025253105876871e+00
4.229145728643216029e-01 1.163875307313221530e+00 8.913155267313068245e-03 1.149258847014566376e+00 1.182163824178650957e+00 8.433809083527347150e-01 2.785449510391938346e-02 8.016564719178347342e-01 8.870633181005815882e-01 3.443281330597965706e+00 5.121134424027254384e-02 3.350560353323086549e+00 3.532993834103894226e+00 4.068414356186918823e+00 3.003102881662321130e-02 4.030919488887893642e+00 4.126536050385679388e+00
4.278894472361809420e-01 1.169031905990464137e+00 8.892625600226725449e-03 1.153426033269719264e+00 1.185457835050899522e+00 8.370946996458641376e-01 2.689027538416519439e-02 7.921594110825468382e-01 8.775569026795189131e-01 3.445809425496272560e+00 5.303689515625737566e-02 3.383066557805711749e+00 3.547556888876961967e+00 4.051488483702359034e+00 3.599528244394761822e-02 4.004122934626878738e+00 4.112402436928487504e+00
4.328643216080402256e-01 1.173577079303523840e+00 7.346959615186278783e-03 1.160247335982806272e+00 1.184832493841905254e+00 8.289183484931752499e-01 2.939485667815020659e-02 7.712121180461993797e-01 8.688287587221531494e-01 3.453046850516702904e+00 4.838379508596044737e-02 3.402135920501607291e+00 3.542813676171986170e+00 4.025154382980344003e+00 3.825752910203750884e-02 3.978479774242674960e+00 4.094471784284372973e+00
4.378391959798995092e-01 1.178215312072900867e+00 7.142660445291044817e-03 1.166065213799104328e+00 1.189192730683956922e+00 8.262971491059705187e-01 2.983283328928629241e-02 7.705883337362100516e-01 8.666404470567492524e-01 3.450900858993777742e+00 5.188210305975603231e-02 3.388667879199446897e+00 3.560807947343205715e+00 4.005545050307934396e+00 4.063056248700205875e-02 3.942731556833587003e+00 4.064395657732698730e+00
4.428140703517587928e-01 1.182977050193533497e+00 6.275125477085551073e-03 1.173073270645212274e+00 1.191098835586007487e+00 8.240900694122125225e-01 3.085173029581482484e-02 7.673116273205671245e-01 8.658085571213118836e-01 3.452130901178139144e+00 4.948922316166767116e-02 3.380643097170177747e+00 3.534238787384151426e+00 3.985879171621497186e+00 4.153656297154623839e-02 3.921296685029904250e+00 4.044125818851397547e+00
4.477889447236181319e-01 1.187494888518277891e+00 6.696045461816901856e-03 1.176055900403927712e+00 1.198680880404203508e+00 8.226608841381735093e-01 3.100775225431634530e-02 7.666461141527751710e-01 8.663859267541274001e-01 3.446000437415683848e+00 5.257965577189876311e-02 3.383254484469430778e+00 3.550182131126355500e+00 3.969138148848165404e+00 3.695383114041439487e-02 3.911307493617800723e+00 4.029102625956209494e+00
4.527638190954774156e-01 1.192351184342613113e+00 6.325957243499472429e-03 1.181273225335178978e+00 1.204398293356013783e+00 8.192615119283269687e-01 3.117143797165272678e-02 7.644643599534366452e-01 8.644038122641335420e-01 3.437938356287373320e+00 5.600612094898418936e-02 3.360739838260112133e+00 3.530246640939036507e+00 3.957821577258813672e+00 3.444830989635193352e-02 3.897470182568567143e+00 4.013986151390858126e+00
4.577386934673366992e-01 1.195559582404468468e+00 6.571768713256332002e-03 1.184830529477933991e+00 1.207157228904856439e+00 8.153938600549434090e-01 3.062045196269313346e-02 7.631499661120827449e-01 8.677952830508081083e-01 3.432212446249386595e+00 5.640580484750141316e-02 3.362634549842842269e+00 3.539166684956583264e+00 3.935479187471496942e+00 3.699167274348931500e-02 3.870105942818673928e+00 3.989266844455399141e+00
4.627135678391959828e-01 1.199610295059165166e+00 7.691660155467135163e-03 1.187956013766867214e+00 1.214406811432137578e+00 8.107827258906190604e-01 3.247771741355235525e-02 7.616259844866075657e-01 8.614364763843369577e-01 3.433864121330648889e+00 5.773730045592864041e-02 3.370460521782359997e+00 3.540214138184617276e+00 3.918129176393709834e+00 3.997072091705803493e-02 3.834828985456318673e+00 3.971015817495345601e+00
4.676884422110553219e-01 1.203953710237994468e+00 6.984632205175149607e-03 1.193793124376753889e+00 1.214970755641366029e+00 8.045907768335054389e-01 3.275675857133418523e-02 7.541208077099568197e-01 8.564535401861542718e-01 3.435938788699395730e+00 5.863742430427847790e-02 3.361854762299550714e+00 3.539115783789502423e+00 3.897779976656522649e+00 4.588028002239578212e-02 3.792453270229078743e+00 3.955779977122160229e+00
4.726633165829146055e-01 1.207792306374839031e+00 6.603986197492079172e-03 1.198173394750021270e+00 1.219298543954084435e+00 7.990870033433536967e-01 3.041867071600344932e-02 7.546545904192412113e-01 8.466135838127633040e-01 3.438729673368167372e+00 6.447638490718361759e-02 3.348731049084927580e+00 3.557347463947283295e+00 3.883532766866006458e+00 5.026613214292429549e-02 3.770146497138649355e+00 3.941318500291837168e+00
4.776381909547738891e-01 1.213303758834562540e+00 6.327623632806642258e-03 1.202819808104009347e+00 1.223902484891614684e+00 7.945224310025920111e-01 2.806279651929527441e-02 7.495025166540197903e-01 8.369274888779089094e-01 3.437578789835872506e+00 6.529935771710643211e-02 3.357360048257634677e+00 3.562929517983307814e+00 3.867495838442755574e+00 5.191691306113405124e-02 3.749386667363963976e+00 3.925949677648613800e+00
4.826130653266331727e-01 1.216723357620362211e+00 6.378707042441784415e-03 1.204400752809811292e+00 1.225459644619240507e+00 7.878786700862703274e-01 2.896310605886740636e-02 7.466418334311769600e-01 8.334821770973379618e-01 3.440314727470211498e+00 6.109414088163399315e-02 3.371229557514781927e+00 3.568688834289680312e+00 3.848384277958968536e+00 5.244516467613886956e-02 3.723511573304198574e+00 3.904914313779697554e+00
4.875879396984924563e-01 1.221045135412152538e+00 5.971888927459279364e-03 1.210596761450668746e+00 1.228709260551996030e+00 7.858827466397967365e-01 2.923091399944711261e-02 7.421547033826692008e-01 8.304719339546906554e-01 3.445048510027485467e+00 6.188678497009501844e-02 3.355976720802185564e+00 3.582315965712834060e+00 3.829150772153533833e+00 5.555244133783369953e-02 3.692822379403859490e+00 3.884006302278268041e+00
4.925628140703517954e-01 1.224372588958672958e+00 5.692962029397623420e-03 1.214209247123992474e+00 1.232967260090275463e+00 7.816642005242968594e-01 2.964179130437041496e-02 7.357037582902461459e-01 8.312972498720117009e-01 3.444262477909833642e+00 6.366674454774520764e-02 3.344113966069448107e+00 3.586674951676812828e+00 3.812934079144299382e+00 5.223182667987266714e-02 3.692518905132207596e+00 3.875203622967908323e+00
4.975376884422110790e-01 1.228299401469411078e+00 5.860904964427262123e-03 1.219266031082562041e+00 1.237884112080314791e+00 7.755148207615202294e-01 2.680732023873201586e-02 7.336160377407390243e-01 8.195294730464511845e-01 3.433641643900260387e+00 6.718018506548373292e-02 3.348678720094366401e+00 3.581072457462841196e+00 3.794172563657669084e+00 5.168067860468687075e-02 3.680920061982490665e+00 3.863225616272944141e+00
5.025125628140703071e-01 1.231378049298998523e+00 5.819224301723039360e-03 1.222805621551645405e+00 1.242500136432577840e+00 7.706672437835534462e-01 2.526236391863232594e-02 7.267929043082337337e-01 8.126726959378226534e-01 3.432044250869474844e+00 7.268008402729550510e-02 3.325536702374568332e+00 3.586344656777779250e+00 3.770990355681610229e+00 4.774230867734478162e-02 3.664897619615430813e+00 3.839981002928756659e+00
5.074874371859295907e-01 1.235078296523553831e+00 6.924048819496072919e-03 1.222184212450936114e+00 1.245872114995083102e+00 7.650186202558393322e-01 2.434320173664113532e-02 7.183323438247466441e-01 7.962264169173817185e-01 3.432327547089198738e+00 7.145057712096990199e-02 3.308473526944396781e+00 3.588448528734329290e+00 3.759318244348055060e+00 4.542495505265446709e-02 3.660852764916168400e+00 3.831158735264882154e+00
5.124623115577889854e-01 1.239142709616026794e+00 6.818086266445103939e-03 1.225759197212759499e+00 1.249604908287120342e+00 7.624098249334940736e-01 2.394153733091573116e-02 7.181076879225095633e-01 7.983083608913419393e-01 3.427262637539259860e+00 7.329566361155380461e-02 3.301216245013809836e+00 3.592330689601924032e+00 3.743969450681852607e+00 4.214616085367914322e-02 3.658553581703936519e+00 3.796320480788063723e+00
5.174371859296482690e-01 1.242010696597421138e+00 7.439086891833562865e-03 1.227051205109585874e+00 1.250154585257546636e+00 7.572712456271594172e-01 2.298045170820615241e-02 7.155262908649616671e-01 7.910264165492257860e-01 3.416576632049097562e+00 7.512877878072307669e-02 3.255992344689970786e+00 3.543121643509928642e+00 3.731957060064073683e+00 4.076918534234329206e-02 3.654150492069758283e+00 3.784786989409500535e+00
5.224120603015075526e-01 1.245682966334908715e+00 7.539389984378910489e-03 1.229901750939547567e+00 1.253514275820837298e+00 7.507953284249172521e-01 2.292453570483687572e-02 7.114582027715681267e-01 7.843016094184880327e-01 3.410709367055292596e+00 8.115419781602052629e-02 3.232529608764007190e+00 3.535480323661143842e+00 3.717581709820439784e+00 3.714042555145702362e-02 3.650031911420432706e+00 3.764364362144474008e+00
5.273869346733668362e-01 1.249147346679204684e+00 6.877909116027315119e-03 1.235328069646397520e+00 1.256959844823948957e+00 7.470432850995567531e-01 2.302294403145666371e-02 7.092561478330529079e-01 7.811917701781925238e-01 3.400682056010997378e+00 7.482313562976224131e-02 3.247550592462491004e+00 3.518595661278091757e+00 3.705821900450669837e+00 3.649877264843195274e-02 3.643459029383927739e+00 3.747617907026285167e+00
5.323618090452261198e-01 1.252585476394332042e+00 6.364935827930041749e-03 1.239909118118180720e+00 1.260551837429706890e+00 7.411559965407210626e-01 2.248826765906051031e-02 7.064512029082977707e-01 7.721015932215954392e-01 3.397944978025336127e+00 7.557347159292021610e-02 3.250054309632457894e+00 3.529740489107617840e+00 3.695777919538818956e+00 3.734951561252794483e-02 3.630663927103856548e+00 3.734761982660165458e+00
5.373366834170854034e-01 1.256633503362826199e+00 6.308725770864566026e-03 1.244044689454222752e+00 1.265087339237987996e+00 7.373412747188385907e-01 2.056970838451106787e-02 7.058413237517592309e-01 7.665427362569005032e-01 3.387631596122741229e+00 7.788006982343999296e-02 3.238023234294951536e+00 3.506819006405084149e+00 3.680899844817649758e+00 3.784363198548007512e-02 3.612297119363116149e+00 3.719689189974662025e+00
5.423115577889447980e-01 1.260125204218895290e+00 5.502992351449255935e-03 1.249277759193067272e+00 1.267644934983967131e+00 7.328109008989855955e-01 1.976920863742134479e-02 6.975923794726683891e-01 7.592040273328007904e-01 3.381884689335400651e+00 7.830079104260839751e-02 3.222539698278251930e+00 3.495032720675980809e+00 3.670573878256922828e+00 4.048656823153660295e-02 3.610253400827914128e+00 3.718669142431584085e+00
5.472864321608040816e-01 1.263711696636435233e+00 5.716486427481831840e-03 1.253343758643068240e+00 1.270747340466892084e+00 7.289485668757564873e-01 2.201587965004446479e-02 6.897439725739548111e-01 7.532924417443584986e-01 3.373856624723534647e+00 7.434590890055431389e-02 3.224723487644364006e+00 3.473921744621423002e+00 3.657818863574767043e+00 4.185704920619143232e-02 3.591477283537297449e+00 3.709198625627015300e+00
5.522613065326633652e-01 1.268034057521000069e+00 5.749938486100215213e-03 1.256789077087601791e+00 1.274787143378566689e+00 7.234861652113639963e-01 2.280206533094129157e-02 6.798073351589097868e-01 7.489784368118652669e-01 3.368056237373274087e+00 6.524403664271184733e-02 3.222574500724029178e+00 3.448890290994266472e+00 3.643605857403046766e+00 4.292531015195728133e-02 3.582730117849353135e+00 3.704166244347547376e+00
5.572361809045226488e-01 1.270569822696374418e+00 6.053448090998229253e-03 1.259826242552411379e+00 1.278549711522436239e+00 7.184160679625608559e-01 2.302572838735733943e-02 6.721706439747605621e-01 7.467726604999961326e-01 3.350978478689004447e+00 5.781854396649144939e-02 3.224466881171195176e+00 3.420114240349771073e+00 3.629787050538432425e+00 3.810816474829917255e-02 3.575040050948339765e+00 3.679611698000230025e+00
5.622110552763819324e-01 1.273271754213009865e+00 6.352172291974207512e-03 1.259240230610142675e+00 1.281467645841529501e+00 7.135197344178055845e-01 2.285764991265157309e-02 6.664030127170567086e-01 7.369508216421530866e-01 3.337651264470353762e+00 5.734811356853247721e-02 3.203116750168736537e+00 3.388174156087810474e+00 3.619505575170845812e+00 3.799307494404658564e-02 3.564064465569785067e+00 3.673939336712048309e+00
5.671859296482412161e-01 1.276934323236497137e+00 5.926335017899716888e-03 1.264291713470440115e+00 1.284855201966448979e+00 7.082477703372981326e-01 2.246288015187315051e-02 6.613028295516126809e-01 7.318208952919199595e-01 3.332649251428960291e+00 4.979214713195654479e-02 3.219940591251713613e+00 3.387932853225555263e+00 3.610449762545786534e+00 3.512539234900037555e-02 3.550913547640128343e+00 3.658763125093123403e+00
5.721608040201004997e-01 1.279494814722693663e+00 5.377394069597246119e-03 1.267519584693473700e+00 1.287183736520920441e+00 7.028593714711620644e-01 2.349760949275878780e-02 6.506465546007181855e-01 7.271054236907155133e-01 3.325132079466987189e+00 4.856471494210887196e-02 3.211911168709559394e+00 3.380380744554629668e+00 3.598389514151710156e+00 3.448348632118487800e-02 3.540095489574468957e+00 3.640522388371951745e+00
5.771356783919597833e-01 1.283011651238256778e+00 5.879211095597693462e-03 1.269299845514608727e+00 1.288537623073440663e+00 6.973213711273650306e-01 2.481364374004081663e-02 6.447031217257210844e-01 7.213539600094507342e-01 3.315390780850721253e+00 5.231559284662400805e-02 3.205510464966587314e+00 3.374367251378729726e+00 3.585721928764159738e+00 3.204329800583631538e-02 3.536315737338591170e+00 3.623143217433697938e+00
5.821105527638190669e-01 1.285695096793194381e+00 5.936122045807570684e-03 1.272576415697318719e+00 1.292243084783552654e+00 6.931382413551027133e-01 2.369367205620696165e-02 6.409236340936789178e-01 7.188595652721191387e-01 3.298112374580520090e+00 6.214409970098010161e-02 3.180241753868626731e+00 3.365409638471311471e+00 3.575008271077488420e+00 3.309805971310093159e-02 3.528377417374779945e+00 3.620004798911237831e+00
5.870854271356784615e-01 1.289872174373460911e+00 4.665748992045501246e-03 1.279164226147140759e+00 1.294916464870574657e+00 6.885267030887634032e-01 2.426277349597870739e-02 6.395345429314011065e-01 7.161634450953127118e-01 3.291203178041703925e+00 6.118901308842674552e-02 3.172011921944757340e+00 3.350127641332965034e+00 3.564336269801307910e+00 3.158251390868541814e-02 3.518746700685924100e+00 3.605514917367012018e+00
5.920603015075377451e-01 1.293924749339795621e+00 4.432676274270784880e-03 1.282508683096537538e+00 1.298843730574201993e+00 6.823637555388988307e-01 2.253655392889626283e-02 6.393478790066766670e-01 7.074565823834784162e-01 3.274451306155245156e+00 6.182520259985037347e-02 3.171847401478373740e+00 3.347756825324238239e+00 3.552252354743052898e+00 2.897640762749343138e-02 3.505406361045879216e+00 3.589012456688752017e+00
5.970351758793970287e-01 1.296858886399208544e+00 5.001549279549083633e-03 1.284546598737776213e+00 1.302780605073741826e+00 6.787881326631227674e-01 2.069684084188916362e-02 6.398056989082387958e-01 7.064575536400681255e-01 3.266515843153197984e+00 6.153299270367814516e-02 3.164627506765461451e+00 3.341647882874727582e+00 3.543507389881521252e+00 2.911308963537730804e-02 3.493097264074705333e+00 3.578102447426515287e+00
6.020100502512563123e-01 1.299976091742625517e+00 4.549223038725596323e-03 1.289324671872446704e+00 1.305454195913470006e+00 6.737474595683136114e-01 1.889291199043028474e-02 6.390811142196061168e-01 7.028702343364362504e-01 3.254023356080838258e+00 6.358148749622216656e-02 3.139672428915010638e+00 3.343508787533714610e+00 3.534603115897263503e+00 2.900876842067618214e-02 3.488710471627094023e+00 3.570754570641735182e+00
6.069849246231155959e-01 1.302676991938592987e+00 4.658387628746063838e-03 1.292539940868673520e+00 1.309717849845189797e+00 6.697772090845385273e-01 1.738113903231820745e-02 6.411401887497386598e-01 6.977824843049905690e-01 3.241079599064517147e+00 6.378052547432604136e-02 3.140242568632043429e+00 3.342289200557846396e+00 3.527060009102675142e+00 3.007969947252230394e-02 3.472729505073443690e+00 3.569101682926932195e+00
6.119597989949748795e-01 1.305464781870468549e+00 4.565070438470532517e-03 1.295624577768520469e+00 1.311144940163081030e+00 6.655645387106552402e-01 1.776159934726866119e-02 6.396889585313854099e-01 6.882934139493784853e-01 3.224515068112617566e+00 6.355852537799146218e-02 3.130932578624293416e+00 3.314693595905516155e+00 3.514687118853612624e+00 3.063082329653347979e-02 3.459984951447928392e+00 3.560469485548186430e+00
6.169346733668341631e-01 1.308934274983735602e+00 4.564650039020224509e-03 1.299728878347917949e+00 1.315828976037761056e+00 6.615788045013094587e-01 1.715522883091824546e-02 6.368316909600754139e-01 6.846970712176043694e-01 3.206400941323025222e+00 6.417045904235667286e-02 3.106416110176552170e+00 3.303355076444094873e+00 3.504309929857895689e+00 2.940081872540022817e-02 3.448952340700411234e+00 3.547469611006436985e+00
6.219095477386934467e-01 1.312365134936041233e+00 5.229649224898978190e-03 1.301197106285483684e+00 1.320981760733746402e+00 6.573533789408613215e-01 1.664310612282991070e-02 6.293735018363335598e-01 6.778295270565443120e-01 3.187102907394014473e+00 6.329124092605913077e-02 3.082149269835985361e+00 3.278252866778295527e+00 3.493293879300728211e+00 2.939676490974520856e-02 3.443892836540172642e+00 3.533338526377257871e+00
6.268844221105528414e-01 1.315189918263980351e+00 5.516992499504915805e-03 1.304057461625598213e+00 1.325422863361287673e+00 6.544227155268073082e-01 1.623831278392797936e-02 6.238229655062106360e-01 6.740291376068682228e-01 3.170066462609079760e+00 6.684248469775554147e-02 3.052868119968020544e+00 3.283219334861328331e+00 3.484693617785519670e+00 2.759383347805422979e-02 3.440340134774034997e+00 3.521869421363767572e+00
6.318592964824121250e-01 1.318076489016866581e+00 5.558073141699863828e-03 1.304562747434583558e+00 1.324963675901613902e+00 6.520184047327057808e-01 1.614170415039688569e-02 6.234829007748335927e-01 6.727613417477052993e-01 3.154918069542048453e+00 6.555806409517679623e-02 3.040958523306692918e+00 3.260873979717898496e+00 3.476330330835059268e+00 2.890775502884799023e-02 3.417885156910678734e+00 3.511689645788251823e+00
6.368341708542714086e-01 1.321297538537036020e+00 4.721770957868584931e-03 1.310533311633047315e+00 1.327262009786362107e+00 6.473620867250673427e-01 1.608257749483073262e-02 6.168892484777350749e-01 6.682166754305622902e-01 3.140641687666430482e+00 7.326973091881873457e-02 3.022124159376248009e+00 3.263720412522977288e+00 3.467822359456325554e+00 2.684452763956168136e-02 3.410860516056061442e+00 3.496040741834168575e+00
6.418090452261306922e-01 1.324641179827494630e+00 4.852038170423744919e-03 1.312834907772594484e+00 1.330630537405077529e+00 6.437704731938385105e-01 1.590903556672055782e-02 6.134821071964361439e-01 6.647274284962119140e-01 3.119421182782605051e+00 7.085701239555930453e-02 3.004576656791696276e+00 3.230118392576190267e+00 3.459432042132437601e+00 2.635719007361636557e-02 3.406779842787660328e+00 3.493098254254798363e+00
6.467839195979899758e-01 1.328003908933163890e+00 4.750511547369558329e-03 1.315970788728179741e+00 1.333155808674181264e+00 6.404440737977437070e-01 1.714028039907667875e-02 6.104400034546753062e-01 6.661142868632558001e-01 3.103014187119851996e+00 6.984439687119765872e-02 2.988901081012706129e+00 3.219868208879906213e+00 3.451571568867763951e+00 2.590012145585756514e-02 3.404681022165346516e+00 3.483720202089691131e+00
6.517587939698492594e-01 1.329542153923630510e+00 5.736266576386163905e-03 1.314977758296712373e+00 1.336619310642260139e+00 6.366743155434999579e-01 1.594237283795530910e-02 6.108477867866304312e-01 6.636477041465752569e-01 3.089784939493666283e+00 7.255523571317777642e-02 2.958384494022808564e+00 3.217198236054992222e+00 3.444833671849944601e+00 2.543677138037435739e-02 3.392179196583429590e+00 3.478157842570103409e+00
6.567336683417085430e-01 1.332423849849349917e+00 5.240452618572757730e-03 1.319611817136730592e+00 1.338697307563449845e+00 6.326034941056324357e-01 1.582074558359432628e-02 6.065008259624885545e-01 6.577656598081937922e-01 3.074330369759865622e+00 7.375150949471845352e-02 2.938056614086447915e+00 3.195362813579341932e+00 3.435660289891392605e+00 2.288918285984466866e-02 3.394978622611783070e+00 3.467484862174534666e+00
6.617085427135678266e-01 1.335306473829054319e+00 5.233784945790406068e-03 1.322934133204634044e+00 1.342922275667560505e+00 6.292190106940190875e-01 1.604295251273905529e-02 6.031914225737733393e-01 6.528591226163109607e-01 3.057176858526529983e+00 7.410720085754599062e-02 2.917741088604640876e+00 3.191882902071604189e+00 3.426361364321611092e+00 2.275298477794866422e-02 3.384582795465278071e+00 3.452698208332517726e+00
6.666834170854271102e-01 1.338159052131338678e+00 4.658926674973386944e-03 1.326361570438946424e+00 1.344037180731878944e+00 6.261700173332803709e-01 1.684437916785090986e-02 5.973133355602509020e-01 6.502965152423160200e-01 3.031245714566302762e+00 7.183185105496303624e-02 2.886690327670536682e+00 3.142794658285793741e+00 3.415836687473927213e+00 1.996123239610341285e-02 3.378452536276979501e+00 3.441395125689457934e+00
6.716582914572865048e-01 1.340758140439431312e+00 4.278685780471989074e-03 1.331121476143634075e+00 1.346736192627881357e+00 6.228223256050215983e-01 1.729275801967741083e-02 5.934792902663628134e-01 6.465512932717244476e-01 3.010885162643414326e+00 7.716472023495848931e-02 2.859241935906702725e+00 3.118184437435434386e+00 3.407557070925424370e+00 1.664276732424546310e-02 3.377066592066199302e+00 3.426195753859722970e+00
6.766331658291457885e-01 1.343506476866362487e+00 3.594512501664333566e-03 1.335756365739376728e+00 1.348818880900495509e+00 6.185762649765187415e-01 1.793089315201384926e-02 5.868317747393655415e-01 6.449701078552880773e-01 2.989742596808229624e+00 8.098991144146240606e-02 2.825912695006287390e+00 3.111838477169302841e+00 3.401072014966945112e+00 1.749247878017045482e-02 3.371960457889414897e+00 3.427098808411606523e+00
6.816080402010050721e-01 1.345684492509469310e+00 3.893110652915870648e-03 1.336748280918247600e+00 1.349909623524158997e+00 6.146002538017156791e-01 1.713217630648564138e-02 5.841541613684240186e-01 6.393905490320271889e-01 2.972147388493332265e+00 8.061710888763301552e-02 2.796573464407350329e+00 3.087456479704548507e+00 3.393093455700738836e+00 1.716878302792599481e-02 3.361116793722867424e+00 3.422578647958253395e+00
6.865829145728643557e-01 1.347817244093905353e+00 3.407813334700727191e-03 1.341083962019818276e+00 1.352426369710746812e+00 6.096968157656323939e-01 1.712330652175815537e-02 5.772501729851178265e-01 6.336055475686438454e-01 2.954362571853713870e+00 8.014576310608180487e-02 2.777652883465838496e+00 3.074161878827759597e+00 3.383191007473317136e+00 1.884777853844932238e-02 3.352702290731300216e+00 3.418036575518756948e+00
6.915577889447236393e-01 1.350511514211986341e+00 3.341317907669882296e-03 1.344772953439408614e+00 1.355404798824075829e+00 6.069245875205302454e-01 1.655859738145669738e-02 5.733872576347766037e-01 6.298247735850450724e-01 2.933732006119113223e+00 7.478400955792259552e-02 2.776283513542186387e+00 3.047332491299140411e+00 3.376514570241194058e+00 1.799151572704489610e-02 3.350154928093034279e+00 3.414200544648017477e+00
6.965326633165829229e-01 1.352936555562019860e+00 3.399793492520061539e-03 1.348041030145709973e+00 1.359225426873601261e+00 6.037941345244315361e-01 1.513359156931612208e-02 5.725262908531646433e-01 6.198460942821077957e-01 2.908845409081259881e+00 7.187152486509508498e-02 2.763061096430917463e+00 3.027164089968372274e+00 3.366004536377605660e+00 1.800321288392036853e-02 3.341603191717950505e+00 3.403774723155959858e+00
7.015075376884422065e-01 1.356019041005901204e+00 3.250886061003438118e-03 1.351292622207047378e+00 1.360870065694058662e+00 5.994791669815002777e-01 1.526888082070769481e-02 5.700638553049561796e-01 6.166347809089706145e-01 2.882765895110858345e+00 7.578985301068844049e-02 2.727063816300693500e+00 3.005308883163364975e+00 3.357176708501509843e+00 1.771041599225845267e-02 3.328644491008328377e+00 3.388469962559316873e+00
7.064824120603014901e-01 1.358148424012803446e+00 2.355114114445194372e-03 1.353645386974665632e+00 1.361878268876621556e+00 5.951796146777370566e-01 1.431546684471666879e-02 5.673572454457673775e-01 6.106364006921931598e-01 2.855325447231157998e+00 7.603136837284707461e-02 2.706170264262259373e+00 2.977576966508080236e+00 3.346999164745442901e+00 1.726192532239616273e-02 3.319033946928390932e+00 3.374570702885417273e+00
7.114572864321608847e-01 1.360114135680583924e+00 2.995984130016929661e-03 1.355504153412294688e+00 1.364607048386551558e+00 5.911665866923148105e-01 1.394000618807665626e-02 5.628768518271961563e-01 6.068357900466481158e-01 2.838482313348950292e+00 7.099704729460963593e-02 2.689704296256027138e+00 2.941335765628764864e+00 3.339151496189475044e+00 1.588712815805018094e-02 3.309073003865365070e+00 3.359245612365313161e+00
7.164321608040201683e-01 1.362320308890318410e+00 3.995812359186443237e-03 1.355383856333207016e+00 1.367881498890696657e+00 5.873022707022532707e-01 1.345818963536135789e-02 5.597097623582888426e-01 6.023255957588607989e-01 2.814726186591697932e+00 6.837784399477542241e-02 2.686423412381635956e+00 2.913693075331612814e+00 3.331712202431984515e+00 1.616914375981246682e-02 3.301996296207287074e+00 3.349735028253929769e+00
7.214070351758794519e-01 1.364872513611048666e+00 3.354363418605299258e-03 1.359265230080783038e+00 1.370180189817369332e+00 5.840733286465996654e-01 1.271937972951640676e-02 5.588428913791951835e-01 5.988438973943943644e-01 2.792654514699902446e+00 6.748273367888964203e-02 2.672791319310313884e+00 2.895793139066857869e+00 3.325067261726866175e+00 1.592769243670803456e-02 3.294274259691885032e+00 3.342574105574312782e+00
7.263819095477387355e-01 1.367523647615368265e+00 3.359387000827918600e-03 1.363119999616235978e+00 1.373522111132666979e+00 5.816816538307496565e-01 1.254801595933092463e-02 5.555949227047723982e-01 5.938122037642159512e-01 2.771082716857848460e+00 6.429697910668615013e-02 2.664306772060798245e+00 2.875401790968634241e+00 3.318196019761695759e+00 1.652015683098289472e-02 3.288552725098375262e+00 3.338365770392053289e+00
7.313567839195980191e-01 1.370788424248675863e+00 2.781476532543556736e-03 1.366411462846869984e+00 1.375689524280639064e+00 5.774132371707934031e-01 1.180379177051669656e-02 5.537029976472818138e-01 5.895869141061919061e-01 2.739889408728229725e+00 6.595190230629444095e-02 2.632786304355517526e+00 2.848646838351752919e+00 3.309577752273992424e+00 1.562322436024987486e-02 3.281520279523503003e+00 3.327695796451467292e+00
7.363316582914573027e-01 1.373713792809430956e+00 2.739170093300744274e-03 1.368603663602743437e+00 1.377881439532248287e+00 5.749108055248846050e-01 1.170677896925322731e-02 5.496100538887626064e-01 5.877860749518566408e-01 2.712460156153982727e+00 6.541008544548851389e-02 2.614817977897087697e+00 2.828411170053362955e+00 3.302365754987621749e+00 1.358150817751552566e-02 3.276684749405639252e+00 3.316544735849751735e+00
7.413065326633165864e-01 1.375656422173647808e+00 3.254119307712897893e-03 1.369739850487949662e+00 1.379712029325181666e+00 5.718357889268890215e-01 1.141801494065708238e-02 5.489322261965933203e-01 5.856516031761596075e-01 2.682565484913541187e+00 7.334907834445213159e-02 2.567425346130260522e+00 2.809649853612968595e+00 3.295226811411394063e+00 1.245316178583122727e-02 3.272384400591596076e+00 3.309584016330340273e+00
7.462814070351758700e-01 1.378166879796274724e+00 3.361649690924509420e-03 1.371249326591186035e+00 1.381607021265274904e+00 5.694263893294623236e-01 1.077285914331990550e-02 5.473766863698683593e-01 5.790054256482444206e-01 2.651927351429300028e+00 7.504071294629804934e-02 2.535641726453183420e+00 2.767105105484424232e+00 3.286666438229787879e+00 1.211504391385320213e-02 3.267645053254887966e+00 3.305534982498834040e+00
7.512562814070351536e-01 1.380904586312085680e+00 3.415825773803174686e-03 1.374218371780871140e+00 1.385072095538390613e+00 5.660223081686936997e-01 9.835712391155351092e-03 5.479680805645842367e-01 5.753585793743131171e-01 2.622087234845216663e+00 7.510179652198768763e-02 2.508468223352227522e+00 2.738004946689815977e+00 3.281846966500786777e+00 1.310191565255427321e-02 3.260528031662049742e+00 3.302305672030079631e+00
7.562311557788945482e-01 1.382892949084704615e+00 2.893206052414944943e-03 1.377658076178062574e+00 1.387316411031271901e+00 5.629427118226896232e-01 9.905701493813081834e-03 5.435444530705646482e-01 5.730843472802946703e-01 2.587568848193108284e+00 7.461441575755073385e-02 2.469671726290202152e+00 2.705150095303811231e+00 3.273750108381920487e+00 1.361908181024505497e-02 3.254665652244327578e+00 3.300176169443369112e+00
7.612060301507538318e-01 1.384287800368942944e+00 3.213214111700219647e-03 1.379488405757876679e+00 1.388880085999590674e+00 5.590838949896899113e-01 9.349501528216848378e-03 5.407160035482400096e-01 5.690287981163612008e-01 2.558532043781177379e+00 8.054405431882349919e-02 2.411195528451108849e+00 2.686694898706661228e+00 3.266605144623878854e+00 1.203393362413831581e-02 3.250851473839083017e+00 3.292757278119256892e+00
7.661809045226131154e-01 1.386545294806218021e+00 3.224709297050507538e-03 1.381570381833071348e+00 1.391389310233011045e+00 5.550316405984568879e-01 1.068086324276121615e-02 5.349554855539253584e-01 5.655017990879580569e-01 2.523271811569034462e+00 8.527958676433036733e-02 2.345414559540764721e+00 2.652442015032213440e+00 3.261758929191993950e+00 1.205891738238436608e-02 3.245479688077557157e+00 3.286545328748815997e+00
7.711557788944723990e-01 1.389287123206671026e+00 4.093499062678316973e-03 1.382300874380653966e+00 1.394696608849656183e+00 5.520088295613521101e-01 1.082277678675200826e-02 5.313380521804700329e-01 5.632125798469899136e-01 2.492996497023753477e+00 8.849729582919386994e-02 2.317887355610128708e+00 2.630609834446748341e+00 3.254310655461183810e+00 1.345336941283114575e-02 3.234366205981688669e+00 3.281382211162821250e+00
7.761306532663316826e-01 1.391260307251602102e+00 4.436951902868640704e-03 1.383748987463090385e+00 1.398639144097534093e+00 5.489277220263362178e-01 9.451354506260832219e-03 5.319524961846583411e-01 5.578198337925837080e-01 2.466587102979976631e+00 8.761681779441242435e-02 2.289344666459851130e+00 2.604882591684920090e+00 3.249292501985610038e+00 1.309449791943238448e-02 3.229539494907122776e+00 3.276454927464037770e+00
7.811055276381909662e-01 1.393498189165256251e+00 4.853085895357002987e-03 1.385268676565289292e+00 1.400218266901001485e+00 5.458418164732792288e-01 9.819246084207165770e-03 5.263674669514977200e-01 5.554688943996816120e-01 2.438060473162464437e+00 8.915062239485378737e-02 2.244389219599912000e+00 2.570398393415002758e+00 3.244862512972849888e+00 1.159740125886619781e-02 3.226812752969320908e+00 3.265337835916370945e+00
7.860804020100502498e-01 1.395752797785255517e+00 4.767445242149777156e-03 1.388587133733734102e+00 1.404708616331410198e+00 5.419296220994958002e-01 9.938710065777130176e-03 5.219526227109855254e-01 5.538218897341437019e-01 2.407221428544497055e+00 9.018533960096264401e-02 2.221197219434226433e+00 2.547985163879952442e+00 3.238472735017256188e+00 1.166911463251519426e-02 3.218729137470355717e+00 3.259560694166834249e+00
7.910552763819095334e-01 1.397259682933957858e+00 4.415662367693487522e-03 1.391236965228523026e+00 1.407279039660777276e+00 5.392346295277482549e-01 8.711077062980226299e-03 5.221517754095463815e-01 5.505426970492400818e-01 2.376820704218011837e+00 8.889743108971773222e-02 2.203935789929598599e+00 2.521045006964120816e+00 3.230295080575058986e+00 1.197567741502826404e-02 3.207867195111420600e+00 3.251203268160237858e+00
7.960301507537689281e-01 1.399149708209272536e+00 4.625029167550375603e-03 1.394357102411942106e+00 1.410313020753886759e+00 5.359905737187928843e-01 7.549739564256080851e-03 5.223191353155522965e-01 5.468748404141070552e-01 2.343255390574607411e+00 8.298718001514637788e-02 2.183811347967364647e+00 2.482138200179353937e+00 3.224834321894554989e+00 1.064208226102355583e-02 3.206570761281921644e+00 3.242459360409458036e+00
8.010050251256282117e-01 1.400730784592350675e+00 4.686339739394849470e-03 1.395978794991321381e+00 1.411401438036360867e+00 5.328562442304370927e-01 6.500841094109243226e-03 5.206875827690764513e-01 5.432405537784081861e-01 2.312158739082027292e+00 7.852085449248452642e-02 2.162093897726583336e+00 2.428651043609481253e+00 3.216368136953604129e+00 9.700089653812688298e-03 3.200583103731930557e+00 3.236186721514907827e+00
8.059798994974874953e-01 1.402346113237924907e+00 4.851794805403625288e-03 1.397060288301707587e+00 1.411221906363590461e+00 5.292567406228734228e-01 6.082824566656507871e-03 5.195143683337480889e-01 5.417456727984365505e-01 2.284521768492897120e+00 7.721816149186858103e-02 2.154525310655641235e+00 2.409870587839932021e+00 3.210143110690458546e+00 1.066802778716568686e-02 3.191109456488256058e+00 3.230182131730080730e+00
8.109547738693467789e-01 1.404212867170703039e+00 4.719808013399865235e-03 1.398259003162137137e+00 1.413172609454866224e+00 5.261566835548858734e-01 6.960941390192822500e-03 5.135624106600046312e-01 5.383274189973425994e-01 2.251703101560748266e+00 6.902456156768980999e-02 2.140368159030396011e+00 2.356005281413181329e+00 3.202067140416224866e+00 1.019103802677287160e-02 3.181813493193591302e+00 3.221399909200586720e+00
8.159296482412060625e-01 1.404817872177750226e+00 5.085225681440694312e-03 1.397742518279043278e+00 1.414795847007940033e+00 5.222066575625764484e-01 6.636358919100728004e-03 5.109589646731990120e-01 5.333134837870368017e-01 2.221107013031986988e+00 7.257963388728466692e-02 2.107788752646492902e+00 2.328083343953674778e+00 3.196932593357294738e+00 1.042760451947138955e-02 3.175889891200939008e+00 3.217872683561434410e+00
8.209045226130653461e-01 1.406170999656724208e+00 5.755359744033479615e-03 1.400475497766690003e+00 1.417434228861635503e+00 5.186116662465081184e-01 6.189229121664209174e-03 5.102860669309128294e-01 5.318404210675599098e-01 2.192222440932751315e+00 6.877070354860453927e-02 2.082631665913688757e+00 2.280859522333934741e+00 3.189111216473366817e+00 1.061379135781722639e-02 3.165470852747787944e+00 3.206550828983669721e+00
8.258793969849246297e-01 1.407917280288133011e+00 5.778139116076473798e-03 1.401120170328415071e+00 1.418679258760430217e+00 5.143441609970869077e-01 5.663236606937799809e-03 5.058853749031445579e-01 5.261516732467902413e-01 2.157459445735578463e+00 6.925571984425087091e-02 2.045263927488793154e+00 2.247234780341071048e+00 3.180397760035924115e+00 1.168276944607474395e-02 3.156774714806905635e+00 3.198545236944332348e+00
8.308542713567839133e-01 1.408490445780752776e+00 5.146388539105317683e-03 1.403231494160226411e+00 1.418177624041171647e+00 5.116104103473400055e-01 5.567814576574547578e-03 5.034138138199693024e-01 5.236938848112256961e-01 2.122049767629923700e+00 6.699582729912137435e-02 2.027806281735376803e+00 2.206657172827434010e+00 3.175366295399084660e+00 1.234948473723713330e-02 3.154424766790099977e+00 3.195538400407892610e+00
8.358291457286431969e-01 1.410262922756287951e+00 5.615994123014661846e-03 1.405039641349400847e+00 1.422071668607412853e+00 5.091541015147185156e-01 5.667516079498833778e-03 4.988551747028007188e-01 5.206329456016594026e-01 2.094139323498558358e+00 6.816636433029318876e-02 1.996857339566031397e+00 2.181408189942181330e+00 3.169095886609142543e+00 1.029112496057333140e-02 3.149476277818663572e+00 3.186455173445317257e+00
8.408040201005025915e-01 1.410585248819033133e+00 4.481251224704103746e-03 1.405548161445275612e+00 1.419977598246647155e+00 5.076958583006128123e-01 5.363384254001563392e-03 4.978207943764456078e-01 5.174296612141767726e-01 2.063853459687531977e+00 6.794806652675813852e-02 1.967995462912331517e+00 2.159257594537246305e+00 3.164846084780498892e+00 1.082191741723778459e-02 3.144781261092591595e+00 3.180591303376681278e+00
8.457788944723618751e-01 1.411533742261574353e+00 5.017062601425417365e-03 1.405123162715628649e+00 1.420716669473953475e+00 5.043496515260627033e-01 5.182660056181918884e-03 4.959663834116468939e-01 5.128639232105998147e-01 2.034369670664934127e+00 6.208961589675868892e-02 1.956098498591257284e+00 2.117609153791824461e+00 3.157866229860000651e+00 1.106513292966223271e-02 3.134348005702478179e+00 3.172025961011886608e+00
8.507537688442211588e-01 1.413141397640087060e+00 5.002548780483566555e-03 1.406794878222474177e+00 1.422801591164730262e+00 5.015080027987889322e-01 5.760670124414403112e-03 4.909776779439167238e-01 5.115094457996964827e-01 2.001498435942701271e+00 5.894791300175115933e-02 1.928436867201195781e+00 2.079354411884329679e+00 3.153123591895527600e+00 1.101168323838744648e-02 3.130100078698887511e+00 3.166490997218254666e+00
8.557286432160804424e-01 1.414553617679418007e+00 5.108764155385178696e-03 1.406386341980897070e+00 1.424353582706557431e+00 4.987600412571403519e-01 5.498810445805774917e-03 4.897232073370663130e-01 5.095055041548292030e-01 1.972638501357466323e+00 5.612642950307859119e-02 1.898414100716822484e+00 2.043413054300665888e+00 3.146210116148479674e+00 9.944119084696438626e-03 3.127667253672113734e+00 3.162289865355822460e+00
8.607035175879397260e-01 1.415555238428521934e+00 4.582228062602857616e-03 1.407514406602128787e+00 1.423502868283947453e+00 4.955180789538607411e-01 5.339332582764980822e-03 4.865959406659775555e-01 5.060947812373882693e-01 1.944457534777547680e+00 5.028898090761778350e-02 1.876741079585611649e+00 2.007439305232471938e+00 3.138557074089288079e+00 1.160116971295354488e-02 3.117678071992073807e+00 3.156058450420860417e+00
8.656783919597990096e-01 1.416457438873659935e+00 4.806551938225931894e-03 1.407410690319007562e+00 1.423393206137214317e+00 4.924447319700807624e-01 6.336820780512947629e-03 4.826489869271368138e-01 5.046131454416524775e-01 1.911248696032776806e+00 4.881699936088424591e-02 1.848218752525102371e+00 1.971429846484634707e+00 3.133990220118254122e+00 1.322178651255761540e-02 3.109307861926143168e+00 3.154891678238314068e+00
8.706532663316582932e-01 1.417839087143264676e+00 4.262161737592775473e-03 1.409275848723547275e+00 1.424922631639199855e+00 4.900716833592558830e-01 5.871646035743288868e-03 4.818907337829092530e-01 5.022843735411710586e-01 1.882673716951461573e+00 5.314421138456194849e-02 1.812694166491870984e+00 1.952602930446945884e+00 3.127999648859507431e+00 1.290541433956344207e-02 3.105421284449381147e+00 3.147683882512626319e+00
8.756281407035175768e-01 1.418414700896551084e+00 4.010426847023602394e-03 1.410415716677119402e+00 1.424713298367979109e+00 4.870322921159016549e-01 5.690180990360472861e-03 4.795909274089574792e-01 4.994367137416497182e-01 1.854838695178318675e+00 5.263451731337196599e-02 1.771560777990707658e+00 1.930332982094503214e+00 3.120340689109617927e+00 1.076411470408487371e-02 3.102342864781134857e+00 3.135425440932412489e+00
8.806030150753769714e-01 1.418590574183180797e+00 3.699925057175670190e-03 1.410841788403893071e+00 1.422278038294269464e+00 4.839612851694551354e-01 5.502990605644836504e-03 4.787295282939172947e-01 4.967535422993948346e-01 1.828288676922191325e+00 5.278782481093368534e-02 1.739669692371523357e+00 1.897002607772225513e+00 3.112096583516511750e+00 1.028014540644392287e-02 3.096480473416186374e+00 3.126854170527905374e+00
8.855778894472362550e-01 1.418893569171645996e+00 3.143009788831156639e-03 1.413692588428675512e+00 1.423044919242465456e+00 4.815428002483277403e-01 6.247130118764598894e-03 4.738282119632185041e-01 4.950877314802197282e-01 1.799189280014369841e+00 5.048289175980857219e-02 1.715624853438414643e+00 1.855564520601654444e+00 3.106299791093667384e+00 1.089421031787931281e-02 3.088302414686812547e+00 3.122349004850847098e+00
8.905527638190955386e-01 1.419887019383728521e+00 3.655879653798940667e-03 1.414870720958133044e+00 1.426812503105624685e+00 4.785691138994780935e-01 5.813191037172832192e-03 4.724671311963903886e-01 4.914334780709989636e-01 1.773014137296017534e+00 5.130176499942814411e-02 1.692002741897342011e+00 1.825573123992522362e+00 3.096106932604619111e+00 1.361455041789563954e-02 3.072924542305589313e+00 3.115340758075263228e+00
8.955276381909548222e-01 1.421154110898750655e+00 3.165753352175768032e-03 1.415774004851215739e+00 1.427145435106644156e+00 4.762598046067128554e-01 5.255632852449560258e-03 4.697387027486826239e-01 4.850738336759433111e-01 1.743012705400754259e+00 4.529522776322574690e-02 1.668540133416557936e+00 1.796914064910199782e+00 3.089007780362865496e+00 1.306921531342218959e-02 3.070284904641491508e+00 3.108684730159000598e+00
9.005025125628141058e-01 1.421519821025347907e+00 3.867905084083294188e-03 1.416433600258741210e+00 1.429539445673871922e+00 4.728229341366468330e-01 4.039795269200354387e-03 4.677972020018523747e-01 4.796684724924443755e-01 1.710380394573982388e+00 4.294392292673163830e-02 1.639404038447810796e+00 1.758287190937589006e+00 3.080373787321645018e+00 1.137204514072150986e-02 3.063470934820872849e+00 3.098248308717162391e+00
9.054773869346733894e-01 1.421764945697136628e+00 3.992974980109933146e-03 1.416342792407808249e+00 1.428852366943143881e+00 4.701361368981058497e-01 4.670680291130152074e-03 4.640109907218238350e-01 4.782729646381049804e-01 1.685255464356899990e+00 4.195251663305413908e-02 1.613420920526003721e+00 1.727106354724325055e+00 3.070519643050936498e+00 1.054984370293292860e-02 3.053899050345031174e+00 3.086658249862042069e+00
9.104522613065326730e-01 1.422447916354757202e+00 3.564823309562003585e-03 1.417069300985869251e+00 1.429718232557285029e+00 4.672790267510860684e-01 5.440443913192762396e-03 4.591399811640772266e-01 4.757569710544078956e-01 1.658033545438906797e+00 4.197002498191167857e-02 1.590719830520925582e+00 1.703050203615941616e+00 3.062265685529600656e+00 1.076466407804550079e-02 3.046270174274887221e+00 3.080216939009673638e+00
9.154271356783919567e-01 1.422539355071256839e+00 3.629686768403587310e-03 1.416964823446165145e+00 1.428333257484639462e+00 4.645979881940340839e-01 5.265615458340149220e-03 4.563539534518223362e-01 4.736051481982654909e-01 1.625492759663995201e+00 3.980633597363453929e-02 1.557223226717316056e+00 1.671905589279217841e+00 3.055419294526939833e+00 1.037450684100404107e-02 3.041409608373929263e+00 3.074481497656172735e+00
9.204020100502512403e-01 1.421938376527588144e+00 2.734179388248629636e-03 1.417632436361554671e+00 1.424957754876849947e+00 4.626722635855590182e-01 5.804376882061612966e-03 4.540978325936450566e-01 4.723175933263633608e-01 1.598275791948732039e+00 3.558519480943996005e-02 1.536798066808826801e+00 1.635923505153479507e+00 3.045062781197378055e+00 8.733200367615741658e-03 3.033425224983210544e+00 3.057032681133308394e+00
9.253768844221106349e-01 1.421877492571092416e+00 2.266617717962719943e-03 1.418899793907312024e+00 1.426349364184606783e+00 4.597243878029558251e-01 4.727577612358720323e-03 4.530492050648217139e-01 4.688816085194411620e-01 1.573916739771557882e+00 3.360149758043914914e-02 1.518252640104216455e+00 1.613157922581504256e+00 3.037380175730602705e+00 9.724603797742249062e-03 3.022404943663735466e+00 3.052358675128287846e+00
9.303517587939699185e-01 1.421887828979743862e+00 1.965978180874132682e-03 1.418032999908191316e+00 1.424652332514443120e+00 4.573265249106248653e-01 4.858614984279252536e-03 4.520634322520653003e-01 4.681822148008679685e-01 1.549123383531099130e+00 2.854124904232602233e-02 1.499121585756135522e+00 1.582501968470595655e+00 3.028351547096296947e+00 8.756840737502749952e-03 3.014042262147520912e+00 3.038716967484055953e+00
9.353266331658292021e-01 1.421900658662480499e+00 2.378645029980193653e-03 1.417493891310519061e+00 1.425769630890896478e+00 4.543038450747614587e-01 4.167539699125965939e-03 4.489123195472141670e-01 4.623859669423219798e-01 1.522504907811915498e+00 2.592452775263920026e-02 1.477580117817807404e+00 1.549473554297952527e+00 3.019073721344747163e+00 8.260645296214445821e-03 3.006469132127568056e+00 3.033614692126058277e+00
9.403015075376884857e-01 1.421883105618169107e+00 2.364010593097922927e-03 1.416917263143275152e+00 1.425390980610574010e+00 4.510525389480992686e-01 3.514715913533594110e-03 4.480741865819002356e-01 4.599174459613472044e-01 1.498195226143493652e+00 2.190728487503203550e-02 1.461908527239826672e+00 1.521641060438448934e+00 3.011337668709654913e+00 8.025666686271373806e-03 2.998728799102938325e+00 3.029893871430608954e+00
9.452763819095477693e-01 1.421995024959564091e+00 2.301908998005907595e-03 1.417812555164998711e+00 1.426338753293684425e+00 4.484370443548104102e-01 3.288048543715047824e-03 4.448479371484073130e-01 4.541855876237211875e-01 1.471733778440996065e+00 1.922100764149124730e-02 1.439130771577780132e+00 1.499142212124318307e+00 3.002761873081726485e+00 8.659025796759249605e-03 2.988972910098442792e+00 3.020201411771439748e+00
9.502512562814070529e-01 1.422164216160531680e+00 2.165918355013293252e-03 1.418288876133076082e+00 1.426705348673906970e+00 4.459174780851344333e-01 3.192444281639262270e-03 4.398407038751704912e-01 4.501779071222887785e-01 1.445527100140001853e+00 2.307175697265236025e-02 1.403199872541393001e+00 1.479691849721509023e+00 2.992761069809647623e+00 7.426616335723356700e-03 2.979013109071023457e+00 3.005825507643760108e+00
9.552261306532663365e-01 1.421957646600201297e+00 2.051683518638894310e-03 1.417942745844839036e+00 1.425209849220789415e+00 4.432801650484547440e-01 3.240179893002278176e-03 4.373563253703255382e-01 4.484066079389298354e-01 1.415895783921842455e+00 2.332629243748543871e-02 1.374460360042734086e+00 1.450706149026405489e+00 2.980502363568857671e+00 5.169607840541503262e-03 2.971152125521454579e+00 2.990340519163387611e+00
9.602010050251256201e-01 1.422012720731792745e+00 1.633107623525063791e-03 1.418852497170449478e+00 1.424207455952567036e+00 4.418876361015821597e-01 3.253460174740149986e-03 4.361640464647777993e-01 4.457077909679199590e-01 1.384533488483118413e+00 2.199282638693770414e-02 1.349501473870502677e+00 1.412985359481608194e+00 2.969852639152105844e+00 3.870529938646167893e-03 2.962169865614155739e+00 2.975619811634255374e+00
9.651758793969849037e-01 1.421663073552881240e+00 1.606564246287709189e-03 1.418950782900634255e+00 1.424192310475245637e+00 4.382727612697396857e-01 2.601647754798146629e-03 4.337624145184235669e-01 4.428924665209060807e-01 1.357501851496567324e+00 2.031105510258887983e-02 1.326024734769892355e+00 1.381316490774911365e+00 2.959190069268333723e+00 4.161437888924888161e-03 2.952789789513725616e+00 2.966669265756096241e+00
9.701507537688442984e-01 1.420437601109403536e+00 2.309707515143873124e-03 1.417740864865721262e+00 1.424263134250844498e+00 4.359649176578465624e-01 2.344283087194087845e-03 4.321719183439400314e-01 4.397812509765297029e-01 1.329386767821091553e+00 1.929008577140229469e-02 1.296544578498378897e+00 1.348372367499585112e+00 2.948486390043699057e+00 4.509184495027946868e-03 2.943184460007629788e+00 2.956079126459573381e+00
9.751256281407035820e-01 1.418461157647683324e+00 2.886568431985472947e-03 1.413613485266313585e+00 1.424210285040757418e+00 4.324369281974155266e-01 2.856488009604069185e-03 4.250944797574762735e-01 4.353464957933765311e-01 1.294687616576136957e+00 1.755105562626245105e-02 1.258563151189697527e+00 1.312347686840244165e+00 2.936988825134935865e+00 3.790770582578201122e-03 2.929365137038059785e+00 2.942549765884640678e+00
9.801005025125628656e-01 1.416974669738114034e+00 2.549747377686621339e-03 1.413818887612975361e+00 1.422082724534045495e+00 4.290886658279975951e-01 2.641554213467514883e-03 4.233706225063710304e-01 4.312193596205559643e-01 1.260201830175774251e+00 1.406824687344267882e-02 1.233247236502420296e+00 1.276955727537290697e+00 2.926936620902681696e+00 3.844743761518542528e-03 2.917214010659471946e+00 2.931370087778565559e+00
9.850753768844221492e-01 1.414631393742792120e+00 2.146265069522295538e-03 1.412011488368402956e+00 1.418425956206024852e+00 4.261105741728438145e-01 2.567424041424064707e-03 4.199721823172688495e-01 4.295758984410586456e-01 1.219542829895862379e+00 1.144208241228607953e-02 1.199897062681070770e+00 1.235093918769903931e+00 2.910954143730357657e+00 5.980094821989743667e-03 2.901768638755410024e+00 2.923010526796348429e+00
9.900502512562814328e-01 1.412370973566150045e+00 1.520637479931879641e-03 1.410647585494796408e+00 1.416378182214686587e+00 4.228657721115941515e-01 2.869373092027271369e-03 4.161763177707619166e-01 4.268346970543521746e-01 1.182678060021271182e+00 1.158381142393359944e-02 1.164278774558022977e+00 1.199983395044316614e+00 2.894771713750297959e+00 4.870623289164836313e-03 2.886403315697111616e+00 2.905213865160376940e+00
9.950251256281407164e-01 1.410272996480778973e+00 1.821573793139244979e-03 1.407061130869613708e+00 1.414094313425190430e+00 4.182600065140605894e-01 1.953200238890542319e-03 4.138661211029702747e-01 4.213027787352767728e-01 1.139172762104970316e+00 9.779689537607317434e-03 1.126002949464351532e+00 1.159889975057036393e+00 2.876054311042822942e+00 2.419731950600257416e-03 2.872597949348752344e+00 2.880508991891707726e+00
1.000000000000000000e+00 1.405521798131883493e+00 1.936298926449487744e-04 1.405264172278741341e+00 1.405769376023477957e+00 4.122678736793542464e-01 1.257042456350031213e-03 4.108030077555568926e-01 4.143226785928447176e-01 1.075375215198058454e+00 2.893013168713969279e-03 1.072029713068726853e+00 1.080433126105971420e+00 2.852287632721807409e+00 3.634163809412311740e-04 2.851795487926071626e+00 2.852799993936105949e+00
