# signal_efficiencies		0sq-mean	0sq-std	0sq-min	0sq-max	1sq-mean	1sq-std	1sq-min	1sq-max	2sq-mean	2sq-std	2sq-min	2sq-max	all-mean	all-std	all-min	all-max
1.000000000000000021e-02 7.844875067647937017e-02 6.168829015968775586e-03 7.068453616373847337e-02 8.978654093007154557e-02 2.743525313764393764e-02 4.050347634352412240e-02 0.000000000000000000e+00 1.099579797887035998e-01 2.555421895341937824e-02 7.666265686025812431e-02 0.000000000000000000e+00 2.555421895341937755e-01 4.595122626995446491e-01 4.212322254806974975e-01 0.000000000000000000e+00 9.962615186207749440e-01
1.497487437185929596e-02 9.601173512445476677e-02 6.397488873876257601e-03 8.433384002204333263e-02 1.046405206616739664e-01 1.139429298447323519e-01 7.687693487740235310e-02 0.000000000000000000e+00 1.960866534112217507e-01 1.084761675261603775e-01 1.899325096769131360e-01 0.000000000000000000e+00 5.728862581425328004e-01 9.823681978965286277e-01 3.981474786859658943e-01 0.000000000000000000e+00 1.609400728415492976e+00
1.994974874371859344e-02 1.096579298118213613e-01 5.319034565367560322e-03 9.971186630162248710e-02 1.153294248614504247e-01 2.185908147691789927e-01 4.660136416230954010e-02 1.552327197244426638e-01 3.034887974780843822e-01 2.677827103405271969e-01 3.095857749207748255e-01 0.000000000000000000e+00 7.663799118765189933e-01 1.448076554303393104e+00 3.798942721999061245e-01 9.425247411936823472e-01 2.144067413358895280e+00
2.492462311557788746e-02 1.243590314812035719e-01 5.727798999624355604e-03 1.131135055102169551e-01 1.341590002909329726e-01 2.224158937127466429e-01 3.517011347385226583e-02 1.695699266796216742e-01 2.681135954876788241e-01 4.085352114880273500e-01 3.349605661600413842e-01 0.000000000000000000e+00 7.168944251794981959e-01 1.383766813090450132e+00 2.882578561487046387e-01 1.077995196491955410e+00 1.894151045905186015e+00
2.989949748743718494e-02 1.364419161550730064e-01 5.478120903163928579e-03 1.267543791780152140e-01 1.425454072820224738e-01 2.158807591235289425e-01 3.131314373860666356e-02 1.553757387964570802e-01 2.626083291118505580e-01 5.519688143371690447e-01 3.310862799664140987e-01 0.000000000000000000e+00 8.422961310022482051e-01 1.459714072053466705e+00 2.419926829772563459e-01 1.057199269219061488e+00 1.855257807221058819e+00
3.487437185929648242e-02 1.467922739382938047e-01 4.761789543597724772e-03 1.381317596357727606e-01 1.545069905160940948e-01 2.343474080109845537e-01 3.687973655118088889e-02 1.677689662461361308e-01 3.063028242077718843e-01 8.878854880215255596e-01 3.331525263119579083e-01 0.000000000000000000e+00 1.389384048279745265e+00 1.554647198375634698e+00 2.151291592787904217e-01 1.130084861901870186e+00 1.874033734094550763e+00
3.984924623115577991e-02 1.566961213480050630e-01 4.594645833598380927e-03 1.495319305598749871e-01 1.636183715500870717e-01 2.610973870628224835e-01 4.069556518902105874e-02 1.827801388054944853e-01 3.265420613299097607e-01 1.087855133543700559e+00 2.242871506070858167e-01 8.002300624510501059e-01 1.587581484561726430e+00 1.652764196801196572e+00 2.457888391759345814e-01 1.291292932980091068e+00 2.141367076566251804e+00
4.482412060301507739e-02 1.655792021642983058e-01 4.989149012008830576e-03 1.568977387910813481e-01 1.722903935711163903e-01 2.647011590871927167e-01 3.384060423016237856e-02 2.055988446588916108e-01 3.409471125320544527e-01 1.172722115919798691e+00 3.244782317142748673e-01 7.290411915808456822e-01 1.742370781470851338e+00 1.704003836459914156e+00 2.856756012537049472e-01 1.336106595088144111e+00 2.408700419037952845e+00
4.979899497487437487e-02 1.735245922386008943e-01 4.263512601822664304e-03 1.664122379778562311e-01 1.807714789444632431e-01 2.706056446925804160e-01 4.289001596520635590e-02 2.101135867174218630e-01 3.787876552906569438e-01 1.110791756609966985e+00 1.957945896933901697e-01 8.099549561172848522e-01 1.402883135837357909e+00 1.774942970971749912e+00 3.467090140720850422e-01 1.484396452614742845e+00 2.676033761509653885e+00
5.477386934673367236e-02 1.812018629942323822e-01 5.186743694734459800e-03 1.720654227390086832e-01 1.889179345688264400e-01 2.815660255290898251e-01 5.421589595680265106e-02 2.311037432108878631e-01 4.166281980492594905e-01 1.131577952615268945e+00 2.314090365241636138e-01 8.908687206537241332e-01 1.543029887046135196e+00 1.770832240782292732e+00 2.501739331340178119e-01 1.471220803506519736e+00 2.403249176815918986e+00
5.974874371859296984e-02 1.893584148938932676e-01 5.120629911438541633e-03 1.804903001281551456e-01 1.964514472961257363e-01 2.912640250605625925e-01 4.940891133760447890e-02 2.520938997043537522e-01 4.157118548012463388e-01 1.134593716260991147e+00 1.730318246063882459e-01 8.415883191274564634e-01 1.424697502137343141e+00 1.804194726303385066e+00 2.507568980435057049e-01 1.484651217434547643e+00 2.427061404468239925e+00
6.472361809045226733e-02 1.964138266546112677e-01 4.763617844410394410e-03 1.884933524858307952e-01 2.020019775535927820e-01 2.909786234808267591e-01 4.272702201644398845e-02 2.542274208581628003e-01 4.019688467909964813e-01 1.182743635899470735e+00 1.868250872894358650e-01 8.788231249047934179e-01 1.488737313422655806e+00 1.784648879986545422e+00 1.185397312133219250e-01 1.555423996015382615e+00 2.008043744286322596e+00
6.969849246231155093e-02 2.026190350675375618e-01 3.981482758559629770e-03 1.969185605145353513e-01 2.079517724859500094e-01 2.909687671871853398e-01 3.735836869091384987e-02 2.499150248262167195e-01 3.854952253666886763e-01 1.227765074744191498e+00 1.866755380268349807e-01 8.780905412669421928e-01 1.580632481533381650e+00 1.853654487540677964e+00 1.267934927460331040e-01 1.614367806433006480e+00 2.028464708937424366e+00
7.467336683417084842e-02 2.081768318166617449e-01 5.168635695209933441e-03 2.016377769077858928e-01 2.165931314519439210e-01 2.906882092135304463e-01 1.960446659495906907e-02 2.540130151672558290e-01 3.279293924875713029e-01 1.254451361176448065e+00 1.725150717342750495e-01 9.273497631197546998e-01 1.487481769267796627e+00 1.872011701636052461e+00 1.295571711138078785e-01 1.673411776190330436e+00 2.006350236934079767e+00
7.964824120603014590e-02 2.141412067071048198e-01 6.669860492869261574e-03 2.049597954122261978e-01 2.258835019509881914e-01 3.016533864866227654e-01 2.127266767593431751e-02 2.644062868439360225e-01 3.360545256782175860e-01 1.273465215764415071e+00 1.831138121050611411e-01 9.567440320789337704e-01 1.586580487408786988e+00 1.895332517282859897e+00 1.172102781442403846e-01 1.712013526535944186e+00 2.073107850869046143e+00
8.462311557788944338e-02 2.206518693156405697e-01 6.751217951627933901e-03 2.119072341396683323e-01 2.324619019895158012e-01 3.072094196388782117e-01 2.490811404813892890e-02 2.627777709611948675e-01 3.323905098797718671e-01 1.331784783314541531e+00 2.037174420358757732e-01 1.016502807584179546e+00 1.685679205549777349e+00 1.878067966928448573e+00 8.545598025506499773e-02 1.750282435495945643e+00 2.033644417150546335e+00
8.959798994974874087e-02 2.254309267770312764e-01 7.094393280213478342e-03 2.150526677892501959e-01 2.371076012296489122e-01 3.069070094131066129e-01 2.066842509139308823e-02 2.726047989437906383e-01 3.407559986797382701e-01 1.351794085586744076e+00 2.034850443854867297e-01 1.076261583089425322e+00 1.784777923690768153e+00 1.912923949952576974e+00 9.806078282346805675e-02 1.784212701379184418e+00 2.101307571016416631e+00
9.457286432160803835e-02 2.302112671702289393e-01 6.860214694367481811e-03 2.217738110591172263e-01 2.401158937487482825e-01 3.172720732415676426e-01 2.271316788016232088e-02 2.768789217862759888e-01 3.596762700590395712e-01 1.363284753988069031e+00 2.118847100062693500e-01 1.099447400982686007e+00 1.883876641831758514e+00 1.932517402539021933e+00 9.114837042846500592e-02 1.825520446835803945e+00 2.119354618297578874e+00
9.954773869346733584e-02 2.345585582529889912e-01 6.537365542236006806e-03 2.249401417295507632e-01 2.463336505621526451e-01 3.176240543946901584e-01 1.608439284761636195e-02 2.764878212522914325e-01 3.386270410809784082e-01 1.376963037016721625e+00 2.344015953170109634e-01 1.099956821286678155e+00 1.982975359972748652e+00 1.925222914583269329e+00 8.560770600927973539e-02 1.817098516890969240e+00 2.098194435995591522e+00
1.045226130653266333e-01 2.391508550155073132e-01 7.088816821444719057e-03 2.290368178249753417e-01 2.528039580216442928e-01 3.209011263999156371e-01 1.567469812593547812e-02 2.903052338237083196e-01 3.469811209056069545e-01 1.412086464380307271e+00 2.610039354334273698e-01 1.154926899685154273e+00 2.082074078113739457e+00 1.923457908927569404e+00 1.028006269306510623e-01 1.754362501937092533e+00 2.085990208231737864e+00
1.094974874371859308e-01 2.431803318822762239e-01 6.362041185389108282e-03 2.339438675838645953e-01 2.537567146381067840e-01 3.206713588959420047e-01 1.166347554127415524e-02 2.944654861732118323e-01 3.331496673575546352e-01 1.444662305234061916e+00 2.849659103454014741e-01 1.199721313381626020e+00 2.181172796254729818e+00 1.931315553000760632e+00 9.408936962122993464e-02 1.754279962379667657e+00 2.080320125517843177e+00
1.144723618090452283e-01 2.470899373363971974e-01 6.328459698067505530e-03 2.369834336526104035e-01 2.581788913733407131e-01 3.220903048853047124e-01 1.329803719518427019e-02 3.031439518471356065e-01 3.482858844609955651e-01 1.443748673030308183e+00 2.135865142630925806e-01 1.218856393669850213e+00 1.919472907588836597e+00 1.939527324153674126e+00 1.034825479852804209e-01 1.757533489611933453e+00 2.050455737880589435e+00
1.194472361809045258e-01 2.508925855693152629e-01 5.024093425045110528e-03 2.435460738480051401e-01 2.594899123752150150e-01 3.227176058594267705e-01 1.434862434025061494e-02 3.028517513036971254e-01 3.563646899130694101e-01 1.433734583085034320e+00 2.041512800761634272e-01 1.176254238989738798e+00 1.942747659627433121e+00 1.955332142427962605e+00 1.057614178812706363e-01 1.791377548794983232e+00 2.110455742482775676e+00
1.244221105527638233e-01 2.550098083962941131e-01 5.400176630242595546e-03 2.487739118404829752e-01 2.648690212984172176e-01 3.271801523906204823e-01 1.847465367224987443e-02 2.953714941122926874e-01 3.712069719077660812e-01 1.466412124747602075e+00 2.202932938545784924e-01 1.170250239175157692e+00 2.023661424163872180e+00 1.964017013309277360e+00 1.019663621413935267e-01 1.819707939387221751e+00 2.141244528917344514e+00
1.293969849246231207e-01 2.590313483898086799e-01 5.271685905840751279e-03 2.518303078806948259e-01 2.691801628584872264e-01 3.280083256438529049e-01 1.563196275802540211e-02 3.037419286564253529e-01 3.655361997925621886e-01 1.475015298327114976e+00 2.167705511855112233e-01 1.194087132497184678e+00 1.973725584949872491e+00 1.978899986644526710e+00 1.165251596624803099e-01 1.795351701645164777e+00 2.171867039657698673e+00
1.343718592964824043e-01 2.627162738555477439e-01 5.140594746189025566e-03 2.557152707098912514e-01 2.712547936055605402e-01 3.340478717156965538e-01 1.109830783257644178e-02 3.154197736804976171e-01 3.549190050643396543e-01 1.462484841973586080e+00 1.906624899424095854e-01 1.216687006096772494e+00 1.950777969945006962e+00 1.976319224754530257e+00 9.402428437850085530e-02 1.819445527207197433e+00 2.138189910057896270e+00
1.393467336683417157e-01 2.659764992703895214e-01 5.447458215364682325e-03 2.591894194699060905e-01 2.750798015006156172e-01 3.351064708420729565e-01 1.562573532567644585e-02 3.157341278407917451e-01 3.631363986896575802e-01 1.446625546531228768e+00 1.128585946476155510e-01 1.241359892915390395e+00 1.633150551590164978e+00 1.968437583001457103e+00 9.699290663603030160e-02 1.789982475204412893e+00 2.117935826731887516e+00
1.443216080402010271e-01 2.692112071398270468e-01 5.760537376052496904e-03 2.627464762058580594e-01 2.797743989045677893e-01 3.363823251233397094e-01 1.774837474620024128e-02 3.074337238518239368e-01 3.609405963938835948e-01 1.465015780551153224e+00 1.030791322233606672e-01 1.262768344902184703e+00 1.659803402232091329e+00 1.967900346209416229e+00 8.708511688254810812e-02 1.827957595376241695e+00 2.130563243253028816e+00
1.492964824120603107e-01 2.731535764825799850e-01 5.984149365690681101e-03 2.645216478169798435e-01 2.841714399425310789e-01 3.355221060372026165e-01 1.337857753052329457e-02 3.119729036328970917e-01 3.547013827481168002e-01 1.487698380617675564e+00 9.737100943708490441e-02 1.297943662842785839e+00 1.649657605271439120e+00 1.975330953887541652e+00 9.022670039413896448e-02 1.817656602596312121e+00 2.144156928772372517e+00
1.542713567839196220e-01 2.763719258316424954e-01 5.901079292949253444e-03 2.685142127818339608e-01 2.876299930705507046e-01 3.365923210803992704e-01 1.498145127412776542e-02 3.119838592560303381e-01 3.665207825771520378e-01 1.492062122530207535e+00 1.017642695201454034e-01 1.281555135782137755e+00 1.626545063441189098e+00 1.986436852470895076e+00 9.205974077776703235e-02 1.830962201375906595e+00 2.196083642493302346e+00
1.592462311557789056e-01 2.789152868357742121e-01 6.143296855691963813e-03 2.696372257477130940e-01 2.910543619725033393e-01 3.359901764033417781e-01 1.338759067827398515e-02 3.052137694409178259e-01 3.543084747173618210e-01 1.495469325280214923e+00 9.494924567770349211e-02 1.322882158076089443e+00 1.618161154124827306e+00 1.985606101286266467e+00 9.239394020895223825e-02 1.845529293671824389e+00 2.209502734956709791e+00
1.642211055276382170e-01 2.822006512205640361e-01 5.882306132067132744e-03 2.730748918342954523e-01 2.939409683756423752e-01 3.373584925463474216e-01 1.278660452530063461e-02 3.117596876396126482e-01 3.533045282474736037e-01 1.504031024775450476e+00 9.404744228278467955e-02 1.364209180370041130e+00 1.635629347902813002e+00 1.989800714839496054e+00 9.850626690628097593e-02 1.850159973560348226e+00 2.241476203620454299e+00
1.691959798994975006e-01 2.851386847284439474e-01 5.972019244477348374e-03 2.770573448874740774e-01 2.962574800313524381e-01 3.383037026958090610e-01 1.529703822213404618e-02 3.060928543590477613e-01 3.569386712803024331e-01 1.509609715944180142e+00 9.740891786380113937e-02 1.371009087526296577e+00 1.685178706973308183e+00 1.994335719612052360e+00 8.604428556022002128e-02 1.865646008150935842e+00 2.205142144392298942e+00
1.741708542713567842e-01 2.882812645535126062e-01 6.066002746444823512e-03 2.800452815942411355e-01 3.003840255542900572e-01 3.377885598143849366e-01 1.448523429147413957e-02 3.122586431318195022e-01 3.567507670692852684e-01 1.505204337107157953e+00 8.289348755761981324e-02 1.387782452835042424e+00 1.635517305352264250e+00 1.999944703337379170e+00 8.105673506065337597e-02 1.871873464660436026e+00 2.176008702939877359e+00
1.791457286432160956e-01 2.913978195258642434e-01 5.617031833321039537e-03 2.826228900245298381e-01 3.030369606989393172e-01 3.403053598213712228e-01 1.634204152192559809e-02 3.147619688025569129e-01 3.641813309339879123e-01 1.490421685925696460e+00 7.760695610843923453e-02 1.373537402264950025e+00 1.637365259645092497e+00 1.990946423439336588e+00 7.311351914137952102e-02 1.897094003622139757e+00 2.152595708771288141e+00
1.841206030150753792e-01 2.945234369329337576e-01 6.207567963683586695e-03 2.844453379764618206e-01 3.067363238799464820e-01 3.393414571456224160e-01 1.646312175660881796e-02 3.160642852641628586e-01 3.709968269582853972e-01 1.506984940456816968e+00 7.514189606059694382e-02 1.386242748149222770e+00 1.640224539358813960e+00 1.993796016117522996e+00 6.415323256214341963e-02 1.904107732677299492e+00 2.121503576070303598e+00
1.890954773869346905e-01 2.980643314223468954e-01 5.959194845575641747e-03 2.884358388468042378e-01 3.103807251040440196e-01 3.430136408320457186e-01 1.668531962554842957e-02 3.196273005625612784e-01 3.777220861330709001e-01 1.525293123704920983e+00 8.276016822053491873e-02 1.398936679345530454e+00 1.684542833408083196e+00 1.988024917204342712e+00 5.353008977763837328e-02 1.895104782568000967e+00 2.074180424852821947e+00
1.940703517587939742e-01 3.012692999320211173e-01 6.238375105371402572e-03 2.915570623021175312e-01 3.147730482139946551e-01 3.428171006732727011e-01 1.573918791691784891e-02 3.206992515623860451e-01 3.757100150927750737e-01 1.533937475782443327e+00 8.007980207435769215e-02 1.411609199467781739e+00 1.687195700403513632e+00 1.993350847920601243e+00 5.226523942678758250e-02 1.904011538376456203e+00 2.067699215745631758e+00
1.990452261306532855e-01 3.041734064277203942e-01 5.971733814820611060e-03 2.949562484269946938e-01 3.164123810420411687e-01 3.430571952969224681e-01 1.597657176468211815e-02 3.246365199551656811e-01 3.785009845121827254e-01 1.545634612470688785e+00 8.833985528646050300e-02 1.424251984966270035e+00 1.719978160159607361e+00 1.989516719086301233e+00 4.591037852276064896e-02 1.921064423463501480e+00 2.058452709916698709e+00
2.040201005025125691e-01 3.071139914501760937e-01 6.268665613048946331e-03 2.974157828446720164e-01 3.198795079135522967e-01 3.442533197924911303e-01 1.429037487966271051e-02 3.253550076361850785e-01 3.763775711117902101e-01 1.531183665385493109e+00 7.918025821889115856e-02 1.414920052576241094e+00 1.694825358721654407e+00 1.979630066853029335e+00 3.854381835871854844e-02 1.908477294566450544e+00 2.018519547000633185e+00
2.089949748743718805e-01 3.098014061259840024e-01 6.759623335888732820e-03 2.993266974869039365e-01 3.229754019338202387e-01 3.467639691586453243e-01 1.377925444951449627e-02 3.279269816330633858e-01 3.758653723294921312e-01 1.533701487739375535e+00 8.000508346026675988e-02 1.438945885487654452e+00 1.665898629819216881e+00 1.977854111137661075e+00 4.767588312535674805e-02 1.884918937068028377e+00 2.033559736640282889e+00
2.139698492462311641e-01 3.126146589352488681e-01 6.379212607012253386e-03 3.038430681648188192e-01 3.255333060859801897e-01 3.467729866900587932e-01 1.378737260059620384e-02 3.288098184293019588e-01 3.779462104313585091e-01 1.528483533040593478e+00 6.905608294397390379e-02 1.440902095131113558e+00 1.660976836634949549e+00 1.982510874248584631e+00 4.364993700950400846e-02 1.909719512285553034e+00 2.048652575499329664e+00
2.189447236180904754e-01 3.149900186849468597e-01 6.250400509760462714e-03 3.062132463099958568e-01 3.274649888574454049e-01 3.435601357762081975e-01 1.257692606708581649e-02 3.283607780345193516e-01 3.670714641202885153e-01 1.529993098526897466e+00 7.039459164989195217e-02 1.415007036599410517e+00 1.678682317438537908e+00 1.982609541924704954e+00 3.151164050215903012e-02 1.934214486747466655e+00 2.032745883403312526e+00
2.239195979899497591e-01 3.174028295345491246e-01 6.121240865572658701e-03 3.093345925960450660e-01 3.297434367897306151e-01 3.431721054354552325e-01 1.259600503006468898e-02 3.229173547184898130e-01 3.652058401717289127e-01 1.535255211183623958e+00 7.638064178857266462e-02 1.424391198422393368e+00 1.656567059038980050e+00 1.975315394982910533e+00 4.747363099838677186e-02 1.908510481737703435e+00 2.033897646612684795e+00
2.288944723618090704e-01 3.201749604356838863e-01 5.780776178237819092e-03 3.127358964172455291e-01 3.312191277968672409e-01 3.424537008500073698e-01 1.246380458215379586e-02 3.192030693090641136e-01 3.691012670534773443e-01 1.523355876255706232e+00 8.355884173589132879e-02 1.407105219549566355e+00 1.693371398995187738e+00 1.967682597424279534e+00 4.306743021239865105e-02 1.909335585108064226e+00 2.039235486437496192e+00
2.338693467336683540e-01 3.227265766612467113e-01 5.799937519727434501e-03 3.152328681149279554e-01 3.333987154045998103e-01 3.449757400884244651e-01 1.215743241018640494e-02 3.247789803402737485e-01 3.737780835350337227e-01 1.535679009384141924e+00 8.301254985936701303e-02 1.388938319901004359e+00 1.694837803344952043e+00 1.961554472948430661e+00 4.947830992287335222e-02 1.889242362687688415e+00 2.052242508055282411e+00
2.388442211055276654e-01 3.247007699197462793e-01 5.625043873114806726e-03 3.173240490836398142e-01 3.357924998491816360e-01 3.453138651638139045e-01 1.233861583657404164e-02 3.276177449247169027e-01 3.743499932470699676e-01 1.531558558700511607e+00 7.980547827532616378e-02 1.388385350967150433e+00 1.631891174450071258e+00 1.964476065640608837e+00 5.283934261919109171e-02 1.872133519486744113e+00 2.068499324247862425e+00
2.438190954773869490e-01 3.267231730194181116e-01 5.457802962614852725e-03 3.195398140457862413e-01 3.372340089839632737e-01 3.459449757923113156e-01 1.165943778482356023e-02 3.282055394626405276e-01 3.697592455517807464e-01 1.528948979538340858e+00 7.936972943400086300e-02 1.387668053160420856e+00 1.618946062020490961e+00 1.967885329678922712e+00 5.467816137965747503e-02 1.852907434421766641e+00 2.063255551560521539e+00
2.487939698492462326e-01 3.286014277841418085e-01 5.987939279543862299e-03 3.220760211039929710e-01 3.397615104341694114e-01 3.452072652579085132e-01 1.088030401010758874e-02 3.247390554367957094e-01 3.658922371941749074e-01 1.533288103840098726e+00 8.469967968388732171e-02 1.401750636837690633e+00 1.629502016400265374e+00 1.964589288692163649e+00 5.616046760350586198e-02 1.849556969016740604e+00 2.056825763135029739e+00
2.537688442211055162e-01 3.303217810166220181e-01 6.269159500757487402e-03 3.238128013914481906e-01 3.426613052509376312e-01 3.454961791441799601e-01 1.210963298603076090e-02 3.250809757235981201e-01 3.713367980316151784e-01 1.539320023471335785e+00 8.776029000872483110e-02 1.403898525922316898e+00 1.662085474211540959e+00 1.955222116882190608e+00 5.796823691709433735e-02 1.834607525988892096e+00 2.055809997335895201e+00
2.587437185929647998e-01 3.327364588658442979e-01 6.241232161892165675e-03 3.259411284572248380e-01 3.449705499634059258e-01 3.432649834340367190e-01 1.144504788234981807e-02 3.257606493350905796e-01 3.649676123805521977e-01 1.541888199490323741e+00 8.582192527166893070e-02 1.415949599352495314e+00 1.694668932022816321e+00 1.949527957100994913e+00 5.770791116431028822e-02 1.837608876918173317e+00 2.055631558460007557e+00
2.637185929648241389e-01 3.349599151251542173e-01 6.206928030807106443e-03 3.280586355307410495e-01 3.470097760896895811e-01 3.457993447158373423e-01 1.104072981840147592e-02 3.297730240033253657e-01 3.649302792889966285e-01 1.550673030598560542e+00 8.499337859836564313e-02 1.429748943728056165e+00 1.704373864602640731e+00 1.949611312158356924e+00 5.546636533733858426e-02 1.860791713566320782e+00 2.045460708465570931e+00
2.686934673366834225e-01 3.372623010171725277e-01 5.832113798359886761e-03 3.306856918917305266e-01 3.488641220096036499e-01 3.452838433215720260e-01 1.067327695410093952e-02 3.246368351834689747e-01 3.612911781937043210e-01 1.551078128364161035e+00 9.226599467031987301e-02 1.406922231259345235e+00 1.714118011931819119e+00 1.946386425087727856e+00 4.985122209749235506e-02 1.873751871774547828e+00 2.029273357782786835e+00
2.736683417085427061e-01 3.395991203667869662e-01 6.190549987167795476e-03 3.325954811765453045e-01 3.523217157987904580e-01 3.458476732398940712e-01 1.069095225843200506e-02 3.231288619529029127e-01 3.603845821948600259e-01 1.558580588529055788e+00 9.190784222750809918e-02 1.407553301318911654e+00 1.702740816127913392e+00 1.940026950647773418e+00 4.746466260445550422e-02 1.872615942952930768e+00 2.024810288180596274e+00
2.786432160804020453e-01 3.417641018417952870e-01 6.416388357034241013e-03 3.353590534553718694e-01 3.550120393083199266e-01 3.453458136107461773e-01 1.014542589513893131e-02 3.241571858151817698e-01 3.619968179567997213e-01 1.557411496399735640e+00 8.928119349352806045e-02 1.420594767899621580e+00 1.733694055348748320e+00 1.928047253989276344e+00 4.460645641859473098e-02 1.852773878627966608e+00 1.994238325510088394e+00
2.836180904522613289e-01 3.434579884723081844e-01 6.081142839529070712e-03 3.377948543716289831e-01 3.564850085059241835e-01 3.440234245825312120e-01 9.621403228646692452e-03 3.255332252617326727e-01 3.583187354839263428e-01 1.553739372090030324e+00 8.222897536060720658e-02 1.423572429140141038e+00 1.723120364835068141e+00 1.922237977604385195e+00 4.417513868620852324e-02 1.861947955383381537e+00 2.000454512241555793e+00
2.885929648241206125e-01 3.453613890611179627e-01 5.853199475433670633e-03 3.397015023470462136e-01 3.589497164629720793e-01 3.447163709225223860e-01 9.028791265132870072e-03 3.278944653222013450e-01 3.608777585463219251e-01 1.540954250493379085e+00 8.051120552208686221e-02 1.394271011058369814e+00 1.677075927656593857e+00 1.912106569926280697e+00 4.163745001822893171e-02 1.853255411815487808e+00 1.997579293601239314e+00
2.935678391959798961e-01 3.474509223753299292e-01 6.102149015606853771e-03 3.419132294604233513e-01 3.624716986518353168e-01 3.458848631615151770e-01 9.894984954267719429e-03 3.310381274553848008e-01 3.634337347518601380e-01 1.539873981933035596e+00 7.763103614701487298e-02 1.397897636318641057e+00 1.654014789013490194e+00 1.901093592161064993e+00 3.948250022203887710e-02 1.851315301690295234e+00 1.979707489700178513e+00
2.985427135678392352e-01 3.492148536932047076e-01 6.210294558353196895e-03 3.428379806052505585e-01 3.645515153463484426e-01 3.473770146288391869e-01 1.033709747209857199e-02 3.326447344329510614e-01 3.656868574232611246e-01 1.547173533756574182e+00 7.661002068444473789e-02 1.401703449379371413e+00 1.682044139255246096e+00 1.889091511556786340e+00 3.967861860658397632e-02 1.829627471511955150e+00 1.951517884282409021e+00
3.035175879396985188e-01 3.512839498480063161e-01 6.157060096398352632e-03 3.454255052248050295e-01 3.659769623332038146e-01 3.483150462068296260e-01 1.156514698423648929e-02 3.289697642547548262e-01 3.649253153615589218e-01 1.540043859765183765e+00 6.844136157127904407e-02 1.425061241247500998e+00 1.673098023348383201e+00 1.874157460275876375e+00 4.095563539896827920e-02 1.822614319344858069e+00 1.943926528846114721e+00
3.084924623115578024e-01 3.531110027429383846e-01 5.668912069930452831e-03 3.464481782574572177e-01 3.667101891080413179e-01 3.466349432298276301e-01 1.164150342556526281e-02 3.288182033370710688e-01 3.649126424941669944e-01 1.539672875894712911e+00 7.158348072278178376e-02 1.409574302362272880e+00 1.657216033952431555e+00 1.863179413588234024e+00 3.543389504444354604e-02 1.818393644974963141e+00 1.933623420245468960e+00
3.134673366834170860e-01 3.547972794757974779e-01 6.067157225451176930e-03 3.468231586483033202e-01 3.692503470044086189e-01 3.462029517533510292e-01 1.184170559793046827e-02 3.270447232061372000e-01 3.654130282277397446e-01 1.541802766439698935e+00 7.355871527228639850e-02 1.405059328556230946e+00 1.677871180722220634e+00 1.852546696752995548e+00 3.975218739663249901e-02 1.784322496700496474e+00 1.926375259603797740e+00
3.184422110552764251e-01 3.564176092712516009e-01 6.257634821568845707e-03 3.483019375209489010e-01 3.716000869908247517e-01 3.458216283918761347e-01 1.205369053984426536e-02 3.278285060368073545e-01 3.667695641340399937e-01 1.546230209544446454e+00 6.773880324998585167e-02 1.427358282311772530e+00 1.695323302608832350e+00 1.843074274767737553e+00 4.059635601740103905e-02 1.781829698706460352e+00 1.924911529667116650e+00
3.234170854271357087e-01 3.586192600010583709e-01 6.035592888080312628e-03 3.500025556448688735e-01 3.733531662731682244e-01 3.465939366740586891e-01 1.206160331184364005e-02 3.274503732628109010e-01 3.687722153982873063e-01 1.542307389998170297e+00 7.024333114242101161e-02 1.422892031214576969e+00 1.706638134002016471e+00 1.828562049467244321e+00 4.056559450265044553e-02 1.765960478019923174e+00 1.909904942364787583e+00
3.283919597989949923e-01 3.609415066740541689e-01 5.720629557477687789e-03 3.530856122189272028e-01 3.749303465271340841e-01 3.469859494415412082e-01 1.162591058037213028e-02 3.286054563004756068e-01 3.668037353474280504e-01 1.548390498695118467e+00 7.732488086984617981e-02 1.421763661225073694e+00 1.732890025746298690e+00 1.816338894823263050e+00 4.928936027530864128e-02 1.747283757731082021e+00 1.911244866352071359e+00
3.333668341708542759e-01 3.626975331842522410e-01 5.733707148245126457e-03 3.543774243763456733e-01 3.764668730573678124e-01 3.471695473343501814e-01 1.070303726665567355e-02 3.296428303868186305e-01 3.650471572110216001e-01 1.548933657233237282e+00 7.707446616124223604e-02 1.432151886736492408e+00 1.743910964859558765e+00 1.805962209888457126e+00 4.598077540535063651e-02 1.737320308363059507e+00 1.896222469990308523e+00
3.383417085427135595e-01 3.647265273285106302e-01 5.781840300987404167e-03 3.567097346476123532e-01 3.786496841189213591e-01 3.469787799316045307e-01 1.066341480104049735e-02 3.283836272481470142e-01 3.667141428356396893e-01 1.546337216323135921e+00 7.588464745526003752e-02 1.428816474486850563e+00 1.740186628310729233e+00 1.794559046297509841e+00 4.723971677678426989e-02 1.717977758230094354e+00 1.885916327878129017e+00
3.433165829145728987e-01 3.664048134812333268e-01 5.937168242993222378e-03 3.580493346664910814e-01 3.814626053575208564e-01 3.457104651893517788e-01 9.988845157610124273e-03 3.245622307808675444e-01 3.613626195812664754e-01 1.547367318307514061e+00 7.323364944641663765e-02 1.433804699235164515e+00 1.737060124476839107e+00 1.778251945288689795e+00 4.955143684121406100e-02 1.696409916696638875e+00 1.875600348008728879e+00
3.482914572864321823e-01 3.681705415848343099e-01 6.082668526854261883e-03 3.603219237595023938e-01 3.837461247840447953e-01 3.447386562973394630e-01 9.700960702730306029e-03 3.242592890986569221e-01 3.575864166661334997e-01 1.544957553203686551e+00 7.398781296160650278e-02 1.423629353730507141e+00 1.731738038744478292e+00 1.766155127801335656e+00 4.898086812908793858e-02 1.680319056695063873e+00 1.860214052811874241e+00
3.532663316582914659e-01 3.694882506194953620e-01 6.174788302010194262e-03 3.605426462238506269e-01 3.844947361734534774e-01 3.439402776032916553e-01 9.547620445020310251e-03 3.266812865363613039e-01 3.574812464192546613e-01 1.541161883366489960e+00 6.741683811129998982e-02 1.422985529285350381e+00 1.706725615138488417e+00 1.748854306983580686e+00 4.969521258114798640e-02 1.656970041512276781e+00 1.841563643051117305e+00
3.582412060301507495e-01 3.712200405292700456e-01 6.057152791207155891e-03 3.628836968668489038e-01 3.856655237764683997e-01 3.440696433716810554e-01 1.011830707718715770e-02 3.233862890733805173e-01 3.573443673669967069e-01 1.542134851434260767e+00 6.242828192106548296e-02 1.427221740660850946e+00 1.686412594290508826e+00 1.736785954581435476e+00 4.672315377797195413e-02 1.654435904522983503e+00 1.835193591148759351e+00
3.632160804020100886e-01 3.730026898787889289e-01 6.090356980443912584e-03 3.638674977860165693e-01 3.870282988229120646e-01 3.425738931747244198e-01 8.907780670662624953e-03 3.252055861450911523e-01 3.551915447553047889e-01 1.540470750250961363e+00 6.305902010794524337e-02 1.432784570254121759e+00 1.682771135399597995e+00 1.724248171852175160e+00 4.749961739502091967e-02 1.643716308291359951e+00 1.822272396701154484e+00
3.681909547738693722e-01 3.749676492756645052e-01 6.266391151479747644e-03 3.658041519451077916e-01 3.887684050630418886e-01 3.404151635177169455e-01 8.336513973908721287e-03 3.261278624368750267e-01 3.514644576986290514e-01 1.532896801608780502e+00 6.154672547198899307e-02 1.452409040710009869e+00 1.682605225444543162e+00 1.709950798638744995e+00 5.171185518114146396e-02 1.625758008649884623e+00 1.816066440574283236e+00
3.731658291457286558e-01 3.767632124116999659e-01 6.116666572042702907e-03 3.678446408506249599e-01 3.899280781998774592e-01 3.392001527367002889e-01 7.917551160537217303e-03 3.257384368059164648e-01 3.500493122385261446e-01 1.537833574206859844e+00 5.946970408737008856e-02 1.464870288553463462e+00 1.677455694601081460e+00 1.693029995167528057e+00 4.517501392655166870e-02 1.617840029563218263e+00 1.776324840170085517e+00
3.781407035175879394e-01 3.785620416782730646e-01 6.289677998011559273e-03 3.697541080281523951e-01 3.918909991362093947e-01 3.381710231350914531e-01 7.945874187425566726e-03 3.225375788567603763e-01 3.499648627073109197e-01 1.530993379240637386e+00 4.681530263257927676e-02 1.484399262236037131e+00 1.637674160248640209e+00 1.675342498976825301e+00 4.374295465538640543e-02 1.599129299794620707e+00 1.745770774924601643e+00
3.831155778894472785e-01 3.801888126348008656e-01 6.230371013560028273e-03 3.709128706703905820e-01 3.933937203970654939e-01 3.373397200860189238e-01 7.265203415666228459e-03 3.243310212277145665e-01 3.496817113456696657e-01 1.530693057007457281e+00 4.681485186796586345e-02 1.475549681500658572e+00 1.636387296060828334e+00 1.659390667313093370e+00 4.071164022859793952e-02 1.585728001999926917e+00 1.721538827339094802e+00
3.880904522613065621e-01 3.817180922844497504e-01 6.008800167688718719e-03 3.734549915714117652e-01 3.949465978926731125e-01 3.363455474452904381e-01 6.990044131581382020e-03 3.240907158139859634e-01 3.493475353054374399e-01 1.527697959543898865e+00 4.249560910808032610e-02 1.470369630910635106e+00 1.610745372290355970e+00 1.648327552297698118e+00 4.318088402991634295e-02 1.575249724161420506e+00 1.721116582260341143e+00
3.930653266331658457e-01 3.835909986254674164e-01 6.208234558128950149e-03 3.760110944178940984e-01 3.976540170522307460e-01 3.352937298019526002e-01 6.429165876186234384e-03 3.233342163541338410e-01 3.487284291046842122e-01 1.525058375810855349e+00 4.068497411210942466e-02 1.435513128957965234e+00 1.576385759498314831e+00 1.636143284462352243e+00 3.992930015315953457e-02 1.559896032568890867e+00 1.699260481078526119e+00
3.980402010050251294e-01 3.851012786993680548e-01 6.382618841710542036e-03 3.777546220181429715e-01 3.996270615295152151e-01 3.332989114861671931e-01 7.475003964744413726e-03 3.204107127962404489e-01 3.480635826046368231e-01 1.521486157561103614e+00 3.913952119492277587e-02 1.447612178791338522e+00 1.577909766717659590e+00 1.627736674102998382e+00 3.737872471602983471e-02 1.554361045208057401e+00 1.686427455379302609e+00
4.030150753768844685e-01 3.869887139451271829e-01 6.110092122784354859e-03 3.795313231291760347e-01 4.000498698951447385e-01 3.310831779786677087e-01 7.205169981600601133e-03 3.193090685098078918e-01 3.421360852174334388e-01 1.519108549887806081e+00 3.647221632191567642e-02 1.453641425405853616e+00 1.574419777208622584e+00 1.613454107513063729e+00 3.137030129567486975e-02 1.549622175811797176e+00 1.665661983654221689e+00
4.079899497487437521e-01 3.889337275972554187e-01 5.663490947765585821e-03 3.827190718613646681e-01 4.012707549660347595e-01 3.302890473350031941e-01 7.871317754940663006e-03 3.172858562758838485e-01 3.411904921230546339e-01 1.513407253163472133e+00 3.427806543049621152e-02 1.453819108630372225e+00 1.563321968304064891e+00 1.597911670587081279e+00 3.223210514960035689e-02 1.541236606366220840e+00 1.660984190766053192e+00
4.129648241206030357e-01 3.903709802912739835e-01 5.796776341300893809e-03 3.827548068032134987e-01 4.033921845589250044e-01 3.285421088823526903e-01 8.953889081222236868e-03 3.123314071103822087e-01 3.414211307578846610e-01 1.508481127941523336e+00 3.060105387721918230e-02 1.465695323848233533e+00 1.554604653969748229e+00 1.585507474034253850e+00 3.079853576282382682e-02 1.539312205980958970e+00 1.645071087063511683e+00
4.179396984924623193e-01 3.917897885739810571e-01 5.781216549376797138e-03 3.850484822576308308e-01 4.051658496936437759e-01 3.272540263925345361e-01 9.368643141759258261e-03 3.118399566520542732e-01 3.430262533637409295e-01 1.509478022139086884e+00 3.016163052642851367e-02 1.460353054052582866e+00 1.559470320340164751e+00 1.574173980492843850e+00 2.966588610777088492e-02 1.536630371170733422e+00 1.635337474920656620e+00
4.229145728643216029e-01 3.933461369208358094e-01 5.755488056930301195e-03 3.867678506488543833e-01 4.065364165766593429e-01 3.249741426353097706e-01 8.235384998980863416e-03 3.118629571714726656e-01 3.379269366898787208e-01 1.504563253661193034e+00 3.589799002022047575e-02 1.444771315397832767e+00 1.544525504130687343e+00 1.562803787353178819e+00 2.638420582569740713e-02 1.526337563927966157e+00 1.619871087876545657e+00
4.278894472361809420e-01 3.945261197805041142e-01 5.661724899843904174e-03 3.889136837912662847e-01 4.088367732349639239e-01 3.239476402034986990e-01 8.034618886652083666e-03 3.125002023139062390e-01 3.382304557885391638e-01 1.502871796956802175e+00 3.891837852660938457e-02 1.430550910224385630e+00 1.543361189193371619e+00 1.549265846510540223e+00 2.657034965395380088e-02 1.508033272041905404e+00 1.600642962954696547e+00
4.328643216080402256e-01 3.958849895913426620e-01 5.273492366883434507e-03 3.913943470764140731e-01 4.092133125987151288e-01 3.218920831977618024e-01 8.564848265395835422e-03 3.087813702904317892e-01 3.365409168148823515e-01 1.505810474583353820e+00 3.557459809564070263e-02 1.447183269603388833e+00 1.542455696728910919e+00 1.536143890366093112e+00 2.547497805154792100e-02 1.489877251380776313e+00 1.583987389698915171e+00
4.378391959798995092e-01 3.967173316291003893e-01 5.336672369933606955e-03 3.918846334553643396e-01 4.095709432391291260e-01 3.211781836126436640e-01 9.108939823535682281e-03 3.090821279673147126e-01 3.367995490878212816e-01 1.502755450761305900e+00 3.308208057576036976e-02 1.448593562337794571e+00 1.541791216265249620e+00 1.527629466045320239e+00 2.675134481025279870e-02 1.486475079941792732e+00 1.577000775175574132e+00
4.428140703517587928e-01 3.980629096327198968e-01 5.008568621804508625e-03 3.930237545956606904e-01 4.108544239954447508e-01 3.198307563005897691e-01 9.285972841894998137e-03 3.067481313668846132e-01 3.359646888213447813e-01 1.496914654055428784e+00 2.703267102890016468e-02 1.450128435520009695e+00 1.529718454036777864e+00 1.517946582112931875e+00 2.717115910550154528e-02 1.474332218105448788e+00 1.569911188508769317e+00
4.477889447236181319e-01 3.990951538850737723e-01 5.363477769702642943e-03 3.938362503112095014e-01 4.132580032947700266e-01 3.170563150126349816e-01 8.991367905452879450e-03 3.045357966166024610e-01 3.344426532643768879e-01 1.494608565335808548e+00 3.112670504966185206e-02 1.421653154162551447e+00 1.518622179204837330e+00 1.505405628105489058e+00 2.553104073299258467e-02 1.460783642726587228e+00 1.554050292994426652e+00
4.527638190954774156e-01 4.007951722933220107e-01 5.287402794160432802e-03 3.951029373240304565e-01 4.143653300571678022e-01 3.148883509309016171e-01 8.787358993749072936e-03 3.043553571162256888e-01 3.318254665651344526e-01 1.492898209212936367e+00 3.262532858051812173e-02 1.430503967747019933e+00 1.529960536183234909e+00 1.496062822537537418e+00 2.366869264989858446e-02 1.456488475986808195e+00 1.538718509823052472e+00
4.577386934673366992e-01 4.027954363746635846e-01 5.482686632503295902e-03 3.972737340357505031e-01 4.168489699946780203e-01 3.135068606138414760e-01 9.048536054482924501e-03 3.040688291642565932e-01 3.316719673649137778e-01 1.483327600342706942e+00 3.758552148187749992e-02 1.416323271801385175e+00 1.542429127370062325e+00 1.485735678746893829e+00 2.505088643889021721e-02 1.451081845183267882e+00 1.537258661396648129e+00
4.627135678391959828e-01 4.042533208609576656e-01 5.504113546274354458e-03 3.991709346230658539e-01 4.179681239658557534e-01 3.125513240987044528e-01 9.016363658880520784e-03 3.018048757803820092e-01 3.301821014738721138e-01 1.476151737554006749e+00 3.951855583339064504e-02 1.397505495592488822e+00 1.541558924374910378e+00 1.478907461014974389e+00 2.429939800382524204e-02 1.451112648121648085e+00 1.529935259631324707e+00
4.676884422110553219e-01 4.052086508182062841e-01 5.468517364614201674e-03 3.999301591461589256e-01 4.188604074103324804e-01 3.111605645979974022e-01 9.498626040928711406e-03 2.998383248073181462e-01 3.295486816126358964e-01 1.468791057761708485e+00 4.030125156061304531e-02 1.383808119039824147e+00 1.542041720732534094e+00 1.471556286320791829e+00 2.271669090177223099e-02 1.441360412895597909e+00 1.518502628904436991e+00
4.726633165829146055e-01 4.066878984441511524e-01 5.506665516368345649e-03 4.007831190973889512e-01 4.200784867780966159e-01 3.084883887654217838e-01 1.070952107265168464e-02 2.933089405614298095e-01 3.292055806213743385e-01 1.467245085422762108e+00 4.389879522063251660e-02 1.373374209954546732e+00 1.547206116528774045e+00 1.463439670575143126e+00 1.996736760435320959e-02 1.435405455790423224e+00 1.496440096012249921e+00
4.776381909547738891e-01 4.080674866200180162e-01 5.211440216945063819e-03 4.025398060660524968e-01 4.204993963816898161e-01 3.052717732164077491e-01 1.084696028192243950e-02 2.861139781113255509e-01 3.223302842838431936e-01 1.468435877328200245e+00 4.361331060439484902e-02 1.369734216083722922e+00 1.548554467547425650e+00 1.452811708463471074e+00 1.951887363685691698e-02 1.421964236426083827e+00 1.490754823982014532e+00
4.826130653266331727e-01 4.095065133030970084e-01 5.490145314171569930e-03 4.030598049045790998e-01 4.224351898724423848e-01 3.045609165037451160e-01 1.018985779835080048e-02 2.854803478272303630e-01 3.195570950475095651e-01 1.466650357783637615e+00 4.707307550654914879e-02 1.354248342016569184e+00 1.549368167298232901e+00 1.443205705879870404e+00 2.085661245714314979e-02 1.410248588232899447e+00 1.479839174562078918e+00
4.875879396984924563e-01 4.104952623235401110e-01 5.558683398300315499e-03 4.043959734611536350e-01 4.230804799225769131e-01 3.020531559081037765e-01 9.700543211387963397e-03 2.850220365960781099e-01 3.190232465472293000e-01 1.466322529264443064e+00 4.682368126050524132e-02 1.356725346970840240e+00 1.550311765971041256e+00 1.434878124762632323e+00 2.100534251411662057e-02 1.400270581489299060e+00 1.475887681478983859e+00
4.925628140703517954e-01 4.119480982491459109e-01 5.716811977189136494e-03 4.066617611481948003e-01 4.248307809246725797e-01 2.998369332922933284e-01 9.339185411059346131e-03 2.831879606058518295e-01 3.149237581971767730e-01 1.463678165687553934e+00 4.960803855454515993e-02 1.345281472823806057e+00 1.551377701063188619e+00 1.428175943468310116e+00 2.065794524482307201e-02 1.397117929844810647e+00 1.474320702939529104e+00
4.975376884422110790e-01 4.130116794699857929e-01 5.646651739387560653e-03 4.072351701119565348e-01 4.257917973853829752e-01 2.985039163798874351e-01 9.299622684244761989e-03 2.817838983187585522e-01 3.146209066675950683e-01 1.459363140830317151e+00 4.733746258387838690e-02 1.347960778785046276e+00 1.540680463342246176e+00 1.420450047233262625e+00 1.913456694530530494e-02 1.392441287417770734e+00 1.463806639554544597e+00
5.025125628140703071e-01 4.147302109643717927e-01 5.366993957681160526e-03 4.093511060535971469e-01 4.261164086012472763e-01 2.968211933472651998e-01 8.273950395941576802e-03 2.815749842752360288e-01 3.080696227051017422e-01 1.452714504775737936e+00 4.895962074008719522e-02 1.331103359549244303e+00 1.530963309626079516e+00 1.411913052489435660e+00 2.009938137922406831e-02 1.379520416038944042e+00 1.455610322350815666e+00
5.074874371859295907e-01 4.161844046374656436e-01 5.087464652666734768e-03 4.111211853139254968e-01 4.275215728374248125e-01 2.954639840775067361e-01 8.701623441111987559e-03 2.783988008877072429e-01 3.083293537271868945e-01 1.449585920002212314e+00 4.617770402695522969e-02 1.336052330575516756e+00 1.523999681382516291e+00 1.403253381474438344e+00 1.854231445423550409e-02 1.370292994348983662e+00 1.438077081067117513e+00
5.124623115577889854e-01 4.173746815202830085e-01 4.721305896493372019e-03 4.119825311617162367e-01 4.271373912285340024e-01 2.938318577184283464e-01 8.042608531698589372e-03 2.778491915935456524e-01 3.048380942318970610e-01 1.444238761873295029e+00 4.536392226155793600e-02 1.346213457018187176e+00 1.530269225279497602e+00 1.395692956431667131e+00 2.035618497283455536e-02 1.357099997003370140e+00 1.431389935802539926e+00
5.174371859296482690e-01 4.182154009064449340e-01 4.487401842365032999e-03 4.135189952218793485e-01 4.282213194952084190e-01 2.925712053557827375e-01 8.122266763208846330e-03 2.778929977124003359e-01 3.059383189910254708e-01 1.438245152915161862e+00 4.206396905400118513e-02 1.350503114680282613e+00 1.515610782995292505e+00 1.386501568209213220e+00 2.047702284176324689e-02 1.349610796972706250e+00 1.427653245577661378e+00
5.224120603015075526e-01 4.193192269288983920e-01 4.385749254200568131e-03 4.146369858285610110e-01 4.293416847254913904e-01 2.903586124260749135e-01 8.291845966071768534e-03 2.754499178090698552e-01 3.050384994728869148e-01 1.435395604054257479e+00 4.262362326135225865e-02 1.354793509138208396e+00 1.505956492364862287e+00 1.377261594414834978e+00 2.149568945867154357e-02 1.337881973405438352e+00 1.423887574645213983e+00
5.273869346733668362e-01 4.206248899940341346e-01 4.334394080393543479e-03 4.161554342896113257e-01 4.302790868786449119e-01 2.883260002564259072e-01 8.004045158722434064e-03 2.743672598607515556e-01 3.014579719436273342e-01 1.433014950448135094e+00 4.474768587370258482e-02 1.356249715143406087e+00 1.508496878609677072e+00 1.370960352315379938e+00 2.053164508060227600e-02 1.337850291665845459e+00 1.412797261196129250e+00
5.323618090452261198e-01 4.215320278121086339e-01 3.798871140004542353e-03 4.169166542446185453e-01 4.295580980542436089e-01 2.864678972823815339e-01 7.923631511450727680e-03 2.719281295538715226e-01 2.986369168284979114e-01 1.429304235810751056e+00 4.390886144609040115e-02 1.349085826758147144e+00 1.492269015904108986e+00 1.362879974303067510e+00 1.922648090926457748e-02 1.331221374663673185e+00 1.399969326302750616e+00
5.373366834170854034e-01 4.226334567790910879e-01 3.882854509219673626e-03 4.178299573585680382e-01 4.308146578458674769e-01 2.850527644913222192e-01 7.851043472675860516e-03 2.695893329672593430e-01 2.977708023884074739e-01 1.421887217393488223e+00 4.227025254731068410e-02 1.345866998702043515e+00 1.486795793266922905e+00 1.356838663097554853e+00 2.047789228235263534e-02 1.327357543972491172e+00 1.399392218934139009e+00
5.423115577889447980e-01 4.236570326247569573e-01 3.895799480237731663e-03 4.186346734386215962e-01 4.318367404544463106e-01 2.830941176147471761e-01 8.124704456403298788e-03 2.683703876239239006e-01 2.982012057692757789e-01 1.415820587405074438e+00 4.108627619121423685e-02 1.350345159315113008e+00 1.487385512129479226e+00 1.349704420547953143e+00 1.947550396408251686e-02 1.324106736337414825e+00 1.389249905198814528e+00
5.472864321608040816e-01 4.247570827546212624e-01 3.935234610832584294e-03 4.198983409093573482e-01 4.331618915591304853e-01 2.809903040055112822e-01 8.297364579570183293e-03 2.663041208770681734e-01 2.960242239662795871e-01 1.406526171397028957e+00 4.051118434160463910e-02 1.339553056947106358e+00 1.473358858223917656e+00 1.342294653772956536e+00 1.812455643422503440e-02 1.315125314523289735e+00 1.373430076841238412e+00
5.522613065326633652e-01 4.259854159198607770e-01 4.001711322856480943e-03 4.208841592537478360e-01 4.344658173931733591e-01 2.787020023306110983e-01 8.211370249300416202e-03 2.655218658262977205e-01 2.949360828732192630e-01 1.397483710277810376e+00 3.809399030324552016e-02 1.334062198461734683e+00 1.450763472507342389e+00 1.333611280105601704e+00 1.696709678736259275e-02 1.307299723598545738e+00 1.363190664163272281e+00
5.572361809045226488e-01 4.271289377604927107e-01 4.212955447927300284e-03 4.213266125702465059e-01 4.359504091626770217e-01 2.773017069948702229e-01 9.071816785660595517e-03 2.607232036406154085e-01 2.949500327285450862e-01 1.396717173817267232e+00 3.834284116521807784e-02 1.326710620432849153e+00 1.454744443139697641e+00 1.327094308283644608e+00 1.651952357480957964e-02 1.306407827299634672e+00 1.357972068758090289e+00
5.622110552763819324e-01 4.279970176898362233e-01 3.842726866830834410e-03 4.225519944967336960e-01 4.361285329443369552e-01 2.753419154871616925e-01 9.023321613746432962e-03 2.576101197196724590e-01 2.928591220515470162e-01 1.386873721811446858e+00 3.555755992068285187e-02 1.322130570740895905e+00 1.451866943036503876e+00 1.322704909110997473e+00 1.655050989975666992e-02 1.302160460352969507e+00 1.354432929734314728e+00
5.671859296482412161e-01 4.291697963735298660e-01 3.634382232357463369e-03 4.243122663207077871e-01 4.370010190146895734e-01 2.737591938048661300e-01 8.588491694545705851e-03 2.579314757222078702e-01 2.907294225246396802e-01 1.378543844164524357e+00 3.428678115538010690e-02 1.322360710740297485e+00 1.440845838780444144e+00 1.315251308626929072e+00 1.652265914666377691e-02 1.295100959220973680e+00 1.347054972398171735e+00
5.721608040201004997e-01 4.299010529086703114e-01 3.521767766713334181e-03 4.252495264999364699e-01 4.375173094447392108e-01 2.717375737286589210e-01 8.089921305155891793e-03 2.564996351202458169e-01 2.879475784038409980e-01 1.372113273787584742e+00 3.587336628090511542e-02 1.317017909983515755e+00 1.432016720940365806e+00 1.306893405235366679e+00 1.621669913663097151e-02 1.290341618968585458e+00 1.341377895120922981e+00
5.771356783919597833e-01 4.309107874195616250e-01 3.225081317523889428e-03 4.269761354857090629e-01 4.376679821915185342e-01 2.702867460972261937e-01 8.005642728096147923e-03 2.565402417425806103e-01 2.884163423387213765e-01 1.359978699091334065e+00 3.888126731121600149e-02 1.300015723776679399e+00 1.428873502663479789e+00 1.301899078455218017e+00 1.551119331411080979e-02 1.286595017260528939e+00 1.332775870800453788e+00
5.821105527638190669e-01 4.317954734866041866e-01 3.309971547620753959e-03 4.276034384671232869e-01 4.385981497788087324e-01 2.685286846492290769e-01 7.837575355205055744e-03 2.558451947047962194e-01 2.856268907542615643e-01 1.347230930826125883e+00 3.701781221845566738e-02 1.294401091734648235e+00 1.403089512622293311e+00 1.298530071606601277e+00 1.680077810844823535e-02 1.281889074716721533e+00 1.333899244402162676e+00
5.870854271356784615e-01 4.327698353288848554e-01 3.149701116032544226e-03 4.296217412560293658e-01 4.399244067411502979e-01 2.659200965196976685e-01 6.615059573196326731e-03 2.560142992777044157e-01 2.795087549002556737e-01 1.339610507065912559e+00 3.586050499881777986e-02 1.290221022400749318e+00 1.397777994275135383e+00 1.292585873197388491e+00 1.800158969289522223e-02 1.272520421553253289e+00 1.328850946863488813e+00
5.920603015075377451e-01 4.336234069364148236e-01 2.891656013401092996e-03 4.308109584282941440e-01 4.399842977218840767e-01 2.641811511823194403e-01 6.002258532658391252e-03 2.560992833315213213e-01 2.753370305879169200e-01 1.326726337868546768e+00 3.422799061297345652e-02 1.275689746100314270e+00 1.387460778770244874e+00 1.285900914929487771e+00 1.731627898220940501e-02 1.261866115475409611e+00 1.320162874632746730e+00
5.970351758793970287e-01 4.347253731349073891e-01 2.737338796382822285e-03 4.317045316099848984e-01 4.403399592533866480e-01 2.624394528898646994e-01 6.019591295706020785e-03 2.522808480110650953e-01 2.734456525545311267e-01 1.320800455308159593e+00 3.444796608887030348e-02 1.259541244631103396e+00 1.377597083099691311e+00 1.279861521392425816e+00 1.680559253834014791e-02 1.256756075543270512e+00 1.312455602359116291e+00
6.020100502512563123e-01 4.353818931541094672e-01 2.444379422538436094e-03 4.325370579917549585e-01 4.397362005676723751e-01 2.615881517654757848e-01 6.096055517681607180e-03 2.512970203973519667e-01 2.715752284526015692e-01 1.314894142435883317e+00 3.202916801601506103e-02 1.258827852541178238e+00 1.372472453833202710e+00 1.273729863593390466e+00 1.787012872084350890e-02 1.253252491260866908e+00 1.308185672802569810e+00
6.069849246231155959e-01 4.363554550391909315e-01 2.406042239708535736e-03 4.329735480424785066e-01 4.404191841028786136e-01 2.597481624940673473e-01 6.699864593128376962e-03 2.496165942677690819e-01 2.713390975298664576e-01 1.304365358058005464e+00 3.478761985795887635e-02 1.249155618166848170e+00 1.367390577910412297e+00 1.268922430338063734e+00 1.751506623330381998e-02 1.248894193654343399e+00 1.301872655410300617e+00
6.119597989949748795e-01 4.372353494109481042e-01 2.588110301949857715e-03 4.338648421715791681e-01 4.416498934650267549e-01 2.586459739929971580e-01 7.304465336692116464e-03 2.464153041615627093e-01 2.708167102696035222e-01 1.296208868794114233e+00 3.522799395007189527e-02 1.235410806435061293e+00 1.362419294019840965e+00 1.263120754535955292e+00 1.875042937901926637e-02 1.238934679916299908e+00 1.297611154172541026e+00
6.169346733668341631e-01 4.380600593077677019e-01 2.580051670373477088e-03 4.344948177669503142e-01 4.424327527882712663e-01 2.575662919448437060e-01 6.924319735797042179e-03 2.450522081271543917e-01 2.672506347416964134e-01 1.286246558424399167e+00 3.737655921956426625e-02 1.217139185636688214e+00 1.351350948887968917e+00 1.258328399239425632e+00 1.919107001353186071e-02 1.231759565850629734e+00 1.292829688467209692e+00
6.219095477386934467e-01 4.387906323096114614e-01 2.618210112251369379e-03 4.353826338622607817e-01 4.429336219779436701e-01 2.557605559304649834e-01 6.575534657475567979e-03 2.431019264197626650e-01 2.655668257646481845e-01 1.275524562315619947e+00 3.761726770823316940e-02 1.211872951616905558e+00 1.343710695322442250e+00 1.253610879835787228e+00 1.855701642755978181e-02 1.227675632711860310e+00 1.286658826082316409e+00
6.268844221105528414e-01 4.395110272689004560e-01 2.786447231685197558e-03 4.361610450893321778e-01 4.442714417376206759e-01 2.546262647954629643e-01 6.349097464726050771e-03 2.430326750981408046e-01 2.636352905999542751e-01 1.267158041307454130e+00 4.056598156592420429e-02 1.200110540725832342e+00 1.348970293718174007e+00 1.248004600241901185e+00 1.688811540456851973e-02 1.223092857431534952e+00 1.279651973540696597e+00
6.318592964824121250e-01 4.397898211379772659e-01 2.657911991004618859e-03 4.364761438182199194e-01 4.445633775795036491e-01 2.532251992961657150e-01 6.522782712280601226e-03 2.411356454628520718e-01 2.618689752196993736e-01 1.256357719740477830e+00 4.181470912368353415e-02 1.183470079166851763e+00 1.332300484636895321e+00 1.243795929161965130e+00 1.668980323342339131e-02 1.219034160862138449e+00 1.275779204283277846e+00
6.368341708542714086e-01 4.403187141012775419e-01 2.669281422243971903e-03 4.366752755226641636e-01 4.455845521377814755e-01 2.516633677327054230e-01 6.749507470170357584e-03 2.392680938073396546e-01 2.612476579330668125e-01 1.245226449436553029e+00 4.279042385213743110e-02 1.166572413956518117e+00 1.319178724495711608e+00 1.238758310753920622e+00 1.724735949842892344e-02 1.215303972147984579e+00 1.270264943970092819e+00
6.418090452261306922e-01 4.412505731651737984e-01 2.770178971715062891e-03 4.378520834563673914e-01 4.470018482875298682e-01 2.499765933917732497e-01 7.113932711910921601e-03 2.378311222164373462e-01 2.601296108084035219e-01 1.235041674276702528e+00 4.316887428698535506e-02 1.151627276551809187e+00 1.306994380444714388e+00 1.233820253232293496e+00 1.733271603814488804e-02 1.209307289387326456e+00 1.264696619790145693e+00
6.467839195979899758e-01 4.419291227071583394e-01 3.030952953713112775e-03 4.376946377362870844e-01 4.480068675295396652e-01 2.486438768405734856e-01 7.670138594854047920e-03 2.360519110001766951e-01 2.606550781038030618e-01 1.224484419196428142e+00 4.344663573253672306e-02 1.144503055823193227e+00 1.300417541114656128e+00 1.228691909017731509e+00 1.712103443944772846e-02 1.207640211722317725e+00 1.261327646498904054e+00
6.517587939698492594e-01 4.427332946084757692e-01 2.764063892769649203e-03 4.391499756351493478e-01 4.488289722010201377e-01 2.476180766863788629e-01 7.975438169237210675e-03 2.340829222310793489e-01 2.602773689088166420e-01 1.210715884549618204e+00 4.271458131974854161e-02 1.132608288984325196e+00 1.286720944344865725e+00 1.222457906151149798e+00 1.631220698896512777e-02 1.202078303349328303e+00 1.251316438587597446e+00
6.567336683417085430e-01 4.431902334841101299e-01 2.934636502737092423e-03 4.395262973878197310e-01 4.500002724748785599e-01 2.465721759674051050e-01 7.696828600375233212e-03 2.329140227495377913e-01 2.571485135376255782e-01 1.198908102767265671e+00 4.115088315492659160e-02 1.122596716570967601e+00 1.269105412313145775e+00 1.216645268390597057e+00 1.684538693845172644e-02 1.196907958719479304e+00 1.247444822303039436e+00
6.617085427135678266e-01 4.438616411264305617e-01 2.887478086645913281e-03 4.401582214643839919e-01 4.510060355680831634e-01 2.445685343190611705e-01 7.613986672099419192e-03 2.312065925218109996e-01 2.568191841592019631e-01 1.186262178041862514e+00 4.424674300805944011e-02 1.105750299525208646e+00 1.264332664793027972e+00 1.212789268420370270e+00 1.640437225839192631e-02 1.194549972494287626e+00 1.244247943529925626e+00
6.666834170854271102e-01 4.447147510377800761e-01 2.906337452100031613e-03 4.412139609135410923e-01 4.518875947154514794e-01 2.433959599025474208e-01 7.499701514923285545e-03 2.310817043430028472e-01 2.563918141092905723e-01 1.175441173821590635e+00 4.567021071221525480e-02 1.092604153081616847e+00 1.256972966399277025e+00 1.207898008710221349e+00 1.613849959136634191e-02 1.189087479109670831e+00 1.243398319084033865e+00
6.716582914572865048e-01 4.454080736385302997e-01 3.072162392875604255e-03 4.411952219149572474e-01 4.526779134406916372e-01 2.420374729619620413e-01 6.938082328529849088e-03 2.307521410108203108e-01 2.535624308728192666e-01 1.162953057463652629e+00 4.623921757056707882e-02 1.085546049384914724e+00 1.239759771306792047e+00 1.205031537616896076e+00 1.611938459200372778e-02 1.183756196231886104e+00 1.239939933480531664e+00
6.766331658291457885e-01 4.460223633581013591e-01 3.026396105000074381e-03 4.421453288838962381e-01 4.531212329591009502e-01 2.406903064560987349e-01 7.220098426126296022e-03 2.298734721480522880e-01 2.527257761198893893e-01 1.150085366489833172e+00 4.878689540186598866e-02 1.066335613519886483e+00 1.229475976166052309e+00 1.200082161415290338e+00 1.597368605685936527e-02 1.179302899605061405e+00 1.231761837254002456e+00
6.816080402010050721e-01 4.467822933711672606e-01 3.010576439041964727e-03 4.428074905605832168e-01 4.541017389279403682e-01 2.389461036063718069e-01 7.367843569960669595e-03 2.277844745183759123e-01 2.511643500138871499e-01 1.135947983662276783e+00 4.686133927779842501e-02 1.054657812345354273e+00 1.205799665021206835e+00 1.195372015117852849e+00 1.574041278636923238e-02 1.176565357675868118e+00 1.227420787589130091e+00
6.865829145728643557e-01 4.476953187452410998e-01 2.863631461732973633e-03 4.435900030364306468e-01 4.542449812059390357e-01 2.376943055318854192e-01 6.900560599182594193e-03 2.275297218006489264e-01 2.501965040853431077e-01 1.121723073762540324e+00 4.331993986282959425e-02 1.042331469568863245e+00 1.190397332410664033e+00 1.192052363824755767e+00 1.566169683827080619e-02 1.172035124609527301e+00 1.222665818915443348e+00
6.915577889447236393e-01 4.486280962163406438e-01 2.656222611190443925e-03 4.450864971668853087e-01 4.550067944101648942e-01 2.365547848485466953e-01 6.683400697417735473e-03 2.265460592310057364e-01 2.477158907659680886e-01 1.107079468106690223e+00 4.324281304638565721e-02 1.028755040435003210e+00 1.186610529131385539e+00 1.187088390732721432e+00 1.555002323753222962e-02 1.165293302086338079e+00 1.217216606256629863e+00
6.965326633165829229e-01 4.493393014137881947e-01 2.576753458973650955e-03 4.458956152246678073e-01 4.551724034620741044e-01 2.348543474357200900e-01 6.535852068077759557e-03 2.224964106925565177e-01 2.433147266627677108e-01 1.092782781857816188e+00 4.230598703723738307e-02 1.014164698576868417e+00 1.170739237304341041e+00 1.182473729870678003e+00 1.430384433106568140e-02 1.162415542182606343e+00 1.211179214917617708e+00
7.015075376884422065e-01 4.502112193863655465e-01 2.584605886608051101e-03 4.461990955111246326e-01 4.556187286363458933e-01 2.332121565520102191e-01 6.641470373656004587e-03 2.220295119756602598e-01 2.426215489353431287e-01 1.082934207390128689e+00 4.130065327790705815e-02 1.009453276120409804e+00 1.163965212589987974e+00 1.179004566935276888e+00 1.390940377595376726e-02 1.159960103228100170e+00 1.205412890166876583e+00
7.064824120603014901e-01 4.509362127037904178e-01 2.472927458134917787e-03 4.472110778870777570e-01 4.560073702788705607e-01 2.321623798290088081e-01 6.801566295913719952e-03 2.213045122762013761e-01 2.426585296957032845e-01 1.072628669184179540e+00 4.054124991537663009e-02 1.000403526001188981e+00 1.152887125444226113e+00 1.175200242501928560e+00 1.340903757046802737e-02 1.156436550207925906e+00 1.198848843027844779e+00
7.114572864321608847e-01 4.513344268648709634e-01 2.440388832095520891e-03 4.474927475760469009e-01 4.562471254476062055e-01 2.304240613298609852e-01 6.399976703619537563e-03 2.199879675365053466e-01 2.419491730287451070e-01 1.062139836963436279e+00 4.154339086785874269e-02 9.925997392354587445e-01 1.141914196891450795e+00 1.170706169324602142e+00 1.316820201014157546e-02 1.152627437038091562e+00 1.196159976208709175e+00
7.164321608040201683e-01 4.518336937161031019e-01 2.627964037482911734e-03 4.470533151401360761e-01 4.568047804669562173e-01 2.282448915212952067e-01 6.584546712748523545e-03 2.168087097146796927e-01 2.379228266354182220e-01 1.046711568949773241e+00 3.972349179509426093e-02 9.893346965399969495e-01 1.131785761080488451e+00 1.166549929968098365e+00 1.234804452108370816e-02 1.149124523996057246e+00 1.188849524248021927e+00
7.214070351758794519e-01 4.523560704556426337e-01 2.781597769161113076e-03 4.464898827708028706e-01 4.564303474952592365e-01 2.267947337881604519e-01 6.267636379585217465e-03 2.157852969524870768e-01 2.367275118261052691e-01 1.031229041871373875e+00 3.613691999151858597e-02 9.822010704860527630e-01 1.104692012732972239e+00 1.162963004555716884e+00 1.217632143044087775e-02 1.144605278813986216e+00 1.183532371413830830e+00
7.263819095477387355e-01 4.531768559571537902e-01 2.799045977472775903e-03 4.469720190288914985e-01 4.568370336813576960e-01 2.248899829710776233e-01 6.574269248955611974e-03 2.141651338021314244e-01 2.342412755988802220e-01 1.020654219908649907e+00 3.575796308951042363e-02 9.757181419685158064e-01 1.087227748561277796e+00 1.159525065123180543e+00 1.195334526156089164e-02 1.140954565774860319e+00 1.179637647535894951e+00
7.313567839195980191e-01 4.539688412050454924e-01 3.124904752544491963e-03 4.469932120343717563e-01 4.578944688002441477e-01 2.239048580917863962e-01 6.498288414089569559e-03 2.132605714436925370e-01 2.328279187369139414e-01 1.009479098561672172e+00 3.690015130869588739e-02 9.496937765180305524e-01 1.074133635038329260e+00 1.155697598753210986e+00 1.155618553457001159e-02 1.139418395184504940e+00 1.175292294359074230e+00
7.363316582914573027e-01 4.545652403202194991e-01 3.193503229371180783e-03 4.476871502522929425e-01 4.586029438663060676e-01 2.222390852246336479e-01 7.031674576799636610e-03 2.111197526463434171e-01 2.313597076778665385e-01 9.947842380580180777e-01 3.674356118740167848e-02 9.296953092443316358e-01 1.060181609486848142e+00 1.151642803679442384e+00 1.094511266390285099e-02 1.137166262296795516e+00 1.169722215172132262e+00
7.413065326633165864e-01 4.551496398245585828e-01 2.979111368169403817e-03 4.487268327106271326e-01 4.587617917659279621e-01 2.206954740665471593e-01 7.108152514343985331e-03 2.099071598024906393e-01 2.303326096815633273e-01 9.832971280798876723e-01 3.481613859396770483e-02 9.200757021228628263e-01 1.042698194523148159e+00 1.147457366980798144e+00 1.032511628809353911e-02 1.136180419469090097e+00 1.165177182939755030e+00
7.462814070351758700e-01 4.556132682844317161e-01 3.206866600402162506e-03 4.488268442925072987e-01 4.597559588000251773e-01 2.191271114990173685e-01 6.890276505052984543e-03 2.090549775225337970e-01 2.286523018365231308e-01 9.692164182121185689e-01 3.307326108074531978e-02 9.090714468344945898e-01 1.029121781901168209e+00 1.143848767223436091e+00 9.595449917546849949e-03 1.130948227325340838e+00 1.158683508420091934e+00
7.512562814070351536e-01 4.562340896309413085e-01 2.978621070486678866e-03 4.501437908990784109e-01 4.604002300251875957e-01 2.172280706737368394e-01 6.066334080593798611e-03 2.085264307266692096e-01 2.257337555392661121e-01 9.591732795872761619e-01 3.410440844394341253e-02 8.970700258280175365e-01 1.020158038387317223e+00 1.139229070646865738e+00 9.302946287025283187e-03 1.125562216541076799e+00 1.156330077841568382e+00
7.562311557788945482e-01 4.566099166546370158e-01 2.674775290962885192e-03 4.510979547675028622e-01 4.606238038519415712e-01 2.154866898317555624e-01 5.663068355951417047e-03 2.068463894127771097e-01 2.242984920054875431e-01 9.478191679436157591e-01 3.319594874201740875e-02 8.869276486171663310e-01 1.003746581924788606e+00 1.135362311299304983e+00 8.224603709284806705e-03 1.121884460364311886e+00 1.150882706536395350e+00
7.612060301507538318e-01 4.568946395916276826e-01 2.499037515137801299e-03 4.515526733951608640e-01 4.605908844693830106e-01 2.139797739275586252e-01 5.571444170637942193e-03 2.050113081716895824e-01 2.229439174693466919e-01 9.363561872817752763e-01 3.110080010428116493e-02 8.836918912390401282e-01 9.945232856521506459e-01 1.132240294681255532e+00 8.074289846677037627e-03 1.118504307491692940e+00 1.144884213669909112e+00
7.661809045226131154e-01 4.574701025680843469e-01 2.448796200473243086e-03 4.518919419326534181e-01 4.613012982032437259e-01 2.126691663245095509e-01 5.751647026037810286e-03 2.041099186882084915e-01 2.214845372204588547e-01 9.235403555897112593e-01 2.943592570845438017e-02 8.760032703732372195e-01 9.767994779913676817e-01 1.128289228985752901e+00 6.958253031209277531e-03 1.116181510309439018e+00 1.141099569350209952e+00
7.711557788944723990e-01 4.581093694677167427e-01 2.294164339149513173e-03 4.525381926607525140e-01 4.612925964806173784e-01 2.110166541104391835e-01 5.740858656072382778e-03 2.018946259684083477e-01 2.206662419594153657e-01 9.113490294308743689e-01 3.219338801388506310e-02 8.622774604706797685e-01 9.694357452342339254e-01 1.124607039534209152e+00 7.489261254952478061e-03 1.113152645087674975e+00 1.137247980100765554e+00
7.761306532663316826e-01 4.583543204207038424e-01 2.266942721505137842e-03 4.529152182631471235e-01 4.613441886386320245e-01 2.093174742132247468e-01 5.405580495621922950e-03 1.988989281726415703e-01 2.175229467459312560e-01 8.983093865324407457e-01 2.887271740758027769e-02 8.489913971570230977e-01 9.466522384502910059e-01 1.120135793165527804e+00 8.550555693781158872e-03 1.105843686488170219e+00 1.133229599796238718e+00
7.811055276381909662e-01 4.588225917694535028e-01 2.302748961944807524e-03 4.530001084658302202e-01 4.616886582758647495e-01 2.074758892846302327e-01 5.224900098652777991e-03 1.977956070290489421e-01 2.158274010082699146e-01 8.876560902883030568e-01 2.811225701846701078e-02 8.422698292267464248e-01 9.319195203947722161e-01 1.116434041650187003e+00 8.834752648956415919e-03 1.103750711092089443e+00 1.130216562999558416e+00
7.860804020100502498e-01 4.590479795581707267e-01 2.136668660887367389e-03 4.535381623757731573e-01 4.617121116596188402e-01 2.055316999530330813e-01 5.346911032840701711e-03 1.951975469811204900e-01 2.145515287260583159e-01 8.740167425475766638e-01 2.954427097238840338e-02 8.282706543986337877e-01 9.217270737985320261e-01 1.111756343171360184e+00 8.479593007552299611e-03 1.100712369887790754e+00 1.124629948789727329e+00
7.910552763819095334e-01 4.593107593345316930e-01 1.977053743408752409e-03 4.544899757228708093e-01 4.617071380149682103e-01 2.041680512739997011e-01 4.961493683903264729e-03 1.938150939023956520e-01 2.128301891638236520e-01 8.630820480613342616e-01 3.105874719715747204e-02 8.059461406997113775e-01 9.109753720697335577e-01 1.108539247264371141e+00 9.333253423116654249e-03 1.095575746508522963e+00 1.122787719618159263e+00
7.960301507537689281e-01 4.597841631669017382e-01 1.874867716413753087e-03 4.554421884400626785e-01 4.625329404488557339e-01 2.023644367790632947e-01 4.669831860691451425e-03 1.928162869989414885e-01 2.113320491238499244e-01 8.521791776829672482e-01 2.936039289892486068e-02 7.984376990953652165e-01 8.954704562504638421e-01 1.104901787434737326e+00 8.816290850005407270e-03 1.090664458709305285e+00 1.119874564231138736e+00
8.010050251256282117e-01 4.601551163250706122e-01 1.828437649418167927e-03 4.564740335264829696e-01 4.630544252624727020e-01 2.005013086383923560e-01 5.145203341371975062e-03 1.900572553015070221e-01 2.093878547502138476e-01 8.404875317187927575e-01 2.862700276878634917e-02 7.903090737642615160e-01 8.863686871221215791e-01 1.100926652539836237e+00 9.120545890390885022e-03 1.085030515780405658e+00 1.117980316054851375e+00
8.059798994974874953e-01 4.602954646153657459e-01 1.503174282068739593e-03 4.572398703710332524e-01 4.621191285651439218e-01 1.988895325447604390e-01 5.367904936099380901e-03 1.889854978196684743e-01 2.080077730329950025e-01 8.297533311285167912e-01 2.981207899400878381e-02 7.748631216872176042e-01 8.737427818817862235e-01 1.097659256670501460e+00 8.836404890200639725e-03 1.083242628722598466e+00 1.113690060191759867e+00
8.109547738693467789e-01 4.606538879690259547e-01 1.490037877371440302e-03 4.575764267996565993e-01 4.624293208731424243e-01 1.965359680645648033e-01 5.212582729581752110e-03 1.872586155939383323e-01 2.053300298223197096e-01 8.165065954023011940e-01 2.873661918130191589e-02 7.625734438542057791e-01 8.537713153631782959e-01 1.094243393590732305e+00 8.685856055724638924e-03 1.080420053356655474e+00 1.110134193264972202e+00
8.159296482412060625e-01 4.608621415080761952e-01 1.632312008703742283e-03 4.571694308063994350e-01 4.631209840134286604e-01 1.945050622964213660e-01 5.643359553115279842e-03 1.841406428572794074e-01 2.041181497764529007e-01 8.039205898355736846e-01 2.846254915059604623e-02 7.521615645209089873e-01 8.403886272400686863e-01 1.090923517016041178e+00 8.808462009367450801e-03 1.074040335352347553e+00 1.106201419224928761e+00
8.209045226130653461e-01 4.609964001378998866e-01 1.740989025911163484e-03 4.571373187214144429e-01 4.631887027417113667e-01 1.926826500798608233e-01 4.919114130612323513e-03 1.841677246647977495e-01 2.003947005849363860e-01 7.920395504417283572e-01 2.681382364099576393e-02 7.453686960044141330e-01 8.245758009648366249e-01 1.088171974838836098e+00 7.837774564295843169e-03 1.072671724280612304e+00 1.101086841022659302e+00
8.258793969849246297e-01 4.614432009160512327e-01 2.010746360317126284e-03 4.574710927649355274e-01 4.640180882427595299e-01 1.909084468283049341e-01 4.372698768331689453e-03 1.831418508905383602e-01 1.980956876511116849e-01 7.800165781609756932e-01 2.598709196241023173e-02 7.338099504853954347e-01 8.092312590425170260e-01 1.085187197796833036e+00 7.844613074079128529e-03 1.070312268242989751e+00 1.097340533945316388e+00
8.308542713567839133e-01 4.620149999509164940e-01 2.094413518172176004e-03 4.582040096495879067e-01 4.652344240927652197e-01 1.895193798257784612e-01 4.515384864918441446e-03 1.825177380347611511e-01 1.961658913976058183e-01 7.689716906744760161e-01 2.705911676861379525e-02 7.183061535509541740e-01 7.980969890313658333e-01 1.081628363896683487e+00 7.474790066473947260e-03 1.066475628104918139e+00 1.092142759568701438e+00
8.358291457286431969e-01 4.624194306313100244e-01 1.932117442467785407e-03 4.588310622082345525e-01 4.657978893179540725e-01 1.877288954475436478e-01 4.775253084444018754e-03 1.800212944708386165e-01 1.952777138295553327e-01 7.555014875061749624e-01 2.426872572961322541e-02 7.098022123207063938e-01 7.802069298025463562e-01 1.077831811759627723e+00 6.685057207792894328e-03 1.064817952489578889e+00 1.087191915449704727e+00
8.408040201005025915e-01 4.629157844468819727e-01 2.013480936881288479e-03 4.593870310970172843e-01 4.664848618125215785e-01 1.863996149384948564e-01 4.784356013110125858e-03 1.788705700566598777e-01 1.941496613823121276e-01 7.448518276556184148e-01 2.468634583503470648e-02 6.990930555578498407e-01 7.693172975358293364e-01 1.074600451165408810e+00 7.263336866989131106e-03 1.060666397940941641e+00 1.084990116569515939e+00
8.457788944723618751e-01 4.629384543490523418e-01 1.873464969651640697e-03 4.599143410585707636e-01 4.672759970368783322e-01 1.847886644909276788e-01 4.706516812145438572e-03 1.768013021536485319e-01 1.930036752701031477e-01 7.327252168091176188e-01 2.255571860330716702e-02 6.911199367875542343e-01 7.560677972358826882e-01 1.072045637259948947e+00 7.471457468993320666e-03 1.058661801537340574e+00 1.082317624857183525e+00
8.507537688442211588e-01 4.632868487681466307e-01 1.825440120674104178e-03 4.608198417788722523e-01 4.676350581781238969e-01 1.830234692904937344e-01 5.046691477997303915e-03 1.741681459976345547e-01 1.916480366978347283e-01 7.207838801984317589e-01 1.971547142810258987e-02 6.786607432674164331e-01 7.443201640122337759e-01 1.068373975642510798e+00 7.193014732132740896e-03 1.055321938579753205e+00 1.079379641318207739e+00
8.557286432160804424e-01 4.632409729233330498e-01 1.853764829015276281e-03 4.603243835077971413e-01 4.675166128763770801e-01 1.815435040402252898e-01 4.924433088532515282e-03 1.717242523271594878e-01 1.882439600998982443e-01 7.097023208005210915e-01 2.037157650995973651e-02 6.638262228540651178e-01 7.336785668879901579e-01 1.065064119617876504e+00 6.877702540754076360e-03 1.053996548841755088e+00 1.077029748412285493e+00
8.607035175879397260e-01 4.632566794326694604e-01 1.796042066264606080e-03 4.608230777615534568e-01 4.679142578378558404e-01 1.801405418652555768e-01 4.373868290646493358e-03 1.710108225115013203e-01 1.862666786065540758e-01 6.975303583868825985e-01 2.192048189426011248e-02 6.504758849096542450e-01 7.239805375407548649e-01 1.061126998036098446e+00 5.966958190687311064e-03 1.051528005912635733e+00 1.073830621348217385e+00
8.656783919597990096e-01 4.630789673181768262e-01 1.918686803550096647e-03 4.610020390408056112e-01 4.682946255730243146e-01 1.786618918723313354e-01 4.338364644937135750e-03 1.700262856007330459e-01 1.848695302938944685e-01 6.850980053790818314e-01 2.132699801221133243e-02 6.392120440859815345e-01 7.107828339137882701e-01 1.057614744031240672e+00 5.415627571872410652e-03 1.049097913000542892e+00 1.068783636186891428e+00
8.706532663316582932e-01 4.631738984569079842e-01 1.916669405405085772e-03 4.612198835390071694e-01 4.683533591652086492e-01 1.772274475708953134e-01 4.387057004640199445e-03 1.686291710392832377e-01 1.844633247143230570e-01 6.731805343051342483e-01 1.954501716778163714e-02 6.284503376883729953e-01 6.931269924061236321e-01 1.054143793898362436e+00 5.391990246592493971e-03 1.044904698589385950e+00 1.064219271072773809e+00
8.756281407035175768e-01 4.629808322516540398e-01 1.666708656753141922e-03 4.612952601143917031e-01 4.673864707017103548e-01 1.755387926688523337e-01 4.392192135485677856e-03 1.671712711859562328e-01 1.829996187304274990e-01 6.615210580874261170e-01 2.100288031771022426e-02 6.111504755759027407e-01 6.858915843665831513e-01 1.050404146191702637e+00 5.632517548732667891e-03 1.041008493377480804e+00 1.061153907175364619e+00
8.806030150753769714e-01 4.627847437595818958e-01 1.651553961783016992e-03 4.612801720803544336e-01 4.671670869015634997e-01 1.747378673602305865e-01 4.411161756882697391e-03 1.665359330652452508e-01 1.824890492018743648e-01 6.491671737613267101e-01 2.122751828056847895e-02 6.021620486315065746e-01 6.716526829521263231e-01 1.046825226001535825e+00 4.947169037788792453e-03 1.039428111906674390e+00 1.055414320586653965e+00
8.855778894472362550e-01 4.624309821248685504e-01 1.716603503963020326e-03 4.603344740747998820e-01 4.667738096789126878e-01 1.736999433798142589e-01 4.191252293063007367e-03 1.657887861028675969e-01 1.808178018885404637e-01 6.354319866413442597e-01 2.019292592226486563e-02 5.946015656507502856e-01 6.564608631760877611e-01 1.043445628440778039e+00 4.669878123820208130e-03 1.036001182716296265e+00 1.052149264572676213e+00
8.905527638190955386e-01 4.621512095586787217e-01 1.392663546570332110e-03 4.605828113368354848e-01 4.655999762048300683e-01 1.716645603073808091e-01 3.619885209495045213e-03 1.644041797364974855e-01 1.762001640496786703e-01 6.214566337857100331e-01 1.921199292531397887e-02 5.833960681790640868e-01 6.422483260673779171e-01 1.039216183960419704e+00 3.833760865819308469e-03 1.032953800905208830e+00 1.045936476627601808e+00
8.955276381909548222e-01 4.620440142124319638e-01 1.341804740440116816e-03 4.608655516333912683e-01 4.652871461463295444e-01 1.700660672600801948e-01 3.372295905261907950e-03 1.639530558102059443e-01 1.747301727194221777e-01 6.106496782749010199e-01 1.980066359702383968e-02 5.700117060270681879e-01 6.341319940602638816e-01 1.035188624205929830e+00 3.850511840546621926e-03 1.029273290142072028e+00 1.042229471101508542e+00
9.005025125628141058e-01 4.619139708319656146e-01 1.237366793976638936e-03 4.599810300701853150e-01 4.645533452584039713e-01 1.686883710844737094e-01 3.258642986129944592e-03 1.626368976216455986e-01 1.735118034464185333e-01 5.998387934888618211e-01 1.837475261400741897e-02 5.627027577164789296e-01 6.261339117548356814e-01 1.031702770745829056e+00 4.027688708870904438e-03 1.025230992665265406e+00 1.038248898851229507e+00
9.054773869346733894e-01 4.617944079771154620e-01 1.259455119598875761e-03 4.597665236535529165e-01 4.643626492518788118e-01 1.673541327415289381e-01 3.295254557198266758e-03 1.613593455050846837e-01 1.725622345639030997e-01 5.887856674742656393e-01 1.614285443032677930e-02 5.551153908677448623e-01 6.077679328602926256e-01 1.028190502656596950e+00 4.066512923395887956e-03 1.023456372634283573e+00 1.036229801804506190e+00
9.104522613065326730e-01 4.616931514835677097e-01 1.301099052793717320e-03 4.593432643510817481e-01 4.636387468698222603e-01 1.661366922793666989e-01 2.932826375378633048e-03 1.604673715117053701e-01 1.710904507577710731e-01 5.762522494184387778e-01 1.579094545615335188e-02 5.442452806395956522e-01 5.973906666216772798e-01 1.024543163471183904e+00 4.210939193274285813e-03 1.019246875152959531e+00 1.034421633286523923e+00
9.154271356783919567e-01 4.613085714813457971e-01 1.305358188570054706e-03 4.594301648385140102e-01 4.631715667694060179e-01 1.641185646622139449e-01 2.949173864809158125e-03 1.597826760335090135e-01 1.693657641900079558e-01 5.642245483481725943e-01 1.692426444868775845e-02 5.317622214013779658e-01 5.894567422741392448e-01 1.020801342548841140e+00 3.755068586966303548e-03 1.016420492757093896e+00 1.030268898672296540e+00
9.204020100502512403e-01 4.610750374259214301e-01 1.203717625659756407e-03 4.592007615510191876e-01 4.627288127088965974e-01 1.628138215286765722e-01 2.837645260350646608e-03 1.586307710738722454e-01 1.672070888472568240e-01 5.528466264294751298e-01 1.463016273199768159e-02 5.247198419956941029e-01 5.732110912908111588e-01 1.016122279931095163e+00 3.801115951607125874e-03 1.011604373131003376e+00 1.026272856611446072e+00
9.253768844221106349e-01 4.608801032413828436e-01 1.437604885413135049e-03 4.587681895627061524e-01 4.629497176613243670e-01 1.614267617350223782e-01 2.906024787188487245e-03 1.569998672178843369e-01 1.665668798124680106e-01 5.402837946173828509e-01 1.564168774834821807e-02 5.102853251214242158e-01 5.618896174061107640e-01 1.011919713230329254e+00 4.411986347523672719e-03 1.007287781693624762e+00 1.024124243029154613e+00
9.303517587939699185e-01 4.607378131459080595e-01 1.226948467956604514e-03 4.589327055761389107e-01 4.623411606283725495e-01 1.600475450537153788e-01 2.716090037525631905e-03 1.561590322873608883e-01 1.650792963495264221e-01 5.308225813982092589e-01 1.563388962671089302e-02 5.026084099317493781e-01 5.570495715603608344e-01 1.007131673408498074e+00 3.993562389089862739e-03 1.003807908509273483e+00 1.018071272760434409e+00
9.353266331658292021e-01 4.605364918400502994e-01 9.033370493395707738e-04 4.591251374811646802e-01 4.616768933193281521e-01 1.584206995474772284e-01 2.803917456350601359e-03 1.541924020467500267e-01 1.636632626945138114e-01 5.191238433938809571e-01 1.458706359780364767e-02 4.928156685261846914e-01 5.425246483700305600e-01 1.001244456364729807e+00 4.350840571674508862e-03 9.966222689768423626e-01 1.011325363667723076e+00
9.403015075376884857e-01 4.599600390393291383e-01 6.801648779848374227e-04 4.590802609455457151e-01 4.610985364032188505e-01 1.566649566451461251e-01 2.830278010427200643e-03 1.529797157089747006e-01 1.624677164244852090e-01 5.085822543308922139e-01 1.257257039364185341e-02 4.851849141125421649e-01 5.266472754783223520e-01 9.963425508081152904e-01 3.801851455725556873e-03 9.922064020077043800e-01 1.003965910740340473e+00
9.452763819095477693e-01 4.593447803289956721e-01 9.280732998008847092e-04 4.576149640374211347e-01 4.613481705482870288e-01 1.548545076305692936e-01 2.832213724503541454e-03 1.503925322702658884e-01 1.597770003654389870e-01 4.972246775672675700e-01 1.178696390370513082e-02 4.735720948506164651e-01 5.157952309486626419e-01 9.915458685650943016e-01 3.049806780964687408e-03 9.875705328743467071e-01 9.975323361153244361e-01
9.502512562814070529e-01 4.591541542946638299e-01 8.840729297506691019e-04 4.579096224087457201e-01 4.607942223301972340e-01 1.531177841742805412e-01 2.672261268356938228e-03 1.492854313721832249e-01 1.580419079200732491e-01 4.861162501156164883e-01 1.219277158532026777e-02 4.609519137709478520e-01 5.050485347377833278e-01 9.865526073081692937e-01 3.068457059010307620e-03 9.810973001313554320e-01 9.913695632724381923e-01
9.552261306532663365e-01 4.588016934762110810e-01 9.113096774649539393e-04 4.572981341778977193e-01 4.607796520166680398e-01 1.511729349464311922e-01 2.333938492687834786e-03 1.477988855187894746e-01 1.549157766913216161e-01 4.751455609647333711e-01 1.134293508655721469e-02 4.529690770016229218e-01 4.932455371977855219e-01 9.819426712683118064e-01 2.788815174503811618e-03 9.765600348067524639e-01 9.857572436728672116e-01
9.602010050251256201e-01 4.580737727859401365e-01 7.637449058293212852e-04 4.573085685804054168e-01 4.600643706945181655e-01 1.494515449271933694e-01 2.248227159390593383e-03 1.470482431767142772e-01 1.538089125631811882e-01 4.636734239814891967e-01 9.404255409950403738e-03 4.461342871126454113e-01 4.807376217593574697e-01 9.768314624879401720e-01 3.229916458815098972e-03 9.711675704635163164e-01 9.815058543552962478e-01
9.651758793969849037e-01 4.573050750171834267e-01 6.425573691681313749e-04 4.566800882057266420e-01 4.589692189391089694e-01 1.474857144605872250e-01 2.585485327840893102e-03 1.437394523136671376e-01 1.520887748592330557e-01 4.526319306162432388e-01 8.344448966740403845e-03 4.361143277871882273e-01 4.667765255287373849e-01 9.716444815229303700e-01 2.009245632351268785e-03 9.677897977057461354e-01 9.748957839822797178e-01
9.701507537688442984e-01 4.568705473987474397e-01 5.791189876025368537e-04 4.555845585470635339e-01 4.577567436116015687e-01 1.457424256012101182e-01 2.072085274709323851e-03 1.426077436702530288e-01 1.488185439640976049e-01 4.406114170985840350e-01 6.499524900566675499e-03 4.281141909630508113e-01 4.487259609215893397e-01 9.656048830262301541e-01 1.914021157525263792e-03 9.616594939476340587e-01 9.686570777304497337e-01
9.751256281407035820e-01 4.561366916568657670e-01 5.946310286510804021e-04 4.553012413228952893e-01 4.570376240457611483e-01 1.434189301194311594e-01 1.646720665148498951e-03 1.404257857752301553e-01 1.458143482212982123e-01 4.292487356921177444e-01 5.809475768857541578e-03 4.211961525705683052e-01 4.393433081442676968e-01 9.606874244220999781e-01 2.032318746061038874e-03 9.579431981864364731e-01 9.640770315313134109e-01
9.801005025125628656e-01 4.554221061696401840e-01 7.721594604253197418e-04 4.542674437329715098e-01 4.568667912110013773e-01 1.418742080316842125e-01 1.589077257825041419e-03 1.388130279176728876e-01 1.442714991211815900e-01 4.168768073343801506e-01 6.078133975512906885e-03 4.063561153181550756e-01 4.270522275240736243e-01 9.544280358322534408e-01 1.066031539172267650e-03 9.528106825072615305e-01 9.562805518955056483e-01
9.850753768844221492e-01 4.543099990433431823e-01 6.067967229797652977e-04 4.532913055020820758e-01 4.550371353090978399e-01 1.397355890643230403e-01 1.617908418062755788e-03 1.370625620986262450e-01 1.426322636549313128e-01 4.040490965203454854e-01 5.408420513857171812e-03 3.968244783986476509e-01 4.127469858215670473e-01 9.479281716315461903e-01 9.361231538180158013e-04 9.465706595656668831e-01 9.497786018882057313e-01
9.900502512562814328e-01 4.531948063540771621e-01 6.594731563030544223e-04 4.523901904246758754e-01 4.546436971249600556e-01 1.372621482454442765e-01 9.861879573267275708e-04 1.354698397474043414e-01 1.385376346207775888e-01 3.878591652786003707e-01 4.530401560037257760e-03 3.803139937219030542e-01 3.950594069451709989e-01 9.409930015004788206e-01 1.366148637250598832e-03 9.385483950136327413e-01 9.431597487619146625e-01
9.950251256281407164e-01 4.510960769772164869e-01 4.828576268414485413e-04 4.504233352942723645e-01 4.521259127864311056e-01 1.344320778148757611e-01 8.485703506721875653e-04 1.331755724069088320e-01 1.358909008047036737e-01 3.696682823997141654e-01 3.668302595319566668e-03 3.642878163701820382e-01 3.761372921726597318e-01 9.326708870424095243e-01 1.219575323108101558e-03 9.310640897831530260e-01 9.356649624425344980e-01
1.000000000000000000e+00 4.489608796386953538e-01 1.282848075243270497e-04 4.488143504154076813e-01 4.491931732157277146e-01 1.312382546287583773e-01 6.195828399578303183e-04 1.304475059879657561e-01 1.324996041569743155e-01 3.430481581482313080e-01 1.625775967351584562e-03 3.412588465677904859e-01 3.464713576949747242e-01 9.204575172875086864e-01 2.630089185823293553e-04 9.201571037521778518e-01 9.209337645039009645e-01
