# mN	mSQ	0sq(mean)	1sq(mean)	2sq(mean)	S-comb(mean)t0sq(std)	1sq(std)	2sq(std)	S-comb(std)	0sq(min)	1sq(min)	2sq(min)	S-comb(min)	0sq(max)	1sq(max)	2sq(max)	S-comb(max)
2.000000000000000000e+02 2.000000000000000000e+03 9.821688254586226074e-01 5.215805617020122797e-01 1.589496033635559913e+00 2.188096469394356980e+00 1.645579582355825507e-02 3.415919540896964618e-02 4.567739302225140574e-02 3.680401069145410042e-02 9.794958944698973768e-01 4.968716398776227283e-01 1.567177116691861771e+00 2.148593207052322374e+00 9.877374301596676398e-01 5.458460648930412162e-01 1.635827976733800204e+00 2.245649518308739712e+00
2.000000000000000000e+02 2.200000000000000000e+03 9.723989898437057633e-01 3.275545312520943275e-01 1.164700112652478747e+00 1.618313636329403282e+00 1.529004143452596283e-02 4.217462415302591222e-02 3.712816822378872672e-02 3.486776110504649639e-02 9.688229381213796509e-01 3.126419549097976258e-01 1.136336073615006548e+00 1.596770165749445081e+00 9.770767429241993263e-01 3.592663531073264083e-01 1.209369868120652391e+00 1.670977641485009491e+00
2.000000000000000000e+02 2.300000000000000000e+03 9.980404752313056793e-01 2.768393043004874210e-01 9.398512487195711529e-01 1.389475679352435877e+00 1.575264351112034764e-02 3.865300616656265620e-02 3.911042837218190599e-02 3.477814900217101463e-02 9.945035292603617849e-01 2.674128311127969004e-01 9.131455013758830175e-01 1.378761891049611332e+00 1.002918595457368056e+00 3.099392554593395355e-01 1.004809746890588551e+00 1.417267753674659403e+00
2.000000000000000000e+02 2.700000000000000000e+03 9.922286853235929849e-01 8.061209985196222949e-02 3.832441214825201836e-01 1.094113779166356881e+00 1.420611090560552556e-02 3.653165838578525948e-02 4.744905462081625697e-02 2.608835614437120254e-02 9.899048195934532224e-01 7.618351820010761666e-02 3.610328858933432583e-01 1.091316145943490135e+00 9.954224269652115487e-01 1.279655884179485281e-01 4.231643195471331831e-01 1.102943001836156789e+00
2.000000000000000000e+02 3.000000000000000000e+03 1.002920986805569070e+00 3.827399090245568736e-02 1.698130137689211894e-01 1.045944521923579229e+00 1.504628811697693823e-02 1.868557933921707187e-02 4.806041315926998930e-02 1.734817011019633079e-02 1.000419819558393320e+00 3.472895902154399250e-02 1.493430765475262101e-01 1.043003343450971121e+00 1.007964787366202764e+00 7.268420096335076463e-02 2.078145873646581876e-01 1.050903734042129445e+00
3.000000000000000000e+02 2.000000000000000000e+03 4.626546334766361568e-01 4.850195976711476620e-01 1.514288544185920404e+00 1.954746681729377711e+00 7.473698043330777308e-03 3.833999506566541232e-02 4.174770970124875441e-02 3.636855407162948445e-02 4.607429473645041629e-01 4.685364514950270398e-01 1.489530423755550226e+00 1.922141912742527659e+00 4.656302813404039065e-01 5.064653918179818914e-01 1.572235143504174593e+00 2.008192716995631510e+00
3.000000000000000000e+02 2.200000000000000000e+03 4.559023163662822564e-01 3.247851921584388180e-01 1.178150219072827687e+00 1.510520324432351069e+00 6.550419375142697322e-03 3.757735826131342743e-02 3.815302418460747580e-02 3.598661960969704726e-02 4.545748461873350132e-01 3.122639230363655760e-01 1.146606762558734838e+00 1.484288216272972249e+00 4.597908828276911497e-01 3.442439514534565981e-01 1.236376677758320053e+00 1.555232414072167169e+00
3.000000000000000000e+02 2.300000000000000000e+03 4.578533879500119030e-01 2.566847689912695740e-01 1.011428886285919981e+00 1.287242733936998729e+00 9.364863956884950796e-03 4.075297137269558168e-02 4.077930999168961207e-02 3.725855663952992031e-02 4.564595843737382919e-01 2.463663892748023110e-01 9.780165506768846440e-01 1.264331512773275934e+00 4.615274741100916511e-01 2.889259779271259321e-01 1.061126156617206551e+00 1.322990238093458393e+00
3.000000000000000000e+02 2.700000000000000000e+03 4.672930285241942983e-01 9.365913042611666295e-02 4.140179327725427294e-01 5.857346979036645029e-01 7.876942364757446094e-03 3.235616035757794134e-02 4.505494698213100696e-02 3.585105217961401941e-02 4.657771408274326008e-01 8.865204183179176134e-02 3.791092092865618324e-01 5.824246608536166603e-01 4.698441619297331617e-01 1.245514577876897233e-01 4.549524388908886552e-01 5.928743549339714480e-01
3.000000000000000000e+02 3.000000000000000000e+03 4.727444912795967791e-01 4.758384336770241085e-02 1.531202837075718026e-01 5.142308052742707858e-01 7.330037140851988244e-03 2.094702805273641888e-02 4.467028620811215600e-02 2.440447921431986716e-02 4.711031208511412549e-01 3.521253113410980490e-02 1.277153356768797876e-01 5.117384314684672031e-01 4.749705489856526075e-01 7.685240889608960235e-02 1.946766315710474204e-01 5.171796397086163566e-01
5.000000000000000000e+02 2.000000000000000000e+03 1.278139613804465946e-01 4.259967355080022666e-01 1.357374805860708467e+00 1.713621922457972513e+00 3.618904126981727695e-03 2.037727954087412488e-02 3.806185502522428654e-02 3.901256634050535160e-02 1.264399858280766120e-01 4.090045356007525057e-01 1.321277570399483459e+00 1.675667074941730617e+00 1.312428509023160772e-01 4.427598527898322089e-01 1.416800876127336517e+00 1.784054817099052226e+00
5.000000000000000000e+02 2.200000000000000000e+03 1.139273807856228532e-01 2.766682479546508922e-01 1.116709919546477803e+00 1.345947524380969762e+00 2.323811187003670641e-03 3.672868482971529402e-02 3.990848493860055940e-02 3.998762398969109982e-02 1.133444131745502820e-01 2.699248035863195394e-01 1.085826367164653750e+00 1.319731083503416613e+00 1.161681680936772904e-01 2.930351074468954264e-01 1.166032303341403731e+00 1.389470300459869634e+00
5.000000000000000000e+02 2.300000000000000000e+03 1.179171470051061793e-01 2.280644826794351321e-01 9.094077315064120759e-01 1.106149054762293193e+00 2.573543453164693021e-03 3.982291088494463449e-02 4.085912840720543060e-02 3.963341212110697148e-02 1.171326219520815448e-01 2.177595302551578738e-01 8.826718069577661474e-01 1.082321409622987396e+00 1.193123629332627361e-01 2.424777794495705241e-01 9.617561184907035265e-01 1.153612207152848956e+00
5.000000000000000000e+02 2.700000000000000000e+03 1.139232733999050867e-01 7.785574483771705301e-02 3.614227570441405080e-01 4.381654608108306315e-01 2.316019451242675060e-03 3.153527764392297789e-02 4.588989442658758522e-02 4.556443286148428168e-02 1.136181528540771285e-01 7.226882556132792346e-02 3.300608480779615439e-01 4.202949429396022341e-01 1.148518172641522783e-01 1.155668023775467540e-01 4.124201087306185176e-01 4.711569261035176148e-01
5.000000000000000000e+02 3.000000000000000000e+03 1.245758935495080433e-01 3.298002235018714090e-02 1.630177243903987439e-01 2.135799343362740355e-01 2.452309326478627725e-03 2.117693972368030891e-02 4.379243433106521505e-02 4.233816349472026980e-02 1.238217927288979281e-01 3.037782957469820772e-02 1.322912212073754923e-01 2.031092008412826999e-01 1.252677530373840498e-01 7.717824209641203914e-02 2.005177343950310109e-01 2.411532132661084182e-01
7.000000000000000000e+02 2.000000000000000000e+03 3.999575807571629366e-02 3.160394402811733117e-01 1.116143592141583429e+00 1.382406689012383838e+00 1.351743272675528075e-03 2.073811428354396802e-02 3.431989988060536040e-02 3.845419310276172731e-02 3.932333472323455009e-02 3.037969035127253137e-01 1.083483618116552361e+00 1.348858116511573835e+00 4.089556568028433065e-02 3.283828453576057571e-01 1.154928436785291224e+00 1.426703610876032924e+00
7.000000000000000000e+02 2.200000000000000000e+03 3.863953484464630050e-02 2.497693077241897319e-01 9.592538117660677210e-01 1.166543905642746015e+00 2.255515959591468389e-03 4.056381491946758899e-02 4.098902456116400306e-02 3.824251931717828623e-02 3.799557724102502893e-02 2.400163372314125521e-01 9.373657144816244235e-01 1.139262533100170227e+00 4.063747102458310778e-02 2.645497074980719954e-01 9.988925225499264426e-01 1.205911994813394950e+00
7.000000000000000000e+02 2.300000000000000000e+03 3.579216375666850053e-02 1.961253748291491295e-01 8.122806009611072131e-01 9.778854799960108313e-01 2.086211807883877126e-03 3.414898503637470162e-02 4.241976124854997948e-02 4.048866191901768358e-02 3.539120601922142451e-02 1.864714632032498098e-01 7.898062452079500639e-01 9.528853636322276444e-01 3.642373083738985329e-02 2.132977863276487862e-01 8.500287901178492644e-01 1.020366674432302112e+00
7.000000000000000000e+02 2.700000000000000000e+03 3.457848503263453999e-02 7.110315754304299962e-02 3.673712341696637185e-01 4.280573558823762559e-01 8.177827986853034112e-04 3.206318071381203394e-02 4.602117375442399405e-02 4.576530713058516581e-02 3.426602667956032966e-02 6.742950213892583144e-02 3.446540822313575725e-01 4.110839552120248985e-01 3.502314736617612168e-02 1.167514090556756451e-01 4.183896975244797423e-01 4.645218621841950002e-01
7.000000000000000000e+02 3.000000000000000000e+03 3.521935847223902488e-02 3.848805728098624035e-02 1.610359166129672615e-01 1.929620794139689788e-01 7.434801088526309326e-04 2.200934412927170458e-02 4.238402213211504843e-02 4.362074825285604252e-02 3.493236579061283903e-02 2.776439258445089278e-02 1.383338400976192040e-01 1.721903482207385039e-01 3.560517491286315644e-02 7.661671131206716778e-02 2.015863932121855218e-01 2.266332467137156526e-01
9.000000000000000000e+02 2.000000000000000000e+03 1.799319106877556029e-02 2.096796370488449579e-01 7.855625391987695050e-01 9.788498127990552522e-01 1.576338274670008571e-03 8.995896313488124102e-03 2.519174679868952174e-02 3.045882372348604483e-02 1.761223332722107807e-02 2.007920046064133324e-01 7.475375787756411983e-01 9.408655568141859327e-01 1.905625398032724516e-02 2.218660971642746893e-01 8.185804410572520284e-01 1.016016093127955822e+00
9.000000000000000000e+02 2.200000000000000000e+03 1.561009553171003282e-02 1.778669615035398111e-01 7.575808381357830301e-01 9.120967983092244102e-01 9.697179709734920789e-04 1.170184979703455495e-02 3.183944581921761136e-02 3.196967098322620049e-02 1.532950319061516554e-02 1.677956801867686587e-01 7.342691213348864210e-01 8.800099273990259485e-01 1.623105152790601038e-02 1.865495511920374216e-01 7.937924220206417081e-01 9.511276762900748860e-01
9.000000000000000000e+02 2.300000000000000000e+03 1.361522168043045010e-02 1.446851957078096884e-01 6.640398454332739897e-01 7.888652387921875064e-01 6.699593816550510148e-04 2.975626732875729860e-02 4.255706426202059134e-02 4.208117651207647636e-02 1.319741217872773785e-02 1.374944512366201854e-01 6.488645611796811652e-01 7.703361585085088947e-01 1.410686315654886315e-02 1.529039232998374021e-01 6.918900414964728185e-01 8.175738873047988520e-01
9.000000000000000000e+02 2.700000000000000000e+03 1.171956713563429738e-02 5.764948129778002528e-02 3.446756682634238844e-01 3.949586626235022657e-01 4.619253557301129754e-04 2.736223981561133542e-02 4.489345063175146505e-02 4.471018698538731240e-02 1.156313638989606152e-02 5.483273426514170823e-02 3.319005217357081650e-01 3.821364708968756907e-01 1.197212755686069725e-02 8.525521705182780019e-02 3.905140366416802178e-01 4.305185851321471913e-01
9.000000000000000000e+02 3.000000000000000000e+03 1.098720007226435154e-02 3.813446143285915274e-02 1.573341737948265595e-01 1.833394610442224126e-01 2.915739016619414486e-04 2.185207231789874915e-02 4.081760782683364203e-02 4.217784725047004496e-02 1.090235174893143186e-02 2.555591215875415920e-02 1.373937366269594451e-01 1.628013495557329993e-01 1.114681689063433921e-02 6.847526178063810531e-02 1.920609915390824873e-01 2.170416349508086928e-01
1.100000000000000000e+03 2.000000000000000000e+03 8.512986646249920061e-03 1.247097534811439506e-01 4.628729901028147964e-01 5.894593004945569703e-01 4.998578178539157032e-04 4.687756861741652382e-03 1.378123783949872054e-02 1.757385728255151519e-02 8.177095605638435780e-03 1.163390226244111203e-01 4.415894664970192451e-01 5.622757108399373260e-01 8.894655807474987491e-03 1.311220327135558250e-01 4.785936337556458975e-01 6.091437535956297777e-01
1.100000000000000000e+03 2.200000000000000000e+03 8.628746322445958461e-03 1.080877042845305863e-01 4.721828423660596741e-01 5.782038649448897338e-01 5.233501782286614388e-04 4.690568643156253943e-03 1.878300611408637369e-02 1.883503229640958593e-02 8.083721133815086057e-03 1.006477691875076880e-01 4.473380629916587914e-01 5.474004856977483513e-01 9.491114223160899629e-03 1.134868600835394759e-01 4.932542990621213153e-01 6.002151086035352190e-01
1.100000000000000000e+03 2.300000000000000000e+03 7.096229016435913299e-03 1.057627795573797408e-01 4.693168917327900647e-01 5.685516561605016284e-01 4.268423984859019129e-04 6.842402683631413664e-03 2.353971931454953287e-02 2.738186768265724741e-02 6.608305573101489958e-03 1.013160678256617153e-01 4.514419225930013657e-01 5.472207085608975508e-01 7.790826369435700609e-03 1.101332116243330522e-01 4.904488762479439212e-01 5.930139549874174909e-01
1.100000000000000000e+03 2.700000000000000000e+03 4.261759008468049559e-03 4.718488361568974609e-02 2.924432864663626397e-01 3.334824215311705808e-01 4.423837119028936463e-04 2.758548786736975816e-02 4.513282588024399716e-02 4.598522294895217993e-02 4.148837538060415504e-03 4.289166366906822792e-02 2.794763507464015362e-01 3.193657385682617811e-01 4.389833243794083982e-03 8.460483576160736374e-02 3.270054447327315206e-01 3.702420114073043389e-01
1.100000000000000000e+03 3.000000000000000000e+03 3.781358268994042173e-03 3.762192022538714264e-02 1.489572190994326306e-01 1.696383079980944564e-01 2.652446537791932550e-04 2.164685798327064745e-02 4.064336561243129392e-02 4.130618333404045134e-02 3.729449342486885338e-03 2.021146041482778030e-02 1.361587836744694580e-01 1.565092005726356761e-01 3.914780233061360658e-03 6.990367227486160573e-02 1.878968768144454460e-01 2.105606926159959147e-01
