# mN	mSQ	0sq(mean)	1sq(mean)	2sq(mean)	S-comb(mean)t0sq(std)	1sq(std)	2sq(std)	S-comb(std)	0sq(min)	1sq(min)	2sq(min)	S-comb(min)	0sq(max)	1sq(max)	2sq(max)	S-comb(max)
2.000000000000000000e+02 2.000000000000000000e+03 3.105890535261618624e+00 1.649382558248347674e+00 5.026427798091978261e+00 6.919368583459079680e+00 5.203779551313034157e-02 1.080208605311109848e-01 1.444445995289966866e-01 1.163845008141835974e-01 3.097437985308800545e+00 1.571246086756234339e+00 4.955849185641767463e+00 6.794448299451091522e+00 3.123500009506042119e+00 1.726116816902083517e+00 5.172942266703736358e+00 7.101367304315610696e+00
2.000000000000000000e+02 2.200000000000000000e+03 3.074995602353049584e+00 1.035818376665423202e+00 3.683105147036528138e+00 5.117557059310327894e+00 4.835135645145030581e-02 1.333678717851116136e-01 1.174095769370605558e-01 1.102615420025767484e-01 3.063687133879930968e+00 9.886606696426227803e-01 3.593410180036185508e+00 5.049430623572830790e+00 3.089787956419277837e+00 1.136099962481462944e+00 3.824363316838717886e+00 5.284095266308893812e+00
2.000000000000000000e+02 2.300000000000000000e+03 3.156081098767789417e+00 8.754427474459873793e-01 2.972070607707254730e+00 4.393907900163489977e+00 4.981423266381235920e-02 1.222315378988717144e-01 1.236780339209663793e-01 1.099781636515726746e-01 3.144896293538651744e+00 8.456336218703772722e-01 2.887619619484209199e+00 4.360027926757694239e+00 3.171507069382282662e+00 9.801139835482898244e-01 3.177487415311551988e+00 4.481794155922396605e+00
2.000000000000000000e+02 2.700000000000000000e+03 3.137702605377039156e+00 2.549178425011229265e-01 1.211924323755030120e+00 3.459891561540170191e+00 4.492366715467076971e-02 1.155232472022715562e-01 1.500470854235164408e-01 8.249862582586155180e-02 3.130353896693387039e+00 2.409134376772315012e-01 1.141686229646639017e+00 3.451044668498154167e+00 3.147802103222678394e+00 4.046627215243800979e-01 1.338163074284252296e+00 3.487812015145531408e+00
2.000000000000000000e+02 3.000000000000000000e+03 3.171514631489277480e+00 1.210329863963233998e-01 5.369958998473248757e-01 3.307566995454430447e+00 4.758054078077321447e-02 5.908899011170998250e-02 1.519803708720219304e-01 5.485973078427465455e-02 3.163605246179188590e+00 1.098226112747316685e-01 4.722642746670583924e-01 3.298266172475933899e+00 3.187464529324512519e+00 2.298476249535930660e-01 6.571674270803685713e-01 3.323249401148957727e+00
3.000000000000000000e+02 2.000000000000000000e+03 1.463042411816556143e+00 1.533766638459325593e+00 4.788600834328034850e+00 6.181451762921080118e+00 2.363390836126910352e-02 1.212417098871195892e-01 1.320178497514535587e-01 1.150074660733397952e-01 1.456997129530906987e+00 1.481642353537289569e+00 4.710308783183316805e+00 6.078346430339013118e+00 1.472452236580676477e+00 1.601584194194428878e+00 4.971844070834877449e+00 6.350462966268125342e+00
3.000000000000000000e+02 2.200000000000000000e+03 1.441689710264111302e+00 1.027060957516125361e+00 3.725638118096485041e+00 4.776684677182716499e+00 2.071424485474783472e-02 1.188300405578951585e-01 1.206504560468480841e-01 1.137996832567223504e-01 1.437491880972686875e+00 9.874652278944371364e-01 3.625888950237476038e+00 4.693731467571192084e+00 1.453986437115104779e+00 1.088594957329354074e+00 3.909766347628335303e+00 4.918076719390152896e+00
3.000000000000000000e+02 2.300000000000000000e+03 1.447859540346728924e+00 8.117085106865730149e-01 3.198418971950947931e+00 4.070618940743038650e+00 2.961430008137333827e-02 1.288722109573567087e-01 1.289555009838011801e-01 1.178219013113036284e-01 1.443451946434815891e+00 7.790789290200540451e-01 3.092759889480447999e+00 3.998167297889822613e+00 1.459478020932282627e+00 9.136641654412526181e-01 3.355575539690925257e+00 4.183662474543788257e+00
3.000000000000000000e+02 2.700000000000000000e+03 1.477710304854485068e+00 2.961761758173052650e-01 1.309239659715705661e+00 1.852255749966233100e+00 2.490907887050636260e-02 1.023191630675944347e-01 1.424762523216636656e-01 1.133709814011242406e-01 1.472916647055691364e+00 2.803423714129877342e-01 1.198848583290992975e+00 1.841788493748536704e+00 1.485777697030929989e+00 3.938662925034161488e-01 1.438685933943776973e+00 1.874833327894436685e+00
3.000000000000000000e+02 3.000000000000000000e+03 1.494949343741134085e+00 1.504733248666365875e-01 4.842088524870986066e-01 1.626140587689222317e+00 2.317961269872076055e-02 6.624031885808871756e-02 1.412598481492407243e-01 7.717373942748725901e-02 1.489758874703168035e+00 1.113518005633789415e-01 4.038713528719025669e-01 1.618259009682341265e+00 1.501988756295240313e+00 2.430286557822297355e-01 6.156215629739534290e-01 1.635465620944488663e+00
5.000000000000000000e+02 2.000000000000000000e+03 4.041832347310102547e-01 1.347119960001613048e+00 4.292396025048708985e+00 5.418948323363638409e+00 1.144397967504546566e-02 6.443861586711240041e-02 1.203621538508343886e-01 1.233685670044168958e-01 3.998383425361332066e-01 1.293385905837802108e+00 4.178246543755839149e+00 5.298924556967928190e+00 4.150263354652035108e-01 1.400129591296726650e+00 4.480317759484464091e+00 5.641676692628117884e+00
5.000000000000000000e+02 2.200000000000000000e+03 3.602700111398714489e-01 8.749018197849185441e-01 3.531346831470254521e+00 4.256259788108875952e+00 7.348536203111068026e-03 1.161462995243739277e-01 1.262017103725028011e-01 1.264519700258134871e-01 3.584265056867749211e-01 8.535771763063559892e-01 3.433684463706573098e+00 4.173356122792664991e+00 3.673560027853208232e-01 9.266583739243581253e-01 3.687317903891199844e+00 4.393890890611691802e+00
5.000000000000000000e+02 2.300000000000000000e+03 3.728867597250379862e-01 7.212032186550356716e-01 2.875799753327131558e+00 3.497950444691170446e+00 8.138258969415298680e-03 1.259311014543366136e-01 1.292079089760569399e-01 1.253318537468232075e-01 3.704058736760157400e-01 6.886160978146460554e-01 2.791253336402999441e+00 3.422600814772722710e+00 3.772988198857585296e-01 7.667820650406120819e-01 3.041339888033404382e+00 3.648042111176990510e+00
5.000000000000000000e+02 2.700000000000000000e+03 3.602570224457744552e-01 2.462014826160822678e-01 1.142919110477149447e+00 1.385600848179473044e+00 7.323896571180136053e-03 9.972330400058494748e-02 1.451165879726833141e-01 1.440873881361137421e-01 3.592921465600442676e-01 2.285340925991928285e-01 1.043744046373167311e+00 1.329089308739647812e+00 3.631933359641696946e-01 3.654543174156100749e-01 1.304186896443048527e+00 1.489929021850757707e+00
5.000000000000000000e+02 3.000000000000000000e+03 3.939435651671233662e-01 1.042919879098506419e-01 5.155073080512438954e-01 6.753990550118288416e-01 7.754882998945931451e-03 6.696736339892656042e-02 1.384838367695183092e-01 1.338850285919103156e-01 3.915588889885933677e-01 9.606313182847044108e-02 4.183415734604769010e-01 6.422876883950410232e-01 3.961314169696091847e-01 2.440590308325505942e-01 6.340927519449831573e-01 7.625934189892354942e-01
7.000000000000000000e+02 2.000000000000000000e+03 1.264776922643367219e-01 9.994044617332731306e-01 3.529555946969415992e+00 4.371553789931196476e+00 4.274587553464713995e-03 6.557967551286987551e-02 1.085290526916537768e-01 1.216028357886643346e-01 1.243513029186081448e-01 9.606901612066197638e-01 3.426276040728380767e+00 4.265463888581347618e+00 1.293231337507118328e-01 1.038437735856884370e+00 3.652204394739315241e+00 4.511632956354840296e+00
7.000000000000000000e+02 2.200000000000000000e+03 1.221889378385226654e-01 7.898399020119267755e-01 3.033426899379199515e+00 3.688935732419624802e+00 7.132567731169343200e-03 1.282740457310371784e-01 1.296186766818619718e-01 1.209334645052706353e-01 1.201525650944955531e-01 7.589983013023360314e-01 2.964210658313012114e+00 3.602664457489507033e+00 1.285069667867790033e-01 8.365796300252323903e-01 3.158775508968871826e+00 3.813428561327485422e+00
7.000000000000000000e+02 2.300000000000000000e+03 1.131847598568011398e-01 6.202028914143680183e-01 2.568656798207455516e+00 3.092345407594417672e+00 6.597180994450672215e-03 1.079885724979519623e-01 1.341430633459659572e-01 1.280363910766197655e-01 1.119168201610006019e-01 5.896745423465468150e-01 2.497586645082569223e+00 3.013288098115616265e+00 1.151819503270640338e-01 6.745068246672920598e-01 2.688027053489630891e+00 3.226682739737570138e+00
7.000000000000000000e+02 2.700000000000000000e+03 1.093467707411669015e-01 2.248479266657977260e-01 1.161729846803214228e+00 1.353636213777584363e+00 2.586056275152512525e-03 1.013926800852294058e-01 1.455317296583423792e-01 1.447226083497940852e-01 1.083586906715073156e-01 2.132308082502010760e-01 1.089891904726057570e+00 1.299961608020644643e+00 1.107529165048437847e-01 3.692003726499432648e-01 1.323064393726267607e+00 1.468947107444894540e+00
7.000000000000000000e+02 3.000000000000000000e+03 1.113733905022234183e-01 1.217099237229437303e-01 5.092402815899242929e-01 6.101996729904308747e-01 2.351090539004230262e-03 6.959965725495399769e-02 1.340300463364695882e-01 1.379409177198355485e-01 1.104658399564851234e-01 8.779871841795365561e-02 4.374500121860059876e-01 5.445136914750553503e-01 1.125934492133347786e-01 2.422833145777199548e-01 6.374721478488128978e-01 7.166772531342117114e-01
9.000000000000000000e+02 2.000000000000000000e+03 5.689946615193014479e-02 6.630652320317763637e-01 2.484166868373415493e+00 3.095394895674452584e+00 4.984819310857334373e-03 2.844752194533458831e-02 7.966329812211417338e-02 9.631925781578662416e-02 5.569477199634422643e-02 6.349600705072870888e-01 2.363921385498570338e+00 2.975278131535383341e+00 6.026116624848360664e-02 7.016022026113329924e-01 2.588578641806126956e+00 3.212924993670090323e+00
9.000000000000000000e+02 2.200000000000000000e+03 4.936345637302088502e-02 5.624647188446730839e-01 2.395680960208423027e+00 2.884303329204364275e+00 3.066517476273282906e-03 3.700449819580824140e-02 1.006851682262532993e-01 1.010969763531894827e-01 4.847614548116223332e-02 5.306165309273764841e-01 2.321962838948776753e+00 2.782835734140337802e+00 5.132709164773901350e-02 5.899214782490175280e-01 2.510192042966825188e+00 3.007729802699966370e+00
9.000000000000000000e+02 2.300000000000000000e+03 4.305511135826539659e-02 4.575347621438964341e-01 2.099878368675306639e+00 2.494610921515929114e+00 2.118597585827988825e-03 9.409757942372741490e-02 1.345772535981378248e-01 1.330723643977417547e-01 4.173388170482483089e-02 4.347956315426745877e-01 2.051889906293464794e+00 2.436016824871385378e+00 4.460981821500685507e-02 4.835246608031752436e-01 2.187948421517268649e+00 2.585395639360985598e+00
9.000000000000000000e+02 2.700000000000000000e+03 3.706052533985985942e-02 1.823036668282645434e-01 1.089960165753032673e+00 1.248968955504281109e+00 1.460736233090666799e-03 8.652699970107749494e-02 1.419655560206597167e-01 1.413860254858413656e-01 3.656584788724835666e-02 1.733963306126068138e-01 1.049561605283059640e+00 1.208421625052773951e+00 3.785919151774683189e-02 2.696006682958013712e-01 1.234913814054161119e+00 1.361419304050687451e+00
9.000000000000000000e+02 3.000000000000000000e+03 3.474457733632195511e-02 1.205917554716831458e-01 4.975343429724293776e-01 5.797702818874553854e-01 9.220376355136886658e-04 6.910232011927507079e-02 1.290766093723099972e-01 1.333780641141557588e-01 3.447626337894352938e-02 8.081489010485372326e-02 4.344771439824918757e-01 5.148230707453577137e-01 3.524933003524052810e-02 2.165377906030935273e-01 6.073501829338286973e-01 6.863459135313627613e-01
1.100000000000000000e+03 2.000000000000000000e+03 2.692042749274785665e-02 3.943668674385272799e-01 1.463732916097470582e+00 1.864033977532417286e+00 1.580689210659950560e-03 1.482398880018666147e-02 4.358010054931397981e-02 5.557341628760011087e-02 2.585824675877145679e-02 3.678962922509989575e-01 1.396428504869196896e+00 1.778071919244429200e+00 2.812737135486509388e-02 4.146442748059449568e-01 1.513445956324286135e+00 1.926281683826572166e+00
1.100000000000000000e+03 2.200000000000000000e+03 2.728649173073092321e-02 3.418033325978570014e-01 1.493173253928998356e+00 1.828441165138239954e+00 1.654978577057635274e-03 1.483288043373933753e-02 5.939708062538142513e-02 5.956160185948594643e-02 2.556297075249444953e-02 3.182761920474389550e-01 1.414607163141518020e+00 1.731032327087310030e+00 3.001353847800807689e-02 3.588769623648314644e-01 1.559807050706159215e+00 1.898046829232497013e+00
1.100000000000000000e+03 2.300000000000000000e+03 2.244024649011392217e-02 3.344512750716149285e-01 1.484110322266264381e+00 1.797918200928088073e+00 1.349794181144656864e-03 2.163757714832378887e-02 7.443912851503411976e-02 8.658906846655355094e-02 2.089729708538504149e-02 3.203895379011943434e-01 1.427584706679311255e+00 1.730463821863637675e+00 2.463675618231724040e-02 3.482717947622248622e-01 1.550935524813559008e+00 1.875274782024807019e+00
1.100000000000000000e+03 2.700000000000000000e+03 1.347686530549985738e-02 1.492117033555406258e-01 9.247868716588003579e-01 1.054564011666875301e+00 1.398940129372885010e-03 8.723297202782925863e-02 1.427225270213648700e-01 1.454180432293337988e-01 1.311977626227642767e-02 1.356353498281501480e-01 8.837818205107278446e-01 1.009923140497589023e+00 1.388187159871452289e-02 2.675439820711457140e-01 1.034082012631742487e+00 1.170808041529124433e+00
1.100000000000000000e+03 3.000000000000000000e+03 1.195770477913283419e-02 1.189709578613786789e-01 4.710440862789423977e-01 5.364434316911370626e-01 8.387772431250393838e-04 6.845337541333430809e-02 1.285256071102471864e-01 1.306216207840555088e-01 1.179355434047592820e-02 6.391424974918741286e-02 4.305718798494737598e-01 4.949255485816580480e-01 1.237962207547870473e-02 2.210548211985265410e-01 5.941820959657306833e-01 6.658513743691448772e-01
