# signal_efficiencies		0sq-mean	0sq-std	0sq-min	0sq-max	1sq-mean	1sq-std	1sq-min	1sq-max	2sq-mean	2sq-std	2sq-min	2sq-max	all-mean	all-std	all-min	all-max
1.000000000000000021e-02 1.450842812138844473e-01 6.637401129926444841e-03 1.365906446516760575e-01 1.542171505158047018e-01 3.026204200957784418e-01 8.954757062053979311e-02 1.949199132761039177e-01 4.114417847028343234e-01 8.650576016320596917e-01 6.737532365681817015e-02 7.802375649421149362e-01 9.430438940794934055e-01 1.171186973535840448e+00 9.839749458028861084e-02 1.027692377321463013e+00 1.326370694537296169e+00
1.497487437185929596e-02 1.781692891766797626e-01 5.326382484063643501e-03 1.673638545615846740e-01 1.877941301223235993e-01 3.412912408900540262e-01 1.092159572304328696e-01 2.243700275388683107e-01 5.036452205920599612e-01 1.010779463759424512e+00 1.001292879215957554e-01 8.627131755794661405e-01 1.154307970857859633e+00 1.358289480263098259e+00 7.067598408168003499e-02 1.260310303716238201e+00 1.460188222945834502e+00
1.994974874371859344e-02 2.020883370127085910e-01 6.042934394027317524e-03 1.914651255417502140e-01 2.114641273884142747e-01 3.318476605916676481e-01 8.285071334429866541e-02 2.520575130457110014e-01 5.285812314718754124e-01 1.100025703562601098e+00 7.263265113896885672e-02 9.896374506038899677e-01 1.217950769649792653e+00 1.564980813108832303e+00 5.895056968339763143e-02 1.460161340688720388e+00 1.665470659391996122e+00
2.492462311557788746e-02 2.279591163417263311e-01 7.396215534194543889e-03 2.111859892824223817e-01 2.363067905350928199e-01 3.429055945284586460e-01 4.498648084982085488e-02 2.795478781067184393e-01 4.132539913183814195e-01 1.208049534819730209e+00 7.001854526609148366e-02 1.114156470945658173e+00 1.315979289479779935e+00 1.736196364876292808e+00 5.256222573038777518e-02 1.671599912913027675e+00 1.848523545712364546e+00
2.989949748743718494e-02 2.503819278444542329e-01 8.121005042293882523e-03 2.383942226142272414e-01 2.625400493700110749e-01 3.829223787310175320e-01 5.063477562956449074e-02 3.288250249420713311e-01 4.768031347123904973e-01 1.330897392445403282e+00 7.952932162796502724e-02 1.216049040169361106e+00 1.468422487331886295e+00 1.904395063591301396e+00 4.870533223032114112e-02 1.853055584217453866e+00 2.022975107231014924e+00
3.487437185929648242e-02 2.672403916454925143e-01 7.326034368454131286e-03 2.551244532566874224e-01 2.816685668520165775e-01 4.006620676821417426e-01 3.674102195553228395e-02 3.552595686251769358e-01 4.787015489593049455e-01 1.420350858308183417e+00 6.139547949268488181e-02 1.320564970444117581e+00 1.544611973616736744e+00 2.063388668727814235e+00 6.174002445781585219e-02 1.985050522318700272e+00 2.212855615358265915e+00
3.984924623115577991e-02 2.855391086195501749e-01 7.916489480987737998e-03 2.726503592269858278e-01 3.030150861966393605e-01 4.162487054147915311e-01 3.248887384204006412e-02 3.795380795354268977e-01 4.873991575269180365e-01 1.510438032855770718e+00 5.172641330743122517e-02 1.442210680536889056e+00 1.620156309929700278e+00 2.186004225157526459e+00 7.204336473239451866e-02 2.079978341739982639e+00 2.353521774302441472e+00
4.482412060301507739e-02 3.053825158627171965e-01 7.942902384369230837e-03 2.919522184993258995e-01 3.209551606157187709e-01 4.475024727603545971e-01 3.527305917592708090e-02 4.124137034602375351e-01 5.365609071530925700e-01 1.600295060193146268e+00 5.456938985472882531e-02 1.564053029258273497e+00 1.743514298494616366e+00 2.304094423274453796e+00 5.924192489998234695e-02 2.199388721083443521e+00 2.412994982437489000e+00
4.979899497487437487e-02 3.214140084947868514e-01 7.697124032135340896e-03 3.125229343569906337e-01 3.356912730184404281e-01 4.733501668946861196e-01 3.088629032897782789e-02 4.421175913991897133e-01 5.447987428478195948e-01 1.695304034829508311e+00 4.892666179422036632e-02 1.647072928523352298e+00 1.811034853209366968e+00 2.413150706446743232e+00 5.693730836752696617e-02 2.297376665527503636e+00 2.520941525634824210e+00
5.477386934673367236e-02 3.354925972670912970e-01 8.185532702914158007e-03 3.231783358301800191e-01 3.493302546912977480e-01 5.031833065610069600e-01 3.706417283233670590e-02 4.450372281084755688e-01 5.889500353916626851e-01 1.780484477562791046e+00 6.245939106918409200e-02 1.692965694981405145e+00 1.922219063942881556e+00 2.549003039317711217e+00 6.927100743898395585e-02 2.397166575446036507e+00 2.667343904256991305e+00
5.974874371859296984e-02 3.480718315516789230e-01 8.213620964587692308e-03 3.349157106078189394e-01 3.616551303027713549e-01 5.250031674341752996e-01 4.306355758879069212e-02 4.718162528277472512e-01 6.318540590488632702e-01 1.845082523455930268e+00 7.817664369542558223e-02 1.742400420907442182e+00 2.028095132082276653e+00 2.648478972682958066e+00 5.752073978573803148e-02 2.546853762527676590e+00 2.742449790436312540e+00
6.472361809045226733e-02 3.586824195600190612e-01 7.847206123624876628e-03 3.455234297332585025e-01 3.750461809400570390e-01 5.368981557585357223e-01 4.416853263021140036e-02 4.744511905985922540e-01 6.270765020442194970e-01 1.920043112365878546e+00 7.314304262834160630e-02 1.810869201182347066e+00 2.085593238932350602e+00 2.765739016885157664e+00 6.248431643449264133e-02 2.645163928080739968e+00 2.863736218941144163e+00
6.969849246231155093e-02 3.718279109680669436e-01 9.995887099480056312e-03 3.576678387496344813e-01 3.951028728156839032e-01 5.473182236372893250e-01 3.493846664848625216e-02 5.019961154616178201e-01 6.165538150813665297e-01 1.973690776989640794e+00 7.095539070757875266e-02 1.854945483997950451e+00 2.103816688615113950e+00 2.861359489094548625e+00 5.474256794742017596e-02 2.765014407759817328e+00 2.954038031189747837e+00
7.467336683417084842e-02 3.853123944486830932e-01 1.162210245706050450e-02 3.698333140819139997e-01 4.126895606030474006e-01 5.630685148936033224e-01 3.667313717644357651e-02 5.085961520301407468e-01 6.276400248385096692e-01 2.043278143014826576e+00 5.344361986528362723e-02 1.949018132596670227e+00 2.162177278128874391e+00 2.948318577915883587e+00 5.505816498267251252e-02 2.852358727886240786e+00 3.044408599525310066e+00
7.964824120603014590e-02 3.974329490132236797e-01 1.192918653481609553e-02 3.821010177363282079e-01 4.271113043154033395e-01 5.785219972985049530e-01 3.825956136801531710e-02 5.366121380563254606e-01 6.469134655064260331e-01 2.097471516217204623e+00 6.454169805605412813e-02 1.981398852397684429e+00 2.244249648285066456e+00 3.031669825496126514e+00 4.449991329674110596e-02 2.960758234330140404e+00 3.115937310666585969e+00
8.462311557788944338e-02 4.081870955669296697e-01 1.232390149390597163e-02 3.954723762112553054e-01 4.388310789015150148e-01 5.963369331399613893e-01 2.573418973906175730e-02 5.582843706008157048e-01 6.507720534314951344e-01 2.169161064922630722e+00 6.409171881991708453e-02 2.022216357360508976e+00 2.275407356999455288e+00 3.115495655650332818e+00 3.996837505626999604e-02 3.065603022856955739e+00 3.215125547976826148e+00
8.959798994974874087e-02 4.169212499576448461e-01 1.357413768171857223e-02 4.013248337943313704e-01 4.512858525928155062e-01 6.172571632358552218e-01 3.224454727044014785e-02 5.613177698822143791e-01 6.831373456519551635e-01 2.240171918746268087e+00 6.936274341213292949e-02 2.093358123358708855e+00 2.361923598586806783e+00 3.195620383864792302e+00 5.200979359722261719e-02 3.128187009213970082e+00 3.316147224069148525e+00
9.457286432160803835e-02 4.257664064098219403e-01 1.317673355858006018e-02 4.100281911275395208e-01 4.591478711201165686e-01 6.368161404974499451e-01 4.080939439136101882e-02 5.704970489053762250e-01 7.149957724320940011e-01 2.295103260836949488e+00 6.920628974943138223e-02 2.176699146083737268e+00 2.437409250116109316e+00 3.277337500860704189e+00 5.217243632784022977e-02 3.172216734643982239e+00 3.373294078320884015e+00
9.954773869346733584e-02 4.364049470270238151e-01 1.271969150019056256e-02 4.217578405516639317e-01 4.685922961484458305e-01 6.545289317080963398e-01 3.813636556183921944e-02 5.884256392548498082e-01 7.164653958454845206e-01 2.355228498637980117e+00 5.628278937537636861e-02 2.254470724970863316e+00 2.436945638816830240e+00 3.360135558567491465e+00 5.973848169287802184e-02 3.240889785277386803e+00 3.462225768474198606e+00
1.045226130653266333e-01 4.466763536743382224e-01 1.063419499047466195e-02 4.350537388404323580e-01 4.711708503390949487e-01 6.637968731862151639e-01 3.270112150565937514e-02 6.146938693460526348e-01 7.156381195094277947e-01 2.415844481697887680e+00 6.166560303147916589e-02 2.292863635535762779e+00 2.516912613138976518e+00 3.441785706446768067e+00 5.481067668860432895e-02 3.329508955041832419e+00 3.530251844308742726e+00
1.094974874371859308e-01 4.553100115652377045e-01 1.054983143009167838e-02 4.420815635994224668e-01 4.756272526143446866e-01 6.857352389418076566e-01 3.286962175513714196e-02 6.406933032395837335e-01 7.385529630715500504e-01 2.460697180157896291e+00 5.036089073325403925e-02 2.370318658244292553e+00 2.539556490240505671e+00 3.490068782982095108e+00 5.942218845368063551e-02 3.405453493753661132e+00 3.583933400417047554e+00
1.144723618090452283e-01 4.652708456521353897e-01 1.063927251990011251e-02 4.505033955040509963e-01 4.852477537557183807e-01 6.950613917867496383e-01 2.974965473462612073e-02 6.496326088904386120e-01 7.376026808138090862e-01 2.516353803012262969e+00 5.455925857910792764e-02 2.424518849810923804e+00 2.615893792334898826e+00 3.533886831931033701e+00 5.585023873589024107e-02 3.463707737539996945e+00 3.634803980874469431e+00
1.194472361809045258e-01 4.739975530423624628e-01 9.630387846163874013e-03 4.609233159649225309e-01 4.917359902477680955e-01 7.084281700791791314e-01 3.371860566475839982e-02 6.571010702892803312e-01 7.601908192428256106e-01 2.559593834248277577e+00 5.462342439551041290e-02 2.479205196153356106e+00 2.664176952456560166e+00 3.590342654755036111e+00 6.712507963372639497e-02 3.506073088912037949e+00 3.721579324890042617e+00
1.244221105527638233e-01 4.821528654716769613e-01 9.618433083476535597e-03 4.686610393079814751e-01 5.024656755874539193e-01 7.193447505437869927e-01 3.422039815971596871e-02 6.603330052646034787e-01 7.752823909024320059e-01 2.607940054049351808e+00 5.537445556851678524e-02 2.517990367053213330e+00 2.711669228734748582e+00 3.658080433229057515e+00 7.060288762406034813e-02 3.548978008882651913e+00 3.824463201102369148e+00
1.293969849246231207e-01 4.910004004704757175e-01 1.052115411167205486e-02 4.775915067032174832e-01 5.110372793820250337e-01 7.320408710345380765e-01 3.191882293226829675e-02 6.737959347899051821e-01 7.855584884501431997e-01 2.650611174825533212e+00 4.405829896309188670e-02 2.580333172094367189e+00 2.734132819824048433e+00 3.716799233104681743e+00 6.143656366457995316e-02 3.634669765024671317e+00 3.863245699902907671e+00
1.343718592964824043e-01 4.985261915990918391e-01 1.099906382339829389e-02 4.844837310322192558e-01 5.197238876700102095e-01 7.344791210310199769e-01 2.615927378918592866e-02 6.969317073902838722e-01 7.877309460395143237e-01 2.695805894011725989e+00 5.106249913713114402e-02 2.630226991737323328e+00 2.799234692597998730e+00 3.765296438543761504e+00 6.712054189359353829e-02 3.690361675776951955e+00 3.934173136367872914e+00
1.393467336683417157e-01 5.052485092708860481e-01 1.074175559185003466e-02 4.908086046290724425e-01 5.248716331815671543e-01 7.513688465962402585e-01 2.956042284237020076e-02 7.097122267715825217e-01 8.060559142982649528e-01 2.733312116145353077e+00 3.984258554493695648e-02 2.679188516675131027e+00 2.826685376754585199e+00 3.810787533090215895e+00 4.805198349329591750e-02 3.759061802822539988e+00 3.909630811608989731e+00
1.443216080402010271e-01 5.124043647814016111e-01 1.062407236172802430e-02 5.004058756425062704e-01 5.335591230143185149e-01 7.555827144948945584e-01 2.489271600476924626e-02 7.222664714575989242e-01 8.130271741134345032e-01 2.778851147854339398e+00 4.890613060736079959e-02 2.708341904826555346e+00 2.894490214066103295e+00 3.855086905130062469e+00 6.414183475592759309e-02 3.760739653467692012e+00 3.996106444609086594e+00
1.492964824120603107e-01 5.195940085228778482e-01 1.040082108026283043e-02 5.074587836753963188e-01 5.383049956759858867e-01 7.675434815119870358e-01 2.665732884225508956e-02 7.346066089956539980e-01 8.263816152555035766e-01 2.827357863176325203e+00 5.915230491122435569e-02 2.743356433394911864e+00 2.961148732226430269e+00 3.905052832088282688e+00 5.824300801447911125e-02 3.803024552520363422e+00 4.021111836799202699e+00
1.542713567839196220e-01 5.262524322113407704e-01 9.811866890598720456e-03 5.134880210674023227e-01 5.436916782186586028e-01 7.791000083027886935e-01 2.543527961479390490e-02 7.467428267927235241e-01 8.355487206310363568e-01 2.869711906726217787e+00 5.222229084587101666e-02 2.766993233775198568e+00 2.969685712276789236e+00 3.947700047458572836e+00 5.369038546749132362e-02 3.881799544866685547e+00 4.052879622250025626e+00
1.592462311557789056e-01 5.332146692057395665e-01 9.701057723266095362e-03 5.214106393562907282e-01 5.516958107289563484e-01 7.882942876002492216e-01 2.924382906655683886e-02 7.321641383282969651e-01 8.338130899253098915e-01 2.913322194954599986e+00 5.955801202556700730e-02 2.813463203057778195e+00 3.024810245284004218e+00 3.987841932610583395e+00 3.747198079079008814e-02 3.934903934990809926e+00 4.058807804280655240e+00
1.642211055276382170e-01 5.390106395862354072e-01 9.192372967646009196e-03 5.287600982515683334e-01 5.546572099712656634e-01 8.001505270310417250e-01 2.667899802184348773e-02 7.527050362378948645e-01 8.440802895828553032e-01 2.958195542047722615e+00 5.953443542415171735e-02 2.842324084288609054e+00 3.067094884123851450e+00 4.036104282974089408e+00 4.231834596625020511e-02 3.963980677839177513e+00 4.098032257694187663e+00
1.691959798994975006e-01 5.456385911475438721e-01 8.219165499057457316e-03 5.346117957179794544e-01 5.583694573796338378e-01 8.066713269898148075e-01 2.880653004157087901e-02 7.521113104884619149e-01 8.541563616387884972e-01 3.002544163339074146e+00 5.569016527184408177e-02 2.887551472826173971e+00 3.091267032065656117e+00 4.079878809726968036e+00 3.946237157368434612e-02 4.027726423921619059e+00 4.147448298346019691e+00
1.741708542713567842e-01 5.521482382521527565e-01 7.027998033203494352e-03 5.423319415292787715e-01 5.634666667301260201e-01 8.125297827451494204e-01 2.764968210021995568e-02 7.600009571720736101e-01 8.570398310677084242e-01 3.030396594395848631e+00 5.452516361288129582e-02 2.933547771184771946e+00 3.129968204148432687e+00 4.124528965215978005e+00 3.979474834221249924e-02 4.056932030598097150e+00 4.194839467793889831e+00
1.791457286432160956e-01 5.581392967596794374e-01 7.155004561810616656e-03 5.470329176014301353e-01 5.722083677777133337e-01 8.186383963508239159e-01 2.892125517972004775e-02 7.640234947311891345e-01 8.632609403710239659e-01 3.050574687031109455e+00 5.744851363206606581e-02 2.963021658296499439e+00 3.151670835292938122e+00 4.153851516574560421e+00 3.325491418063954846e-02 4.097440347748860567e+00 4.197866427380643195e+00
1.841206030150753792e-01 5.646798306676030776e-01 7.924492934772611741e-03 5.504535731762115747e-01 5.778427618683701361e-01 8.231609340545820164e-01 3.044752972546849526e-02 7.755897488775109760e-01 8.733846923853236799e-01 3.072835510548498572e+00 5.650367939971789183e-02 2.987815393718845414e+00 3.176334530565127601e+00 4.184862392180998647e+00 4.685683631244638020e-02 4.086331556736993775e+00 4.253994459466604816e+00
1.890954773869346905e-01 5.708039377892089039e-01 8.328492243868139064e-03 5.543526235678934988e-01 5.864108103635718994e-01 8.199270370654130335e-01 3.244010253718437181e-02 7.788434807075284017e-01 8.770126607158121868e-01 3.096394480976384589e+00 5.413341587889573814e-02 3.030793073932923409e+00 3.214430128495838090e+00 4.207459839677393454e+00 3.549933291174690864e-02 4.108145111427026208e+00 4.240857913070299468e+00
1.940703517587939742e-01 5.772778082238061437e-01 9.257876803041678246e-03 5.602446913249935490e-01 5.929463241251160532e-01 8.206306346601994761e-01 3.416307062809408046e-02 7.652937798765222510e-01 8.832478826581683373e-01 3.127864174481436610e+00 6.329578685203485211e-02 3.058159629741381558e+00 3.254544917478590982e+00 4.240578856387275941e+00 4.194778662310835737e-02 4.130822193767604844e+00 4.289891059194260059e+00
1.990452261306532855e-01 5.827242074570889718e-01 9.186861123095454995e-03 5.661660836055919521e-01 5.982435601404851866e-01 8.255693449949668139e-01 3.445662435670002188e-02 7.629223617915662503e-01 8.932427896573930104e-01 3.158674057758994458e+00 6.693556176770421029e-02 3.078032537899795251e+00 3.312037390308101958e+00 4.259570648487179589e+00 4.316720919100823506e-02 4.154236372581073589e+00 4.328095532953473601e+00
2.040201005025125691e-01 5.881645862898510213e-01 9.048119702024197755e-03 5.736110777473713007e-01 6.035161013083132353e-01 8.356598618453430216e-01 3.380131158600203217e-02 7.803102269266966040e-01 9.128740611180709008e-01 3.195250368986546352e+00 6.900798992710921453e-02 3.098561584049216222e+00 3.357485315555370331e+00 4.282190781530679224e+00 5.282944345013709797e-02 4.152134056432739584e+00 4.356193555479017654e+00
2.089949748743718805e-01 5.923913288815563227e-01 8.767749628927817840e-03 5.785906255811363863e-01 6.064005823552887087e-01 8.382314652488724871e-01 3.136592613724490525e-02 7.918261824944428096e-01 9.202422109067253109e-01 3.228221342819100670e+00 6.124912048656605545e-02 3.139836287389397018e+00 3.372038422110430922e+00 4.301287119445602158e+00 5.507110603115202702e-02 4.202861949353655646e+00 4.384674131562189991e+00
2.139698492462311641e-01 5.982270102694591252e-01 8.354272356841533145e-03 5.870885868521976692e-01 6.124143094055559677e-01 8.434558151380187052e-01 3.229262830059063255e-02 7.961585983306371794e-01 9.226160651317278916e-01 3.252499094127389245e+00 6.416309140148540591e-02 3.153341648633096739e+00 3.393425983199857221e+00 4.322004722471119109e+00 4.712107444043210636e-02 4.236214102979515950e+00 4.404076412800255191e+00
2.189447236180904754e-01 6.042432731896038023e-01 7.969381031232184581e-03 5.936900423461332066e-01 6.175144042620434037e-01 8.435695535903194875e-01 3.411286470713191521e-02 8.013037788779800996e-01 9.269331720367501859e-01 3.275797627671606982e+00 6.412019984579112042e-02 3.198818624115168152e+00 3.435640001909014973e+00 4.341026118339580187e+00 3.684537664355751196e-02 4.277717246936865614e+00 4.424285148386465139e+00
2.239195979899497591e-01 6.098053570481247743e-01 7.807165120224757691e-03 5.978841340449033703e-01 6.237127249121400263e-01 8.490243123045999596e-01 3.456537662173713582e-02 8.179042935516944723e-01 9.417155620022963358e-01 3.297651582222413058e+00 4.734556563067185420e-02 3.247122630595128179e+00 3.406758655284429782e+00 4.355754861225253016e+00 4.180322014129220914e-02 4.302828031475086412e+00 4.435992635996688804e+00
2.288944723618090704e-01 6.156442765655586458e-01 7.650135522677061102e-03 6.035593408230400803e-01 6.308017918493367127e-01 8.535154153688300216e-01 3.077227289351456771e-02 8.226855131852610636e-01 9.338241355879605132e-01 3.318275915198499071e+00 5.110968809832779763e-02 3.255848020934468234e+00 3.428272138186100548e+00 4.364809186642855110e+00 3.107708154434173434e-02 4.312918222921472200e+00 4.416347389993678263e+00
2.338693467336683540e-01 6.206385779902522382e-01 7.640394704024468069e-03 6.097997157023469228e-01 6.344420281054401478e-01 8.520862487095695048e-01 2.694596363186348500e-02 8.138204967795459321e-01 9.117831930264198581e-01 3.341830609820182652e+00 6.231513147532619090e-02 3.248987036085101199e+00 3.481021508750699489e+00 4.391190392666031173e+00 3.206907206063183691e-02 4.353971128165690097e+00 4.439780313375179865e+00
2.388442211055276654e-01 6.261749414782926682e-01 7.899112552267351442e-03 6.139152915622617668e-01 6.399802274581719574e-01 8.598550613914767160e-01 3.019101804001974101e-02 8.216642957639974654e-01 9.291078231238873997e-01 3.371351504619391815e+00 5.913601988833967760e-02 3.288032970582263737e+00 3.503269152215778615e+00 4.411551695946662299e+00 3.386333702571264065e-02 4.351325753276733543e+00 4.463589542033322033e+00
2.438190954773869490e-01 6.313986747936020105e-01 7.381805689181357780e-03 6.211589073447681963e-01 6.433902507927524717e-01 8.614606327192412261e-01 2.884780909495722120e-02 8.249464797579002528e-01 9.312860609030833015e-01 3.395724267549973696e+00 5.696865022651530913e-02 3.302588753196210813e+00 3.511217727282676559e+00 4.423083506591074077e+00 3.978614460229359939e-02 4.356338658058001023e+00 4.472536497773865527e+00
2.487939698492462326e-01 6.365602897991908815e-01 7.286491580502351892e-03 6.271213865316948022e-01 6.484555537691734095e-01 8.618020625509906774e-01 3.061201254474680070e-02 8.125629650553610750e-01 9.269029616501911484e-01 3.414377161941128946e+00 5.382666983741071776e-02 3.340926664441803862e+00 3.524202084339176810e+00 4.443588030764422214e+00 4.228424060080119423e-02 4.349954237285430736e+00 4.504708081811871878e+00
2.537688442211055162e-01 6.417289495901402629e-01 7.166583761883507479e-03 6.298736379891453074e-01 6.535443612958130588e-01 8.676398967292568987e-01 3.061427550957905239e-02 8.252349065467076139e-01 9.294462418503222079e-01 3.426137487484054223e+00 4.528985968625428432e-02 3.367153699720840887e+00 3.538216019246707589e+00 4.475288597422857784e+00 3.946285797297383047e-02 4.384656740154811772e+00 4.522308881451576390e+00
2.587437185929647998e-01 6.465812399605854743e-01 7.551385803544743633e-03 6.361048757525055164e-01 6.576597262163113022e-01 8.707162783502422343e-01 2.967004142300227673e-02 8.213882425226105566e-01 9.324090251128340778e-01 3.452272391790964345e+00 3.299533225599166758e-02 3.404752428420768418e+00 3.513998938354182311e+00 4.493140620246997230e+00 3.720516696656461786e-02 4.412692862458300169e+00 4.533454940958975499e+00
2.637185929648241389e-01 6.507631953955593795e-01 7.894583203327561541e-03 6.410380888742561734e-01 6.629799556487389056e-01 8.733004772418754280e-01 2.166407197392172454e-02 8.292865555443242886e-01 9.075311297307413483e-01 3.470910299358545892e+00 3.447056722904374287e-02 3.419164308789231832e+00 3.525515187206067047e+00 4.516517032260631836e+00 4.173130141078127547e-02 4.434430195683368936e+00 4.565950777573182684e+00
2.686934673366834225e-01 6.557346928585108259e-01 7.688129806276667103e-03 6.457020616346552666e-01 6.686819448594071291e-01 8.746687873755305542e-01 1.823971638783490959e-02 8.392374967417438603e-01 9.035884204065808278e-01 3.497399004871923900e+00 3.638460148019472679e-02 3.444948564912845068e+00 3.574211169519299069e+00 4.537693067367615463e+00 4.366227694720444669e-02 4.472080244794063297e+00 4.605091510394289323e+00
2.736683417085427061e-01 6.607260299559074568e-01 7.460916358366961702e-03 6.507242470171366033e-01 6.719672858917213887e-01 8.808800448165993169e-01 1.772877945350594467e-02 8.490930079935657959e-01 9.085691647579240415e-01 3.520901527759964011e+00 4.021688486418623781e-02 3.459674415927403324e+00 3.589551148020599936e+00 4.544016733424491861e+00 4.084294715630919920e-02 4.478628417340881462e+00 4.610706565550950486e+00
2.786432160804020453e-01 6.654769049702891071e-01 6.510369623333976674e-03 6.575174255614686381e-01 6.771062593074638203e-01 8.829198238429786239e-01 1.732304513612228924e-02 8.517334616393815727e-01 9.067755926469780459e-01 3.548584526068486067e+00 4.213394745156626847e-02 3.464092321531551111e+00 3.609446597966364134e+00 4.545622555260723452e+00 4.631663236460730609e-02 4.471834167194344900e+00 4.623800488591379043e+00
2.836180904522613289e-01 6.701261467562535934e-01 5.869746942723566216e-03 6.641332577865597386e-01 6.801175453111825142e-01 8.849611371985706132e-01 1.855262309939301191e-02 8.606009447801796775e-01 9.215330206415417447e-01 3.561699241167059604e+00 3.118987125022559120e-02 3.510804290698934960e+00 3.609936385890776478e+00 4.545044696765484282e+00 5.608011037590918124e-02 4.444820494872248062e+00 4.656315441515937792e+00
2.885929648241206125e-01 6.748226628993146958e-01 5.581350263524516124e-03 6.686783370540845262e-01 6.843428374521699498e-01 8.830157938782132732e-01 2.105449466155282987e-02 8.483267406375238906e-01 9.218957043635358506e-01 3.571161576336781884e+00 3.106748679445875058e-02 3.522819640511732242e+00 3.611468540629527713e+00 4.558588507278555468e+00 6.043458027721900633e-02 4.485250942655477857e+00 4.691933884566469537e+00
2.935678391959798961e-01 6.781233030951072660e-01 6.316224525613793432e-03 6.716190003382225271e-01 6.890559493210709485e-01 8.805753013952684061e-01 2.416439203894767476e-02 8.249119619682088178e-01 9.104340394142462767e-01 3.592364210516300282e+00 3.869404321177222911e-02 3.510953769377451295e+00 3.646645632331497744e+00 4.570424796902500475e+00 5.468499525337365552e-02 4.503881952065299288e+00 4.654842529451493682e+00
2.985427135678392352e-01 6.819507390546004633e-01 6.492110395012622159e-03 6.734104954016145728e-01 6.934173562544193592e-01 8.840187908552513685e-01 2.519975172316551298e-02 8.280535495911188759e-01 9.197932748436239425e-01 3.599939873016755776e+00 4.277008321523376871e-02 3.498248251075537496e+00 3.648956832364049774e+00 4.580526365828528235e+00 5.768510165688324476e-02 4.510142901469929910e+00 4.664669840385263555e+00
3.035175879396985188e-01 6.859351543087005565e-01 7.053480685720187222e-03 6.781434227228672063e-01 7.002086690381114087e-01 8.879342916513834894e-01 2.446020019562905948e-02 8.295869775050169759e-01 9.197824441527285844e-01 3.611837192707139543e+00 3.765945619964684160e-02 3.514863620674500311e+00 3.662534458439802076e+00 4.578475617765159100e+00 4.764109141656258650e-02 4.506560030716070919e+00 4.650028340088132595e+00
3.084924623115578024e-01 6.906710449519524175e-01 6.442461597188008267e-03 6.828450022607162051e-01 7.028897007586117907e-01 8.851991551038773665e-01 2.244487157881103895e-02 8.272128678809711477e-01 9.047354603125498107e-01 3.626823717203766506e+00 3.159505308981827576e-02 3.549888811478756345e+00 3.656013834501665283e+00 4.579562649598182489e+00 5.006476281424613456e-02 4.511955451763236979e+00 4.654074282979152599e+00
3.134673366834170860e-01 6.953764662692336618e-01 5.766493776647698549e-03 6.873010672717889680e-01 7.073684606135782760e-01 8.825080558883178217e-01 2.250453581326004523e-02 8.256611542946645788e-01 9.013792794925525875e-01 3.642235231561905096e+00 4.208085493516524472e-02 3.539453545380947030e+00 3.690385167708631897e+00 4.583740998251132126e+00 4.188457148009171183e-02 4.537140490457223230e+00 4.645914611719097032e+00
3.184422110552764251e-01 6.992425874811601938e-01 6.891578892395786374e-03 6.898483481750792290e-01 7.126742358547367706e-01 8.841492077512780323e-01 2.540476884231383098e-02 8.204999228298659464e-01 9.128681513770430245e-01 3.649447929198745388e+00 3.979535788808156310e-02 3.556451707560500886e+00 3.704613352073340415e+00 4.589813549015678618e+00 4.348839606771090494e-02 4.530917194834968242e+00 4.664343309717572161e+00
3.234170854271357087e-01 7.033131493404164436e-01 7.326521141460443955e-03 6.941199519798519901e-01 7.181542805036974508e-01 8.854770463411061332e-01 2.491598214510004627e-02 8.228780002475960531e-01 9.208100381660389022e-01 3.659078839035364350e+00 4.416254663712198408e-02 3.548068757238306059e+00 3.728712997289544973e+00 4.594519138709403094e+00 3.961004164992745769e-02 4.521788281787438635e+00 4.673145966144613084e+00
3.283919597989949923e-01 7.072260674416845916e-01 7.614426096200119579e-03 6.980938918539063565e-01 7.231953353830758990e-01 8.834116248700493168e-01 2.552413467519509122e-02 8.265890536991636894e-01 9.189972037571023655e-01 3.668966077351137223e+00 5.143663908507394716e-02 3.546359579062441814e+00 3.752680570525706472e+00 4.593425312813289807e+00 4.589301063741248882e-02 4.523412819993442469e+00 4.687976396468724438e+00
3.333668341708542759e-01 7.114613390101084400e-01 8.344185793516603611e-03 7.022992981937763446e-01 7.286103423433075710e-01 8.844459696343396349e-01 2.349409225730359277e-02 8.293846060689258337e-01 9.150072302426562887e-01 3.675426547364524232e+00 4.868468689036479363e-02 3.583065366054091871e+00 3.750689394431221402e+00 4.592474624345451062e+00 4.582945003475319412e-02 4.530213666798722727e+00 4.672773788988438426e+00
3.383417085427135595e-01 7.162699639446192812e-01 8.633508320523033269e-03 7.062194858558414889e-01 7.324879150781946624e-01 8.816844150386398127e-01 2.452500307686029599e-02 8.409973507408490256e-01 9.253410853641653722e-01 3.675184619237055639e+00 4.983154229150656839e-02 3.576794091631530836e+00 3.763114877584359697e+00 4.596594313820999034e+00 4.597036812211513501e-02 4.539907842081563061e+00 4.686100746687926311e+00
3.433165829145728987e-01 7.198725363604181471e-01 8.531818273996244137e-03 7.081357704729835945e-01 7.347815871258166487e-01 8.812218606793547071e-01 2.252946313749049773e-02 8.469520070550976554e-01 9.231120097289504667e-01 3.684689170501862954e+00 4.448060548433478700e-02 3.602419226771518268e+00 3.769107839557519934e+00 4.584251238210372392e+00 4.687664009663027737e-02 4.509803164392126362e+00 4.665793074761658055e+00
3.482914572864321823e-01 7.232580945272781836e-01 8.062373178246876743e-03 7.130912730545732048e-01 7.382943181828817147e-01 8.843751340230163738e-01 2.086935178916873510e-02 8.554771060682304640e-01 9.280531809240819552e-01 3.697681655257520905e+00 3.598583108803819069e-02 3.635618579961544583e+00 3.766878814095692363e+00 4.579628495537013677e+00 4.039937410335676937e-02 4.526169989730125742e+00 4.648230132680145843e+00
3.532663316582914659e-01 7.270001035085463803e-01 6.810035505146450584e-03 7.181761590767059555e-01 7.389482456734367544e-01 8.834659941176902231e-01 2.128244454053834084e-02 8.560020811837256716e-01 9.270930394942836772e-01 3.703298723631592626e+00 3.908682679168631185e-02 3.645482885239422099e+00 3.790986266620409495e+00 4.561708738732724200e+00 5.571487022405347683e-02 4.484505364355825030e+00 4.650880821437686663e+00
3.582412060301507495e-01 7.305159655683457487e-01 6.387916709505406243e-03 7.223676224177882910e-01 7.427153527145935463e-01 8.822220699021745549e-01 2.179749934373418838e-02 8.538639179447384819e-01 9.243341516163348093e-01 3.713282350215304284e+00 4.457093623153276368e-02 3.664484050093304024e+00 3.814948633147585255e+00 4.554231861029013118e+00 5.539232503683379216e-02 4.497074250291579922e+00 4.653764112471391989e+00
3.632160804020100886e-01 7.346170153212612242e-01 6.381458086672116108e-03 7.258568716156206246e-01 7.458271783878331895e-01 8.781157256293656843e-01 1.479813453971404527e-02 8.597352238103043165e-01 9.090889734931462129e-01 3.704510513639776015e+00 3.177611310387351562e-02 3.658607394248961420e+00 3.754144609701539181e+00 4.540869170489917117e+00 6.138797044800077540e-02 4.466714942766291330e+00 4.650499355020198955e+00
3.681909547738693722e-01 7.379286499479708050e-01 5.501321268716144811e-03 7.291406093645812492e-01 7.472139893652248732e-01 8.785727637743001583e-01 1.383857834975005079e-02 8.622499203322222527e-01 9.124062754692563448e-01 3.710631923341276117e+00 2.660468157227904515e-02 3.669276882661487882e+00 3.743770371431449195e+00 4.526360819957590209e+00 5.834991414207948979e-02 4.454287223657090955e+00 4.629829902696880772e+00
3.731658291457286558e-01 7.411148555047462061e-01 5.269190199770673079e-03 7.329326460301132107e-01 7.505649917029479923e-01 8.777062752203630414e-01 1.233430255519938484e-02 8.641308653608761325e-01 9.062063338624593012e-01 3.720387559039069370e+00 2.986156808448206523e-02 3.680129239119380724e+00 3.767496551649442971e+00 4.516005242313511303e+00 6.311392017789159425e-02 4.426039570864154449e+00 4.627593460528174774e+00
3.781407035175879394e-01 7.442472332985169414e-01 5.745731019495797787e-03 7.337923188868210600e-01 7.553734704167809344e-01 8.800519737192024072e-01 1.388971771546380386e-02 8.660818043093833074e-01 9.140795137484490906e-01 3.732747377381093745e+00 3.412935620372344742e-02 3.670601130880665419e+00 3.781822824217672352e+00 4.501905925544120279e+00 6.255871839624201070e-02 4.416751769053778531e+00 4.603314798353667747e+00
3.831155778894472785e-01 7.484274756439966980e-01 5.812139565407227135e-03 7.371866243217843895e-01 7.591517124872226852e-01 8.801229726330470626e-01 1.249029679906515748e-02 8.631959411163931950e-01 9.095982855199012951e-01 3.743886422357148636e+00 3.209630099572264444e-02 3.686810557901487595e+00 3.786602624471841594e+00 4.490969465153471951e+00 6.495061671810428705e-02 4.397857419538314439e+00 4.596793406467400089e+00
3.880904522613065621e-01 7.514514514153907143e-01 5.596762543265531437e-03 7.398444636017244003e-01 7.600852540905412846e-01 8.769639200892397346e-01 1.694924134539516417e-02 8.539306407913307417e-01 9.121176425351089634e-01 3.745035701746248780e+00 3.428934326339197480e-02 3.685697150206959094e+00 3.789359005382200607e+00 4.482338494177024124e+00 6.919652120470111412e-02 4.376706223150866215e+00 4.593317180588195825e+00
3.930653266331658457e-01 7.538289825082877815e-01 5.291022605955991373e-03 7.428053402306736830e-01 7.611978296919560405e-01 8.753955576342018485e-01 1.718692091264974187e-02 8.543241403029835368e-01 9.175973878836586328e-01 3.747758789145701375e+00 3.925617269017961375e-02 3.667329733179480300e+00 3.799545142099934658e+00 4.463709296434153373e+00 6.591781880544629602e-02 4.365168644091569128e+00 4.562032328398764491e+00
3.980402010050251294e-01 7.576193961204167326e-01 5.216419259169658741e-03 7.471498236797851078e-01 7.656021441911786685e-01 8.777209984952977218e-01 1.654034315598015142e-02 8.606104292084110208e-01 9.213602195633210368e-01 3.762641569325364088e+00 3.915477008903397310e-02 3.672498953650964015e+00 3.816776803289707587e+00 4.455446079954072047e+00 6.531392893661182308e-02 4.349407559869867157e+00 4.547213436857955315e+00
4.030150753768844685e-01 7.599478524469740481e-01 5.086310182397893800e-03 7.500979226474342454e-01 7.690711706039430329e-01 8.797034198909285951e-01 1.336739416334008050e-02 8.651973604043361465e-01 9.144546135262530129e-01 3.774291747810790465e+00 4.047172077635205478e-02 3.680201658020739508e+00 3.833904151283862305e+00 4.438486068504674087e+00 6.625606361805393141e-02 4.318387485239798096e+00 4.544206351554410439e+00
4.079899497487437521e-01 7.638284070017570260e-01 5.379070595418738304e-03 7.538711800338669944e-01 7.744343595696880911e-01 8.810642884793384866e-01 1.314553306152717836e-02 8.654391399608430957e-01 9.121509232639037901e-01 3.789447610570811698e+00 3.957448030865660243e-02 3.702990766459560490e+00 3.837736302830841773e+00 4.421575272024205638e+00 6.505237918972749112e-02 4.305633143068271274e+00 4.531174860276386163e+00
4.129648241206030357e-01 7.666890421863363780e-01 4.507148147818059759e-03 7.591629498275223042e-01 7.758269661387660054e-01 8.827680407677220842e-01 1.419759814664017447e-02 8.669332219939316353e-01 9.198327245382529327e-01 3.787888780681627932e+00 3.727629928327533954e-02 3.723513875062409273e+00 3.828891123634193594e+00 4.395524679107159827e+00 6.848582309971756876e-02 4.286559530483313729e+00 4.513619013295090632e+00
4.179396984924623193e-01 7.705440301719729268e-01 4.277078328108331433e-03 7.636305595910000132e-01 7.792707637454165948e-01 8.816758912579343299e-01 1.319157144254894456e-02 8.685679336191107769e-01 9.136415695013252458e-01 3.793965754304900795e+00 4.108197817760625425e-02 3.724484071097772020e+00 3.852812480127315808e+00 4.375714757963946155e+00 6.320585819265137073e-02 4.296400451634251105e+00 4.494450375432621492e+00
4.229145728643216029e-01 7.741518437159946586e-01 4.066791665483029949e-03 7.678951870884412889e-01 7.823194547709682034e-01 8.815859332446762675e-01 1.099196800621789379e-02 8.702561240902519923e-01 9.040578685022619965e-01 3.811785598719356294e+00 4.115832733859127457e-02 3.743082570435800172e+00 3.857537833299672592e+00 4.348099235084430525e+00 6.504939681084911940e-02 4.270372448177578661e+00 4.459226401849166521e+00
4.278894472361809420e-01 7.777177974386062509e-01 3.333425554261670084e-03 7.727720926508162558e-01 7.841675871193588554e-01 8.821231996723979396e-01 1.287850099910663876e-02 8.682155324888500836e-01 9.075109941319536855e-01 3.818546153723222147e+00 4.304605446169530725e-02 3.750234950404222278e+00 3.881264863860731218e+00 4.329041932824599925e+00 6.099455572843281298e-02 4.250803341526647294e+00 4.435670207481265948e+00
4.328643216080402256e-01 7.810504866690739512e-01 3.662349425484096380e-03 7.749502334596283237e-01 7.873039993435100303e-01 8.815948766669376990e-01 1.404374523524008073e-02 8.576277538070238293e-01 9.107005795572575835e-01 3.815017123511610375e+00 4.029864569741192087e-02 3.752050162168154568e+00 3.874014328710077670e+00 4.306757899641178611e+00 6.089971167135451585e-02 4.206186441292925515e+00 4.417879077552756328e+00
4.378391959798995092e-01 7.843593358581758546e-01 3.635441030760517937e-03 7.779873276609174937e-01 7.910502115710565940e-01 8.795833815402739342e-01 1.359605597517421494e-02 8.589482265171439757e-01 9.117003128051411887e-01 3.820169370971560063e+00 3.928249713791996667e-02 3.754271471247787151e+00 3.885529363939241421e+00 4.284857088643762246e+00 5.643029493625337234e-02 4.207530903265904065e+00 4.399315455812087272e+00
4.428140703517587928e-01 7.873271396353133111e-01 3.077696604769318382e-03 7.830700550499475332e-01 7.933964000585338461e-01 8.742974931089065871e-01 1.432208266695974425e-02 8.513720995502379596e-01 9.027884580417576688e-01 3.817806601288246782e+00 4.610974216035273326e-02 3.738441308799516971e+00 3.897124029569841053e+00 4.267116493817992406e+00 5.274978344480613784e-02 4.195233857621015972e+00 4.376169358382933083e+00
4.477889447236181319e-01 7.902218610199727156e-01 3.663502577551939338e-03 7.849623006986918838e-01 7.956104819064683253e-01 8.711314927151596610e-01 1.076922323428111845e-02 8.514355159455484490e-01 8.936852974138016492e-01 3.806289578720034594e+00 5.652451779889368366e-02 3.698874770361281428e+00 3.902955733010784467e+00 4.245534594527232919e+00 5.079531361608127793e-02 4.171872007409604954e+00 4.344898465792069508e+00
4.527638190954774156e-01 7.936619024055427962e-01 4.283783172616140340e-03 7.872249015663579375e-01 7.999161770620941692e-01 8.683080901747437519e-01 1.477525598106949924e-02 8.456398258675034141e-01 8.985398785871164806e-01 3.812566274657383847e+00 5.641649852578957403e-02 3.722928716077791744e+00 3.926313474871331977e+00 4.229889983647860063e+00 4.971070116251644772e-02 4.152803780599295891e+00 4.327265459351306909e+00
4.577386934673366992e-01 7.965651150713319861e-01 4.664665198151257686e-03 7.891980854057020212e-01 8.029660992325288182e-01 8.682171480486404747e-01 1.666724082513703839e-02 8.449796985790541948e-01 9.035736392108789650e-01 3.816972612423992217e+00 6.073382600595964020e-02 3.732137139990123753e+00 3.943774017962604628e+00 4.205339105706637604e+00 5.046250540492962927e-02 4.115006487792233436e+00 4.313932808528901042e+00
4.627135678391959828e-01 7.992886773093942354e-01 5.320507143580026702e-03 7.902925617727841745e-01 8.082855334056535668e-01 8.669984485791442097e-01 1.406516420682047026e-02 8.490533283240297990e-01 8.890801647914762240e-01 3.818109873419770484e+00 5.596670709688356810e-02 3.741452753729876513e+00 3.916336260581935846e+00 4.187828270555423948e+00 5.278373316843536223e-02 4.101075560594061642e+00 4.310419444460536376e+00
4.676884422110553219e-01 8.020448490134002295e-01 5.199111305388856748e-03 7.917108152141720812e-01 8.095150780137313484e-01 8.656566248833540422e-01 1.648498013420469574e-02 8.404470234332980239e-01 8.900859709643874629e-01 3.819549679853350366e+00 5.984494291412840311e-02 3.736734235859727971e+00 3.906983763652300823e+00 4.164511595629496021e+00 4.910801248377252154e-02 4.084665995699113594e+00 4.289077692680577591e+00
4.726633165829146055e-01 8.052648065478400508e-01 5.287144330723188984e-03 7.943373329039298270e-01 8.139750021182240447e-01 8.649783449665683355e-01 1.730105891315818212e-02 8.394776045293580458e-01 8.911537309540157326e-01 3.823403426991086373e+00 6.296804099225963847e-02 3.741818510723758262e+00 3.919516271158831167e+00 4.149839649725188373e+00 4.838604947183039462e-02 4.073156743773325594e+00 4.276422116323994160e+00
4.776381909547738891e-01 8.073877782944156589e-01 5.671532162020784772e-03 7.959800489261559253e-01 8.172236451068092267e-01 8.636156069672727975e-01 1.705222299292108445e-02 8.405967747019086334e-01 8.880336972015924202e-01 3.815047084123839305e+00 5.651723587422318590e-02 3.742599331857783262e+00 3.895802044776070172e+00 4.123695176485160374e+00 4.979166966020414503e-02 4.045285196901529545e+00 4.254662697133116289e+00
4.826130653266331727e-01 8.101328654854123013e-01 5.447799060674118204e-03 7.981879078520616178e-01 8.184989982504069506e-01 8.618263704560822358e-01 1.589354260684935211e-02 8.403929486329326792e-01 8.854317533398454731e-01 3.817594319455052787e+00 5.053330679399985897e-02 3.756378433046651200e+00 3.888930185770103520e+00 4.098069754899037243e+00 4.809161263449560075e-02 4.023231274319286399e+00 4.223098589389431723e+00
4.875879396984924563e-01 8.127557345885385587e-01 5.322555461641158975e-03 8.020529296928733398e-01 8.204029798469592016e-01 8.581710578850414439e-01 1.596024212258012956e-02 8.350140897488530500e-01 8.798929472986674050e-01 3.807228855668307155e+00 5.416797069331815567e-02 3.724332372045408679e+00 3.877811233433245963e+00 4.072848188227682797e+00 5.273671794407533420e-02 3.992284810570509546e+00 4.209955628775903236e+00
4.925628140703517954e-01 8.153691211761531221e-01 5.172900915861386971e-03 8.044966899659325987e-01 8.221653943894415839e-01 8.580171757278602929e-01 1.781895937426680038e-02 8.316936751843950759e-01 8.821718919332242059e-01 3.806035677171941245e+00 4.823325287405889894e-02 3.751321514235590016e+00 3.872310184440169500e+00 4.052466204896703061e+00 5.318469584158053154e-02 3.979022585756253783e+00 4.189022471974666928e+00
4.975376884422110790e-01 8.174692462527216597e-01 5.579930707395364814e-03 8.074890976264350595e-01 8.242137187033459211e-01 8.555049380225584477e-01 1.366401250028734249e-02 8.367897538662008028e-01 8.796248599057779893e-01 3.804183869307949273e+00 5.265172266901604892e-02 3.734937873669626374e+00 3.876646002800022028e+00 4.028994116276846782e+00 4.906309530279401310e-02 3.960425076271520961e+00 4.156949551352827399e+00
5.025125628140703071e-01 8.203456832363024143e-01 5.685451103360172204e-03 8.104883441964476631e-01 8.277437024853749881e-01 8.543524247229630220e-01 1.256210135487904021e-02 8.383761427908933417e-01 8.751942215137616943e-01 3.807039689850625130e+00 5.048403429300711565e-02 3.733406800625884703e+00 3.876667662314790874e+00 4.006486759661656016e+00 4.314416996295108997e-02 3.937567360257816507e+00 4.107048861326170197e+00
5.074874371859295907e-01 8.230905245007896776e-01 5.146444617036003907e-03 8.143142020821603211e-01 8.288442601721975889e-01 8.534880003609014443e-01 1.317222119429654892e-02 8.354799409094390006e-01 8.752358676183400465e-01 3.801515350481629696e+00 4.434687456595078070e-02 3.722627621974562206e+00 3.868203306289195176e+00 3.974613952929321847e+00 3.873672280589326999e-02 3.913579013287707742e+00 4.055208132340506033e+00
5.124623115577889854e-01 8.251739013379033594e-01 5.088150430962961115e-03 8.161667849864432389e-01 8.314462778762868878e-01 8.533760622379352734e-01 1.361281847204845984e-02 8.324187173994438416e-01 8.754650525980658404e-01 3.797842320983400022e+00 4.607794075526393945e-02 3.716527093082063526e+00 3.883138079490645378e+00 3.949502395318621240e+00 3.679943021220596217e-02 3.898169397818978421e+00 4.025163602764709303e+00
5.174371859296482690e-01 8.276201769868050118e-01 5.348356980868854312e-03 8.186106790215823548e-01 8.345921738377026777e-01 8.466128072521991177e-01 1.591695413286942432e-02 8.171814707093028041e-01 8.773057438322005019e-01 3.792241939241642434e+00 4.513715300436547950e-02 3.723676922151117452e+00 3.880534055189686971e+00 3.926273706487707127e+00 4.207108004785614641e-02 3.873140243529684223e+00 4.016866351108557609e+00
5.224120603015075526e-01 8.298034290256943724e-01 5.108181844451815598e-03 8.206252320957236890e-01 8.369339059832364702e-01 8.437509884979913499e-01 1.818484787801561212e-02 8.110993237823576063e-01 8.797581572325743338e-01 3.788392175456202438e+00 4.469262052720455319e-02 3.716356317051733527e+00 3.867854966815580831e+00 3.897633711883319307e+00 4.129167771242448631e-02 3.850224870114041131e+00 3.985202780442670178e+00
5.273869346733668362e-01 8.319704807744487951e-01 4.637433627223723313e-03 8.243958054717844819e-01 8.383498369504135406e-01 8.430570326374852153e-01 1.865788479904199881e-02 8.153038426172816155e-01 8.809499679561109131e-01 3.782285075683021969e+00 4.500862639284720218e-02 3.722636514033637045e+00 3.857077621233326870e+00 3.870295688397825895e+00 4.315439195404006945e-02 3.813939192973302639e+00 3.964427122863650510e+00
5.323618090452261198e-01 8.344737863081519436e-01 4.665727241071510566e-03 8.272080289479026849e-01 8.429514566905441653e-01 8.421514564447634132e-01 1.803640630865140093e-02 8.189863193854211021e-01 8.749086614216048385e-01 3.777930187898004277e+00 4.593571289781146760e-02 3.705666630101605019e+00 3.846974259103147720e+00 3.847599050421679046e+00 4.100193077135320940e-02 3.797161422798433161e+00 3.933601116227478656e+00
5.373366834170854034e-01 8.362523628710707424e-01 4.017994271546584256e-03 8.306077045289991245e-01 8.438983353584533775e-01 8.379366603086791931e-01 1.906404639076350604e-02 8.119417811554224818e-01 8.740191983090831451e-01 3.763545262401559732e+00 4.650975544403722350e-02 3.697264082603989532e+00 3.832472491170360041e+00 3.824366918647419844e+00 3.827190751062128915e-02 3.779634396222149473e+00 3.907773980522641466e+00
5.423115577889447980e-01 8.388972586377484442e-01 4.104176050852408400e-03 8.325682677924837183e-01 8.474089578762569186e-01 8.351622354776766510e-01 2.057347198604670205e-02 8.097710274668813435e-01 8.739064580916291458e-01 3.757137520336573111e+00 4.176970222042843822e-02 3.696537817640376478e+00 3.818174127196657164e+00 3.797644134225382828e+00 3.890888919770242593e-02 3.754774846281199174e+00 3.887650199414676599e+00
5.472864321608040816e-01 8.413290995862633403e-01 4.636580695682469486e-03 8.345966229116882351e-01 8.516213017455733780e-01 8.300786101955985874e-01 1.957378409019714521e-02 8.049428847318321756e-01 8.659586574508618684e-01 3.744146848707121222e+00 4.899448393966483739e-02 3.676783911552419237e+00 3.813700673654031092e+00 3.772909231259132135e+00 4.029149282321443926e-02 3.721529408528567728e+00 3.857755426566275680e+00
5.522613065326633652e-01 8.437136349182686734e-01 3.687355022403953925e-03 8.381305321469524339e-01 8.519684293952500820e-01 8.226725358189937998e-01 1.876232456236741689e-02 7.990994283259976738e-01 8.566073435759108401e-01 3.728077155186150016e+00 5.571414381517403314e-02 3.665177034590098248e+00 3.813203743758921682e+00 3.740690513219788293e+00 3.972085158438896924e-02 3.670895161778411353e+00 3.818407168210385727e+00
5.572361809045226488e-01 8.463485553759388935e-01 3.135107888374152711e-03 8.424266629952998908e-01 8.533390709509656169e-01 8.159511672824747430e-01 2.000590941223985564e-02 7.847034056442955263e-01 8.519035103206065163e-01 3.719446803364624632e+00 5.911762884914505828e-02 3.641709769952337972e+00 3.810172482818017681e+00 3.718889351955546374e+00 3.957845827818683160e-02 3.650745289162957707e+00 3.799753186445717024e+00
5.622110552763819324e-01 8.482435119171519711e-01 3.368778309188072504e-03 8.435470273227450022e-01 8.553575690033449197e-01 8.129431604648951204e-01 2.105943257897300788e-02 7.751903804235211748e-01 8.492477297769055467e-01 3.699117845162575691e+00 6.230640506554169233e-02 3.627284476403436209e+00 3.808323570399460678e+00 3.688980106122534686e+00 3.697050523074032341e-02 3.628781415519556575e+00 3.760781186523669550e+00
5.671859296482412161e-01 8.507247828596948835e-01 3.000526740184898938e-03 8.468176036114548610e-01 8.570463240818239070e-01 8.094434777649492929e-01 2.276283474492956510e-02 7.741425906204971730e-01 8.527358235196750291e-01 3.696967801549487120e+00 6.254214814081765494e-02 3.620638041556229147e+00 3.806933344775699446e+00 3.670627391736399403e+00 3.462999777111219757e-02 3.617300907571129542e+00 3.735089503028534264e+00
5.721608040201004997e-01 8.530006589413627882e-01 2.836308392424010012e-03 8.490956724289031587e-01 8.584623672988401788e-01 8.045172520788044235e-01 2.369672261397609558e-02 7.696462653127843501e-01 8.509491623920445447e-01 3.678111838263804056e+00 5.939950911413199863e-02 3.597831695001348251e+00 3.777524299478387082e+00 3.652364752543897364e+00 3.364301806234284986e-02 3.604397525227566401e+00 3.711511602601614612e+00
5.771356783919597833e-01 8.549399990002409799e-01 2.587330326046763905e-03 8.510054334461640835e-01 8.589678754322886967e-01 7.981677286908498425e-01 2.092819131705584215e-02 7.700098696048801594e-01 8.381367062495498343e-01 3.668103446139581614e+00 6.135403613833382425e-02 3.593795976963465755e+00 3.763658750656329488e+00 3.628505349104527600e+00 3.231373169677446283e-02 3.576620637973712213e+00 3.676510042186969862e+00
5.821105527638190669e-01 8.567894919309750890e-01 2.570396737264447375e-03 8.541809967855875652e-01 8.613102563290726543e-01 7.928567139145730192e-01 2.154135293455375702e-02 7.645805979911936001e-01 8.347834880643665301e-01 3.653776380105617339e+00 6.661106014296058753e-02 3.561176073133358599e+00 3.761250533501597104e+00 3.602067358261327179e+00 3.286937413586032974e-02 3.549378545358448989e+00 3.651888134498942673e+00
5.870854271356784615e-01 8.588441356162584972e-01 2.524011884552387550e-03 8.560317572995820301e-01 8.632672454411508545e-01 7.877327619134745218e-01 2.050271759571147337e-02 7.615496323903537812e-01 8.239207066711194960e-01 3.639303870556931830e+00 6.089551022836082322e-02 3.553345590060072112e+00 3.731348998073888978e+00 3.582946561500627070e+00 3.541111721710483995e-02 3.526754900641664747e+00 3.643903302720372661e+00
5.920603015075377451e-01 8.607404913433184257e-01 2.904596375370737272e-03 8.572181873518607276e-01 8.657204054382621194e-01 7.835265010078875658e-01 2.260694923591357805e-02 7.512201033050585064e-01 8.220341471931319477e-01 3.629118368302467701e+00 6.012541672754902894e-02 3.557220133407632989e+00 3.727841248737616908e+00 3.560903504714072021e+00 3.533562199154176298e-02 3.497179850711515492e+00 3.613068119608453976e+00
5.970351758793970287e-01 8.628095109885267622e-01 3.402534601883292799e-03 8.581962175261955705e-01 8.692959916479300331e-01 7.792778318212953970e-01 2.398443596615727758e-02 7.422635300123121560e-01 8.161027184047568994e-01 3.619900233933238010e+00 6.291468342278799808e-02 3.541583181870930463e+00 3.728406722637011672e+00 3.540223524148038869e+00 3.638763197579367864e-02 3.476348052014526679e+00 3.609816332129164529e+00
6.020100502512563123e-01 8.649611685811526840e-01 4.034805133849382781e-03 8.587701702477549270e-01 8.720884520130037787e-01 7.756724321860284377e-01 2.463132623362132567e-02 7.354534529921639141e-01 8.126201996013779905e-01 3.604359021256799966e+00 6.503587449754742733e-02 3.525029951250701288e+00 3.705212456061643511e+00 3.512763567101727880e+00 3.486402595854777575e-02 3.456042209896395434e+00 3.572816572727195439e+00
6.069849246231155959e-01 8.668440325259508805e-01 4.000302890809619497e-03 8.610569400477079416e-01 8.740242064672050226e-01 7.717521234004488528e-01 2.606416695544031686e-02 7.322397088844425639e-01 8.121187761246179138e-01 3.586216430666504529e+00 6.272292592759884378e-02 3.512959536905814861e+00 3.691208283425986281e+00 3.491464698558041313e+00 3.257575957165248504e-02 3.442543220199517862e+00 3.549822785827564164e+00
6.119597989949748795e-01 8.688714312080965119e-01 4.043156261129506046e-03 8.627706456009025526e-01 8.754708626187466258e-01 7.670077730149891249e-01 2.270944027875992574e-02 7.294012573892117990e-01 7.992509173929994715e-01 3.575660225222647259e+00 5.824538555728595718e-02 3.503770575208049021e+00 3.678976199412652637e+00 3.470867395717976756e+00 3.283420189320473276e-02 3.422065906060403950e+00 3.533434188926238839e+00
6.169346733668341631e-01 8.712789822571043175e-01 4.706845683665061494e-03 8.630612421250744015e-01 8.793145564487730992e-01 7.621545320358056319e-01 2.163207352702681274e-02 7.246891894361340292e-01 7.934871564525584064e-01 3.557003471377300663e+00 6.258526193066094034e-02 3.471115024359507917e+00 3.669778689740755162e+00 3.450086392024731108e+00 3.389529975370234732e-02 3.398736287085451391e+00 3.511582278799054269e+00
6.219095477386934467e-01 8.732756043667967427e-01 4.890233235795102100e-03 8.647176626108021846e-01 8.824352336196976676e-01 7.544808600213184224e-01 2.344788601731168098e-02 7.197685304729750655e-01 7.925049951305174201e-01 3.540041503695025682e+00 6.914065424266044313e-02 3.443408616408218936e+00 3.668468358280563724e+00 3.427958963583813468e+00 3.525824709581393268e-02 3.369184588280793147e+00 3.494189271429172905e+00
6.268844221105528414e-01 8.751520417777252092e-01 4.577632244342473219e-03 8.674490278075871474e-01 8.839774853638843188e-01 7.497683742848114674e-01 2.509292021908820711e-02 7.126807986144962914e-01 7.904971428469688144e-01 3.518169762702686221e+00 6.930267338535132937e-02 3.430895455091152790e+00 3.652476635130189386e+00 3.404372019646726866e+00 3.548510874536990600e-02 3.352937733813267762e+00 3.474495924203414798e+00
6.318592964824121250e-01 8.766757070356939741e-01 4.585038121366966438e-03 8.689082108383039404e-01 8.862791282269762982e-01 7.431860528596827553e-01 2.488956117449082558e-02 7.049173314939988222e-01 7.806150144534470536e-01 3.499130516254510326e+00 6.951579539274725661e-02 3.412378079697171440e+00 3.639034465479912939e+00 3.387021928333483256e+00 3.294254035481387205e-02 3.340607067819942433e+00 3.454562742215381288e+00
6.368341708542714086e-01 8.784342952688725115e-01 4.922610098645423433e-03 8.703969332673319181e-01 8.893011370390393466e-01 7.363716858316387004e-01 2.278018623926959460e-02 6.963375491114809357e-01 7.721359478915218455e-01 3.475978751008818701e+00 6.719983680732426190e-02 3.408813963836877736e+00 3.619449283962090647e+00 3.367002914319210394e+00 3.170902961427599781e-02 3.318367077504309037e+00 3.419236479292477870e+00
6.418090452261306922e-01 8.808458427571925764e-01 5.448834912586708948e-03 8.707132182669246045e-01 8.926451019061942826e-01 7.303723631170039310e-01 2.127411717602680288e-02 6.893766669719079143e-01 7.603223841967226004e-01 3.452051789029241036e+00 6.936998660989249221e-02 3.378821975778949493e+00 3.603510833029617277e+00 3.348834434625307832e+00 3.144736308326726015e-02 3.299709425245165750e+00 3.401610494727811407e+00
6.467839195979899758e-01 8.819837974439455053e-01 5.408988428924585076e-03 8.721189694954190053e-01 8.928107588042333287e-01 7.241578010984321967e-01 2.282642271416774823e-02 6.868743411526122555e-01 7.596170016221170940e-01 3.431802251575705842e+00 6.798703341044697035e-02 3.358925926683638430e+00 3.584319265699782431e+00 3.330177769686990530e+00 2.941215384543753586e-02 3.286809541714200478e+00 3.381253625849660160e+00
6.517587939698492594e-01 8.838333962071610594e-01 5.925721553269865799e-03 8.723528886025984086e-01 8.954887174920557191e-01 7.204283963578133054e-01 2.122983519962926002e-02 6.847153383233159918e-01 7.524748475670982595e-01 3.411155381271675058e+00 6.802037357324686173e-02 3.340482747235258287e+00 3.559682333790330500e+00 3.309014753885873628e+00 3.285802513101009764e-02 3.255162851112796130e+00 3.360616468056271344e+00
6.567336683417085430e-01 8.854415001565107968e-01 5.782299015391981385e-03 8.751191202163226546e-01 8.975968999215446775e-01 7.159306836235210802e-01 1.861013719728295962e-02 6.858603609568434401e-01 7.448489155767833436e-01 3.386925667331298406e+00 7.258808778578670906e-02 3.300967949210142915e+00 3.535986433902038151e+00 3.290337578281461894e+00 2.793468786749741389e-02 3.247788512704778086e+00 3.333483992144655961e+00
6.617085427135678266e-01 8.871149506466931012e-01 5.765775755070479992e-03 8.755457934679060639e-01 8.993104995498184540e-01 7.095834514914133306e-01 1.841223229875281822e-02 6.819844093633770088e-01 7.430178974603842690e-01 3.365693259718042007e+00 6.811671347787714992e-02 3.286421940193937186e+00 3.506545102323453289e+00 3.273115115678360887e+00 2.750974424442555535e-02 3.230310208191639276e+00 3.312650012235298647e+00
6.666834170854271102e-01 8.886479045051347558e-01 5.267308433471840946e-03 8.776379246803444056e-01 8.997904271289201006e-01 7.063456302780889429e-01 1.846544411237957886e-02 6.840384449747519691e-01 7.411722916472027745e-01 3.346176546326270707e+00 6.584439736619236705e-02 3.267389392887937838e+00 3.487538383616537008e+00 3.254229388887265539e+00 2.765015686286217272e-02 3.207829225526742434e+00 3.295982197717494344e+00
6.716582914572865048e-01 8.902287066393166359e-01 4.728905383293294067e-03 8.814963927923287201e-01 9.009245205929015121e-01 7.017569053472374474e-01 1.891605827844478060e-02 6.795880179545116251e-01 7.384320623159212893e-01 3.322797007628687904e+00 6.486436125604432001e-02 3.245758772700229056e+00 3.466943913055713811e+00 3.236471228152652202e+00 2.689005415402852955e-02 3.191924494077332142e+00 3.282483803767453967e+00
6.766331658291457885e-01 8.920949601976030374e-01 5.216209363293804191e-03 8.820448934044662348e-01 9.025999370467236993e-01 6.974296275824117819e-01 1.880831930292117468e-02 6.745083909142596257e-01 7.316007426145153536e-01 3.303698532248857678e+00 6.231041439587990671e-02 3.223709850077716599e+00 3.438695840920810820e+00 3.219602962213792718e+00 2.760583052161234840e-02 3.171361236806817807e+00 3.267129752549682742e+00
6.816080402010050721e-01 8.937863461444038871e-01 5.759165794922823864e-03 8.837431291150960044e-01 9.053501457092228977e-01 6.915222276341558283e-01 1.850568882493486972e-02 6.616327447888558089e-01 7.229944443362794626e-01 3.283088987466575848e+00 6.275497761073203784e-02 3.183783125933811409e+00 3.415010056418508633e+00 3.202809145198996621e+00 2.782515295796991056e-02 3.153061600300723466e+00 3.248913230338589031e+00
6.865829145728643557e-01 8.955933553722639218e-01 5.795983080090895932e-03 8.852845399959659023e-01 9.060668246223430033e-01 6.853519011509175973e-01 2.030489844794029775e-02 6.493786900301139475e-01 7.188149340911106355e-01 3.258640266692469645e+00 6.122550682111879694e-02 3.175909524806145079e+00 3.400200376613952358e+00 3.186744438756345055e+00 2.986397761100201970e-02 3.136674700795160753e+00 3.240223471538075106e+00
6.915577889447236393e-01 8.971696906364556856e-01 5.775582514168118263e-03 8.869356229031164496e-01 9.070637651996337203e-01 6.805085617425202793e-01 2.046218733358784805e-02 6.473636983648254350e-01 7.150543892364947807e-01 3.237133150717742325e+00 5.982387339261339976e-02 3.164011785861322590e+00 3.379168313494052445e+00 3.168388878914083939e+00 2.780210408565831487e-02 3.121820247797838288e+00 3.219794083280812291e+00
6.965326633165829229e-01 8.990821225909739756e-01 5.634439867570963621e-03 8.886501081091252585e-01 9.087092589323655378e-01 6.751348519314527286e-01 2.182356185340294380e-02 6.445610555162686328e-01 7.130247768403332742e-01 3.215731441706323412e+00 6.033737352766628537e-02 3.154360776953220924e+00 3.365696248973178761e+00 3.151771955723886798e+00 2.568257676525265154e-02 3.115309519586580755e+00 3.202248409763323700e+00
7.015075376884422065e-01 9.001689257907447006e-01 5.990891032995629591e-03 8.882239832316161099e-01 9.091776089766860913e-01 6.691290680363810583e-01 2.295729964712270310e-02 6.395862496705738698e-01 7.099659879716410105e-01 3.195283099618070555e+00 6.192880041075306263e-02 3.131587055396566122e+00 3.346523504449202768e+00 3.137437075784424767e+00 2.439633392951140109e-02 3.103901194695694699e+00 3.186563719259435157e+00
7.064824120603014901e-01 9.019557367324102515e-01 5.893463013849388477e-03 8.907758766993202348e-01 9.117174906420447700e-01 6.619725460902854408e-01 2.162345859708344684e-02 6.324892381093720761e-01 7.067082899356705861e-01 3.170933798379817592e+00 6.646303906839130804e-02 3.095540906344439680e+00 3.331219835819673403e+00 3.124539224150500338e+00 2.409229286098917358e-02 3.088486387706745440e+00 3.174304545920381138e+00
7.114572864321608847e-01 9.040116237321431658e-01 6.418006149457668001e-03 8.915015648060817810e-01 9.148150893070372547e-01 6.549450947587499572e-01 1.890555262037897297e-02 6.259937953758103468e-01 6.940628755074336187e-01 3.142333990823323653e+00 6.812691015801486394e-02 3.070173775501223279e+00 3.309502619004800028e+00 3.107802880082335850e+00 2.172825965240127860e-02 3.075452545814794547e+00 3.147658732199441811e+00
7.164321608040201683e-01 9.059871399690209159e-01 6.067938235988715699e-03 8.943249379386130071e-01 9.164683025267417182e-01 6.497022614469243340e-01 1.710740619897340928e-02 6.220615214193546683e-01 6.820105087894078322e-01 3.121486881594174978e+00 7.136394721161262722e-02 3.043432089590538236e+00 3.298839251344551471e+00 3.097148257635470969e+00 1.970206570889790690e-02 3.069485747945214005e+00 3.138107896959352772e+00
7.214070351758794519e-01 9.075636830481099704e-01 5.828488278882831483e-03 8.969818044745440089e-01 9.174674957739168413e-01 6.428004528842576892e-01 1.952171203018020218e-02 6.135735074798251976e-01 6.826373831240887258e-01 3.094543519807158471e+00 6.958278755807577320e-02 3.011817316104855813e+00 3.267073799907497911e+00 3.082545785654541071e+00 1.976450581406042836e-02 3.048904042290903504e+00 3.121365026577405555e+00
7.263819095477387355e-01 9.093391075138368418e-01 5.308437665035290777e-03 8.995144807917611063e-01 9.176940717844647155e-01 6.364832181417363621e-01 1.902965251812391290e-02 6.063010450741354029e-01 6.721318864614103106e-01 3.071710830418349580e+00 6.910891600271869273e-02 2.996302054158054506e+00 3.247032885357148846e+00 3.066381661709065121e+00 1.804733810763094193e-02 3.036880144266780324e+00 3.100459427550921188e+00
7.313567839195980191e-01 9.106786443318343194e-01 5.252381867290881884e-03 9.015811440769270213e-01 9.196249933877180816e-01 6.315699709270760076e-01 1.726810850996979632e-02 6.044239296900472125e-01 6.692335228365595690e-01 3.045662673842420176e+00 7.013612249715479863e-02 2.976680105412268240e+00 3.215884686098470446e+00 3.052234399137019327e+00 1.688291575578316703e-02 3.022191304686564273e+00 3.084072382507984766e+00
7.363316582914573027e-01 9.119418234577590932e-01 4.914650093520564998e-03 9.042992877742652702e-01 9.206655045958148653e-01 6.260357722883701515e-01 1.764977058251102071e-02 5.992888980297949031e-01 6.645247425704444710e-01 3.019223411122629042e+00 7.049637306698366968e-02 2.946694013553459612e+00 3.190146321893398973e+00 3.034997671587489343e+00 1.523841527621718796e-02 3.007053807441866233e+00 3.059284809313524978e+00
7.413065326633165864e-01 9.139439870325138937e-01 4.879956057216463736e-03 9.066489454436452711e-01 9.230538938070261823e-01 6.182466223129807759e-01 1.828491969873807799e-02 5.940642678114262942e-01 6.569054930984266072e-01 2.993069633835549581e+00 6.787510716290454105e-02 2.920926915382028533e+00 3.156990879092587576e+00 3.018647215686162788e+00 1.497903279684422752e-02 2.991164748736825807e+00 3.043029366872850083e+00
7.462814070351758700e-01 9.157390014545395696e-01 4.557869224238641527e-03 9.094703630063040167e-01 9.257375857883327619e-01 6.089099965270173831e-01 1.990276265291563568e-02 5.841773615046872425e-01 6.446168213536707103e-01 2.962304661935687200e+00 6.461758211398080376e-02 2.881635629239730267e+00 3.103189441261771098e+00 3.003829593519864005e+00 1.543259283723275727e-02 2.976565513715204947e+00 3.031210288025883326e+00
7.512562814070351536e-01 9.167583172415308956e-01 4.647230463228182833e-03 9.110405600422649686e-01 9.280657847149897943e-01 6.010491111790952079e-01 1.859310289792192455e-02 5.765635837072620173e-01 6.260804103850824420e-01 2.934764966433174749e+00 6.228596898574981916e-02 2.858302368391245185e+00 3.066791361688380846e+00 2.989767265108755012e+00 1.569469642308200449e-02 2.966856808709083637e+00 3.015374323943334822e+00
7.562311557788945482e-01 9.178296843052716758e-01 4.273311345955955846e-03 9.118474413095549735e-01 9.283236630269382506e-01 5.946719803815471161e-01 1.966580597329923435e-02 5.686371416629673048e-01 6.205992941410081176e-01 2.900910729427451429e+00 6.471534880457414929e-02 2.809539099711555910e+00 3.043321948513247666e+00 2.975137947243711167e+00 1.536477869472529720e-02 2.951615698835648338e+00 3.001349077737559767e+00
7.612060301507538318e-01 9.193826635115410761e-01 4.452531976377347052e-03 9.141359867871954314e-01 9.308502251656337600e-01 5.865871336218247967e-01 2.132192252957849921e-02 5.570528046552718493e-01 6.174770418599444533e-01 2.869296595211213052e+00 6.505192519329561218e-02 2.779162304994665877e+00 3.020420218281091973e+00 2.959807992526204412e+00 1.656370273800253021e-02 2.935508347811280672e+00 2.987246656632686737e+00
7.661809045226131154e-01 9.205054017656779664e-01 4.751427969926978918e-03 9.139877227489553446e-01 9.318399912027196530e-01 5.796977451006078974e-01 2.140922237155135077e-02 5.507901677746377400e-01 6.162421337996475401e-01 2.840726187559442728e+00 6.654282549823234416e-02 2.767473399937969702e+00 3.001239923979330371e+00 2.945809232270341305e+00 1.377212104569314546e-02 2.926710795453612235e+00 2.969500409258830409e+00
7.711557788944723990e-01 9.216482954841100916e-01 4.249439550437940707e-03 9.156742983956452919e-01 9.318703668989503086e-01 5.724234620534125462e-01 2.091713965977968701e-02 5.422552459214250442e-01 6.103133958024284933e-01 2.808712001683566051e+00 6.697211243755636645e-02 2.731767626205000354e+00 2.961952344619548594e+00 2.931899828387981799e+00 1.317658345287878001e-02 2.913728016376601726e+00 2.950513254128696694e+00
7.761306532663316826e-01 9.225871162029051220e-01 4.391053038998427548e-03 9.161836206277074179e-01 9.337870205533703727e-01 5.639362567155739026e-01 2.209339238452719123e-02 5.371971371978480070e-01 6.027266923726689596e-01 2.777656306290833932e+00 6.378978399660122089e-02 2.699118230866502710e+00 2.919643515460017991e+00 2.918731879948953001e+00 1.177432672841743737e-02 2.903713421728816524e+00 2.938212206101304069e+00
7.811055276381909662e-01 9.239896669688436592e-01 4.205390528946881777e-03 9.186780845101176762e-01 9.346661048632746160e-01 5.549882506958903061e-01 2.073857224502919511e-02 5.289956971619067527e-01 5.867427945808788570e-01 2.744273133964145739e+00 6.559414037023919564e-02 2.667394559974208157e+00 2.888901755171915386e+00 2.904761430704740910e+00 1.202450710736877558e-02 2.890997398888161651e+00 2.925263996480051532e+00
7.860804020100502498e-01 9.253035974856771428e-01 4.394176043466702965e-03 9.190054108594989390e-01 9.356938673298003106e-01 5.447011124153680051e-01 1.887769542454968349e-02 5.181908583542562674e-01 5.728705080027558516e-01 2.714183649787925035e+00 6.649159936246339109e-02 2.633859416145728716e+00 2.856658593565094773e+00 2.893975039655100279e+00 1.291999193187897375e-02 2.875508126228151884e+00 2.918250289545229581e+00
7.910552763819095334e-01 9.269512960238653898e-01 4.349957988850980915e-03 9.201817158651123263e-01 9.376245662989725060e-01 5.362377506288200646e-01 1.778378125151796468e-02 5.100964279058932682e-01 5.659635370167055424e-01 2.682834217969900958e+00 6.321398932583015273e-02 2.612145418929516794e+00 2.813964587500354497e+00 2.880325033938901491e+00 1.339641156469524759e-02 2.859825202620390083e+00 2.902646929859188596e+00
7.960301507537689281e-01 9.283913626814646047e-01 4.004017237859296835e-03 9.232516975056408448e-01 9.382244583680098282e-01 5.308525779567105918e-01 1.656474827973836855e-02 5.080618430788251816e-01 5.597965487142477770e-01 2.649882949501322305e+00 6.294500702501264200e-02 2.576213244846486283e+00 2.791512934444183802e+00 2.867845348133303052e+00 1.456892718841379039e-02 2.845536875338944949e+00 2.894014588086139206e+00
8.010050251256282117e-01 9.297422734089952900e-01 3.659259485660684621e-03 9.250481420301180924e-01 9.388285542128547156e-01 5.241633174277433582e-01 1.523663250094933058e-02 5.055748426991975020e-01 5.506916706872976297e-01 2.621254768630888687e+00 5.955689149288753009e-02 2.547150731368401200e+00 2.742986859174274983e+00 2.854049637242545678e+00 1.441825759063519383e-02 2.831908986183937493e+00 2.879329418316504796e+00
8.059798994974874953e-01 9.311703554173516029e-01 3.249988075034544645e-03 9.277544178416580190e-01 9.394835347645443813e-01 5.176497824681201010e-01 1.654909258059255803e-02 4.964958714159178887e-01 5.422115954067993071e-01 2.587897925517416375e+00 5.941802898810528283e-02 2.515656375163846104e+00 2.705223815977144675e+00 2.841438485995683827e+00 1.586137258163924230e-02 2.812631882551903217e+00 2.867827407179077248e+00
8.109547738693467789e-01 9.323712008603726176e-01 3.128247151410683703e-03 9.280555153944378688e-01 9.396571502212981430e-01 5.088831436061005409e-01 1.678972691658915661e-02 4.855016689007562447e-01 5.410333486313906315e-01 2.554995412819760503e+00 5.782660760593874572e-02 2.480574042257489342e+00 2.660802794685589223e+00 2.828479421607636546e+00 1.505223001905518776e-02 2.802719762118989433e+00 2.850702331660553313e+00
8.159296482412060625e-01 9.331640656349657892e-01 3.374674137529428200e-03 9.281384886164973924e-01 9.410998050339247634e-01 5.006702662615338806e-01 1.720763359919277521e-02 4.724505939089987394e-01 5.327533464718394729e-01 2.522813315217320440e+00 5.470144813704722747e-02 2.452293483523663387e+00 2.616738246594783046e+00 2.816441105698188174e+00 1.469417193762356799e-02 2.792189900900871269e+00 2.837463409666965308e+00
8.209045226130653461e-01 9.343622099801593972e-01 2.945827116749040377e-03 9.291912940847461000e-01 9.399474104961837995e-01 4.913941640821118395e-01 1.651468468159979566e-02 4.683640303022676976e-01 5.236635873246192618e-01 2.488159434667350567e+00 6.037544730181403779e-02 2.413400998923898477e+00 2.599761807771370226e+00 2.805737162561879661e+00 1.363092311169668280e-02 2.784651603903803618e+00 2.829470742584130782e+00
8.258793969849246297e-01 9.352972892496577151e-01 3.196492791570342256e-03 9.297654300343103362e-01 9.403145316686767341e-01 4.838692150423827831e-01 1.803238942400477857e-02 4.604815271213317796e-01 5.184736491810063574e-01 2.451796586884090523e+00 6.180134601492135588e-02 2.376108084655627284e+00 2.575043058002967733e+00 2.792459682097934603e+00 1.294354179079685793e-02 2.768303494738235226e+00 2.811026551397869611e+00
8.308542713567839133e-01 9.359907771343340954e-01 3.154334646184612286e-03 9.294537880589014422e-01 9.405731363354447039e-01 4.771036384295642696e-01 1.830280463860749912e-02 4.515576493370724309e-01 5.087214742393374456e-01 2.417654339950682463e+00 5.724916299395075431e-02 2.345167477695459635e+00 2.530135609197760704e+00 2.780262675471817602e+00 1.548337671251975509e-02 2.756398775306032167e+00 2.805271710173472766e+00
8.358291457286431969e-01 9.367190040491335523e-01 2.555933842256906396e-03 9.317024198754078057e-01 9.399285391685475721e-01 4.694653490930595363e-01 1.759482515395023594e-02 4.463602407250562010e-01 4.982274679377589055e-01 2.382427086213839473e+00 5.744769165854989729e-02 2.322912336779906717e+00 2.496200581947852992e+00 2.766993212880994868e+00 1.374634364768440725e-02 2.742453371862638711e+00 2.791827621619408450e+00
8.408040201005025915e-01 9.378360305866308977e-01 2.903613717568973625e-03 9.328718822230572805e-01 9.411701045208946681e-01 4.630990417732584463e-01 1.781909637486363968e-02 4.399854455228366379e-01 4.915266479432634505e-01 2.348165814409688856e+00 5.983637876133204858e-02 2.284102767481774432e+00 2.468117524807726948e+00 2.755188613228812589e+00 1.385555433577896796e-02 2.730285089580970048e+00 2.780493255976708600e+00
8.457788944723618751e-01 9.381324226975756853e-01 3.129091640443489985e-03 9.323244858988593009e-01 9.420014518754626920e-01 4.549644927456485410e-01 1.680116922956720327e-02 4.281544477520846659e-01 4.817948700993504030e-01 2.316782992531252194e+00 6.039285804478222719e-02 2.256368547204508079e+00 2.442979012641281589e+00 2.744358473633159878e+00 1.372078964229789429e-02 2.718774272709635120e+00 2.762939505573364318e+00
8.507537688442211588e-01 9.389132481804711716e-01 3.289507264775405268e-03 9.326079201862722545e-01 9.439948928002904749e-01 4.479779511194660335e-01 1.507974948617185097e-02 4.226656188082245080e-01 4.745091702535278455e-01 2.282445518888647218e+00 6.222108688008600591e-02 2.216290150289402128e+00 2.413111100821328847e+00 2.732740352195353939e+00 1.299610148043780188e-02 2.709035427925327699e+00 2.747718465382173125e+00
8.557286432160804424e-01 9.391382601461126800e-01 3.360495230844950595e-03 9.344389787698593741e-01 9.454164368981724520e-01 4.394214851664630106e-01 1.376494048132732677e-02 4.176347127282468152e-01 4.647874859586453855e-01 2.247725958642153632e+00 6.098862320566442868e-02 2.182303080263673145e+00 2.378151644277720855e+00 2.722366038818400114e+00 1.218309547947168253e-02 2.698312424315714608e+00 2.735573780776521691e+00
8.607035175879397260e-01 9.405967117190092708e-01 3.471738460149728037e-03 9.354737296256053769e-01 9.476965040977675114e-01 4.332124972498328508e-01 1.464750840513005456e-02 4.081031854700503114e-01 4.563271020948657664e-01 2.213142840182935611e+00 5.754992677263112699e-02 2.147957207899862553e+00 2.335446498416136052e+00 2.711384966987024914e+00 1.298847987266183585e-02 2.684652657767037542e+00 2.731333525666918671e+00
8.656783919597990096e-01 9.415673731271997360e-01 3.403240111753434282e-03 9.368251194784023017e-01 9.486447288019056456e-01 4.254832244477186332e-01 1.495665574469541223e-02 3.993803093081852440e-01 4.475071336764688268e-01 2.177628903287676998e+00 5.710608589130638374e-02 2.117672846660635155e+00 2.302718892227346270e+00 2.700327331416780829e+00 1.274658813140857466e-02 2.674107917357219755e+00 2.720129990155013555e+00
8.706532663316582932e-01 9.425862724375185797e-01 2.943954488959302229e-03 9.385662840315266431e-01 9.481798592623703614e-01 4.182358886381619678e-01 1.356574315433459882e-02 3.945667964923132431e-01 4.401390093542867366e-01 2.148369759878428820e+00 5.416096890588511376e-02 2.084904961143414948e+00 2.266662821431914665e+00 2.689672270021904232e+00 1.105226949069559525e-02 2.667318639951799852e+00 2.705793138384282592e+00
8.756281407035175768e-01 9.434860251059354885e-01 2.938922287550829564e-03 9.405235275803149886e-01 9.487137023284426540e-01 4.113915486435756330e-01 1.403076278568999788e-02 3.877307491596062028e-01 4.331703846866033492e-01 2.115881804452357962e+00 5.291858377837275335e-02 2.057835561515588108e+00 2.231838724204745716e+00 2.677393153834590755e+00 1.025345189664140198e-02 2.660347716849414290e+00 2.695500248597899162e+00
8.806030150753769714e-01 9.444941216126420125e-01 2.937083393583314866e-03 9.417583300058126605e-01 9.494720062297486995e-01 4.037030267149022689e-01 1.334139297471017595e-02 3.843269800433102290e-01 4.258628974356447605e-01 2.086804090589553518e+00 5.450397130122153905e-02 2.023071037968317221e+00 2.203513614205193427e+00 2.666532233101627902e+00 1.059758174918891752e-02 2.654978707241096636e+00 2.690237197825244397e+00
8.855778894472362550e-01 9.457510269164484118e-01 3.138043276783407907e-03 9.426598308210804023e-01 9.514031013963814010e-01 3.962459518208169551e-01 1.277812727179784488e-02 3.769110566742288615e-01 4.154929690444200130e-01 2.050888604441174934e+00 5.168359451730693971e-02 1.998680384850975100e+00 2.169011453441892279e+00 2.655276578379925922e+00 1.014755669038377474e-02 2.644128919635583941e+00 2.678835278528840735e+00
8.905527638190955386e-01 9.461372424428476924e-01 2.409500934920860531e-03 9.432870869500370459e-01 9.509110040250229323e-01 3.899191278034997987e-01 1.351252837143829093e-02 3.694383732784079499e-01 4.096972279536719164e-01 2.021743197562237970e+00 5.393393206778681476e-02 1.967685101328381148e+00 2.148064309723793031e+00 2.643002931978442938e+00 9.722314837161044609e-03 2.630174266940965566e+00 2.662118804116605286e+00
8.955276381909548222e-01 9.467028129025759631e-01 1.921217992400330987e-03 9.443551888277780249e-01 9.495414871261633749e-01 3.825730133891902529e-01 1.381368251233713526e-02 3.636060011540472869e-01 4.035486202279077173e-01 1.991193739193609646e+00 4.773569700956001999e-02 1.951532697717193621e+00 2.109987366979229950e+00 2.631738652380736454e+00 9.440670262402582266e-03 2.617681336571740403e+00 2.649842636786476913e+00
9.005025125628141058e-01 9.470732363206273430e-01 1.831947093268840136e-03 9.449845584332962067e-01 9.500181715732803900e-01 3.752575213928413533e-01 1.406490048853271078e-02 3.586504901674409385e-01 3.999918617535541121e-01 1.959309858998989906e+00 4.712828505383700323e-02 1.915172245937667439e+00 2.078283516250057250e+00 2.620283416133820431e+00 1.049870867837736886e-02 2.605692129848741434e+00 2.641716705606697690e+00
9.054773869346733894e-01 9.477725772417338046e-01 1.703589204817353110e-03 9.456961187228781762e-01 9.504527871965380292e-01 3.688422122772035405e-01 1.384199988461639295e-02 3.514721321704149526e-01 3.941092076808519473e-01 1.924351234595170768e+00 4.470320690284304566e-02 1.882082965185936985e+00 2.040530710279201188e+00 2.610873632476310213e+00 9.316304575254872461e-03 2.599761009307090642e+00 2.629088496311130285e+00
9.104522613065326730e-01 9.479216288405714064e-01 1.396634174304476565e-03 9.461224797709126833e-01 9.499838013092456457e-01 3.627637841766693239e-01 1.235757542041090139e-02 3.487813963243868165e-01 3.850196237015209855e-01 1.889012837980527548e+00 3.894608263834638956e-02 1.855363037755876521e+00 1.993894636694023115e+00 2.599316526869095867e+00 8.488406491053130873e-03 2.586067594686403126e+00 2.615558564667407992e+00
9.154271356783919567e-01 9.484972514030353130e-01 1.417672528493848973e-03 9.464830560988808372e-01 9.508293223579994402e-01 3.560326196946023147e-01 1.169774438875863763e-02 3.430446013213530043e-01 3.758735045859338264e-01 1.856183730564532564e+00 4.017059746620344624e-02 1.822268788658149452e+00 1.964739831066081743e+00 2.587637016619286356e+00 7.943911008929072440e-03 2.574338439566787873e+00 2.602338398115870088e+00
9.204020100502512403e-01 9.487039020389989030e-01 1.620922156430258405e-03 9.465976330626345581e-01 9.514793845545915785e-01 3.469639213218058682e-01 9.774241147016355172e-03 3.347980456753816281e-01 3.619496343573406771e-01 1.825346200274684083e+00 3.750864369376471358e-02 1.787647966304623637e+00 1.923945923347284870e+00 2.575690484322878504e+00 8.968988777214626645e-03 2.559147971238637354e+00 2.591854475567464622e+00
9.253768844221106349e-01 9.489782383523511777e-01 1.537616516283725520e-03 9.475586400144525578e-01 9.515618190106641672e-01 3.392100620308917680e-01 8.913384111388887587e-03 3.264408360561741884e-01 3.513809438013643094e-01 1.790548121876700094e+00 3.884047879060657793e-02 1.754062838124308410e+00 1.892370018515107111e+00 2.563046351131822664e+00 7.593332426640935634e-03 2.549340228858563595e+00 2.576367997718195468e+00
9.303517587939699185e-01 9.489808575050038275e-01 2.078422184048945263e-03 9.461369728691072511e-01 9.528380862219506531e-01 3.323111856625393656e-01 1.039205706710452648e-02 3.174672626105538020e-01 3.480960819314232180e-01 1.759800949695495831e+00 3.549230822609610037e-02 1.719958257031413584e+00 1.847299735061068704e+00 2.549324709762561980e+00 8.893261118013551583e-03 2.532928472845826118e+00 2.566149468677711987e+00
9.353266331658292021e-01 9.487986190030376354e-01 2.093615316801407215e-03 9.464929248046188848e-01 9.523914010345311265e-01 3.250368194510317998e-01 9.680319615481379134e-03 3.080810110812192137e-01 3.406863561171228350e-01 1.727493026469674620e+00 3.122361249873521413e-02 1.681645785488129929e+00 1.798843036038014764e+00 2.537394883468200302e+00 9.453170901151225144e-03 2.523385090826378185e+00 2.558037471030780274e+00
9.403015075376884857e-01 9.490096231893236922e-01 1.797000944249214829e-03 9.460426495126929014e-01 9.519762371609382656e-01 3.192809985695584385e-01 8.644073329492869134e-03 3.060908180260157319e-01 3.381798384870763896e-01 1.695934664494816335e+00 3.044027827115320869e-02 1.654841396085961147e+00 1.767882687203078618e+00 2.526650646008092416e+00 8.175955804600718024e-03 2.513477918425505386e+00 2.541795649540579127e+00
9.452763819095477693e-01 9.489930748277373151e-01 2.145220783583883743e-03 9.459992252628991460e-01 9.525532581205991001e-01 3.125599954229557609e-01 7.166729982583918031e-03 3.036654905319930431e-01 3.257407539830934340e-01 1.665173792302876876e+00 2.792700024707937476e-02 1.625084926874284408e+00 1.734059749266496642e+00 2.515974721612479481e+00 7.119072660992820101e-03 2.508483956623879685e+00 2.527205888180767523e+00
9.502512562814070529e-01 9.491966850443003256e-01 1.864566656444085948e-03 9.463821315726705929e-01 9.526458188789089787e-01 3.067138334038055358e-01 6.211915483878451341e-03 2.986280110543012567e-01 3.170177257353372080e-01 1.627896374322428841e+00 2.482338730732716603e-02 1.592491335491513116e+00 1.683892437889925153e+00 2.504569444808434131e+00 5.576950641908762045e-03 2.497625102413693288e+00 2.512939156414665032e+00
9.552261306532663365e-01 9.488902712434397202e-01 1.127673565864389894e-03 9.472834618155547837e-01 9.512877902364578198e-01 3.004383954786554733e-01 5.824302598153580438e-03 2.941078429391015270e-01 3.098519070285236654e-01 1.595023441058523339e+00 2.402607488957093224e-02 1.556947564063556166e+00 1.650770894623299734e+00 2.491534755402149859e+00 4.772714232885641276e-03 2.485330376039515343e+00 2.499625830433461982e+00
9.602010050251256201e-01 9.484716229570629986e-01 9.413663336308838916e-04 9.472752628632020722e-01 9.503378259564775332e-01 2.952480673782577059e-01 5.602664671468380285e-03 2.880764168796529634e-01 3.056701866842155835e-01 1.566034856705784017e+00 2.337657996320829240e-02 1.525853600044024594e+00 1.621236068462537316e+00 2.479376077028558889e+00 3.417941603394075451e-03 2.474395096745472866e+00 2.483356442189490476e+00
9.651758793969849037e-01 9.481502755657860160e-01 1.798836669124909615e-03 9.446898482682942744e-01 9.503252203628199668e-01 2.885528906681112393e-01 5.261055193761706925e-03 2.832798969315124538e-01 2.997250400241977530e-01 1.527217839605826022e+00 2.190103030325391345e-02 1.487959400589140779e+00 1.579215055222085606e+00 2.466745067251282730e+00 3.346341528366081428e-03 2.460205250561047663e+00 2.471033690186040133e+00
9.701507537688442984e-01 9.479308213380086556e-01 1.484128707266178489e-03 9.454691949937464868e-01 9.510938161704234339e-01 2.810786880460008907e-01 4.031683279664539238e-03 2.754265130481576840e-01 2.886855253814502031e-01 1.489031753013251524e+00 1.957135505378040236e-02 1.454617680429627136e+00 1.535923962348110683e+00 2.450412564066380305e+00 4.631611638016125063e-03 2.443993151133669439e+00 2.456877037541071118e+00
9.751256281407035820e-01 9.470754195341373194e-01 1.458205376768007379e-03 9.441710962542592123e-01 9.499062736012237051e-01 2.738677175261385321e-01 3.917025661203792433e-03 2.678624480593791990e-01 2.794977183039040747e-01 1.454305592858124774e+00 1.690868562288682861e-02 1.418543489864135143e+00 1.488120383966462956e+00 2.435294049383096127e+00 4.465831431215480825e-03 2.426300203198693772e+00 2.442340790931255334e+00
9.801005025125628656e-01 9.463847543036212340e-01 1.421093954866268529e-03 9.441803597127315095e-01 9.482250407414603011e-01 2.647273554541754725e-01 3.742739710393158496e-03 2.565248587392325863e-01 2.699403256827759279e-01 1.415636466935382476e+00 1.518351057780374658e-02 1.391047357395291950e+00 1.448391512495168287e+00 2.420176739364054530e+00 2.913140877047643539e-03 2.415318227492082581e+00 2.426916770108373811e+00
9.850753768844221492e-01 9.444461725189432499e-01 1.279282595941460751e-03 9.420499250303269179e-01 9.467905997030877652e-01 2.581808659033048570e-01 2.526998410939479411e-03 2.539341466235045530e-01 2.636545943561184324e-01 1.373182630898800216e+00 1.212667157881086762e-02 1.357936768807483485e+00 1.397682291815665279e+00 2.403166465972529586e+00 3.957194505194591705e-03 2.395805299420972201e+00 2.408517349618025438e+00
9.900502512562814328e-01 9.424108551431651382e-01 9.593971542292338388e-04 9.408615703273202069e-01 9.436088323760974950e-01 2.502478944607590683e-01 2.396402959583189551e-03 2.470313772042929956e-01 2.562330373387942672e-01 1.329293617635334268e+00 7.375721445236827455e-03 1.318701768943536301e+00 1.340950628647354925e+00 2.384713147792815402e+00 3.309246325746504919e-03 2.379739773971634609e+00 2.390904760081259184e+00
9.950251256281407164e-01 9.396208912018906290e-01 8.358597271041043504e-04 9.379615296822311210e-01 9.409295513898503494e-01 2.423163153122455393e-01 1.989122508712412325e-03 2.395116079748605131e-01 2.467518429183928885e-01 1.281299294434429026e+00 5.598339107434597596e-03 1.274261837349352833e+00 1.291655414962699977e+00 2.362094573465056246e+00 1.715501165515031503e-03 2.359881565093256750e+00 2.365512560282650334e+00
1.000000000000000000e+00 9.349377518180647106e-01 6.837706524749076475e-04 9.341794749955709687e-01 9.363301683052076552e-01 2.305808249331713355e-01 1.711044332270480117e-03 2.278031584101141982e-01 2.333240516317767188e-01 1.191898463761695393e+00 3.411424546129485525e-03 1.187564591004059089e+00 1.196883079565941754e+00 2.326549086127926103e+00 1.670007829148925779e-03 2.324697072107228646e+00 2.329949800721585973e+00
