# signal_efficiencies		0sq-mean	0sq-std	0sq-min	0sq-max	1sq-mean	1sq-std	1sq-min	1sq-max	2sq-mean	2sq-std	2sq-min	2sq-max	all-mean	all-std	all-min	all-max
1.000000000000000021e-02 nan nan nan nan nan nan nan nan nan nan nan nan nan nan nan nan
1.497487437185929596e-02 nan nan nan nan nan nan nan nan nan nan nan nan nan nan nan nan
1.994974874371859344e-02 nan nan nan nan nan nan nan nan nan nan nan nan nan nan nan nan
2.492462311557788746e-02 nan nan nan nan nan nan nan nan nan nan nan nan nan nan nan nan
2.989949748743718494e-02 nan nan nan nan nan nan nan nan nan nan nan nan nan nan nan nan
3.487437185929648242e-02 nan nan nan nan nan nan nan nan 4.423427503003476424e-01 4.112469522253748427e-02 3.570313721567849874e-01 5.123354903583564601e-01 4.985541449494932387e-01 4.113536580952003446e-02 4.124966035152352051e-01 5.656603293873722071e-01
3.984924623115577991e-02 7.583298773678128976e-03 1.636843647087629595e-03 4.501105498023213851e-03 9.454795720966949549e-03 1.655026056798739043e-01 3.980822539591217374e-02 1.152897134346143743e-01 2.511567756393060513e-01 4.773319561016410861e-01 4.068380308624885283e-02 3.997387496203423929e-01 5.455201854093278957e-01 5.374650191941733324e-01 3.993971652554333812e-02 4.623630912191473152e-01 6.029049828391528365e-01
4.482412060301507739e-02 6.722056655616426291e-03 1.221628484659681305e-03 4.913225283646752151e-03 8.304803069736277008e-03 1.766017014086929682e-01 4.357999948400220758e-02 1.199004994981658218e-01 2.675347933733757677e-01 5.111555855328567821e-01 4.139180303227189134e-02 4.424461270838998539e-01 5.787048804602994423e-01 5.769057780438192617e-01 4.024369200904992505e-02 5.122295789230593144e-01 6.401496362909335769e-01
4.979899497487437487e-02 7.549149054081820409e-03 1.517782658416077157e-03 5.379146703831366901e-03 1.091167903434499438e-02 1.828951349292678441e-01 3.930798045804415053e-02 1.275705968909130184e-01 2.585516015613912311e-01 5.420221436278019889e-01 4.236855299609319780e-02 4.692632388329862625e-01 6.118895755112708779e-01 6.077682236886030598e-01 4.228556041883558408e-02 5.351971460295157357e-01 6.773942897427142062e-01
5.477386934673367236e-02 6.929835974340295586e-03 8.928344067101415954e-04 5.569135778810728812e-03 8.028969753776765347e-03 1.855023636988738234e-01 3.402863414997689406e-02 1.344281563630746745e-01 2.472803662549762360e-01 5.633401139403024782e-01 4.325150054644411740e-02 4.906237305877380050e-01 6.379632355298033852e-01 6.336647323278292721e-01 4.181575360314938178e-02 5.615083272115447555e-01 7.020331126282037815e-01
5.974874371859296984e-02 6.927643443357842448e-03 1.059619178924097035e-03 4.858825652923822423e-03 8.366350807088362984e-03 1.916200457457919726e-01 3.116442947059328353e-02 1.399733076031769718e-01 2.423851393707701918e-01 5.869366877617767653e-01 4.118661678222765993e-02 5.129369991986267863e-01 6.541239552732260876e-01 6.600557903510086977e-01 3.994385533298622920e-02 5.870758021298028151e-01 7.221552625489218169e-01
6.472361809045226733e-02 6.744781139186447130e-03 9.929140672654030060e-04 4.760252231123387329e-03 8.638430680215393453e-03 1.922691384616914412e-01 2.932137067306389913e-02 1.502836948980729725e-01 2.403224605619729282e-01 6.074393547184534503e-01 3.951666445534375571e-02 5.335054445851127314e-01 6.702846750166489009e-01 6.838965816384235952e-01 3.798124032138964351e-02 6.107353220026068286e-01 7.414123307244926409e-01
6.969849246231155093e-02 7.431154628702056272e-03 1.054456497512045506e-03 5.597358314342225187e-03 9.127621368784824551e-03 1.896185939948276111e-01 2.740485587605614309e-02 1.507548583949168963e-01 2.345095765405435240e-01 6.237014059503935837e-01 3.704888240560092610e-02 5.562846151283482588e-01 6.830795125642018517e-01 7.035158857527162857e-01 3.582006257727188975e-02 6.392824790346386399e-01 7.582043286647843772e-01
7.467336683417084842e-02 7.063246321527980043e-03 9.449009941388968915e-04 5.622179787217367400e-03 8.704653872472900913e-03 1.909461962203868046e-01 2.404007502958908221e-02 1.564639767001195780e-01 2.258009652613957308e-01 6.398571753677909646e-01 3.520686322726867407e-02 5.839956235133869633e-01 6.947606687955776295e-01 7.188412312039372809e-01 3.487973583931187893e-02 6.661377387591891353e-01 7.717504942549388014e-01
7.964824120603014590e-02 7.337802658292215049e-03 9.840808320797486599e-04 5.647001260092510480e-03 9.137604431700590765e-03 1.931163942802506528e-01 1.907884573762692534e-02 1.657633359796160388e-01 2.184777759236306571e-01 6.477958405128116937e-01 3.612115465037556150e-02 5.944766056318813163e-01 7.000758977141602335e-01 7.306111751787542907e-01 3.613155782592390036e-02 6.778205658784219878e-01 7.804771327265150882e-01
8.462311557788944338e-02 7.088500715393362787e-03 1.110851342719243332e-03 5.612589760928090796e-03 8.780588389586027262e-03 1.923699299144037145e-01 1.539430819005849216e-02 1.712716342339550002e-01 2.135474468891439548e-01 6.611886637694170954e-01 3.410098065235953047e-02 6.093257639721590957e-01 7.058922315470956832e-01 7.504297210975272581e-01 3.215041445173858620e-02 7.008495278011492857e-01 7.950876377183757615e-01
8.959798994974874087e-02 7.464105914102819872e-03 1.142754881979946274e-03 5.718009747143193260e-03 9.096736266268801510e-03 1.933902312600382367e-01 1.294737110763903923e-02 1.773438765656139005e-01 2.149870489012877806e-01 6.785592824352717489e-01 3.057188348007122691e-02 6.344544265672047434e-01 7.294762484680257231e-01 7.666810553000821260e-01 2.627274279942496196e-02 7.287291462711440460e-01 8.038021452750031548e-01
9.457286432160803835e-02 7.084891750094584814e-03 1.125028217265829165e-03 5.532864000410372442e-03 8.919401857254526458e-03 1.950354151868335939e-01 1.144116645733077656e-02 1.798849854475688681e-01 2.193185491782514984e-01 6.887821092040015136e-01 2.260613617154174845e-02 6.589262511398822353e-01 7.235393539453284228e-01 7.804909765093653862e-01 2.293801746664755545e-02 7.505530229391752517e-01 8.143238400642728303e-01
9.954773869346733584e-02 7.180855698205789069e-03 9.134874731149516657e-04 5.766948166586712346e-03 8.738534512360016451e-03 1.951027319322771736e-01 1.248880346402397520e-02 1.842209153621540696e-01 2.289559374546418780e-01 7.033387737076113311e-01 2.313671296483603423e-02 6.700401926843227995e-01 7.415534761497164506e-01 7.988618380914188633e-01 2.262605484855179441e-02 7.673456277158491323e-01 8.405679942542381156e-01
1.045226130653266333e-01 6.692433791738750318e-03 8.939479975162133727e-04 5.144177199131801104e-03 8.557121828112534273e-03 1.964990240550290035e-01 1.508884915051915236e-02 1.851095401570110877e-01 2.381669596343553574e-01 7.173195735671005213e-01 2.330068904983386216e-02 6.815824667556361627e-01 7.604139530290587867e-01 8.118678806166081952e-01 2.046930417224646082e-02 7.831563015090603486e-01 8.504447120820808337e-01
1.094974874371859308e-01 6.925548620409047174e-03 7.019288375301550300e-04 5.819369896971121961e-03 7.963774912566340056e-03 1.981950133231287492e-01 1.565873047269143725e-02 1.820318239488389889e-01 2.370596597601150879e-01 7.277627293272723730e-01 1.964198639836185409e-02 7.040230538673487581e-01 7.714540743507172227e-01 8.259197041675629958e-01 1.953348519932953525e-02 8.030467697023283558e-01 8.725603584237379140e-01
1.144723618090452283e-01 7.241384832163537746e-03 9.701594185555542085e-04 5.584570844849408820e-03 9.279423288765763222e-03 2.016728510143590558e-01 1.746182976716425736e-02 1.793966475086211654e-01 2.413141280712246539e-01 7.378477730883302721e-01 1.982333426245041705e-02 7.101258760039084184e-01 7.818324319055355298e-01 8.342954548305087092e-01 2.084656594071878505e-02 8.094846422462225188e-01 8.851982410035005300e-01
1.194472361809045258e-01 6.635903012178523235e-03 6.830947713472154594e-04 5.749917573482881197e-03 8.148218448642269643e-03 2.053365653192102958e-01 1.790354806169653853e-02 1.817059255077635160e-01 2.450064605226310588e-01 7.448746386610357595e-01 2.248108986142056953e-02 7.121927234634803927e-01 8.003958726362817577e-01 8.470516883741797676e-01 2.465081350525160156e-02 8.084503304505881172e-01 9.051966610524255774e-01
1.244221105527638233e-01 6.698916007365661104e-03 4.992210994524312042e-04 6.023788441523251526e-03 7.655165383787349356e-03 2.091838788114182557e-01 1.936907798957764396e-02 1.838505343494484245e-01 2.493250356482780983e-01 7.545966376545252263e-01 2.528424311218566145e-02 7.142855702487133085e-01 8.075828860986964397e-01 8.603609029901606586e-01 2.868553754068601039e-02 8.145270173181241580e-01 9.186847966285087708e-01
1.293969849246231207e-01 6.307332207678176435e-03 4.741795580500787234e-04 5.453125714033537665e-03 7.076689036258434345e-03 2.114283197539195691e-01 1.963933520990736661e-02 1.861534126409954415e-01 2.527997722651724732e-01 7.666376627635351770e-01 2.921887869620926406e-02 7.208705211125957524e-01 8.267942745976573082e-01 8.748343678427337178e-01 3.000550243860576269e-02 8.256862233532938911e-01 9.347372190698569616e-01
1.343718592964824043e-01 6.498668090613872288e-03 5.722684049792412398e-04 5.612281567620783923e-03 7.520811032960638201e-03 2.142291476243275983e-01 1.890554714864543448e-02 1.834287843842259402e-01 2.447981491409481625e-01 7.791619095754953594e-01 2.998900219441968246e-02 7.292898222938556385e-01 8.355383238142234381e-01 8.910976657287810188e-01 3.266841433035829606e-02 8.435085496020959805e-01 9.510972125851490100e-01
1.393467336683417157e-01 6.207879488640854690e-03 5.735723951392033160e-04 5.202306260329097980e-03 7.069003525723396159e-03 2.170796078762144976e-01 2.078250353634473330e-02 1.807929615618334984e-01 2.525601073195701263e-01 7.934804781726161327e-01 3.094989433075779478e-02 7.473078952907338257e-01 8.420119989053634901e-01 9.055609995199610518e-01 3.211142624013590269e-02 8.567026096191832085e-01 9.485413030132475720e-01
1.443216080402010271e-01 6.307936822037822459e-03 6.023387797671778078e-04 5.320690613598751985e-03 7.082204153327652588e-03 2.177923202396809255e-01 1.791791347153385422e-02 1.814503149925222047e-01 2.522246158842639252e-01 8.067435912423619460e-01 3.174583823384165282e-02 7.598355121848450189e-01 8.504800984208046311e-01 9.210314100123726533e-01 3.279138658808272017e-02 8.701791316705053125e-01 9.703786012848152343e-01
1.492964824120603107e-01 5.981500839264910011e-03 6.300671571978802522e-04 5.192578759865047397e-03 7.260914008203451196e-03 2.196225652620096835e-01 1.733665220023230397e-02 1.871347771007084992e-01 2.506359863082799344e-01 8.205890615694674262e-01 3.274808355144762095e-02 7.689711152198708266e-01 8.699117917053613702e-01 9.362377058493993598e-01 3.567928700342917064e-02 8.744139547662562739e-01 9.918238299089470189e-01
1.542713567839196220e-01 6.209960187213206355e-03 6.410603355157116134e-04 5.122239995365452173e-03 7.364501944945134153e-03 2.224975404751891594e-01 1.604941746414138837e-02 1.906024344754815858e-01 2.482509965950559228e-01 8.332538049461511998e-01 3.515662812313959107e-02 7.709982427224114643e-01 8.890288107598653955e-01 9.491788842032653495e-01 3.652417893781326197e-02 8.854906385553474868e-01 1.012920440652169018e+00
1.592462311557789056e-01 5.783137489887946875e-03 5.957697466221408564e-04 4.811849689942530178e-03 7.015375988255935329e-03 2.241627303276262084e-01 1.710335836690262540e-02 1.932688952743838451e-01 2.552360453784241479e-01 8.410908854081320385e-01 3.432340634525187645e-02 7.813837144535176193e-01 9.050258953146628205e-01 9.578275659601336312e-01 3.442054101616869727e-02 8.846856571025721871e-01 1.018878235709098634e+00
1.642211055276382170e-01 5.999355243261486094e-03 6.709840621718220644e-04 5.210762747309696623e-03 7.445397176725968361e-03 2.235995230660302313e-01 1.586460757256114365e-02 1.988512626539813699e-01 2.508460879267331856e-01 8.497047862663293927e-01 3.350280062106509443e-02 7.798135151058563919e-01 9.078497766973915306e-01 9.692402147462193529e-01 3.597940048414473985e-02 8.922816930027250848e-01 1.023653252901737032e+00
1.691959798994975006e-01 5.713599379627556582e-03 5.272766037969806464e-04 4.795341496688002199e-03 6.616438172078940166e-03 2.242448675238506994e-01 1.589785615133785732e-02 2.044086230683398453e-01 2.540626664870770934e-01 8.584091028042027949e-01 3.437182622547996225e-02 7.861761703758324282e-01 9.099773264430074393e-01 9.785129056254584512e-01 3.281194680379838358e-02 9.101147345840324698e-01 1.030102516655428069e+00
1.741708542713567842e-01 5.856063650088379723e-03 5.929388832431321636e-04 4.885204029984858975e-03 7.028168987774138961e-03 2.219160040112534704e-01 1.480256230847888828e-02 2.046301510786148470e-01 2.497561359253880897e-01 8.659008433866594023e-01 3.195563986105201537e-02 8.008012580376137057e-01 9.182286161600057284e-01 9.924942676205456005e-01 3.381901164631439388e-02 9.288788068887141591e-01 1.048076068069839772e+00
1.791457286432160956e-01 5.794769244230829966e-03 5.383846423274421446e-04 4.823832145508512477e-03 6.662487728761269136e-03 2.226502204196679491e-01 1.767062108831922440e-02 1.999975932083181418e-01 2.549352552451510379e-01 8.774846928443451599e-01 3.208801675524274727e-02 8.180055462529263188e-01 9.275319612728842866e-01 1.002337323868423891e+00 3.324719372489844810e-02 9.394831500175083727e-01 1.049482694719075182e+00
1.841206030150753792e-01 5.837891945227803581e-03 5.191468144613845719e-04 4.889757875413134128e-03 6.674154210781521428e-03 2.224124171588195975e-01 1.649565379109651370e-02 2.015870585975583773e-01 2.546448475626156283e-01 8.867647715972196698e-01 3.202097582350911520e-02 8.274539897283944567e-01 9.333752521376090794e-01 1.012316145255428124e+00 3.510092305155126935e-02 9.538568512697214175e-01 1.068502378343821224e+00
1.890954773869346905e-01 5.770311017899608201e-03 5.485931853002707845e-04 4.932378891668884845e-03 6.805008758649581067e-03 2.242060413202396352e-01 1.666636104562567791e-02 2.060248366125777275e-01 2.586065855345875408e-01 8.949714800628761902e-01 3.408365722543964249e-02 8.381817103651172385e-01 9.478081071695524384e-01 1.014084418348988992e+00 3.274461831194695749e-02 9.726261019772520777e-01 1.064444414225667934e+00
1.940703517587939742e-01 5.964863841290805185e-03 4.893102602758919468e-04 5.065011481286030466e-03 6.697791637830591109e-03 2.265073445296519328e-01 1.726390985714697929e-02 2.088319037729714500e-01 2.627846192650461488e-01 8.957946240185374887e-01 3.187083794025899475e-02 8.547251510522522189e-01 9.408764971249375941e-01 1.024781903180212783e+00 3.435602928374923565e-02 9.774667131139805898e-01 1.078530446516467345e+00
1.990452261306532855e-01 5.814262050640018817e-03 4.493658104810761508e-04 5.080187078984536690e-03 6.455513180408310216e-03 2.284113797137140300e-01 1.640130023293367989e-02 2.116020478963686613e-01 2.620159930313628038e-01 9.047206883484533169e-01 3.314908454295324020e-02 8.620771169243089949e-01 9.563961045852110709e-01 1.029194995766757437e+00 3.407622356016140608e-02 9.825158814585268630e-01 1.088175257873639001e+00
2.040201005025125691e-01 5.945072948747362820e-03 4.761524532234196003e-04 5.232381101802614440e-03 6.824256596499014144e-03 2.294075072178883290e-01 1.582212691477018207e-02 2.122268994580166768e-01 2.561239414519684843e-01 9.082355068884260252e-01 3.252601784934363444e-02 8.616347150575973668e-01 9.641140782081080163e-01 1.033601510262170287e+00 3.610021383689859115e-02 9.815364861055608792e-01 1.097796209284073843e+00
2.089949748743718805e-01 5.830732588091534600e-03 3.653945549901041717e-04 5.283327892637051937e-03 6.397822140662281359e-03 2.293234951012645961e-01 1.388920002541959263e-02 2.136367247492924615e-01 2.541595587147109647e-01 9.110285684167014342e-01 3.454316477600685026e-02 8.600497407591620735e-01 9.718316458905398303e-01 1.042841584277556910e+00 3.819653455751254034e-02 9.940635850950263475e-01 1.115902357396980404e+00
2.139698492462311641e-01 5.938292055269646895e-03 4.239582274374911991e-04 5.340376038242678966e-03 6.580351707498391378e-03 2.309760067677980033e-01 1.308712711925851847e-02 2.145624371608147452e-01 2.533733107937077289e-01 9.174537348105891166e-01 3.627941027904407756e-02 8.745212427827221413e-01 9.879622616655746592e-01 1.051642143700534771e+00 3.817363818607025922e-02 1.004598563214597728e+00 1.133795929491054011e+00
2.189447236180904754e-01 5.805884053053315084e-03 4.252949239131978442e-04 5.141807835476529080e-03 6.458226373702513450e-03 2.315420990953205860e-01 1.472204512297313125e-02 2.138806318008232843e-01 2.554924052433789061e-01 9.245098608156055997e-01 3.690733173208483875e-02 8.792085033984609055e-01 1.003915958525624763e+00 1.061572270455986011e+00 3.688736395129152412e-02 1.021908473071055479e+00 1.134614003035188556e+00
2.239195979899497591e-01 5.954045783948720000e-03 3.574342651603365658e-04 5.449097317524962888e-03 6.540208754460726144e-03 2.330249435403139446e-01 1.480129154511836131e-02 2.155763264616402941e-01 2.587230328778078459e-01 9.339805168620071152e-01 3.540951234160907846e-02 8.936604193412760466e-01 1.003411312876169914e+00 1.070774266730992741e+00 3.451450409133614838e-02 1.033046730329299168e+00 1.135921452213029648e+00
2.288944723618090704e-01 6.043908195391268882e-03 4.390264904818118709e-04 5.367377374065647813e-03 6.720737965946846013e-03 2.342648781986162998e-01 1.392938178818683981e-02 2.134045264449196677e-01 2.597057529221134531e-01 9.407949731075813116e-01 3.256539384174614304e-02 9.030272325183159587e-01 1.002990533305790688e+00 1.080603070780403741e+00 3.063590191789374029e-02 1.049577998532907896e+00 1.145350120522116821e+00
2.338693467336683540e-01 5.970166312882755136e-03 4.073302536881162140e-04 5.306095103996699529e-03 6.485115621841550104e-03 2.312635952553650787e-01 1.194849233528372072e-02 2.122257668768015582e-01 2.507252101906846664e-01 9.483095845262538015e-01 2.912809415314458056e-02 9.179654331978837067e-01 1.010329760294917945e+00 1.086373848651586815e+00 2.762426056757353796e-02 1.054970163440437592e+00 1.139783350686838892e+00
2.388442211055276654e-01 6.044983572836629994e-03 4.112226305074790592e-04 5.303578374977731789e-03 6.699264517500236153e-03 2.331715183328118834e-01 1.238580675617706288e-02 2.133145025093844960e-01 2.529418641486697594e-01 9.533670706683002871e-01 2.807736080749774835e-02 9.214766504131132185e-01 1.013297345048745468e+00 1.096259277739994209e+00 2.835097240312860895e-02 1.060062192551354920e+00 1.147837512224090473e+00
2.438190954773869490e-01 5.951038156403070691e-03 4.448666803525467943e-04 5.251287298762554075e-03 6.606757011841307009e-03 2.329370352521059062e-01 1.389158141293594766e-02 2.139673392649948658e-01 2.543728539131562272e-01 9.626864976707245614e-01 2.665426334615784293e-02 9.251313129381245615e-01 1.011237183052672295e+00 1.104013017910649985e+00 2.888544190644101728e-02 1.054414406252129455e+00 1.151889130829530039e+00
2.487939698492462326e-01 6.099890661481029847e-03 4.157815292130773274e-04 5.368834201610837679e-03 6.709961872278235283e-03 2.324575703573807106e-01 1.396632893517074647e-02 2.140941544192815349e-01 2.549664225781741456e-01 9.681485394877531458e-01 2.686967320820007540e-02 9.207513310858209676e-01 1.012247717220045029e+00 1.109625234977160479e+00 2.717394190014158287e-02 1.066966291951797263e+00 1.161476007960650980e+00
2.537688442211055162e-01 5.888539297712518626e-03 4.700667064386778414e-04 5.061596803154672780e-03 6.736159803981372172e-03 2.318416684124285643e-01 1.491597270473505980e-02 2.111773682826299237e-01 2.572148418118942459e-01 9.726721503385616918e-01 2.504665391231504501e-02 9.328045775486382141e-01 1.020176259807387575e+00 1.112818188239542039e+00 2.754934030861770286e-02 1.060547525888004161e+00 1.164303841528497419e+00
2.587437185929647998e-01 6.026547374869749979e-03 4.905593074980170703e-04 5.335947064557106795e-03 6.667321707096717474e-03 2.307528627427913315e-01 1.555405153516595945e-02 2.078438337449040885e-01 2.594452387520261305e-01 9.791525715503928140e-01 2.526206736179325771e-02 9.318694499020535593e-01 1.028061451177323171e+00 1.119049132372292643e+00 2.822251105588628392e-02 1.065102660847986771e+00 1.160987667622345398e+00
2.637185929648241389e-01 5.795250209216706513e-03 4.592284378663461018e-04 4.912779414750349447e-03 6.242478363217679113e-03 2.305701394040315932e-01 1.659446134424793703e-02 2.088082378340700151e-01 2.616578556558030733e-01 9.813194882240493522e-01 2.572376102749682897e-02 9.313360103569603421e-01 1.017034947960641977e+00 1.125307254816159341e+00 3.274412776210666037e-02 1.062706265022247853e+00 1.170650139217273678e+00
2.686934673366834225e-01 5.899035959353306387e-03 5.470834112139060998e-04 4.833130844235043570e-03 6.826655866730687271e-03 2.297886699891765194e-01 1.501646296296357819e-02 2.101727802557394886e-01 2.562571545802749817e-01 9.856832238923391998e-01 3.012912013607629488e-02 9.264818396429760350e-01 1.025098337140132321e+00 1.129724068776084778e+00 3.268702325649915780e-02 1.073381665203720248e+00 1.180240486315729198e+00
2.736683417085427061e-01 5.764885491809319806e-03 4.823832998147437436e-04 4.848270516842469006e-03 6.391876730048842888e-03 2.279541118200500149e-01 1.372302266269154018e-02 2.117173496196254334e-01 2.533468155190004012e-01 9.901454025438741757e-01 3.051013595192837713e-02 9.326033078458323411e-01 1.039114779481010054e+00 1.136447768560817195e+00 3.419029528930011413e-02 1.070395878012341706e+00 1.187356788156211262e+00
2.786432160804020453e-01 5.803078657689739184e-03 4.784124196573445189e-04 4.863410189449895310e-03 6.438493734782002598e-03 2.272286893972662036e-01 1.257820804096703923e-02 2.140281339325173227e-01 2.537132379850377539e-01 9.960362020885537016e-01 3.263143025441049561e-02 9.359830177539784080e-01 1.046949555786210961e+00 1.143156040830950904e+00 3.450132321249959472e-02 1.085393297371068932e+00 1.199209807201707667e+00
2.836180904522613289e-01 5.687402793829236108e-03 4.536968001000342009e-04 4.878549862057320746e-03 6.360979408194309195e-03 2.266436571654020238e-01 1.212968720956846512e-02 2.138589832248949663e-01 2.512505275272702288e-01 1.000384918660028877e+00 3.220897372621207844e-02 9.406923878650849113e-01 1.048964327414094289e+00 1.145773409297270229e+00 3.800139948557920005e-02 1.081283778154594089e+00 1.204588845899173588e+00
2.885929648241206125e-01 5.763248320912519110e-03 4.422493993725113261e-04 4.987039966981741609e-03 6.340621515590576587e-03 2.265492929658095844e-01 1.195724486654437847e-02 2.145222458619409356e-01 2.516189456404218094e-01 1.005447753701087077e+00 3.365795207975905146e-02 9.537472020139625695e-01 1.059981560343288498e+00 1.148934217154906179e+00 3.963228689514668168e-02 1.088972511829138679e+00 1.212073431730762207e+00
2.935678391959798961e-01 5.548032860688298894e-03 4.134242647000432608e-04 4.819498992810035756e-03 6.166573503237169664e-03 2.269085961736347357e-01 1.252119165694176757e-02 2.117473214658367464e-01 2.515355376872736581e-01 1.006691300220949881e+00 3.742068016158875410e-02 9.461927957395472877e-01 1.064611136339789654e+00 1.150147975484826945e+00 4.034231199394643780e-02 1.083681696007039674e+00 1.215701519965329602e+00
2.985427135678392352e-01 5.672851540980251503e-03 4.339874947447647864e-04 4.905266230235673548e-03 6.303747100040210660e-03 2.242345341663867231e-01 1.097080266919061263e-02 2.071938833217459308e-01 2.440145770175563278e-01 1.007641425168502192e+00 3.757480351818774655e-02 9.471709042658479349e-01 1.065667925446964759e+00 1.150959471787984523e+00 3.961664134623017752e-02 1.089391495804619803e+00 1.219462357971251576e+00
3.035175879396985188e-01 5.452536416633501151e-03 4.309425062544623101e-04 4.714395882790431598e-03 6.259464851872806844e-03 2.224889316932285033e-01 1.022009094936905671e-02 2.051602467321548551e-01 2.439814103178674920e-01 1.007867823620106629e+00 3.585332788225872869e-02 9.483434724421033746e-01 1.063831973433318590e+00 1.153436594053548259e+00 3.713925488031018934e-02 1.095777261936068170e+00 1.216369436448833330e+00
3.084924623115578024e-01 5.546499390093233631e-03 4.444499775470489773e-04 4.878435882725681155e-03 6.359258329811064321e-03 2.222668032163380436e-01 9.453947535486758105e-03 2.061850453004599459e-01 2.393049715356263263e-01 1.008236760913882479e+00 3.529917768169514580e-02 9.533547295202933203e-01 1.061345140661043462e+00 1.155478173997407598e+00 3.808211612618919023e-02 1.103624070568606896e+00 1.227332081697025679e+00
3.134673366834170860e-01 5.415343657338974465e-03 4.957536954528479062e-04 4.571900408666132454e-03 6.431592323274657776e-03 2.207588901542319737e-01 9.271622364029813435e-03 2.060629628936017366e-01 2.343527049030297016e-01 1.011366216724909561e+00 3.493330016188192499e-02 9.583695195579112758e-01 1.069218181612647589e+00 1.156996558707086287e+00 3.500089581592830817e-02 1.116095499024633453e+00 1.231420227136282186e+00
3.184422110552764251e-01 5.498171071452205745e-03 4.724453626588857175e-04 4.627806929508368645e-03 6.351953717433003223e-03 2.203357048758630143e-01 1.001348532957885458e-02 2.075772911528337705e-01 2.345012221305805833e-01 1.011908481499731227e+00 3.512451061774650440e-02 9.633862901629179909e-01 1.080413291181171909e+00 1.158273497953739462e+00 3.273753543796604354e-02 1.122330012942146071e+00 1.225642913857535987e+00
3.234170854271357087e-01 5.435292186133420730e-03 4.958072500141545800e-04 4.406843025771749883e-03 6.242393045406897586e-03 2.194585620076798249e-01 1.139004828722407076e-02 2.050571740212710492e-01 2.355082188451490532e-01 1.013046569687350962e+00 3.382033536229527709e-02 9.684028650845010189e-01 1.084797347777949783e+00 1.158083381189694894e+00 3.163785137135825126e-02 1.121183048730245213e+00 1.230102310769485729e+00
3.283919597989949923e-01 5.485902294577861202e-03 4.546103989347899193e-04 4.577908915354251054e-03 6.288314933667620357e-03 2.186759173467126005e-01 1.187221153256199681e-02 2.035755926495406709e-01 2.355714799808613924e-01 1.011693525485522160e+00 2.973030020569808127e-02 9.756285707333203217e-01 1.075391350345394903e+00 1.156652362151901370e+00 2.815323464486176042e-02 1.120364143697422987e+00 1.220686476653734642e+00
3.333668341708542759e-01 5.582203307796555596e-03 5.124509337744807130e-04 4.518617512652540157e-03 6.414447671229727387e-03 2.181696459462315052e-01 1.207167442245729409e-02 2.014628657563444225e-01 2.351864364930479345e-01 1.010772421846219515e+00 3.012933955596897376e-02 9.750387082505234115e-01 1.081273445236090813e+00 1.159456106108949225e+00 2.800013674494903834e-02 1.119844178655487799e+00 1.216650479199694379e+00
3.383417085427135595e-01 5.500170895008981396e-03 4.275481664154743709e-04 4.541428282074872272e-03 6.041985629604036158e-03 2.172595305988907766e-01 1.212780804936397679e-02 2.002530609813427120e-01 2.327891246981372286e-01 1.009305178304700235e+00 2.616242918338674076e-02 9.767847987029962820e-01 1.066913454473882306e+00 1.156917570331390976e+00 2.938549579965811509e-02 1.109766929269795366e+00 1.217391589931265505e+00
3.433165829145728987e-01 5.553252981030221309e-03 4.174902056929816522e-04 4.625645934072221757e-03 6.042637841382044774e-03 2.170853005707394645e-01 1.154342488473411067e-02 2.023026656116104216e-01 2.330656385723587631e-01 1.011409003669930140e+00 2.689570479055084992e-02 9.754454227203291916e-01 1.066369416573108353e+00 1.157016223782551645e+00 2.787457829625539577e-02 1.118560484549331546e+00 1.212144189858953558e+00
3.482914572864321823e-01 5.494288135269156936e-03 3.916118714522179387e-04 4.649079979513881869e-03 6.008699715966318508e-03 2.160763773510526453e-01 1.216171304939819148e-02 1.996964897026562158e-01 2.362735164354781703e-01 1.009360114720705859e+00 2.720247620473885408e-02 9.721094966073752230e-01 1.066073894929986610e+00 1.159877411290134663e+00 2.721472029668814060e-02 1.113610743467665420e+00 1.209771635412166813e+00
3.532663316582914659e-01 5.503783122891537163e-03 4.042230743443973331e-04 4.664471716373936629e-03 5.968593150503103371e-03 2.166187564179446468e-01 1.177430393053275487e-02 1.977719081559381753e-01 2.345651549305714789e-01 1.008336648119064538e+00 2.556039116707839107e-02 9.735789460145400920e-01 1.058239990876104208e+00 1.157690311028561458e+00 2.918195513013947112e-02 1.117337243194663765e+00 1.205442434731881729e+00
3.582412060301507495e-01 5.336987463395945382e-03 4.133843921025822125e-04 4.560730676251530287e-03 5.868825022468000807e-03 2.160980064334659390e-01 1.223557900168605918e-02 1.963932355444182043e-01 2.349931609746490624e-01 1.011323871372384886e+00 2.659368062515837100e-02 9.732913948854206021e-01 1.061712198794201756e+00 1.159515455002965822e+00 3.281697522634081932e-02 1.115004377379222422e+00 1.210938173357551051e+00
3.632160804020100886e-01 5.563289831956627629e-03 3.874412628744737953e-04 4.762182947784266221e-03 6.102556491777946790e-03 2.147995796414754466e-01 1.170769639631061461e-02 1.976488512889063853e-01 2.307899027991756891e-01 1.009885522728675156e+00 2.763020967791443919e-02 9.726479687897545690e-01 1.056028672440730176e+00 1.159464348412551526e+00 3.509103438490963900e-02 1.113119085782813489e+00 1.212855776631508897e+00
3.681909547738693722e-01 5.347518083317201118e-03 4.603058700394965482e-04 4.662301933019741967e-03 6.046229632031092580e-03 2.132676298487196642e-01 1.096972534595485466e-02 1.986741006065220472e-01 2.281842094698179613e-01 1.009930723681756515e+00 3.064299736185974871e-02 9.643573355287542448e-01 1.056285002724728805e+00 1.158671636712863995e+00 3.376306801303648880e-02 1.117073789938221262e+00 1.214902016589662903e+00
3.731658291457286558e-01 5.317067194948684773e-03 4.686434121540220443e-04 4.617396969125551684e-03 5.989902772284238369e-03 2.120385529936238966e-01 1.053856976733888624e-02 1.982925399151012902e-01 2.263047220983410435e-01 1.008592999819482028e+00 3.272882225094026626e-02 9.619930885535310505e-01 1.057220395746205632e+00 1.156949453817821105e+00 3.418415152837229326e-02 1.121060136464094859e+00 1.220588649273436133e+00
3.781407035175879394e-01 5.171511315692409010e-03 4.437394824365091593e-04 4.674947372762435979e-03 5.933575912537384159e-03 2.110512916523590854e-01 1.024504328393433840e-02 1.965852898484925226e-01 2.258587440639824029e-01 1.008528385335230704e+00 2.996850596076310394e-02 9.669550394559911499e-01 1.058292978318049693e+00 1.156074446927053634e+00 3.176343808799716312e-02 1.119719055080313996e+00 1.211183648802826474e+00
3.831155778894472785e-01 5.262056665692347798e-03 4.834102561477333763e-04 4.732254987952864457e-03 5.974994917561309883e-03 2.102516872366053113e-01 1.047318032733435614e-02 1.920652349421012872e-01 2.228670169936540491e-01 1.005336586852686009e+00 3.142869819795372777e-02 9.705066497890474375e-01 1.066108776318204443e+00 1.156756624266914946e+00 3.209422740469081853e-02 1.118639374903454442e+00 1.215395559197863795e+00
3.880904522613065621e-01 5.138191082332625378e-03 4.454079785620970082e-04 4.684171273750085962e-03 5.990800583707118349e-03 2.096204906603908458e-01 1.042584838271786579e-02 1.925482855371155322e-01 2.232966311307159335e-01 1.004152628248758505e+00 2.864722702829970713e-02 9.760077685813144388e-01 1.056074062024589644e+00 1.158791785245551154e+00 3.325666218201223101e-02 1.115297499457617469e+00 1.224191469357771123e+00
3.930653266331658457e-01 5.172185026673153420e-03 4.667030621117994348e-04 4.728988300203107974e-03 6.033781772883653992e-03 2.076646820725131237e-01 1.130303471335819022e-02 1.883480914555356878e-01 2.211016695251853681e-01 1.004407840892261650e+00 2.897551427810518207e-02 9.696024948422788947e-01 1.059112752170231930e+00 1.159095772021758730e+00 3.499293112301665731e-02 1.112370423883184412e+00 1.229999864587789427e+00
3.980402010050251294e-01 5.098421102535602954e-03 4.824947388104264983e-04 4.564292328106141390e-03 6.023885611908334423e-03 2.077799695868978169e-01 1.133578305812851100e-02 1.898767862714580701e-01 2.229122980074237370e-01 1.004716591320290009e+00 2.993186133370103266e-02 9.701823546379862995e-01 1.063764977528483868e+00 1.160362030043796455e+00 3.390974706758339424e-02 1.114400169062263579e+00 1.226408547796061566e+00
4.030150753768844685e-01 5.165757673227728761e-03 4.633369743157730912e-04 4.660955880310876757e-03 6.110442763911713183e-03 2.068361905531259093e-01 1.029833823974763383e-02 1.907570084662037480e-01 2.208650995893459978e-01 1.004518891477535369e+00 3.216602189468001360e-02 9.663714696075769162e-01 1.071462024903385712e+00 1.162136075859061979e+00 3.596104880505414381e-02 1.111939773657676378e+00 1.234291355775166021e+00
4.079899497487437521e-01 5.116856515343177342e-03 4.910866179130370969e-04 4.604563815061472193e-03 6.062559373700347060e-03 2.056623622386243577e-01 9.907417700138908614e-03 1.883847888167055895e-01 2.193557170083064722e-01 1.005476414100769489e+00 3.005681685288870073e-02 9.677635070359053016e-01 1.067098048363247287e+00 1.158370172978264723e+00 3.378140232304489843e-02 1.109777340595771600e+00 1.219854293082034413e+00
4.129648241206030357e-01 5.135547078196287842e-03 5.017817032951718548e-04 4.617758725963878007e-03 6.132387476515688447e-03 2.056205730913543694e-01 1.005090369964310205e-02 1.879481964493439627e-01 2.216006874596493925e-01 1.008107210664169973e+00 3.104495112367945675e-02 9.690068676110116241e-01 1.071798766498344602e+00 1.155754106971116357e+00 3.259609048064471271e-02 1.110055598332046367e+00 1.219520902045819311e+00
4.179396984924623193e-01 5.062774846877474318e-03 5.173618632122019495e-04 4.526525874813314664e-03 6.109171856901894106e-03 2.039663182127350871e-01 9.486645097325344111e-03 1.888883388878748737e-01 2.205336377718956076e-01 1.005535198590418178e+00 3.234823314544155864e-02 9.619808159132823278e-01 1.073613307227500036e+00 1.153397324712884586e+00 3.046358690979751593e-02 1.114749384482891958e+00 1.212070437291355551e+00
4.229145728643216029e-01 5.123121613993923858e-03 4.951739456951545753e-04 4.644808912099164695e-03 6.071187895163172345e-03 2.025808939543547460e-01 8.992387276110881678e-03 1.874297154114881458e-01 2.183426240479059977e-01 1.001456557588720209e+00 2.853207361068855336e-02 9.615272227468147914e-01 1.057252055681337399e+00 1.152126796912360529e+00 2.950223279369425938e-02 1.121567237713465115e+00 1.212779662667694103e+00
4.278894472361809420e-01 5.007293981773179581e-03 4.897720220565257403e-04 4.543601480341037321e-03 5.932722999675657874e-03 2.023844115965236501e-01 9.048358331304644578e-03 1.871424578297513075e-01 2.179370882253233721e-01 9.981369540722720979e-01 2.821028416246148737e-02 9.631929290670108168e-01 1.053318932529359708e+00 1.152312140327701240e+00 2.832262860634303728e-02 1.117866818464381184e+00 1.203181432687637775e+00
4.328643216080402256e-01 5.000249707913103150e-03 3.991746284098212738e-04 4.509377487952849310e-03 5.694689375455013608e-03 2.014800605187923865e-01 9.692486561035079662e-03 1.873270978475585768e-01 2.176730043477221876e-01 9.967502155660765695e-01 2.687837643592522544e-02 9.668641886740618752e-01 1.053308689413102295e+00 1.149265451185066400e+00 3.163360001596760701e-02 1.114514787070330692e+00 1.206891870360099261e+00
4.378391959798995092e-01 4.825044424873718360e-03 2.744222039215282326e-04 4.354623400913066808e-03 5.299783925922406207e-03 2.004391465346350432e-01 1.013844760134744588e-02 1.876366577748012354e-01 2.156959050432164515e-01 9.979383028191399774e-01 2.686878161321576419e-02 9.667013422038562842e-01 1.053340662294956154e+00 1.149355745667346884e+00 3.390856872053699123e-02 1.112934770905426030e+00 1.210625022908181858e+00
4.428140703517587928e-01 4.983037887850663705e-03 3.662839017815711995e-04 4.509576763875072954e-03 5.590856576989161261e-03 1.991001702496888737e-01 9.421632245460293681e-03 1.877447419965138642e-01 2.131246679206717509e-01 9.935249936078596189e-01 2.729500006060639472e-02 9.574838619166015086e-01 1.043987228309239734e+00 1.144794385041356222e+00 3.745132622391304789e-02 1.105004165661196414e+00 1.204604300126988825e+00
4.477889447236181319e-01 4.913387667112260361e-03 2.740810318933962022e-04 4.435791414313098278e-03 5.388671439932242804e-03 1.975692405443374988e-01 9.915587502135385367e-03 1.829354152055316374e-01 2.122037869062451398e-01 9.930764413865489360e-01 3.066996633144387918e-02 9.613331312527485517e-01 1.049101298109140767e+00 1.142594910004248066e+00 3.660288488208306851e-02 1.097259256609890432e+00 1.206125326406085163e+00
4.527638190954774156e-01 4.831863104675178724e-03 2.341312564932006735e-04 4.460748268948059626e-03 5.119731552512186805e-03 1.960650240473263972e-01 1.036339804182689547e-02 1.797478997473630213e-01 2.117114302754098121e-01 9.919326203535895337e-01 3.400983150897152890e-02 9.518541662982096252e-01 1.052270548980299036e+00 1.139989027491937978e+00 3.490814990292508135e-02 1.091846834818300360e+00 1.198528703477384161e+00
4.577386934673366992e-01 4.943324369637919907e-03 2.792534890188305609e-04 4.504414732531821647e-03 5.458030513657473326e-03 1.949371445707924755e-01 1.003332229433457484e-02 1.793771496483556882e-01 2.085963935832430005e-01 9.873784571579402591e-01 3.274484505145633384e-02 9.519117306652093990e-01 1.041369878465477683e+00 1.134361296219050574e+00 3.198556831178168969e-02 1.093568318889498681e+00 1.189349924052444107e+00
4.627135678391959828e-01 4.813495297596005230e-03 2.348821070962936984e-04 4.453798988090256449e-03 5.215370481688443027e-03 1.942563789894345416e-01 9.556188369067760910e-03 1.799479736731376678e-01 2.075694853768443870e-01 9.842909370556979232e-01 3.180471994205517211e-02 9.493694483980362753e-01 1.040105770632004267e+00 1.131944014691032896e+00 3.425688877976138663e-02 1.085511099978424765e+00 1.197916696766849087e+00
4.676884422110553219e-01 4.838432080212179062e-03 2.394996380739885080e-04 4.547578299836122113e-03 5.261878615307228127e-03 1.931120393417706249e-01 9.482712798630011861e-03 1.788857632998373248e-01 2.065705018074533161e-01 9.794481391128808667e-01 3.113282410576997256e-02 9.423823900010718235e-01 1.030817765706461664e+00 1.127429690637814064e+00 3.129680426282435007e-02 1.084337878173139424e+00 1.180469418271023141e+00
4.726633165829146055e-01 4.748447152606781636e-03 2.533271130082353335e-04 4.423981581396557207e-03 5.243771630774074835e-03 1.920554626234229900e-01 9.641722620401154201e-03 1.765751830322433158e-01 2.066792608155496314e-01 9.752495703609612709e-01 2.898744686230700016e-02 9.415048764198906683e-01 1.030082853430958290e+00 1.125412688864378730e+00 3.233532111435119538e-02 1.084881442214269631e+00 1.177577571415377333e+00
4.776381909547738891e-01 4.781106962121665568e-03 2.450795786104238315e-04 4.484417929859468160e-03 5.321337368014226500e-03 1.911892834242733541e-01 9.280575626048758950e-03 1.767957268857619779e-01 2.047655019370725193e-01 9.728657641720541704e-01 2.977804385731028236e-02 9.371814332659077484e-01 1.030369581036808979e+00 1.124168038580119156e+00 3.216845036357184051e-02 1.084577797735531757e+00 1.176223291393083681e+00
4.826130653266331727e-01 4.709244861770949322e-03 2.464660749547421554e-04 4.433104958401982987e-03 5.259313625905905933e-03 1.899500080154864767e-01 8.913114920278688083e-03 1.744847308075552217e-01 2.022904982918885264e-01 9.698628210449019571e-01 2.923086443146511934e-02 9.342083476701663614e-01 1.019384451894368881e+00 1.119748193454774832e+00 3.413403625026602273e-02 1.078875602885705609e+00 1.176944354437157836e+00
4.875879396984924563e-01 4.741626523550528972e-03 2.719591720232165835e-04 4.430814359389091336e-03 5.311622789810565258e-03 1.887476742816926734e-01 8.583365599424273157e-03 1.736507984017987005e-01 2.008754281375990103e-01 9.656571203261258285e-01 2.817288182366251351e-02 9.328562511543248004e-01 1.013322858538495019e+00 1.116944805261573581e+00 3.278146527006807476e-02 1.076965920214640215e+00 1.175175678034434013e+00
4.925628140703517954e-01 4.651864407829597696e-03 2.703492851601402617e-04 4.315907826166419901e-03 5.254242169114759636e-03 1.880132831575069274e-01 8.645923922915944859e-03 1.737802305479567710e-01 2.002837181084728690e-01 9.652789128970683530e-01 2.893435423310219967e-02 9.289738539168344023e-01 1.016994804690017018e+00 1.111351069430023042e+00 3.264546887087654836e-02 1.061637188083090599e+00 1.161538882295107600e+00
4.975376884422110790e-01 4.715311338759682440e-03 2.524055456961668358e-04 4.467144477865243185e-03 5.300265539244055843e-03 1.872148301906144952e-01 8.362294832847843792e-03 1.743554506928391423e-01 2.004898124062568787e-01 9.597316354963535412e-01 2.986926633574498932e-02 9.253822453109216140e-01 1.011064992529172590e+00 1.106738381632008883e+00 3.307332699673218995e-02 1.059125221177506848e+00 1.157113487601399093e+00
5.025125628140703071e-01 4.648193138870827280e-03 2.530050095637372204e-04 4.356912262071315281e-03 5.255841380285937101e-03 1.862730453552267629e-01 8.130229100783026991e-03 1.747490491299330539e-01 1.998187880500101044e-01 9.552057271911943426e-01 2.761548916365143963e-02 9.150165770635317886e-01 9.999965825019747623e-01 1.100787123022440639e+00 3.253096124589916621e-02 1.055567886312565928e+00 1.153452323803293211e+00
5.074874371859295907e-01 4.677953966980111754e-03 2.804773849399963331e-04 4.331966231291904494e-03 5.313645985425525554e-03 1.844344945165355409e-01 8.238916814459722529e-03 1.727728734577457514e-01 1.956525741213443192e-01 9.511173806302115619e-01 2.875762574544247704e-02 9.075042314430245005e-01 9.990524089410476316e-01 1.095260694170544280e+00 3.464823743411220291e-02 1.053510169735124791e+00 1.143855771690779344e+00
5.124623115577889854e-01 4.644666654884874180e-03 2.799087161059121351e-04 4.254356517539105258e-03 5.295111924879572149e-03 1.835189091079159618e-01 7.684912342712184492e-03 1.724875288042133636e-01 1.931470974223369053e-01 9.472482104715218565e-01 2.790135013123092034e-02 9.079695865458232706e-01 9.967124387095663840e-01 1.091877176141269778e+00 3.457549821659177541e-02 1.051641628120408400e+00 1.137267034849174463e+00
5.174371859296482690e-01 4.673844043466125579e-03 2.513909762031321551e-04 4.341772437628300604e-03 5.249064759452925361e-03 1.824552191365930442e-01 7.035513894252559339e-03 1.717700662182631843e-01 1.913090216878507999e-01 9.407326692758772868e-01 2.862232923400684012e-02 9.011153041379653672e-01 9.843254972256630930e-01 1.086765339048305856e+00 3.506877412021543183e-02 1.045298179506177760e+00 1.136956547716325705e+00
5.224120603015075526e-01 4.630373007366714137e-03 2.419563186741519392e-04 4.276782463861538396e-03 5.120599364984913804e-03 1.818128082681307600e-01 6.870263442615302633e-03 1.717314046509139103e-01 1.900957985154349550e-01 9.369341404861207812e-01 3.028364214339347368e-02 9.011825265825358366e-01 9.798149346550834027e-01 1.083351214089890879e+00 3.279425462952362258e-02 1.041926669611780154e+00 1.127630842045277637e+00
5.273869346733668362e-01 4.671068294488009073e-03 2.549600043405112794e-04 4.297950480408424881e-03 5.218060162942242224e-03 1.806227834583949421e-01 7.206498393987548733e-03 1.685733677064305824e-01 1.898626122194754795e-01 9.329169871822513560e-01 3.042604625802289298e-02 8.958282631645791971e-01 9.783291985857829332e-01 1.078179246463212948e+00 3.224745040773187993e-02 1.037903134167937891e+00 1.122715999826477073e+00
5.323618090452261198e-01 4.609259760411660821e-03 2.183307306910700196e-04 4.292190718961474104e-03 4.984215267023776527e-03 1.795661045279846602e-01 7.000869263713403387e-03 1.668475655663903823e-01 1.876419616218522879e-01 9.277974857909931927e-01 2.890880457940352144e-02 8.902578211476930292e-01 9.730214998142353577e-01 1.073772122134434515e+00 3.216556375899200237e-02 1.032673945515716563e+00 1.119655736800764023e+00
5.373366834170854034e-01 4.610618037837415847e-03 2.073211872356833677e-04 4.286430957514523327e-03 5.026364893997908867e-03 1.786446470176580037e-01 6.746410075680115380e-03 1.662380403880013846e-01 1.873993669582715293e-01 9.244610178589536265e-01 2.891658273827087469e-02 8.858301325437577534e-01 9.674247856404858403e-01 1.070658401962790274e+00 3.415070955806563668e-02 1.028023530765591609e+00 1.119449051619393121e+00
5.423115577889447980e-01 4.506189477722933115e-03 2.027842314736676686e-04 4.256870504789321726e-03 4.847839277022900767e-03 1.776457298528159590e-01 6.757776707837216852e-03 1.658581212223375900e-01 1.862168506376081500e-01 9.197321074073598890e-01 2.705838368878708822e-02 8.854938209990117493e-01 9.597837900620825868e-01 1.064410481958816046e+00 3.366352247702981970e-02 1.020793577545743513e+00 1.113879292959782052e+00
5.472864321608040816e-01 4.586907943217247673e-03 1.848344324426231459e-04 4.308023355276515906e-03 4.935081211676321453e-03 1.769722687733461808e-01 6.597828313921810447e-03 1.649418917585575017e-01 1.860389192062652797e-01 9.152855402898266712e-01 2.791292823235672765e-02 8.805959175445855491e-01 9.567663411846694110e-01 1.059317593498846133e+00 3.253332442598213387e-02 1.016290661035873288e+00 1.101993855463542893e+00
5.522613065326633652e-01 4.480597206599002888e-03 2.096481962062296176e-04 4.189725607359377248e-03 4.832164163449797004e-03 1.759911644992264712e-01 6.521291497619503136e-03 1.649679200506169174e-01 1.864427758251261391e-01 9.102751593032378796e-01 2.918894681626680448e-02 8.788285897603451691e-01 9.539603807710665961e-01 1.055295715416431301e+00 3.103254591397960893e-02 1.017991750593152167e+00 1.100005136545350704e+00
5.572361809045226488e-01 4.519045271751398474e-03 2.051505716345040269e-04 4.295471613886387395e-03 4.871132286832267379e-03 1.742568803166835711e-01 6.752873768898973519e-03 1.647192178337127666e-01 1.855894350923958935e-01 9.062303576890748946e-01 2.846437854441890777e-02 8.732383257435393231e-01 9.457934903554243711e-01 1.049775592062496266e+00 3.090854698531329478e-02 1.009266253094596610e+00 1.089057879164719189e+00
5.622110552763819324e-01 4.541065684286566158e-03 2.188652544680972549e-04 4.255347885593271061e-03 4.909380037751679901e-03 1.734467365405485961e-01 6.244415041508128220e-03 1.645576222636610797e-01 1.837137731010961283e-01 9.011035398252065232e-01 2.767253303439798015e-02 8.686108426760157375e-01 9.424365845386545315e-01 1.045180108150898901e+00 3.070063772715739964e-02 1.000219794723357758e+00 1.084475779590362121e+00
5.671859296482412161e-01 4.504236826921403751e-03 2.132574191980794146e-04 4.251444292558349131e-03 4.894816953075913947e-03 1.725445617749528648e-01 6.581473433475835098e-03 1.625528471428725197e-01 1.828679903923463856e-01 8.977319316583141084e-01 2.563637212502233031e-02 8.674872228289960407e-01 9.363216670976073353e-01 1.041107900795315677e+00 3.006029599960157936e-02 9.939287307445950903e-01 1.079858776993939395e+00
5.721608040201004997e-01 4.540488324139150926e-03 2.177450235566284460e-04 4.243852663961453740e-03 4.908020106186523901e-03 1.715615931877243205e-01 6.685675100088391866e-03 1.605563293431446770e-01 1.815479250763491204e-01 8.924928387958175335e-01 2.622577732947304827e-02 8.608064033206556109e-01 9.293540672222856402e-01 1.036393196003159600e+00 2.899204486460544433e-02 9.947533652644428015e-01 1.075689319607769479e+00
5.771356783919597833e-01 4.456773307621478449e-03 2.563435366874639151e-04 4.020696751438629889e-03 4.839085342612150370e-03 1.706843493567188619e-01 7.091236038630802443e-03 1.587830022427862697e-01 1.814359926172827986e-01 8.886189134803063050e-01 2.688083482945741523e-02 8.481334131970716950e-01 9.249948640323194526e-01 1.031001356390445878e+00 2.962039622954634743e-02 9.861140148977660669e-01 1.071247863188989680e+00
5.821105527638190669e-01 4.519771758376888750e-03 2.249044069309622884e-04 4.223589013351052718e-03 4.901741806854075997e-03 1.696086794098590755e-01 7.235544452906597646e-03 1.566060671780688252e-01 1.797589900540272345e-01 8.842451375475809394e-01 2.558633216966586452e-02 8.475121952433121164e-01 9.197424611114667359e-01 1.025706280289395700e+00 2.942133207496477887e-02 9.770566670837806944e-01 1.065643932709008146e+00
5.870854271356784615e-01 4.411786832219348128e-03 2.420733653079816300e-04 3.947587227294849406e-03 4.828882148385325347e-03 1.688771585939957132e-01 7.096371303604027958e-03 1.557137365665052231e-01 1.792935281968065786e-01 8.789997112855095773e-01 2.599853595810513313e-02 8.403936902772485285e-01 9.144635743195643762e-01 1.020599615921757408e+00 2.989435908517087612e-02 9.714290839109366305e-01 1.059319657273699589e+00
5.920603015075377451e-01 4.434054248068424950e-03 3.089389759528650479e-04 3.726972407134527317e-03 4.827318008798148555e-03 1.678820115440390337e-01 7.381757210000457203e-03 1.542957207876289871e-01 1.791905844687267380e-01 8.743969420018438132e-01 2.622535691207779698e-02 8.364864074327411636e-01 9.115250233333761498e-01 1.017061905550801004e+00 3.001039777507440859e-02 9.713365074743802730e-01 1.058775193696897432e+00
5.970351758793970287e-01 4.342818649694270630e-03 2.601309355988205493e-04 3.736416513767754251e-03 4.735770168749720184e-03 1.670226619002776469e-01 7.173159790963589029e-03 1.541855802917205254e-01 1.768547200970608246e-01 8.694457544502792734e-01 2.549713483384761364e-02 8.309522614416482433e-01 9.049117934181166722e-01 1.011056427473188801e+00 3.007429477878291457e-02 9.637956936779084050e-01 1.049940318547548213e+00
6.020100502512563123e-01 4.371399661995012398e-03 2.783804514546633674e-04 3.760409913611368563e-03 4.817994862649372864e-03 1.653490934796251477e-01 7.291396263059850280e-03 1.531301461096329364e-01 1.744660559449305870e-01 8.648107228570548477e-01 2.638504062269405454e-02 8.250462920995013105e-01 9.009300656715560907e-01 1.005298983500827914e+00 2.906622807669698161e-02 9.638043177272044293e-01 1.046462234272813152e+00
6.069849246231155959e-01 4.287515937977266593e-03 2.559068706609914090e-04 3.742644783495572940e-03 4.620655125681593159e-03 1.639758508526883707e-01 6.798451731064985952e-03 1.527378208724990138e-01 1.723806358650801507e-01 8.611747245442762377e-01 2.693649233078976649e-02 8.231742697686269539e-01 8.987917115137034063e-01 1.000472583011585925e+00 2.956470063874205509e-02 9.605173668656431518e-01 1.042839219496221270e+00
6.119597989949748795e-01 4.315086589187572090e-03 2.469713674599289307e-04 3.786016066962738860e-03 4.682396155903732760e-03 1.626144486655778099e-01 7.164504607498420850e-03 1.492821238321284105e-01 1.710820959273683661e-01 8.549701157214670832e-01 2.644884598350326355e-02 8.178745215989071671e-01 8.907434523347279587e-01 9.953372394865344086e-01 2.960712468040894996e-02 9.597658789032647020e-01 1.039721859797497316e+00
6.169346733668341631e-01 4.236761718257564882e-03 2.512043711846196508e-04 3.759876685768017562e-03 4.656900789981507569e-03 1.610862064534587246e-01 6.705538812044027977e-03 1.486663840123964575e-01 1.684116454100885174e-01 8.505710352218311954e-01 2.601507233934786945e-02 8.187494866979830865e-01 8.883216891486107603e-01 9.921405804988768784e-01 2.972745137770450158e-02 9.480679374212487298e-01 1.035522626728830220e+00
6.219095477386934467e-01 4.255085844719938559e-03 2.366267488044627521e-04 3.790698178477650525e-03 4.625978522951188637e-03 1.599156852936997886e-01 6.819106020526478212e-03 1.484158314569006543e-01 1.679858899549191709e-01 8.458701133592405608e-01 2.591236995113173347e-02 8.156401457080658668e-01 8.857177378664968792e-01 9.887902554298719782e-01 3.043371224902844188e-02 9.440119159502368129e-01 1.034135784941496272e+00
6.268844221105528414e-01 4.162073299247349631e-03 2.214010346410816461e-04 3.794725012921390615e-03 4.550317275899673670e-03 1.583681422244370141e-01 6.070213764512563150e-03 1.480826876987428597e-01 1.654989294631666885e-01 8.422636203581861380e-01 2.549002120357487383e-02 8.120407517856921276e-01 8.830011904253385335e-01 9.826223890260962213e-01 3.240894828433453501e-02 9.380821915539515610e-01 1.029452492092284954e+00
6.318592964824121250e-01 4.215457643100654038e-03 2.335970111752742136e-04 3.800277216694484747e-03 4.672658413531199408e-03 1.574920498663573143e-01 6.423666037932730492e-03 1.471972032804672592e-01 1.648208262653697298e-01 8.392942045197857581e-01 2.617409766702149046e-02 8.016942256611225837e-01 8.786035315254292488e-01 9.795283244478536488e-01 3.260247900904911927e-02 9.276172363488409678e-01 1.029041610148635488e+00
6.368341708542714086e-01 4.138591863685225393e-03 2.111503029981873409e-04 3.795439697356794116e-03 4.580593563300210287e-03 1.559271250282546206e-01 6.510602619900670608e-03 1.443597551114566557e-01 1.636343164651318793e-01 8.346167714709343821e-01 2.716919051962569595e-02 8.004982385753446339e-01 8.776825328195273501e-01 9.748193139293567233e-01 3.369556546864927588e-02 9.195750132058070347e-01 1.024823780293200093e+00
6.418090452261306922e-01 4.136961954604774332e-03 2.095094889475047201e-04 3.795379013284351684e-03 4.546871949479650357e-03 1.544629429888004502e-01 5.905647952286057281e-03 1.446497215268243708e-01 1.623530844059156708e-01 8.306518088095957708e-01 2.789262289299381317e-02 7.938897832109830244e-01 8.733514489948259740e-01 9.688929436337483381e-01 3.265193745962343547e-02 9.175762826629031421e-01 1.020486778281146867e+00
6.467839195979899758e-01 4.065424603024081832e-03 2.018691914804603409e-04 3.721390033921584059e-03 4.463347831797846200e-03 1.532561033198935885e-01 5.539435752211867986e-03 1.448487750979584043e-01 1.614602583236225686e-01 8.267247307035825443e-01 2.817887158157447031e-02 7.837557343695410461e-01 8.699178988373513777e-01 9.640839480501368630e-01 3.135026501814555666e-02 9.138478873099735722e-01 1.013959168058875759e+00
6.517587939698492594e-01 4.118702154032110110e-03 1.994005604213110508e-04 3.770852856700110910e-03 4.500456767757641217e-03 1.522017473831309697e-01 5.386870872384656901e-03 1.440243484689132381e-01 1.602672224768847964e-01 8.226824752260846196e-01 2.917083202646892151e-02 7.781834486142387153e-01 8.687957350560768788e-01 9.592298954098967823e-01 3.025665360897590930e-02 9.120305353225268696e-01 1.008307731465972301e+00
6.567336683417085430e-01 4.047529109856168664e-03 2.019262029908782069e-04 3.677632477973147729e-03 4.499077694057197763e-03 1.508480431448737946e-01 4.796449678870949411e-03 1.437824514228381034e-01 1.587439132689436871e-01 8.180199389424609446e-01 2.672229743995951229e-02 7.773240712115689899e-01 8.614959981156679047e-01 9.522219480209510589e-01 3.016562910613383719e-02 9.061450278177440865e-01 9.965751667969263705e-01
6.617085427135678266e-01 4.064384662511329530e-03 1.816475300548217077e-04 3.711403201516986529e-03 4.387620115252953944e-03 1.498559701465847771e-01 5.097802409090711195e-03 1.412169349202463398e-01 1.570675249485062042e-01 8.140414600104743936e-01 2.644066337878625203e-02 7.736437164304461600e-01 8.586110235787357547e-01 9.476803989693353136e-01 3.001451030694455430e-02 9.055663076653688304e-01 9.932236552203131952e-01
6.666834170854271102e-01 4.097367299447362068e-03 2.052992723085924915e-04 3.720796513589224273e-03 4.558887513383782716e-03 1.489516772494141050e-01 4.923757573082178894e-03 1.400249693316767963e-01 1.560720297101959031e-01 8.083801054219840188e-01 2.535486350608503678e-02 7.705490136555539493e-01 8.494249474731861982e-01 9.393492922397618239e-01 3.014743153950910637e-02 8.922848608129411163e-01 9.817367464675030853e-01
6.716582914572865048e-01 4.020537525992439951e-03 1.762253075290321478e-04 3.633785086692512597e-03 4.344139675044043566e-03 1.477519821157385060e-01 5.174414833964375432e-03 1.394024338146613584e-01 1.548673483968167341e-01 8.034537590894069714e-01 2.541391574525541514e-02 7.656013316469242325e-01 8.419041840786146702e-01 9.317400554007720936e-01 2.897416396760919138e-02 8.881904308932022651e-01 9.768345398530864365e-01
6.766331658291457885e-01 4.058373788079315883e-03 1.757662490962306459e-04 3.701415645229563789e-03 4.303696663343464443e-03 1.466222676907846523e-01 5.180217965868354896e-03 1.381464316869796816e-01 1.537734772502384328e-01 7.985686482780349760e-01 2.622870949763264625e-02 7.644432527891806828e-01 8.409775274213954210e-01 9.253183236234514553e-01 2.880238299771477328e-02 8.845845066255647593e-01 9.700747221082541838e-01
6.816080402010050721e-01 3.977646924711506632e-03 1.736948504673382172e-04 3.644313648104035869e-03 4.215815998804062388e-03 1.455494624906342460e-01 5.213077182253426749e-03 1.374105640609616930e-01 1.535230654513293491e-01 7.904315263452351692e-01 2.466111428468662978e-02 7.548043963084113406e-01 8.311095112999352663e-01 9.204757541470767190e-01 2.860961412775881244e-02 8.804412443010251055e-01 9.638646204781792237e-01
6.865829145728643557e-01 3.995653336610388920e-03 1.583036821781191341e-04 3.604825720123492824e-03 4.196256840891194988e-03 1.445138431209294638e-01 5.020443099675710695e-03 1.367507053704586639e-01 1.524012174583146140e-01 7.844403287425352200e-01 2.504226008467783093e-02 7.509602835114884689e-01 8.254382560459626594e-01 9.135450295438355406e-01 2.816804944134112046e-02 8.727487778083140579e-01 9.576919497337575971e-01
6.915577889447236393e-01 3.926161610596279328e-03 1.546143245426887512e-04 3.618389795603806861e-03 4.141605064344155464e-03 1.435288599064028225e-01 4.633410447482090577e-03 1.365465279288111955e-01 1.508408354698561604e-01 7.797005287183325084e-01 2.499345350357502771e-02 7.474994711209762555e-01 8.206994656485142592e-01 9.071417094960176897e-01 2.728716449497240598e-02 8.632407733018983009e-01 9.464731572786362346e-01
6.965326633165829229e-01 3.948927476573615286e-03 1.797049269600816768e-04 3.639840969560500985e-03 4.147971888672961904e-03 1.424150687215280653e-01 4.791869908000685740e-03 1.346681655741249484e-01 1.498782676972177375e-01 7.747264338370490888e-01 2.377379680905970447e-02 7.428885113384900984e-01 8.133901282604476535e-01 8.990399476745805085e-01 2.605107333889688029e-02 8.583647919356321987e-01 9.376351403058229561e-01
7.015075376884422065e-01 3.896846077099385720e-03 1.582045284304749199e-04 3.624093626190415598e-03 4.094745615849808111e-03 1.413793699683392746e-01 4.713152011161828372e-03 1.337680635504671922e-01 1.489345955919046671e-01 7.689740671403851868e-01 2.353940806439759267e-02 7.367749753716880123e-01 8.080699369926183095e-01 8.928659615803254956e-01 2.566403051668549387e-02 8.535077401246971007e-01 9.319881960918723340e-01
7.064824120603014901e-01 3.912676630433302265e-03 1.704338594962878618e-04 3.642419172961327157e-03 4.122000070204560711e-03 1.406234870592383279e-01 4.596117511927843256e-03 1.328175626274525623e-01 1.485821871217401779e-01 7.629241981786001325e-01 2.258244802524246239e-02 7.286089941970154138e-01 7.985097115517312272e-01 8.868050033287386835e-01 2.404551431650314361e-02 8.510205444024105947e-01 9.219173878009113698e-01
7.114572864321608847e-01 3.877941673159756436e-03 1.764786751694316885e-04 3.548412055403193238e-03 4.136698388805846310e-03 1.391239374095159798e-01 4.505820160128988852e-03 1.314387050491525322e-01 1.470869699572479317e-01 7.558389066420345692e-01 2.194218656845788040e-02 7.232285088589541777e-01 7.898584097989811426e-01 8.807273216367066393e-01 2.412067389662941527e-02 8.446341905617755774e-01 9.158168133304740444e-01
7.164321608040201683e-01 3.899619487611834159e-03 1.626534108022732099e-04 3.631856761498828117e-03 4.166706412847755170e-03 1.379677218219328150e-01 4.487237957703700889e-03 1.302266096736502676e-01 1.460243070899097939e-01 7.504111644228987910e-01 2.148532129893297726e-02 7.179416569865086917e-01 7.828966392015338505e-01 8.734883359852542162e-01 2.382868901795776387e-02 8.359702347520862054e-01 9.068975836178886363e-01
7.214070351758794519e-01 3.869835634875555628e-03 1.729204547224378089e-04 3.564505601863758848e-03 4.182295123429827059e-03 1.365503453544563151e-01 4.686405590104124677e-03 1.289141617885289082e-01 1.461094164795953276e-01 7.449384744362073096e-01 2.045484142883482320e-02 7.151145518779014054e-01 7.746672767084465949e-01 8.679652939431399261e-01 2.412052385701144580e-02 8.290853420155335218e-01 9.007738555787544454e-01
7.263819095477387355e-01 3.895712742527246246e-03 1.903215120097423256e-04 3.521464394309050012e-03 4.199599179466791295e-03 1.353231877136591987e-01 4.376899734747843364e-03 1.277037543198933645e-01 1.436027837464374235e-01 7.386071307624508808e-01 2.057879871499060376e-02 7.061746395874036741e-01 7.689492340761087119e-01 8.609023287735144692e-01 2.381716065432694027e-02 8.235704650562950535e-01 8.955234603692859841e-01
7.313567839195980191e-01 3.875090559406614652e-03 1.934429486212901851e-04 3.488986699738454589e-03 4.208862997475314865e-03 1.341054376003680826e-01 4.004887574932137866e-03 1.266077834930566248e-01 1.413139047528838566e-01 7.332669056678798869e-01 2.063272868941139898e-02 7.013391186378383768e-01 7.613889279796705045e-01 8.553115642782597172e-01 2.381768855838214613e-02 8.179366903820207702e-01 8.941496869448393170e-01
7.363316582914573027e-01 3.887202766420630277e-03 1.845490966730004131e-04 3.541154450692993692e-03 4.235070768163688541e-03 1.330352215513082303e-01 3.682465852252349639e-03 1.263977365829011545e-01 1.396580364692383558e-01 7.277283713914537433e-01 2.072868721285029900e-02 6.978178622470158077e-01 7.581162480755913036e-01 8.494261015769776213e-01 2.309540295035441074e-02 8.152706316137817710e-01 8.872263921392943287e-01
7.413065326633165864e-01 3.859417087086610462e-03 1.934725856044516564e-04 3.483781149584085600e-03 4.220361338412131381e-03 1.318184533538742653e-01 3.814093183481892177e-03 1.255782112259572481e-01 1.394156921157150841e-01 7.218656887279035761e-01 2.068496195862578810e-02 6.899111188671657180e-01 7.529055726801737736e-01 8.430892418527772270e-01 2.213777503336088887e-02 8.098059160648132249e-01 8.779650815377031403e-01
7.462814070351758700e-01 3.892847626611286357e-03 2.035411638113380107e-04 3.499264678547217306e-03 4.263600656316686964e-03 1.301492649554963354e-01 3.775410643067135443e-03 1.236457899990934389e-01 1.375190193718848208e-01 7.170891691434834181e-01 2.007633579653488043e-02 6.860640949224654506e-01 7.509040599822904838e-01 8.362626335656393461e-01 2.213477816557934269e-02 8.031970002719581725e-01 8.739754791305207604e-01
7.512562814070351536e-01 3.860442892604366242e-03 2.178278925311559976e-04 3.471027249069920731e-03 4.261930941477944795e-03 1.291914363228563456e-01 3.753666743695510243e-03 1.234272920248862676e-01 1.369145955255133829e-01 7.118034194442730556e-01 1.942424061682340025e-02 6.832477467071543797e-01 7.398614409551563798e-01 8.290880467455057357e-01 2.155253807138194852e-02 7.958638550614469676e-01 8.655057018752003728e-01
7.562311557788945482e-01 3.878640054689664295e-03 2.010808901828195668e-04 3.505427625334433736e-03 4.256938448656802723e-03 1.280340615542854277e-01 3.636751093933552476e-03 1.228455386010171568e-01 1.362810031223802565e-01 7.055141608925679098e-01 1.889142233762354517e-02 6.768466746615197094e-01 7.349460456753419413e-01 8.222835612913238501e-01 2.083683098981051543e-02 7.893979826686222667e-01 8.613867477649999049e-01
7.612060301507538318e-01 3.856017036952074425e-03 2.066246687832534192e-04 3.501892505960135273e-03 4.245330431493862626e-03 1.267477137990058178e-01 3.657188119389379044e-03 1.212456969326214939e-01 1.346277978108785800e-01 6.996113813333459941e-01 1.841633513505094161e-02 6.713735764923113303e-01 7.297616522326417776e-01 8.163124746380130414e-01 2.024701719538874595e-02 7.835105971034740380e-01 8.548734325854515648e-01
7.661809045226131154e-01 3.872008904461513631e-03 2.259243070303670463e-04 3.505230271386129519e-03 4.291326613445947506e-03 1.256738209132103323e-01 3.958085982693205530e-03 1.189124196171081893e-01 1.338210452569686959e-01 6.931195233810327760e-01 1.756373132504335244e-02 6.673813025296737589e-01 7.239720210033995240e-01 8.097076918673199453e-01 2.038807081938236523e-02 7.792194990513829911e-01 8.482512615308188675e-01
7.711557788944723990e-01 3.840961541650314386e-03 2.316679196252246207e-04 3.504705235291547850e-03 4.267208277992839451e-03 1.244230771067385694e-01 4.019632079922390300e-03 1.181978784412445610e-01 1.327534139503391275e-01 6.876985822714096752e-01 1.714665315776018120e-02 6.606927629227103971e-01 7.182534419772425016e-01 8.013960253091110264e-01 1.947098324168798633e-02 7.709675713538691744e-01 8.371451137208633098e-01
7.761306532663316826e-01 3.870946253301920346e-03 2.107970557395844242e-04 3.542928924633040582e-03 4.283101874431516007e-03 1.230770802755180721e-01 4.375215274815205321e-03 1.163615536628653246e-01 1.323179677176446467e-01 6.822596070794714196e-01 1.670790103521700709e-02 6.566708021499076953e-01 7.123943328225829097e-01 7.941210490353840523e-01 1.819256319935523905e-02 7.662548001728235469e-01 8.264287360533526527e-01
7.811055276381909662e-01 3.882016695883839987e-03 2.338979594682301269e-04 3.538338342268167180e-03 4.313065482614089792e-03 1.221551441911509495e-01 4.342486742849577426e-03 1.152944470024782064e-01 1.313971388012489805e-01 6.758909463159838982e-01 1.626527628846279744e-02 6.517920680557673929e-01 7.043870920540865610e-01 7.876603963310142564e-01 1.759818865755042455e-02 7.623634151875376963e-01 8.213290292762723821e-01
7.860804020100502498e-01 3.830157354639834692e-03 2.112948672784261046e-04 3.477137204803281041e-03 4.241455477791720129e-03 1.205996647081674783e-01 4.132841065227849109e-03 1.138793939050384701e-01 1.286136691628244066e-01 6.690336578159608028e-01 1.591450091144645806e-02 6.429706727575238423e-01 6.947354576488282696e-01 7.793919647913402082e-01 1.629478812475613700e-02 7.567150215216946751e-01 8.094624585462624200e-01
7.910552763819095334e-01 3.878893592222093425e-03 2.152610566911527059e-04 3.538293920930929252e-03 4.313340687342364158e-03 1.194633735536999170e-01 4.295165906472967962e-03 1.129459509975742210e-01 1.280071066893206100e-01 6.628608330453620301e-01 1.490718976397847027e-02 6.417339697393685816e-01 6.903061716381221347e-01 7.726391815085621451e-01 1.597162177625522511e-02 7.505121219833745805e-01 8.013641001235979333e-01
7.960301507537689281e-01 3.812838083733537716e-03 1.985565592984134514e-04 3.488361219830775697e-03 4.264068031418218920e-03 1.183366651522225199e-01 4.149555531886442959e-03 1.114878182253423028e-01 1.260689994757943633e-01 6.564628544250791231e-01 1.333428870215193698e-02 6.385438006077756024e-01 6.791947695655448092e-01 7.660393245965037012e-01 1.624683039838377765e-02 7.447484593805620001e-01 7.967368271845195471e-01
8.010050251256282117e-01 3.816049266556168808e-03 1.953013237673122690e-04 3.460355539812173722e-03 4.213926664254588617e-03 1.171098433758045870e-01 3.890097531435639331e-03 1.106218554616942157e-01 1.242558029317186175e-01 6.498272570335332787e-01 1.364036581657497929e-02 6.318093250777361281e-01 6.725027600169941611e-01 7.578311614477356573e-01 1.665545016006273610e-02 7.360006199330486609e-01 7.894927911141929044e-01
8.059798994974874953e-01 3.768727025625276568e-03 1.729340655445443147e-04 3.463594978458108768e-03 4.160353887694990746e-03 1.162156659765433420e-01 4.018222091877897764e-03 1.099387593091577936e-01 1.239239147758581100e-01 6.444474170674496794e-01 1.394462457552926755e-02 6.273529064725625881e-01 6.684879793943202531e-01 7.497762066384522361e-01 1.614942859523677346e-02 7.305023111761591581e-01 7.809784185440078463e-01
8.109547738693467789e-01 3.785901515609607030e-03 1.813596771236163964e-04 3.488503264928761657e-03 4.197908459564788329e-03 1.151944966142509352e-01 3.953776351909897915e-03 1.089535487565645722e-01 1.225481999969788433e-01 6.376116208462873081e-01 1.387161658023743256e-02 6.210057250091506331e-01 6.617154562365008541e-01 7.440994078482771057e-01 1.610296073781657122e-02 7.253965099136581163e-01 7.756568000049534062e-01
8.159296482412060625e-01 3.734092450779936435e-03 1.227990942627393660e-04 3.497575269730708852e-03 3.944436130085662677e-03 1.138160248989402434e-01 3.867991517054770404e-03 1.078208560259082543e-01 1.214518034689387183e-01 6.294966761818541201e-01 1.354508866383139463e-02 6.139412767133863857e-01 6.533051490856767174e-01 7.358798382660534099e-01 1.751450368682773082e-02 7.124706787589759616e-01 7.686265190373169354e-01
8.209045226130653461e-01 3.757974507586173910e-03 1.517781164532560647e-04 3.495822789316991534e-03 4.093602000743082683e-03 1.124763843080004155e-01 3.797289616495394798e-03 1.067428171944527771e-01 1.202281556000376339e-01 6.242816131449879791e-01 1.378872860470568840e-02 6.086489602537594745e-01 6.479436148402077933e-01 7.279657751332175852e-01 1.753142006750727996e-02 7.058550256452489347e-01 7.593275799873355769e-01
8.258793969849246297e-01 3.710987927368820851e-03 1.117846922381604557e-04 3.475894659114601212e-03 3.890178741275136104e-03 1.114394628692305239e-01 3.678950406144976867e-03 1.057458836313568268e-01 1.186344663691721174e-01 6.178467085943805115e-01 1.364687813420127800e-02 6.043501358043850136e-01 6.413874739470297737e-01 7.207481677912477291e-01 1.785464898503028031e-02 6.973932209044511055e-01 7.528121007115678998e-01
8.308542713567839133e-01 3.719649341370422600e-03 9.461243365066853740e-05 3.529589345495195030e-03 3.875484835695439719e-03 1.103922717006870363e-01 3.665302156830830497e-03 1.052718334867082245e-01 1.175831881634907539e-01 6.107350177632586696e-01 1.472346552790163195e-02 5.941564116486443003e-01 6.351926272203803903e-01 7.118394579497792085e-01 1.735340169164240748e-02 6.897094409554471728e-01 7.429195713386772537e-01
8.358291457286431969e-01 3.687852655636129733e-03 8.670178744169997553e-05 3.506701689118419969e-03 3.800509511920783200e-03 1.094263220204009929e-01 3.228858425562635293e-03 1.048545451307744542e-01 1.148219861192785046e-01 6.046745572296681193e-01 1.467635356946138912e-02 5.883472091536441351e-01 6.295095707991849032e-01 7.045022788955136450e-01 1.700861351327463689e-02 6.827461252094139121e-01 7.331532376985463451e-01
8.408040201005025915e-01 3.707595387078209490e-03 8.764906264910053463e-05 3.509974488258480428e-03 3.790622189366159474e-03 1.084059413751722323e-01 3.027544400183128891e-03 1.043518539433881398e-01 1.128585693621918656e-01 5.967475779388096147e-01 1.423075781547644865e-02 5.805380775903214996e-01 6.207464236748783115e-01 6.977052775067809076e-01 1.760779424199665141e-02 6.752083969098973126e-01 7.276907959838476714e-01
8.457788944723618751e-01 3.667510646666327818e-03 7.900583617534519861e-05 3.528387242206196088e-03 3.786514293924252064e-03 1.074406570319888787e-01 3.078626020292085826e-03 1.028422417886451640e-01 1.119515031153398982e-01 5.900692478227800297e-01 1.403691937942104506e-02 5.723620303261340858e-01 6.113431160153188770e-01 6.908456556843525220e-01 1.626994918130026183e-02 6.688981703552201452e-01 7.195589696531720092e-01
8.507537688442211588e-01 3.698010065874537435e-03 8.006778820386654591e-05 3.546799996153912182e-03 3.816608309219433458e-03 1.064811363558672286e-01 2.839043881925265751e-03 1.026284824441279636e-01 1.117660192219510490e-01 5.839456587004244748e-01 1.438152036792955668e-02 5.663193840927039924e-01 6.073708504445388678e-01 6.834912454198704967e-01 1.612824486846798147e-02 6.634121684378845307e-01 7.112057200918917577e-01
8.557286432160804424e-01 3.677256257325177500e-03 7.766476898366799593e-05 3.565212750101627841e-03 3.813954932107533127e-03 1.053139265833950705e-01 2.608363640934247777e-03 1.016986160730788957e-01 1.105236190694552784e-01 5.781280182430872383e-01 1.383860387822042314e-02 5.606075559091264759e-01 5.999222978052708433e-01 6.759201972740896958e-01 1.575580063573212009e-02 6.552487923969330108e-01 7.007435777518072895e-01
8.607035175879397260e-01 3.673538603251805344e-03 7.585795689303906483e-05 3.576806618834335854e-03 3.831313924551963020e-03 1.040328834137359826e-01 2.566030759572331642e-03 1.001185918344189157e-01 1.089736828791626894e-01 5.716889901738718693e-01 1.311928180561856838e-02 5.544556203289043861e-01 5.915637913630373834e-01 6.679952756736355912e-01 1.514911090876909158e-02 6.477612747817507177e-01 6.909534965032237963e-01
8.656783919597990096e-01 3.652360714145431488e-03 7.971016191357222478e-05 3.581364632715121690e-03 3.840097782690357186e-03 1.028869670562934796e-01 2.644748869574787761e-03 9.876179257351667962e-02 1.079103735397835967e-01 5.646454616467631027e-01 1.269680857145916338e-02 5.459182798398709568e-01 5.824989159196238830e-01 6.601069360177878043e-01 1.430773039461018942e-02 6.395859562772003848e-01 6.814954440394828117e-01
8.706532663316582932e-01 3.667140036650669201e-03 6.924472642799770047e-05 3.581757675988690021e-03 3.792195371598095985e-03 1.023059368530868235e-01 2.772581362849392550e-03 9.784090022256883290e-02 1.075866118062559634e-01 5.577915376589290819e-01 1.212825864183252750e-02 5.398426177835919937e-01 5.778446797668969070e-01 6.514821378457368306e-01 1.360874211316606859e-02 6.324087218131324573e-01 6.732779567968781853e-01
8.756281407035175768e-01 3.617527035721600313e-03 7.043610566130788361e-05 3.510191733539579518e-03 3.748068724779619366e-03 1.012425515334423459e-01 2.581594697460202429e-03 9.708558102772170406e-02 1.065717891752867297e-01 5.510253558332778301e-01 1.150081483239863596e-02 5.360958783056273269e-01 5.690034688421000686e-01 6.437624131336849853e-01 1.284771134593728527e-02 6.260834628248670430e-01 6.653688054495506821e-01
8.806030150753769714e-01 3.632997630134593599e-03 8.206474032057371683e-05 3.530813443907821793e-03 3.814243107947799718e-03 1.001911596225680129e-01 2.719533522255873203e-03 9.601486829801673950e-02 1.059929783909477202e-01 5.439986996552386156e-01 1.134128325811445057e-02 5.284901081595398953e-01 5.617509355844485519e-01 6.367753152603130573e-01 1.289090994091488494e-02 6.175488615040143348e-01 6.589071389588193606e-01
8.855778894472362550e-01 3.576351517742226011e-03 9.618787877088848769e-05 3.414379547306668240e-03 3.741924997353076633e-03 9.954028374790985234e-02 2.712718628589892191e-03 9.616825777828343080e-02 1.054723706400758493e-01 5.366354052860026203e-01 1.070216753339605330e-02 5.225147567048235020e-01 5.541768778256012107e-01 6.290341818585467593e-01 1.223966369525412989e-02 6.107021859565789912e-01 6.486221903025831681e-01
8.905527638190955386e-01 3.610137948522974816e-03 7.784798376678477906e-05 3.505339046507989845e-03 3.759557281723269456e-03 9.818557606517024083e-02 2.566535758904843045e-03 9.457275028386134819e-02 1.040803392688795237e-01 5.301161866135154499e-01 1.032643745204221870e-02 5.150204704966371283e-01 5.474030120442743286e-01 6.219274722221953544e-01 1.080043017703531151e-02 6.060461575511825183e-01 6.386513583209439959e-01
8.955276381909548222e-01 3.605956566172996945e-03 9.791288326425944205e-05 3.437549985918796069e-03 3.773634483752364658e-03 9.717186705168157079e-02 2.624579888147672742e-03 9.331383566808293395e-02 1.034198607535915110e-01 5.236005249847595078e-01 9.866172695164021275e-03 5.076544194417075273e-01 5.394344915397364382e-01 6.141037766658538066e-01 1.190634587722900345e-02 5.975784318052643762e-01 6.339612149470916780e-01
9.005025125628141058e-01 3.576173701779949889e-03 1.042607194379377260e-04 3.439446664271384943e-03 3.787711685781459427e-03 9.630281347860321361e-02 2.554229644780522685e-03 9.238417245404449696e-02 1.021338746912175133e-01 5.166551098696292588e-01 9.195444124105495512e-03 5.021127509350796769e-01 5.311109024872976425e-01 6.069478223142760198e-01 1.209598951486487266e-02 5.895450044505301523e-01 6.277002392385410134e-01
9.054773869346733894e-01 3.601888201152674083e-03 1.001869326741092826e-04 3.450205018944828804e-03 3.809005230167621797e-03 9.513326497782106927e-02 2.299045336920092081e-03 9.198218510525658920e-02 1.000781162411348846e-01 5.099870351722943784e-01 9.990863504571383807e-03 4.961750205463282271e-01 5.259676963386670234e-01 5.992107168690596897e-01 1.216300396386635341e-02 5.804627706110142560e-01 6.221814233207023648e-01
9.104522613065326730e-01 3.560243631994104881e-03 1.003308577961881218e-04 3.460785781786133303e-03 3.785266176751433172e-03 9.427411786903219792e-02 2.048763808598049949e-03 9.132911543912175523e-02 9.882556237582922065e-02 5.037073961400733157e-01 1.054192616401359445e-02 4.896962377450804760e-01 5.200125622263270797e-01 5.916402992184509602e-01 1.134825162835416922e-02 5.716162426634393556e-01 6.116450527765210365e-01
9.154271356783919567e-01 3.573095187291249007e-03 1.210501885555763867e-04 3.395474853374970403e-03 3.825084642737282530e-03 9.321653558592155053e-02 1.507519211710094250e-03 9.076006163980834818e-02 9.587575596217014218e-02 4.961252981204314905e-01 9.995108728099746237e-03 4.830054572565460891e-01 5.119942958195241589e-01 5.838328073802449003e-01 1.066285893152003027e-02 5.653130338658016729e-01 6.018449190434204121e-01
9.204020100502512403e-01 3.538360872167475770e-03 1.209381165959404897e-04 3.381311528779671217e-03 3.798675930546906946e-03 9.198976846577940070e-02 1.568119974798684460e-03 8.978634177507117953e-02 9.508872164693610296e-02 4.894828868226976937e-01 9.183478592228264820e-03 4.727932100239716218e-01 5.021773355048548826e-01 5.751524282764763907e-01 1.060447508358961649e-02 5.558730881990283645e-01 5.920912244141178782e-01
9.253768844221106349e-01 3.550367474361495416e-03 1.109709202240948716e-04 3.408513759303954949e-03 3.800924129731081142e-03 9.078571707984987860e-02 1.603476047350792721e-03 8.848993974822219610e-02 9.362174730511657605e-02 4.814848604100161467e-01 8.701665039391489123e-03 4.669801371248437638e-01 4.945166056345079442e-01 5.675342224302692973e-01 1.047641335366818888e-02 5.476059540535540560e-01 5.847639068675142271e-01
9.303517587939699185e-01 3.525560754969359663e-03 1.133212571550281284e-04 3.398077603123207842e-03 3.807346632072767471e-03 8.983805156909996370e-02 1.684466944848689004e-03 8.741794170475462866e-02 9.311340296211363665e-02 4.745706135568379946e-01 8.119593970791949902e-03 4.598920014018290647e-01 4.857573639331534965e-01 5.595996635949204157e-01 1.046876981193850878e-02 5.401923007580178293e-01 5.773766790616716715e-01
9.353266331658292021e-01 3.534960517612267036e-03 1.184704223044134261e-04 3.396017224519834888e-03 3.792707214041282724e-03 8.876381941699505729e-02 1.576745304269051200e-03 8.639322044927212618e-02 9.191107858973251998e-02 4.675889926220879178e-01 8.628992460640975276e-03 4.522528455376157996e-01 4.800144782930195753e-01 5.510346080749293218e-01 9.238468596280231468e-03 5.334299403197236833e-01 5.663744811753137487e-01
9.403015075376884857e-01 3.513755412089122725e-03 1.004630193975239552e-04 3.386598986823341137e-03 3.746563410913794374e-03 8.760745183534074387e-02 1.568341756736172862e-03 8.529195048386183087e-02 9.087192305416359750e-02 4.596962948400034610e-01 8.269590455814100280e-03 4.445619797075793245e-01 4.722379472558913549e-01 5.420946491563667369e-01 9.378237420818627545e-03 5.255758389491512750e-01 5.591607003005947263e-01
9.452763819095477693e-01 3.531694443569761803e-03 1.027550292775034779e-04 3.415155033314289709e-03 3.789400889044654362e-03 8.673540187467021489e-02 1.532552361107188598e-03 8.454321365871671212e-02 8.966496056477424315e-02 4.514830825218139054e-01 8.175363713079355707e-03 4.375287111536322882e-01 4.642585118647593045e-01 5.335909837943321188e-01 9.680013242775738214e-03 5.165592170408761508e-01 5.502607897510420898e-01
9.502512562814070529e-01 3.513753547991306514e-03 7.261010786078789876e-05 3.409386895675858495e-03 3.679086065595436449e-03 8.552649387231758826e-02 1.325590675897039047e-03 8.378269287036287094e-02 8.827992496744577200e-02 4.430371000225132860e-01 8.615188446098046710e-03 4.287590615975825914e-01 4.571026780651194499e-01 5.246599758049953488e-01 9.155609824279467915e-03 5.090925960986710797e-01 5.395464939077361244e-01
9.552261306532663365e-01 3.520353912465669366e-03 7.765304919547946034e-05 3.414585761928312473e-03 3.693774169154975546e-03 8.432470442660792986e-02 1.366207485705650104e-03 8.208526162043694452e-02 8.684595410719908593e-02 4.352503082672715129e-01 8.295808987936173842e-03 4.229642668426738528e-01 4.464907245957018267e-01 5.149594755021389414e-01 8.484401752743271283e-03 5.008667007222429302e-01 5.272040958933015276e-01
9.602010050251256201e-01 3.500904534427762890e-03 5.663847572300696265e-05 3.427993739587736812e-03 3.590576909089432476e-03 8.287717069065260456e-02 1.197851187109171467e-03 8.080476878969189425e-02 8.467199287215856907e-02 4.265386999595238704e-01 7.594269725848130578e-03 4.140528559032867761e-01 4.368243114048580567e-01 5.059572695287395394e-01 7.569256632013388573e-03 4.921691429979560550e-01 5.149397212689517112e-01
9.651758793969849037e-01 3.515588188249139413e-03 5.652749587089521058e-05 3.442300452236540017e-03 3.634658793515328345e-03 8.168763293171800444e-02 9.819903424273903388e-04 8.015148952772649382e-02 8.301204644381086906e-02 4.178948919853116561e-01 6.308393036020643746e-03 4.060583936482146661e-01 4.255647456996973776e-01 4.957049163159080729e-01 5.408928613615021988e-03 4.857536808682029750e-01 5.026689886963712217e-01
9.701507537688442984e-01 3.491758954102683332e-03 5.671987240109676741e-05 3.398359837544593677e-03 3.596580237953033842e-03 8.018031495195174219e-02 1.006800807497604776e-03 7.867486576601190329e-02 8.171106520081093672e-02 4.083180479094258297e-01 4.649902367750077814e-03 3.999059202919255096e-01 4.137927051217697993e-01 4.851973417901341845e-01 5.380727004318001765e-03 4.755507701302059131e-01 4.918157777222564309e-01
9.751256281407035820e-01 3.501375219732136279e-03 4.566379522529759202e-05 3.437948534281181495e-03 3.563266580773343743e-03 7.852174096893922706e-02 1.495034412640669367e-03 7.607316499211370930e-02 8.086109913008920902e-02 3.982024673293195205e-01 4.522389338564923415e-03 3.894589229851105894e-01 4.038951761147864250e-01 4.743236808811245320e-01 4.746395959401716533e-03 4.666282090156066431e-01 4.806752548891846666e-01
9.801005025125628656e-01 3.472071444696299500e-03 3.912392922295992152e-05 3.407627093737734467e-03 3.529896243224875385e-03 7.649279979520112738e-02 1.322896884529684361e-03 7.418004060283418799e-02 7.924311899528514724e-02 3.874160225747103614e-01 3.925524424044210883e-03 3.819169906969198114e-01 3.928264656447307268e-01 4.628416827105278353e-01 3.542231807824737511e-03 4.578378948037183926e-01 4.673654569873536002e-01
9.850753768844221492e-01 3.487872600243230488e-03 3.651432897955720849e-05 3.418529545608768247e-03 3.532532504850250700e-03 7.459308299309735935e-02 9.652806742520333300e-04 7.282078578367486010e-02 7.628480830586151229e-02 3.761802873234102451e-01 3.217436686602117776e-03 3.717731067398271638e-01 3.805789131244699530e-01 4.491898325781882306e-01 3.158897209657374281e-03 4.442753050497046385e-01 4.537081930967505894e-01
9.900502512562814328e-01 3.455843117487080070e-03 3.157021132915898348e-05 3.421288129792860247e-03 3.516915032502576383e-03 7.249382699952303111e-02 8.472983174312456950e-04 7.097200986535968925e-02 7.374649719940200299e-02 3.628797565259950231e-01 2.391919061193600697e-03 3.582509817725569312e-01 3.667696961326412097e-01 4.336261020665890809e-01 2.861445406781845408e-03 4.273947337619801723e-01 4.365611743305288228e-01
9.950251256281407164e-01 3.459572393706744457e-03 1.917172349404484580e-05 3.427242474088832910e-03 3.485312857800690681e-03 7.047020088231922830e-02 9.686671833414264464e-04 6.859233925160107548e-02 7.173276362889445534e-02 3.470028280096398854e-01 2.370053949367570238e-03 3.429446959266874151e-01 3.505508554826266554e-01 4.161944933437171090e-01 2.407941820965754827e-03 4.108866861914364232e-01 4.188248213222718896e-01
1.000000000000000000e+00 3.477056072183984554e-03 3.365002284813975323e-05 3.440150392963361829e-03 3.542073811310862859e-03 6.787680626560552155e-02 1.500624314182599089e-04 6.771442023740170679e-02 6.820877303665362490e-02 3.197258330771914903e-01 9.666393363798276780e-04 3.186233399777309572e-01 3.219994716231300846e-01 3.892175219020721499e-01 3.695863588974585543e-04 3.888024711484537876e-01 3.901786765135547008e-01
