# signal_efficiencies		0sq-mean	0sq-std	0sq-min	0sq-max	1sq-mean	1sq-std	1sq-min	1sq-max	2sq-mean	2sq-std	2sq-min	2sq-max	all-mean	all-std	all-min	all-max
1.000000000000000021e-02 nan nan nan nan nan nan nan nan nan nan nan nan nan nan nan nan
1.497487437185929596e-02 nan nan nan nan nan nan nan nan nan nan nan nan nan nan nan nan
1.994974874371859344e-02 nan nan nan nan nan nan nan nan nan nan nan nan nan nan nan nan
2.492462311557788746e-02 nan nan nan nan nan nan nan nan nan nan nan nan nan nan nan nan
2.989949748743718494e-02 nan nan nan nan nan nan nan nan nan nan nan nan nan nan nan nan
3.487437185929648242e-02 nan nan nan nan nan nan nan nan 1.398810597412228907e+00 1.300477049834636023e-01 1.129032332150663454e+00 1.620147075671642511e+00 1.576566634958130431e+00 1.300814483422992052e-01 1.304428794191562213e+00 1.788775022865173980e+00
3.984924623115577991e-02 2.398049630238461780e-02 5.176154098373747167e-03 1.423374536245987365e-02 2.989868928986937416e-02 5.233651926411215793e-01 1.258846618604405887e-01 3.645780852414952644e-01 7.942274608040993389e-01 1.509456181264693386e+00 1.286534816303340767e-01 1.264084917828049770e+00 1.725086295490829924e+00 1.699613623319703448e+00 1.263004733221833598e-01 1.462120474248704616e+00 1.906552958436453116e+00
4.482412060301507739e-02 2.125700959244199509e-02 3.863128466064660350e-03 1.553698255385056910e-02 2.626209321952480830e-02 5.584636151124364734e-01 1.378120587984096868e-01 3.791586710060796950e-01 8.460193004023897068e-01 1.616415889000840211e+00 1.308923740430431859e-01 1.399137503505435864e+00 1.830025515310017115e+00 1.824336253930027185e+00 1.272617282029150365e-01 1.619812154305847018e+00 2.024330894007732251e+00
4.979899497487437487e-02 2.387250540700418949e-02 4.799650193700133981e-03 1.701035545229430054e-02 3.450575884523684328e-02 5.783651993403050584e-01 1.243027484688082052e-01 4.034136486424799717e-01 8.176119536183433789e-01 1.714024516110774998e+00 1.339811286332056317e-01 1.483940656899811250e+00 1.934964735129204527e+00 1.921931876330687627e+00 1.337186830601838905e-01 1.692441978675011560e+00 2.142108829579011609e+00
5.477386934673367236e-02 2.191406549028749456e-02 2.823390298569168795e-03 1.761115365977759112e-02 2.538983168653587141e-02 5.866099806333784361e-01 1.076079895785147372e-01 4.250991557645728003e-01 7.819691780063661168e-01 1.781437857390127943e+00 1.367732539467807484e-01 1.551488462786073663e+00 2.017416887724635455e+00 2.003823827076870678e+00 1.322330234623447787e-01 1.775645239139584053e+00 2.220023628762640922e+00
5.974874371859296984e-02 2.190713209854245128e-02 3.350810057797632639e-03 1.536495581689404158e-02 2.645672425438722053e-02 6.059557899023608751e-01 9.855057910675017740e-02 4.426344636534034205e-01 7.664891113889856777e-01 1.856056775642290546e+00 1.302435181483546367e-01 1.622049213639623622e+00 2.068521570741503002e+00 2.087279680291778128e+00 1.263135613805000390e-01 1.856496693900507200e+00 2.283655453931486612e+00
6.472361809045226733e-02 2.132887071917433097e-02 3.139869973380306906e-03 1.505323928724817094e-02 2.731711635895826829e-02 6.080084012972276630e-01 9.272231544494624611e-02 4.752387710637369089e-01 7.599663482718234109e-01 1.920891901333261487e+00 1.249626652115034403e-01 1.687092348989700952e+00 2.119626253758370993e+00 2.162670881980707005e+00 1.201072277738171323e-01 1.931314665044584933e+00 2.344551650423433831e+00
6.969849246231155093e-02 2.349937427160135942e-02 3.334484225701734618e-03 1.770040115340215658e-02 2.886407314498376855e-02 5.996266437423812823e-01 8.666176351698649805e-02 4.767287208640930696e-01 7.415843949897075182e-01 1.972317022652539054e+00 1.171588531654373239e-01 1.759126411115740085e+00 2.160087082700481442e+00 2.224712569089384306e+00 1.132729836739403972e-01 2.021588701988298098e+00 2.397652610379611637e+00
7.467336683417084842e-02 2.233594605083441542e-02 2.988039304836325946e-03 1.777889354256769611e-02 2.752653248041922462e-02 6.038248906018569562e-01 7.602139221484123521e-02 4.947825381398938682e-01 7.140453480905679662e-01 2.023406051364006863e+00 1.113338770681954054e-01 1.846756313872486954e+00 2.197026142095897416e+00 2.273175566644143775e+00 1.102994094372303086e-01 2.106512489873264116e+00 2.440489347206298731e+00
7.964824120603014590e-02 2.320416942104162189e-02 3.111936831085699434e-03 1.785738593173323563e-02 2.889564236182236290e-02 6.106876594447052664e-01 6.033260765789634494e-02 5.241896942433250661e-01 6.908873900465701823e-01 2.048510314803663412e+00 1.142251204103696960e-01 1.879900089482426262e+00 2.213834371763812037e+00 2.310395397537141182e+00 1.142580181400010830e-01 2.143456833080023216e+00 2.468085401093329967e+00
8.462311557788944338e-02 2.241580745637600930e-02 3.512820384849111178e-03 1.774856721667268655e-02 2.776665850752174300e-02 6.083271318564756891e-01 4.868107688316906934e-02 5.416084627585657785e-01 6.752963206835334020e-01 2.090862140594610175e+00 1.078367693067906474e-01 1.926857251174189267e+00 2.232227234307785579e+00 2.373067142553098030e+00 1.016685373858875613e-01 2.216280804905132129e+00 2.514287874632869624e+00
8.959798994974874087e-02 2.360357538529802429e-02 3.613708234333537148e-03 1.808193448401596362e-02 2.876640587526534815e-02 6.115536080084156279e-01 4.094318241159648070e-02 5.608105790310993211e-01 6.798487419660691478e-01 2.145792859944945619e+00 9.667678415829994432e-02 2.006321059528410444e+00 2.306806444153875812e+00 2.424458373649767573e+00 8.308170762597123782e-02 2.304443899566813947e+00 2.541845567198560918e+00
9.457286432160803835e-02 2.240439490603535547e-02 3.557651598518788132e-03 1.749645222524756974e-02 2.820562523526033705e-02 6.167561363869886737e-01 3.618014509428496561e-02 5.688462708805609447e-01 6.935461485269249771e-01 2.178120276659471166e+00 7.148687939799089341e-02 2.083707763678148694e+00 2.288032335233974202e+00 2.468129178978569094e+00 7.253638020333146030e-02 2.373457057212399413e+00 2.575118087577777715e+00
9.954773869346733584e-02 2.270785955532897069e-02 2.888701029075076143e-03 1.823669135454614870e-02 2.763367247104646374e-02 6.169690106272599506e-01 3.949306419651651967e-02 5.825576851855095439e-01 7.240222461757227501e-01 2.224152491625802419e+00 7.316471053842912853e-02 2.118853132740550205e+00 2.344997991448453334e+00 2.526222944157542560e+00 7.154986778531985392e-02 2.426559936153711572e+00 2.658109390082719958e+00
1.045226130653266333e-01 2.116333387177141145e-02 2.826911781897779256e-03 1.626731663676203934e-02 2.705999519237946987e-02 6.213844740141072354e-01 4.771513058633732041e-02 5.853677635225577047e-01 7.531500558419460534e-01 2.268363662692750360e+00 7.368324844881962710e-02 2.155353008183805485e+00 2.404640056144120130e+00 2.567351661882148584e+00 6.472962330308641710e-02 2.476557676682193065e+00 2.689342314225493524e+00
1.094974874371859308e-01 2.190050768672947151e-02 2.219693881949568945e-03 1.840246342144814112e-02 2.518366749661792720e-02 6.267476629885043726e-01 4.951725356038997466e-02 5.756351703131168396e-01 7.496484661865288057e-01 2.301387820854800204e+00 6.211341478887097423e-02 2.226316375488236243e+00 2.439551985165149262e+00 2.611787429581961195e+00 6.177030387106950682e-02 2.539456859900054209e+00 2.759278128591900359e+00
1.144723618090452283e-01 2.289926948343290469e-02 3.067913456100172624e-03 1.765996362429493940e-02 2.934411296531016372e-02 6.377455514251735291e-01 5.521915417836674445e-02 5.673020107256140365e-01 7.631022762826449313e-01 2.333279529442214617e+00 6.268688708819752931e-02 2.245615193594660219e+00 2.472371233409991209e+00 2.638273878790534432e+00 6.592262976556198528e-02 2.559815200424621739e+00 2.799242622345714526e+00
1.194472361809045258e-01 2.098456785045620457e-02 2.160135335209126609e-03 1.818283589043449139e-02 2.576692917031329563e-02 6.493312333246439305e-01 5.661599007325387317e-02 5.746045889534201478e-01 7.747784567076421158e-01 2.355500429463787349e+00 7.109144824500812643e-02 2.252151139143040659e+00 2.531073987328689157e+00 2.678612631153576285e+00 7.795271685263403805e-02 2.556544419339638718e+00 2.862483179305093550e+00
1.244221105527638233e-01 2.118383243743678090e-02 1.578675730283120738e-03 1.904889161820947155e-02 2.420775847804503347e-02 6.614975068327175745e-01 6.125040262450042600e-02 5.813864375832800135e-01 7.884349903512345437e-01 2.386244089693077886e+00 7.995579714793095427e-02 2.258769301778137617e+00 2.553801319444212403e+00 2.720700063208078667e+00 9.071163453483271910e-02 2.575760590468686662e+00 2.905136409114664087e+00
1.293969849246231207e-01 1.994553573560119836e-02 1.499487423330279337e-03 1.724429762357799698e-02 2.237845564731854447e-02 6.685950522847566857e-01 6.210503099484834810e-02 5.886687781587258694e-01 7.994230723298086927e-01 2.424321154400827627e+00 9.239820735619226622e-02 2.279592744788299541e+00 2.614553064115292091e+00 2.766469177776603949e+00 9.488573004373093700e-02 2.611049098418920078e+00 2.955898625992525286e+00
1.343718592964824043e-01 2.055059292379734712e-02 1.809671592686045317e-03 1.774759262386197550e-02 2.378289271587929674e-02 6.774520476893249876e-01 5.978458940142151318e-02 5.800527470900801452e-01 7.741197182789876230e-01 2.463926300304723593e+00 9.483355169015385278e-02 2.306216912828026988e+00 2.642204175612252293e+00 2.817898241362313705e+00 1.033065968300167087e-01 2.667408242567739229e+00 3.007633468006432942e+00
1.393467336683417157e-01 1.963103862394647778e-02 1.813795171637973356e-03 1.645113686839281067e-02 2.235415192904660620e-02 6.864659944650648438e-01 6.572004665535327583e-02 5.717175434626665664e-01 7.986651852264049500e-01 2.509205589904986766e+00 9.787215942672736202e-02 2.363195062545337510e+00 2.662675733732152938e+00 2.863635318701721388e+00 1.015452458353264531e-01 2.709131523806695530e+00 2.999550972265798254e+00
1.443216080402010271e-01 1.994744769408373156e-02 1.904762467110829782e-03 1.682550106405092047e-02 2.239589597881975341e-02 6.887197888501804810e-01 5.666141748786157617e-02 5.737962775313684149e-01 7.976042681553583424e-01 2.551147236069731150e+00 1.003891550501966601e-01 2.402810865584734223e+00 2.689454215653914737e+00 2.912557052195509311e+00 1.036954692534390460e-01 2.751748028426357351e+00 3.068606572748410866e+00
1.492964824120603107e-01 1.891516647828583864e-02 1.992447295612655937e-03 1.642037581098606744e-02 2.296102616054541967e-02 6.945075317969252593e-01 5.482330795490360231e-02 5.917721250661597265e-01 7.925805803369415647e-01 2.594930457579660565e+00 1.035585330280704430e-01 2.431700178974562476e+00 2.750902625226912868e+00 2.960643581814850656e+00 1.128278122216800627e-01 2.765139714896815981e+00 3.136422340143706133e+00
1.542713567839196220e-01 1.963761837055937390e-02 2.027210777821379564e-03 1.619794510736515675e-02 2.328859997876657831e-02 7.035990016871005448e-01 5.075271430557053154e-02 6.027378205155227153e-01 7.850385806470816519e-01 2.634979892631514442e+00 1.111750197206515384e-01 2.438110518990160180e+00 2.811355947511983810e+00 3.001567181019534569e+00 1.154995951110394520e-01 2.800167264591807648e+00 3.203135681002264423e+00
1.592462311557789056e-01 1.828788648995489582e-02 1.883989360347372577e-03 1.521640477859340784e-02 2.218456676534341296e-02 7.088647943574012400e-01 5.408556807751011691e-02 6.111699099316060257e-01 8.071272443699133436e-01 2.659762917097378221e+00 1.085401411064716160e-01 2.470952264235746654e+00 2.861943170627444299e+00 3.028916714129185728e+00 1.088473079063397297e-01 2.797621689726847549e+00 3.221975883214655223e+00
1.642211055276382170e-01 1.897162706117982989e-02 2.121837910134984854e-03 1.647787862825506391e-02 2.354441316304125772e-02 7.070837766160117388e-01 5.016829411404821748e-02 6.288229055869599682e-01 7.932449799913413591e-01 2.687002463348160397e+00 1.059451579570694912e-01 2.465986857916626196e+00 2.870873067639013065e+00 3.065006678428771725e+00 1.137768543772622182e-01 2.821642464359737534e+00 3.237075813409854952e+00
1.691959798994975006e-01 1.806798767734812960e-02 1.667395024916645688e-03 1.516420128785487056e-02 2.092301462145054053e-02 7.091245349780905816e-01 5.027343535194612328e-02 6.463968222747897840e-01 8.034166945148932815e-01 2.714527929082911406e+00 1.086932582120247598e-01 2.486107340536225063e+00 2.877600970670470826e+00 3.094329501645836977e+00 1.037604863642849207e-01 2.878035493365159958e+00 3.257470176102686299e+00
1.741708542713567842e-01 1.851849925719858264e-02 1.875037384324944019e-03 1.544837156938565909e-02 2.222502178192637193e-02 7.017600219186233002e-01 4.680981210135323062e-02 6.470973553527841204e-01 7.897982491268319416e-01 2.738218892962591244e+00 1.010526060489907729e-01 2.532355928527079580e+00 2.903693839810110866e+00 3.138542450341628154e+00 1.069451050181141616e-01 2.937372700028038963e+00 3.314307536214367911e+00
1.791457286432160956e-01 1.832466932686195940e-02 1.702521727009813270e-03 1.525429663014367040e-02 2.106863610580772192e-02 7.040818180646812863e-01 5.587941030889206906e-02 6.324479210901076121e-01 8.061760624510645457e-01 2.774850241321384914e+00 1.014712185442128295e-01 2.586760664809461208e+00 2.933113600225404571e+00 3.169668927222074384e+00 1.051368579795367991e-01 2.970906577404984539e+00 3.318755680243442807e+00
1.841206030150753792e-01 1.846103528087080642e-02 1.641686373718814632e-03 1.546277209305135097e-02 2.110552876127312627e-02 7.033298181253855308e-01 5.216383747345634814e-02 6.374742519821128273e-01 8.052577127242417365e-01 2.804196427046202977e+00 1.012592165034746361e-01 2.616639266535297104e+00 2.951591708388789481e+00 3.201224731169008741e+00 1.109988648172099690e-01 3.016360211768792876e+00 3.378901200873447586e+00
1.890954773869346905e-01 1.824732562412739040e-02 1.734803974395658166e-03 1.559755158061058508e-02 2.151932717472772316e-02 7.090017557417822580e-01 5.270366121088259498e-02 6.515077382597947997e-01 8.177858282084493613e-01 2.830148317890663900e+00 1.077819878208443188e-01 2.650563297849333644e+00 2.997232403428753411e+00 3.206816501669852215e+00 1.035475749786103211e-01 3.075713793979316435e+00 3.366068791596847021e+00
1.940703517587939742e-01 1.886255567126005755e-02 1.547334904961628456e-03 1.601697265576716364e-02 2.118027686877425875e-02 7.162791154701806384e-01 5.459327646841657250e-02 6.603844640317003689e-01 8.309979309377085732e-01 2.832751327632754279e+00 1.007844388293280269e-01 2.702878250756580947e+00 2.975312727835669246e+00 3.240644918971621991e+00 1.086433038960907121e-01 3.091021150438555409e+00 3.410612736830451741e+00
1.990452261306532855e-01 1.838631099310372025e-02 1.421019463727764666e-03 1.606496210934885496e-02 2.041412511532772825e-02 7.223002033969146973e-01 5.186546532432058376e-02 6.691444289085660690e-01 8.285673213699122908e-01 2.860978021456472398e+00 1.048266095052141494e-01 2.726127208192106188e+00 3.024390035801874266e+00 3.254600343070306767e+00 1.077584805072017704e-01 3.106988022696943297e+00 3.441112308321773838e+00
2.040201005025125691e-01 1.879997137389514267e-02 1.505726265662789710e-03 1.654624186771761971e-02 2.158019418236553633e-02 7.254502351500444757e-01 5.003395847892659620e-02 6.711203830428869033e-01 8.099350182878338744e-01 2.872092853604973239e+00 1.028562996192174672e-01 2.724728210652187066e+00 3.048796411371330173e+00 3.268534965418358862e+00 1.141588997437259362e-01 3.103890902651785577e+00 3.471536428036557709e+00
2.089949748743718805e-01 1.843839540573761690e-02 1.155479038392373320e-03 1.670734976623063084e-02 2.023169002914697312e-02 7.251845655104617316e-01 4.392150695799446752e-02 6.755786420662286407e-01 8.037230946417840416e-01 2.880925289679315160e+00 1.092350782826814748e-01 2.719716081836304866e+00 3.073201503244320953e+00 3.297754645055518630e+00 1.207880479270715401e-01 3.143505067932890196e+00 3.528793095725701878e+00
2.139698492462311641e-01 1.877852830593457895e-02 1.340673631470163610e-03 1.688775184263333756e-02 2.080889920067301516e-02 7.304102662367082388e-01 4.138512972501490889e-02 6.785060017449263681e-01 8.012367604058414639e-01 2.901243449829570498e+00 1.147255686495041171e-01 2.765478989394490217e+00 3.124210989154473594e+00 3.325584457515785353e+00 1.207156432431604753e-01 3.176819593890773952e+00 3.585377539019402704e+00
2.189447236180904754e-01 1.835981743849834230e-02 1.344900636873716743e-03 1.625982405100615674e-02 2.042270498586970517e-02 7.322004073576253713e-01 4.655519440436874101e-02 6.763499438864419844e-01 8.079379254438233682e-01 2.923556879462567260e+00 1.167112306327954818e-01 2.780301408927027929e+00 3.174661008332108736e+00 3.356986275517189089e+00 1.166480869656695979e-01 3.231558335129378623e+00 3.587964514712394859e+00
2.239195979899497591e-01 1.882834597020075981e-02 1.130306391695233082e-03 1.723155871529263167e-02 2.068195603706881464e-02 7.368895732195326342e-01 4.680579359476693541e-02 6.817122012308105550e-01 8.181540670405009763e-01 2.953505723505240876e+00 1.119747098353268550e-01 2.826002379859622771e+00 3.173065178668536213e+00 3.386085542766595236e+00 1.091444452398226128e-01 3.266780597230330763e+00 3.592099032039286932e+00
2.288944723618090704e-01 1.911251586639439726e-02 1.388323663072759577e-03 1.697313756370101567e-02 2.125283952955918376e-02 7.408105908895507019e-01 4.404857284873956585e-02 6.748443665555815540e-01 8.212617006828082378e-01 2.975054926256816223e+00 1.029808174403386567e-01 2.855622843916347353e+00 3.171734556833270879e+00 3.417166950238221368e+00 9.687922823406498740e-02 3.319057057364854568e+00 3.621915099198250942e+00
2.338693467336683540e-01 1.887932355871896339e-02 1.288091361548648981e-03 1.677934601009757956e-02 2.050773625455850485e-02 7.313197008862631909e-01 3.778445038456088034e-02 6.711168015066119041e-01 7.928627310270236483e-01 2.998818214070928967e+00 9.211112142377050893e-02 2.902861582208456248e+00 3.194943230383893162e+00 3.435415752182056970e+00 8.735558207150809218e-02 3.336108579991879264e+00 3.604311427308852345e+00
2.388442211055276654e-01 1.911591650846610965e-02 1.300400137809476454e-03 1.677138741414420375e-02 2.118493452324969953e-02 7.373530834113929400e-01 3.916736000822132469e-02 6.745596858753584169e-01 7.998724063186837263e-01 3.014811389514534312e+00 8.878841083803731826e-02 2.913965025968175304e+00 3.204327557355577394e+00 3.466676223749507013e+00 8.965364667446375224e-02 3.352210989894260695e+00 3.629780922409490351e+00
2.438190954773869490e-01 1.881883501680304757e-02 1.406791965032125292e-03 1.660602851200278229e-02 2.089240010470656134e-02 7.366115828035888491e-01 4.392903756653765424e-02 6.766241369633617664e-01 8.043975932828486552e-01 3.044282005329871588e+00 8.428818152779982142e-02 2.925522083626473702e+00 3.197812753099067873e+00 3.491195703073921131e+00 9.134378764482989355e-02 3.334351121450815469e+00 3.642593265412994441e+00
2.487939698492462326e-01 1.928954796827118262e-02 1.314816641341159985e-03 1.697774445690189080e-02 2.121876252928705728e-02 7.350953816781642391e-01 4.416540998625367864e-02 6.770251616927331906e-01 8.062746222120106276e-01 3.061554498146765280e+00 8.496936732231608058e-02 2.911671364862990607e+00 3.201008342721387567e+00 3.508943091727362962e+00 8.593154940953107168e-02 3.374043669191861383e+00 3.672909632795516632e+00
2.537688442211055162e-01 1.862119627217989626e-02 1.486481444559958724e-03 1.600617449539570858e-02 2.130160766345450332e-02 7.331477287167877943e-01 4.716844726386499459e-02 6.678014740533110283e-01 8.133847481254967704e-01 3.075859411683572908e+00 7.920447412888281802e-02 2.949787076884861303e+00 3.226080595823034525e+00 3.519040096498954107e+00 8.711866341031807015e-02 3.353745748662481763e+00 3.681852027713793163e+00
2.587437185929647998e-01 1.905761613149700023e-02 1.551284739088650520e-03 1.687374619808997694e-02 2.108392248750765377e-02 7.297046228714294536e-01 4.918622969476300205e-02 6.572599122552611473e-01 8.204378825425838739e-01 3.096352302910227117e+00 7.988567126786769168e-02 2.946829943618659797e+00 3.251015760338333838e+00 3.538744071931708479e+00 8.924741622588429346e-02 3.368150350185486364e+00 3.671365365053134600e+00
2.637185929648241389e-01 1.832619027169211587e-02 1.452207829978769153e-03 1.553557259260011231e-02 1.974044987208773555e-02 7.291268009392780636e-01 5.247629439144298191e-02 6.603096257618052967e-01 8.274347915479085547e-01 3.103204695098778831e+00 8.134567483276318456e-02 2.945143059662162166e+00 3.216146895546447837e+00 3.558533992730546380e+00 1.035460237238090692e-01 3.360572281200831846e+00 3.701920783119787561e+00
2.686934673366834225e-01 1.865438963079289747e-02 1.730029649530445820e-03 1.528370169739522166e-02 2.158778134101985852e-02 7.266555776665768462e-01 4.748622536252565529e-02 6.646246877782027163e-01 8.103562751875187375e-01 3.117004038917492004e+00 9.527664352684379889e-02 2.929792824054684885e+00 3.241645571013994864e+00 3.572501184845138233e+00 1.033654434214316270e-01 3.394330860708059117e+00 3.732248123502494241e+00
2.736683417085427061e-01 1.823016860417741442e-02 1.525429932642468917e-03 1.533157754586394507e-02 2.021288898998356565e-02 7.208541953520688494e-01 4.339600799621383398e-02 6.695090449721999848e-01 8.011529749905347275e-01 3.131114686782920487e+00 9.648152132948327464e-02 2.949150606200009239e+00 3.285969453503589488e+00 3.593763390468077468e+00 1.081192069879139961e-01 3.384888972574745747e+00 3.754751845835665680e+00
2.786432160804020453e-01 1.835094599941216806e-02 1.512872907029520894e-03 1.537945339433266848e-02 2.036030490263520190e-02 7.185602082303141902e-01 3.977578629290032947e-02 6.768163865823252356e-01 8.023117045690681959e-01 3.149743030583589398e+00 1.031896429128648235e-01 2.959838187340388505e+00 3.310745191585943381e+00 3.614976810006247376e+00 1.091027636411362606e-01 3.432314976773026327e+00 3.792234383168789691e+00
2.836180904522613289e-01 1.798514679930542093e-02 1.434715255446217383e-03 1.542732924280139362e-02 2.011518307932394500e-02 7.167101738730118354e-01 3.835743888764844151e-02 6.762814850784095722e-01 7.945239303050070090e-01 3.163494879847969621e+00 1.018537180713508239e-01 2.974730523236206015e+00 3.317116458895139175e+00 3.623253655835718234e+00 1.201709766483812780e-01 3.419319535960734679e+00 3.809244397074967647e+00
2.885929648241206125e-01 1.822499141522457983e-02 1.398515395858575434e-03 1.577040507795321456e-02 2.005080577033505063e-02 7.164117680727210002e-01 3.781212831863630525e-02 6.783789056983644539e-01 7.956889706738276002e-01 3.179504969995426755e+00 1.064357899488399123e-01 3.016013470376852190e+00 3.351956008464002323e+00 3.633249007912005446e+00 1.253282954699064533e-01 3.443633446694731592e+00 3.832912735645812141e+00
2.935678391959798961e-01 1.754442037323467388e-02 1.307362316432484663e-03 1.524059399816718278e-02 1.950041762907316067e-02 7.175479845800534218e-01 3.959548465543367285e-02 6.696038242719077882e-01 7.954252115669070422e-01 3.183437409374568539e+00 1.183345809032981671e-01 2.992124340179433073e+00 3.366596013213788652e+00 3.637087248763557490e+00 1.275735919779994454e-01 3.426902418016442464e+00 3.844385758019103871e+00
2.985427135678392352e-01 1.793913169749361547e-02 1.372388959423811441e-03 1.551181381705263318e-02 1.993419862980836191e-02 7.090918580326278642e-01 3.469272419489709269e-02 6.552045885518910096e-01 7.716418456580549368e-01 3.186441968270582237e+00 1.188219617507813713e-01 2.995217390921372846e+00 3.369937873798917849e+00 3.639653425394341557e+00 1.252788199000864633e-01 3.444958390360363776e+00 3.856278572028744023e+00
3.035175879396985188e-01 1.724243410157466627e-02 1.362759860345457699e-03 1.490822878133796908e-02 1.979416586568654920e-02 7.035717783282249282e-01 3.231876529407877452e-02 6.487736649957260848e-01 7.715369633445672282e-01 3.187157903036387463e+00 1.133781778047589922e-01 2.998925377070170484e+00 3.364132083761024017e+00 3.647486773796240644e+00 1.174446360233044051e-01 3.465151955940902972e+00 3.846497895393746980e+00
3.084924623115578024e-01 1.753957111342937386e-02 1.405474235059370062e-03 1.542696880850723436e-02 2.010974055160121010e-02 7.028693464080670861e-01 2.989600709187367061e-02 6.520143626144497828e-01 7.567487654543409992e-01 3.188324585198497818e+00 1.116258010051388028e-01 3.014772363377892006e+00 3.356268028040684470e+00 3.653942816444153863e+00 1.204262250777861365e-01 3.489965743583196112e+00 3.881164823558456156e+00
3.134673366834170860e-01 1.712482026973757149e-02 1.567710836076460171e-03 1.445761852683959646e-02 2.033848072320190020e-02 6.981009066182929379e-01 2.931944427528902081e-02 6.516283041465424919e-01 7.410883233148835014e-01 3.198220793398192985e+00 1.104687946978755719e-01 3.030630521884285500e+00 3.381164769559532157e+00 3.658744370491112452e+00 1.106825509245911027e-01 3.529403863180077483e+00 3.894092674552537048e+00
3.184422110552764251e-01 1.738674355103735428e-02 1.494003415986343503e-03 1.463441046875673703e-02 2.008664133906188157e-02 6.967626772663946255e-01 3.166542095815100266e-02 6.564170305708737496e-01 7.415579760257177133e-01 3.199935585181508113e+00 1.110734552508466783e-01 3.046494943494687302e+00 3.416566814451213130e+00 3.662782406944195657e+00 1.035251769644504327e-01 3.549119127263436813e+00 3.875823205835362995e+00
3.234170854271357087e-01 1.718790305669746707e-02 1.567880190469279900e-03 1.393566125226683092e-02 1.974018007348068982e-02 6.939889079695629182e-01 3.601849524692776749e-02 6.484477204647250970e-01 7.447423792400603704e-01 3.203534536032519586e+00 1.069492909755892229e-01 3.062358746299770562e+00 3.430430418688119154e+00 3.662181204948433244e+00 1.000476706073736705e-01 3.545492107959129502e+00 3.889925057067845859e+00
3.283919597989949923e-01 1.734794627201002165e-02 1.437604308631719669e-03 1.447661909331040588e-02 1.988539783484031750e-02 6.915139682423361300e-01 3.754322930621420418e-02 6.437625487911805555e-01 7.449424285162805637e-01 3.199255834579854962e+00 9.401546417057843330e-02 3.085208433851984289e+00 3.400686043135549230e+00 3.657655925413943798e+00 8.902834497892471444e-02 3.542902502868036763e+00 3.860149575191754945e+00
3.333668341708542759e-01 1.765247681476307673e-02 1.620512139807466119e-03 1.428912321510673530e-02 2.028426457304885119e-02 6.899129975026127015e-01 3.817398634696274329e-02 6.370815197347893255e-01 7.437248140965748711e-01 3.196343049118589352e+00 9.527733739346820607e-02 3.083343124900064680e+00 3.419286860403387696e+00 3.666522142294147635e+00 8.854420691021205880e-02 3.541258229031856164e+00 3.847386630606347335e+00
3.383417085427135595e-01 1.739306754839521976e-02 1.352026015301607299e-03 1.436125720166223085e-02 1.910643617955522233e-02 6.870349600715406346e-01 3.835149646131396500e-02 6.332557811216361632e-01 7.361438485630703576e-01 3.191703217645216029e+00 8.273286534236107270e-02 3.088864747730552196e+00 3.373876582415830772e+00 3.658494587315237023e+00 9.292509690023045832e-02 3.509391168423535934e+00 3.849730228516504926e+00
3.433165829145728987e-01 1.756092784317532865e-02 1.320219950802017711e-03 1.462757680116528666e-02 1.910849865429052261e-02 6.864839963457872729e-01 3.650351463482644915e-02 6.397372000561094563e-01 7.370182622102479097e-01 3.198356097598578085e+00 8.505168641364251048e-02 3.084629268981998518e+00 3.372156183515929051e+00 3.658806556919942388e+00 8.814715623286269175e-02 3.537198831837468749e+00 3.833136492493867564e+00
3.482914572864321823e-01 1.737446462868983896e-02 1.238385472550080062e-03 1.470168175955281591e-02 1.900117687846037545e-02 6.832935009873464249e-01 3.845871348549018826e-02 6.314957482007544920e-01 7.471624627133390817e-01 3.191876941846280680e+00 8.602178280350758488e-02 3.074080144359031763e+00 3.371221662025788657e+00 3.667854426256723421e+00 8.606050202194777399e-02 3.521546376191298400e+00 3.825633816569260048e+00
3.532663316582914659e-01 1.740449041593166574e-02 1.278265597723868448e-03 1.475035470517655802e-02 1.887434878246996642e-02 6.850086541939222062e-01 3.723361828355645914e-02 6.254096869703957839e-01 7.417601492908808547e-01 3.188640456275981805e+00 8.082905397281717197e-02 3.078726951392056765e+00 3.346448682244294037e+00 3.660938207959003599e+00 9.228144478807624729e-02 3.533330603028609129e+00 3.811943681971609710e+00
3.582412060301507495e-01 1.687703622809570703e-02 1.307236228208281297e-03 1.442229673155484039e-02 1.855885425998774971e-02 6.833618981514720803e-01 3.869229813625717912e-02 6.210499413703001181e-01 7.431136232424846444e-01 3.198086885635892607e+00 8.409660214259108424e-02 3.077817634880285702e+00 3.357428767775153755e+00 3.666709819975853435e+00 1.037763876325569906e-01 3.525953433576267670e+00 3.829322733453688343e+00
3.632160804020100886e-01 1.759266715263833880e-02 1.225196850215372509e-03 1.505934474941298708e-02 1.929797806386492065e-02 6.792559121137963229e-01 3.702298676608688915e-02 6.250205469888509002e-01 7.298217538142649508e-01 3.193538427852355088e+00 8.737439481023692722e-02 3.075782942911991835e+00 3.339455879356592050e+00 3.666548206746698124e+00 1.109675941076001537e-01 3.519991618078040396e+00 3.835386727447990474e+00
3.681909547738693722e-01 1.691033697222042026e-02 1.455614969670268816e-03 1.474349324774818122e-02 1.911985689362000543e-02 6.744114615076652886e-01 3.468931739969593336e-02 6.282626700020497168e-01 7.215818280095872561e-01 3.193681365816503526e+00 9.690166599800752179e-02 3.049565658562082060e+00 3.340266466887305885e+00 3.664041432247822083e+00 1.067681957163710005e-01 3.532497490681262065e+00 3.841857506355005114e+00
3.731658291457286558e-01 1.681404280820037594e-02 1.481980592839746407e-03 1.460149128359491261e-02 1.894173572337508674e-02 6.705247792261659345e-01 3.332588374538164588e-02 6.270560691515715268e-01 7.156383670821973020e-01 3.189451111531357519e+00 1.034976234477701512e-01 3.042089253169212970e+00 3.343224439342599386e+00 3.658595411752104010e+00 1.080997787099825108e-01 3.545103425245720974e+00 3.859840217852484212e+00
3.781407035175879394e-01 1.635375470292208672e-02 1.403227452243651545e-03 1.478348163934950499e-02 1.876361455313017151e-02 6.674027847419363724e-01 3.239767150424365666e-02 6.216572704056135823e-01 7.142280607072188925e-01 3.189246782591287577e+00 9.476873690834407282e-02 3.057780319658914614e+00 3.346616243248227818e+00 3.655828397008936914e+00 1.004448106758148579e-01 3.540862553545323976e+00 3.830098994970402515e+00
3.831155778894472785e-01 1.664008424045902018e-02 1.528677453712251133e-03 1.496470423062372553e-02 1.889459294742373494e-02 6.648742135610263837e-01 3.311910418004437862e-02 6.073636017523982300e-01 7.047673890273989938e-01 3.179153429554176569e+00 9.938627019956328135e-02 3.069011497672761823e+00 3.371331966660505497e+00 3.657985631171052798e+00 1.014908583422174659e-01 3.537448305041914320e+00 3.843418225119259901e+00
3.880904522613065621e-01 1.624838687333684736e-02 1.408503700267676713e-03 1.481265017538235806e-02 1.894457485238070990e-02 6.628781947288885368e-01 3.296942742897135403e-02 6.088911418577427348e-01 7.061259482155221034e-01 3.175409423710412238e+00 9.059048605736416682e-02 3.086407562735479893e+00 3.339599413823635565e+00 3.664421375268640535e+00 1.051667998699439138e-01 3.526880366976479220e+00 3.871233335318783109e+00
3.930653266331658457e-01 1.635588516410590998e-02 1.475844667248319558e-03 1.495437405692992550e-02 1.908049330672114199e-02 6.566933849238771881e-01 3.574333416616030240e-02 5.956089619451911954e-01 6.991848701654254095e-01 3.176216476951554846e+00 9.162862149354167318e-02 3.066152308683264494e+00 3.349208595787372733e+00 3.665382665860028588e+00 1.106573643541264307e-01 3.517624141277825078e+00 3.889601093796098752e+00
3.980402010050251294e-01 1.612262315467937954e-02 1.525782333688989250e-03 1.443355966364797544e-02 1.904919889794745927e-02 6.570579560551121912e-01 3.584689352523494354e-02 6.004431194107979763e-01 7.049105801656723180e-01 3.177192831532676731e+00 9.465285642282048051e-02 3.067985986361260409e+00 3.363920224107842749e+00 3.669386925315127890e+00 1.072320356137793640e-01 3.524042759113461543e+00 3.878244352935030559e+00
4.030150753768844685e-01 1.633556008789143615e-02 1.465200163008780138e-03 1.473923665533752835e-02 1.932291664605554141e-02 6.540734647004802227e-01 3.256620495241169255e-02 6.032266263932264394e-01 6.984367703422531548e-01 3.176567649736514731e+00 1.017178924540334956e-01 3.055934909764126406e+00 3.388260425070751758e+00 3.674996950764856329e+00 1.137188212724475067e-01 3.516262305690354140e+00 3.903171980506748628e+00
4.079899497487437521e-01 1.618092104875675299e-02 1.552952241034041706e-03 1.456090928718858056e-02 1.917149607089701016e-02 6.503614936446587835e-01 3.133000566310605028e-02 5.957250091906060030e-01 6.936636835255846067e-01 3.179595602137073485e+00 9.504800046966226101e-02 3.060336918625848668e+00 3.374460319548373999e+00 3.663088120214548216e+00 1.068261738953250328e-01 3.509424091927082934e+00 3.857517979673807940e+00
4.129648241206030357e-01 1.624002579812311789e-02 1.586773070611561176e-03 1.460263525916317105e-02 1.939231192048190833e-02 6.502293447578092467e-01 3.178374823388510628e-02 5.943443829006981316e-01 7.007629034316044114e-01 3.187914911337962121e+00 9.817275539943089158e-02 3.064268769996039588e+00 3.389325295493739620e+00 3.654815393122615941e+00 1.030778887357699097e-01 3.510304020150273985e+00 3.856463704647884683e+00
4.179396984924623193e-01 1.600989979674302677e-02 1.636041862259034977e-03 1.431413165209627532e-02 1.931889768521023384e-02 6.449981315109271085e-01 2.999940586121783645e-02 5.973173743314408313e-01 6.973885960417309793e-01 3.179781495015454595e+00 1.022940950217480355e-01 3.042050443673123272e+00 3.395063377105014268e+00 3.647362593237528650e+00 9.633432033345053214e-02 3.525147075236700456e+00 3.832903266396972430e+00
4.229145728643216029e-01 1.620073303025875572e-02 1.565877506369218065e-03 1.468817545848218227e-02 1.919878185155918585e-02 6.406170353287956587e-01 2.843642539482783838e-02 5.927048018974658827e-01 6.904600022892363187e-01 3.166883699691938059e+00 9.022633897736033470e-02 3.040616056135997169e+00 3.343324556848188855e+00 3.643344831557309593e+00 9.329425168858634931e-02 3.546707020198049509e+00 3.835146033960592060e+00
4.278894472361809420e-01 1.583445389645690010e-02 1.548795123924846025e-03 1.436812945799044103e-02 1.876091740584147002e-02 6.399957035580091658e-01 2.861342141228313471e-02 5.917964136640255779e-01 6.891775854170852922e-01 3.156386191651257445e+00 8.920875139395385844e-02 3.045883482020754762e+00 3.330886929369998750e+00 3.643930938899099914e+00 8.956401571908424730e-02 3.535005267073414448e+00 3.804793765717501941e+00
4.328643216080402256e-01 1.581217794659706827e-02 1.262301009926392352e-03 1.425990369141949890e-02 1.800818899359961020e-02 6.371358943479502601e-01 3.065033372344348056e-02 5.923802966675105752e-01 6.883424788705364561e-01 3.152000939452620720e+00 8.499688934492240222e-02 3.057493024260811154e+00 3.330854537792287129e+00 3.634296461885869522e+00 1.000342266411964609e-01 3.524405213079825572e+00 3.816527199878573473e+00
4.378391959798995092e-01 1.525813019409814376e-02 8.677992049152194942e-04 1.377052829915384295e-02 1.675938831266389137e-02 6.338442353096926940e-01 3.206058635852875732e-02 5.933592111099132982e-01 6.820903419079635821e-01 3.155758001231313337e+00 8.496654785141526112e-02 3.056978058506041762e+00 3.330955644922305225e+00 3.634581998110019807e+00 1.072283093532384879e-01 3.519408763258841333e+00 3.828332464783376299e+00
4.428140703517587928e-01 1.575774939252277615e-02 1.158291399883172243e-03 1.426053385721655700e-02 1.767984085461828114e-02 6.296100205163119856e-01 2.979381717214114184e-02 5.937010034296518191e-01 6.739593761963447172e-01 3.141801892105067218e+00 8.631436892595022170e-02 3.027829826510614275e+00 3.301377489583414704e+00 3.620157709302477933e+00 1.184314922615584131e-01 3.494329987463399512e+00 3.809293267634341618e+00
4.477889447236181319e-01 1.553749605545592591e-02 8.667203242323832067e-04 1.402720409464900710e-02 1.704047531248510314e-02 6.247687957097912692e-01 3.135584084544753430e-02 5.784925767580795242e-01 6.710472947367502883e-01 3.140383445436197185e+00 9.698694936804135025e-02 3.040002284940283239e+00 3.317549598264183164e+00 3.613202358528533775e+00 1.157484851603259451e-01 3.469838434590419851e+00 3.814103175057257378e+00
4.527638190954774156e-01 1.527969275290614812e-02 7.403880419556002623e-04 1.410612459852922038e-02 1.619001271456846011e-02 6.200120454852363627e-01 3.277194211110194544e-02 5.684127678332714373e-01 6.694903263622239420e-01 3.136766365736439077e+00 1.075485304069112857e-01 3.010027165823026429e+00 3.327571649493516137e+00 3.604961834474832649e+00 1.103892625958287493e-01 3.452722854071466507e+00 3.790080544077103486e+00
4.577386934673366992e-01 1.563216422107192860e-02 8.830770698483237551e-04 1.424421008081870783e-02 1.725980796185637434e-02 6.164453774132307995e-01 3.172815094864354923e-02 5.672403530776755076e-01 6.596397154199800106e-01 3.122364837202075805e+00 1.035482919918953998e-01 3.010209200334811097e+00 3.293100702643639632e+00 3.587165385593149125e+00 1.011472481201368262e-01 3.458166664692151837e+00 3.761054694954002464e+00
4.627135678391959828e-01 1.522160864691339197e-02 7.427624400438865302e-04 1.408414904291835357e-02 1.649244956374496321e-02 6.142926076234909161e-01 3.021932099586389225e-02 5.690454571391307947e-01 6.563923465398420198e-01 3.112601241357434212e+00 1.005753553606728162e-01 3.002169797915487770e+00 3.289103242681803430e+00 3.579521270218760431e+00 1.083297940951121197e-01 3.432687501326576740e+00 3.788145208928504815e+00
4.676884422110553219e-01 1.530046567749699868e-02 7.573643550997854676e-04 1.438070526543827263e-02 1.663952119570377350e-02 6.106738879200384051e-01 2.998697084090043777e-02 5.656864530052442275e-01 6.532332831154814556e-01 3.097286969610154372e+00 9.845063416762797615e-02 2.980074779236474125e+00 3.259731992198226180e+00 3.565245724114506576e+00 9.896918495499176793e-02 3.428977448221300683e+00 3.732972069910418078e+00
4.726633165829146055e-01 1.501590835117857722e-02 8.010906701808926224e-04 1.398985812384671498e-02 1.658226188302156998e-02 6.073326989673537568e-01 3.048980404803472433e-02 5.583797566430055426e-01 6.535772092971264824e-01 3.084009929441277720e+00 9.166635563799122033e-02 2.977299837642211067e+00 3.257407995527217714e+00 3.558867404465851259e+00 1.022532635942836332e-01 3.430696348645437155e+00 3.723827247202181834e+00
4.776381909547738891e-01 1.511918773719285458e-02 7.750096764032233685e-04 1.418097463845312961e-02 1.682754628109059403e-02 6.045935998361803287e-01 2.934775697575715478e-02 5.590771775440751545e-01 6.475253723487693902e-01 3.076471672383925160e+00 9.416644285348663157e-02 2.963627909941362493e+00 3.258314707829753853e+00 3.554931474677215597e+00 1.017255719469584291e-01 3.429736140493690577e+00 3.719544637742069337e+00
4.826130653266331727e-01 1.489193982264100033e-02 7.793941628187660503e-04 1.401870877513626545e-02 1.663140998702140536e-02 6.006746668961774338e-01 2.818574419491074248e-02 5.517691662732252533e-01 6.396987236127688048e-01 3.066975532418175554e+00 9.243610957903260206e-02 2.954226187780180979e+00 3.223576679348550300e+00 3.540954697175935362e+00 1.079413002855939968e-01 3.411704217106158676e+00 3.721824839297918963e+00
4.875879396984924563e-01 1.499433962828569666e-02 8.600104141669068529e-04 1.401146526504939288e-02 1.679682608745919348e-02 5.968725537897345834e-01 2.714298528411713748e-02 5.491320404564109525e-01 6.352238788762879507e-01 3.053675938989835803e+00 8.909047481353184195e-02 2.949950483173743976e+00 3.204408238094246020e+00 3.532089605319795655e+00 1.036640952911218466e-01 3.405665270257438593e+00 3.716231793421518770e+00
4.925628140703517954e-01 1.471048689501194308e-02 8.549195049044032175e-04 1.364809890203194133e-02 1.661537263250625548e-02 5.945502051438957825e-01 2.734081207295245217e-02 5.495413408407142652e-01 6.333527274698848020e-01 3.052479942086017584e+00 9.149846200273721586e-02 2.937673265121729216e+00 3.216019951378544128e+00 3.514400659462799670e+00 1.032340369160952009e-01 3.357191563079133800e+00 3.673108458898767470e+00
4.975376884422110790e-01 1.491112370729839876e-02 7.981764184575971827e-04 1.412635118709779959e-02 1.676091130771178647e-02 5.920252751639967226e-01 2.644389813765618893e-02 5.513603466545545784e-01 6.340044548636551980e-01 3.034937910686980267e+00 9.445491365914585047e-02 2.926315601463182148e+00 3.197268238853311573e+00 3.499814059885807183e+00 1.045870431092102981e-01 3.349248026250522425e+00 3.659114132121425111e+00
5.025125628140703071e-01 1.469887732319915749e-02 8.000720896540933734e-04 1.377776631366180171e-02 1.662042978226676085e-02 5.890470900183648606e-01 2.571004185745702844e-02 5.526050141992538967e-01 6.318824895324673951e-01 3.020625731961604998e+00 8.732784445683700048e-02 2.893536480331744709e+00 3.162266853090720531e+00 3.480994527734885935e+00 1.028719320117103125e-01 3.337998745677382306e+00 3.647536515632457288e+00
5.074874371859295907e-01 1.479298932507725796e-02 8.869473685781971688e-04 1.369888003781820178e-02 1.680322399375453607e-02 5.832330817740877249e-01 2.605374258635161089e-02 5.463557980185276275e-01 6.187077642983651593e-01 3.007697244964782524e+00 9.093959745429583408e-02 2.869780357600550502e+00 3.159281114131678336e+00 3.463518425236023823e+00 1.095673472021028161e-01 3.331491674513582524e+00 3.617189553272413871e+00
5.124623115577889854e-01 1.468772560167143360e-02 8.851490798281392213e-04 1.345345657380565829e-02 1.674461414813785756e-02 5.803377464904340144e-01 2.430182662171096603e-02 5.454534589952136914e-01 6.107847513050214117e-01 2.995461854608568508e+00 8.823181620852763030e-02 2.871251939646175977e+00 3.151881478543207216e+00 3.452818801759272027e+00 1.093373255995199744e-01 3.325582827108270134e+00 3.596354137949478780e+00
5.174371859296482690e-01 1.477999260576397592e-02 7.949680680150849471e-04 1.372988998504678232e-02 1.659900022559509039e-02 5.769740634567743776e-01 2.224824841559912281e-02 5.431846430876569043e-01 6.049722454721586651e-01 2.974857904241674955e+00 9.051175231868410775e-02 2.849576795511322924e+00 3.112710530210846649e+00 3.436653753517771914e+00 1.108972009698482170e-01 3.305523081267062402e+00 3.595372291425500855e+00
5.224120603015075526e-01 1.464252511944243509e-02 7.651330612798516164e-04 1.352437364286922065e-02 1.619275697856418020e-02 5.749425819187867770e-01 2.172568060405385276e-02 5.430623844769212338e-01 6.011356969372292358e-01 2.962845901508321944e+00 9.576528501858687370e-02 2.849789371546050276e+00 3.098446878959110418e+00 3.425857342432752084e+00 1.037045387968160148e-01 3.294861430846971917e+00 3.565881820716639172e+00
5.273869346733668362e-01 1.477121491678024499e-02 8.062543259624325651e-04 1.359131278870551358e-02 1.650095508268682731e-02 5.711793930479128756e-01 2.278894887934613742e-02 5.330757947973950861e-01 6.003982971228593035e-01 2.950142547358022505e+00 9.621560636899544050e-02 2.832857703952789130e+00 3.093748568978255786e+00 3.409502144747795338e+00 1.019753920217580101e-01 3.282137894598014416e+00 3.550339724964874044e+00
5.323618090452261198e-01 1.457575917026284959e-02 6.904223921926095492e-04 1.357309882375392490e-02 1.576147259237946352e-02 5.678378808723059112e-01 2.213869247440038504e-02 5.276183292440751460e-01 5.933759833469559597e-01 2.933953262477246415e+00 9.141766690362101988e-02 2.815242419605525459e+00 3.076964151726087060e+00 3.395565593937314386e+00 1.017164437017820250e-01 3.265601748142289207e+00 3.540662323564423009e+00
5.373366834170854034e-01 1.458005442062262902e-02 6.556071588749871676e-04 1.355488485880233449e-02 1.589476141614419233e-02 5.649239763726056074e-01 2.133402186865812275e-02 5.256908413891454579e-01 5.926088316618384200e-01 2.923402424471889027e+00 9.144226360164448009e-02 2.801240838847119274e+00 3.059265787524091174e+00 3.385719146198508334e+00 1.079940259143695597e-01 3.250895845467451029e+00 3.540008727632685481e+00
5.423115577889447980e-01 1.424982231788905242e-02 6.412600450235926520e-04 1.346140649952496521e-02 1.533021384581634804e-02 5.617651229378668454e-01 2.136996631559983512e-02 5.244894314988971518e-01 5.888693867182199781e-01 2.908448296593879157e+00 8.556612225931581328e-02 2.800177328362312590e+00 3.035102837905061079e+00 3.365961488347422037e+00 1.064534050916874780e-01 3.228032725916263335e+00 3.522395604250867951e+00
5.472864321608040816e-01 1.450507651808479771e-02 5.844977965432091157e-04 1.362316601587455246e-02 1.560609706680073094e-02 5.596354520112666320e-01 2.086416508274135939e-02 5.215920595339973431e-01 5.883067181278427427e-01 2.894387016733663387e+00 8.826842937906484443e-02 2.784688797686718953e+00 3.025560826729317476e+00 3.349856360944729605e+00 1.028794050432932511e-01 3.213793253631497038e+00 3.484810550775183646e+00
5.522613065326633652e-01 1.416889245064087421e-02 6.629658073575573881e-04 1.324907569038795419e-02 1.528064478434352190e-02 5.565329278829220794e-01 2.062213441836812863e-02 5.216743682205092769e-01 5.895838248915775681e-01 2.878542800870842022e+00 9.230355444092352979e-02 2.779100016516420801e+00 3.016687600798064750e+00 3.337138065732787595e+00 9.813352668192704131e-02 3.219172571136425631e+00 3.478521669367830249e+00
5.572361809045226488e-01 1.429047590814898870e-02 6.487430696505643067e-04 1.358347392448033646e-02 1.540387281037458762e-02 5.510486397560833138e-01 2.135446186132628626e-02 5.208879027559585317e-01 5.868853245559528808e-01 2.865752015086560522e+00 9.001226838159208377e-02 2.761422049501632170e+00 2.990861625683635783e+00 3.319681902969266130e+00 9.774140763992078540e-02 3.191580125322888595e+00 3.443903401912945306e+00
5.622110552763819324e-01 1.436011056677664009e-02 6.921127047915316037e-04 1.345659155485634702e-02 1.552482281865872997e-02 5.484867401912871809e-01 1.974657418658057328e-02 5.203768926948021400e-01 5.809539605428387654e-01 2.849539593487898426e+00 8.750823301494835282e-02 2.746788663174394962e+00 2.980246157411976071e+00 3.305149706857958058e+00 9.708394083751224757e-02 3.162972712111876916e+00 3.429413530792289500e+00
5.671859296482412161e-01 1.424364749388126392e-02 6.743791725952493063e-04 1.344424730980762692e-02 1.547877030132541708e-02 5.456338130844763379e-01 2.081244640967229789e-02 5.140372371166711529e-01 5.782793607776027800e-01 2.838877632302892806e+00 8.106932685872141053e-02 2.743235465233643033e+00 2.960909090594377790e+00 3.292272256509824135e+00 9.505900249758889031e-02 3.143078621033145836e+00 3.414813286624682753e+00
5.721608040201004997e-01 1.435828479368060108e-02 6.885702236059639339e-04 1.342024047229136742e-02 1.552052233745088335e-02 5.425253934804363798e-01 2.114196101215350815e-02 5.077236934804634227e-01 5.741049477188615580e-01 2.822310165984271979e+00 8.293318976954290600e-02 2.722108858950800681e+00 2.938875605163655980e+00 3.277363050871300310e+00 9.168089579794118371e-02 3.145686344353063379e+00 3.401628304677372761e+00
5.771356783919597833e-01 1.409355466712613678e-02 8.106294393953211198e-04 1.271455951538595294e-02 1.530253147459065093e-02 5.397513049111271055e-01 2.242445730794311379e-02 5.021159408068286423e-01 5.737509862041083597e-01 2.810059738501871074e+00 8.500466346786916816e-02 2.682033345395457236e+00 2.925090594299891045e+00 3.260312556916804105e+00 9.366791728202987499e-02 3.118366319690154320e+00 3.387583186265654245e+00
5.821105527638190669e-01 1.429277326057518636e-02 7.112101817112005458e-04 1.335616118265263788e-02 1.550066861172802977e-02 5.363497378684579653e-01 2.288080058258175689e-02 4.952318676840355982e-01 5.684478384622801972e-01 2.796228644579231037e+00 8.091108662578190558e-02 2.680068881738188136e+00 2.908481037881075704e+00 3.243568056053561577e+00 9.303842115305668847e-02 3.089724471037613274e+00 3.369862002099672349e+00
5.870854271356784615e-01 1.395129494095226699e-02 7.655031952352097865e-04 1.248336690044053558e-02 1.527026614142480351e-02 5.340364659345050447e-01 2.244069644164699284e-02 4.924100705256035382e-01 5.669759188295309116e-01 2.779641150292621710e+00 8.221458945740009461e-02 2.657558192510207196e+00 2.891787732108484832e+00 3.227419365405801877e+00 9.453426390008724811e-02 3.071928490489388874e+00 3.349862887173843617e+00
5.920603015075377451e-01 1.402171069264148209e-02 9.769508220110402659e-04 1.178572158314548576e-02 1.526531989775088693e-02 5.308895346498445633e-01 2.334316591797128831e-02 4.879259109062970001e-01 5.666503821779694805e-01 2.765085915811976491e+00 8.293186029300597673e-02 2.645202279259062816e+00 2.882495217971595913e+00 3.216232142931580107e+00 9.490121045688464096e-02 3.071635738092208356e+00 3.348141142168146622e+00
5.970351758793970287e-01 1.373319839809079325e-02 8.226062463628494234e-04 1.181558647057198708e-02 1.497582020832907354e-02 5.281720324691043800e-01 2.268352295978227906e-02 4.875776160766057132e-01 5.592637304582671609e-01 2.749428886026360708e+00 8.062901988337735359e-02 2.627701773023318754e+00 2.861582348749013960e+00 3.197241153768116018e+00 9.510327052426381655e-02 3.047789591084136163e+00 3.320202813852984214e+00
6.020100502512563123e-01 1.382357949479443016e-02 8.803162826626704162e-04 1.189146026288893411e-02 1.523583752096213141e-02 5.228797444397117467e-01 2.305741951410939655e-02 4.842400401408122335e-01 5.517101111723408113e-01 2.734771629164931994e+00 8.343682452378048398e-02 2.609025458111008167e+00 2.848991020047192624e+00 3.179034517314648145e+00 9.191548371229781023e-02 3.047816862722565467e+00 3.309204145650806339e+00
6.069849246231155959e-01 1.355831586828138390e-02 8.092485801748518877e-04 1.183528198879377213e-02 1.461179447928541777e-02 5.185371699585584748e-01 2.149859203287984161e-02 4.829993988079031575e-01 5.451154338417629752e-01 2.723273592928022069e+00 8.518066794095320582e-02 2.603105603714747751e+00 2.842228950464286807e+00 3.163772098868492755e+00 9.349179235945986877e-02 3.037422611442978759e+00 3.297747166960329768e+00
6.119597989949748795e-01 1.364550192268003045e-02 7.809920380197690748e-04 1.197243402959482193e-02 1.480703675987267258e-02 5.142320382357544739e-01 2.265615286646567583e-02 4.720715252568292719e-01 5.410090900059006946e-01 2.703652897057569504e+00 8.363859479086649396e-02 2.586346328473124956e+00 2.816778120259367579e+00 3.147532716761932026e+00 9.362594895867715206e-02 3.035046197847663940e+00 3.287889210026345044e+00
6.169346733668341631e-01 1.339781693310249620e-02 7.943779711337682105e-04 1.188977404839212937e-02 1.472641333377900166e-02 5.093993120290438714e-01 2.120477558471885182e-02 4.701243849804147557e-01 5.325643839925213729e-01 2.689741783068288150e+00 8.226688208638401056e-02 2.589113211059359987e+00 2.809119832637691161e+00 3.137423993458085203e+00 9.400645538545673863e-02 2.998054058829127566e+00 3.274610069103459420e+00
6.219095477386934467e-01 1.345576290885655904e-02 7.482794815426278444e-04 1.198724016624084371e-02 1.462862853954726393e-02 5.056977991147839635e-01 2.156390663103058269e-02 4.693320682314722214e-01 5.312180270279446281e-01 2.674876162880020836e+00 8.194210861848233440e-02 2.579280611509098264e+00 2.800885415670095746e+00 3.126829335338069615e+00 9.623984836109546193e-02 2.985227792742183972e+00 3.270224490301185227e+00
6.268844221105528414e-01 1.316163141419319539e-02 7.001315457836583891e-04 1.199997413484348019e-02 1.438936666825577602e-02 5.008040382387057843e-01 1.919570137996468723e-02 4.682785751674253816e-01 5.233535674231544199e-01 2.663471430631233261e+00 8.060652460928305341e-02 2.567898328518229523e+00 2.792294938384133118e+00 3.107324829198506499e+00 1.024860931491035354e-01 2.966476357752855009e+00 3.255414617948098499e+00
6.318592964824121250e-01 1.333044753216324797e-02 7.386986099216734771e-04 1.201753174479983782e-02 1.477624331470753401e-02 4.980335909465061772e-01 2.031341560813696920e-02 4.654784275730852738e-01 5.212092168294722994e-01 2.654081313261709152e+00 8.276976432748753276e-02 2.535179740094154699e+00 2.778388319887909574e+00 3.097540537903610947e+00 1.030980910364245606e-01 2.933383263693071008e+00 3.254115295156728038e+00
6.368341708542714086e-01 1.308737659508640502e-02 6.677158861089527468e-04 1.200223416546762449e-02 1.448510869553532900e-02 4.930848640911314473e-01 2.058833321914562905e-02 4.565056286163373112e-01 5.174571433946092425e-01 2.639289971224394016e+00 8.591652422507095599e-02 2.531397696850949508e+00 2.775475866255191715e+00 3.082649339139471145e+00 1.065547339282507944e-01 2.907951521109765736e+00 3.240777346030494055e+00
6.418090452261306922e-01 1.308222237001319468e-02 6.625271764919877940e-04 1.200204226558101474e-02 1.437847158948574525e-02 4.884547139373456304e-01 1.867529858833334375e-02 4.574225829338537941e-01 5.134055318762583697e-01 2.626751658377040499e+00 8.820421825801551263e-02 2.510499926084009736e+00 2.761779776632022010e+00 3.063908510747783254e+00 1.032544923897821126e-01 2.901630980165245344e+00 3.227062541455672839e+00
6.467839195979899758e-01 1.285600140124195691e-02 6.383664344949127253e-04 1.176806856904347338e-02 1.411434513805530193e-02 4.846383518129564472e-01 1.751723392915763983e-02 4.580520455950276015e-01 5.105821679018072157e-01 2.614333147012658731e+00 8.910941609116654338e-02 2.478453249825661953e+00 2.750921937673972195e+00 3.048701131445880286e+00 9.913824270723996246e-02 2.889840758832399992e+00 3.206420425475498437e+00
6.517587939698492594e-01 1.302447981058312346e-02 6.305599376453671027e-04 1.192448374852487537e-02 1.423169389723358269e-02 4.813041855882662645e-01 1.703478141795373296e-02 4.554449796835503550e-01 5.068094572958883326e-01 2.601550412819473301e+00 9.224627044582699165e-02 2.460832135065594617e+00 2.747373344217398650e+00 3.033351269220367907e+00 9.567993977911752601e-02 2.884093787241834406e+00 3.188549013789900854e+00
6.567336683417085430e-01 1.279941088297937082e-02 6.385467207206793529e-04 1.162969502740416293e-02 1.422733288327894356e-02 4.770233969171502331e-01 1.516770566761541268e-02 4.546800340586860667e-01 5.019923306180873457e-01 2.586806178490045571e+00 8.450332422275878830e-02 2.458114545103478932e+00 2.724289549165637592e+00 3.011190193748669142e+00 9.539209502725191914e-02 2.865482178340707176e+00 3.151447386640496173e+00
6.617085427135678266e-01 1.285271282059057517e-02 5.744199263171262523e-04 1.173648743203456815e-02 1.387487307176982383e-02 4.738861866374046161e-01 1.612066667422010213e-02 4.465671585357469109e-01 4.966911252826007872e-01 2.574225123441974183e+00 8.361271912276783957e-02 2.446476241397640639e+00 2.715166458637341851e+00 2.996828554640186049e+00 9.491421542454428484e-02 2.863652104531361431e+00 3.140848976453976871e+00
6.666834170854271102e-01 1.295701307654682777e-02 6.492133024702869282e-04 1.176619169295559271e-02 1.441646813879410814e-02 4.710265614104328646e-01 1.557028857744262307e-02 4.427978323833240415e-01 4.935430929296880653e-01 2.556322348300499758e+00 8.017911844191133452e-02 2.436689931947737975e+00 2.686117535384156430e+00 2.970483281944776621e+00 9.533454926884531166e-02 2.821652481855215555e+00 3.104524181520572412e+00
6.716582914572865048e-01 1.271405600031453621e-02 5.572733531553613479e-04 1.149103740150074840e-02 1.373737584704290415e-02 4.672327922901978181e-01 1.636293643388940164e-02 4.408292022252047193e-01 4.897335561247668223e-01 2.540743873346738901e+00 8.036585801862268508e-02 2.421043987662230723e+00 2.662334793314089953e+00 2.946420762277909500e+00 9.162435143682624850e-02 2.808704757588900147e+00 3.089022043058273326e+00
6.766331658291457885e-01 1.283370476665614268e-02 5.558216829286010026e-04 1.170490400590717787e-02 1.360948381463223354e-02 4.636603216017960993e-01 1.638128754826834871e-02 4.368573747557130127e-01 4.862744318348394268e-01 2.525295796560489858e+00 8.294246209941011361e-02 2.417381820761675293e+00 2.659404447668320071e+00 2.926113463338895215e+00 9.108113231328686388e-02 2.797301823833091117e+00 3.067645622416980355e+00
6.816080402010050721e-01 1.257842401005264919e-02 5.492713453191502750e-04 1.152433163604612253e-02 1.333158075239852802e-02 4.602678136836481637e-01 1.648519751417351631e-02 4.345303570011151417e-01 4.854825601973066784e-01 2.499563957654331148e+00 7.798529077732387071e-02 2.386901080242969098e+00 2.628199040737244196e+00 2.910799914065941962e+00 9.047154362224950341e-02 2.784199677943982376e+00 3.048007556764820158e+00
6.865829145728643557e-01 1.263536528414027638e-02 5.006001976742606658e-04 1.139945984354691355e-02 1.326972926427896250e-02 4.569928976863931180e-01 1.587603505825099445e-02 4.324437006052694876e-01 4.819349653508915310e-01 2.480618127317658406e+00 7.919057962590288213e-02 2.374744928222092710e+00 2.610264956942494052e+00 2.888883038484332921e+00 8.907519347887137007e-02 2.759873963002488217e+00 3.028487857966160046e+00
6.915577889447236393e-01 1.241561315139931912e-02 4.889334244433674861e-04 1.144235321641914709e-02 1.309690517221574410e-02 4.538781072714546672e-01 1.465213034846337033e-02 4.317980348428373527e-01 4.770006042474601582e-01 2.465629563587456552e+00 7.903623966481237995e-02 2.363800878513541814e+00 2.595279585932423139e+00 2.868633962546210281e+00 8.628959069179098496e-02 2.729807012759069451e+00 2.993010921211263664e+00
6.965326633165829229e-01 1.248760514079383377e-02 5.682768759480558889e-04 1.151018778460678738e-02 1.311703883855694364e-02 4.503559902894328504e-01 1.515322316050365763e-02 4.258581315309117321e-01 4.739566976836476764e-01 2.449900094464816380e+00 7.517934654667182692e-02 2.349219743401450788e+00 2.572165431599505947e+00 2.843013942130274696e+00 8.238072724300164740e-02 2.714387805813128995e+00 2.965062657577947292e+00
7.015075376884422065e-01 1.232290929472617223e-02 5.002866459931637607e-04 1.146039031246056522e-02 1.294872258507425919e-02 4.470808232595595011e-01 1.490429531387469676e-02 4.230117590096264535e-01 4.709725444664920602e-01 2.431709513766858954e+00 7.443814425563191617e-02 2.329887045188996808e+00 2.555341509605426609e+00 2.823490083830222375e+00 8.115679037279402430e-02 2.699028459377128542e+00 2.947205452041954832e+00
7.064824120603014901e-01 1.237296989988212643e-02 5.389591864213881880e-04 1.151834077962458902e-02 1.303490873722037459e-02 4.446905116224065813e-01 1.453419973147813092e-02 4.200060111748078473e-01 4.698581310340368966e-01 2.412578148302060743e+00 7.141197090213780019e-02 2.304063945346974673e+00 2.525109422267536097e+00 2.804323650952015523e+00 7.603859275033686416e-02 2.691163255908075147e+00 2.915358759963611046e+00
7.114572864321608847e-01 1.226312832046908517e-02 5.580745719844058947e-04 1.122106417187367956e-02 1.308138890177525625e-02 4.399485192647762943e-01 1.424865443311222439e-02 4.156456806583957442e-01 4.651298391976626534e-01 2.390172489160199198e+00 6.938728640068114739e-02 2.287049356761559515e+00 2.497751604003438874e+00 2.785104333911688546e+00 7.627626821151775593e-02 2.670967831827904426e+00 2.896067049601553034e+00
7.164321608040201683e-01 1.233167958883216869e-02 5.143552473302187827e-04 1.148493950181922289e-02 1.317628260582878220e-02 4.362922445418235817e-01 1.418989234950600656e-02 4.118126985304515486e-01 4.617694041519888604e-01 2.373008461195472929e+00 6.794255156515564831e-02 2.270330863192705717e+00 2.475736552367914456e+00 2.762212651303821431e+00 7.535293095258754903e-02 2.643569997922237569e+00 2.867861968735534006e+00
7.214070351758794519e-01 1.223749477669048603e-02 5.468224909549236103e-04 1.127195643431880799e-02 1.322557843705329979e-02 4.318101066026742707e-01 1.481971570407447647e-02 4.076623739031970950e-01 4.620385436736619833e-01 2.355702295909532840e+00 6.468388809269105810e-02 2.261390771864808968e+00 2.449713023198596851e+00 2.744747258837871406e+00 7.627579374458570705e-02 2.621798055428782082e+00 2.848497040360433719e+00
7.263819095477387355e-01 1.231932537612720133e-02 6.018494656778762553e-04 1.113584818520188188e-02 1.328029866688929146e-02 4.279294934096765646e-01 1.384097225198998790e-02 4.038347294054299152e-01 4.541118749793497944e-01 2.335680829251162827e+00 6.507587544951649872e-02 2.233120286944703103e+00 2.431630984722464639e+00 2.722412201867418169e+00 7.531647506581927443e-02 2.604358483222005027e+00 2.831893832882475870e+00
7.313567839195980191e-01 1.225411230714092484e-02 6.117203149422060539e-04 1.103314469720751909e-02 1.330959343162551288e-02 4.240786294307487547e-01 1.266456650969381877e-02 4.003689653435279494e-01 4.468738040712068593e-01 2.318793554734330797e+00 6.524641700284089518e-02 2.217829027070616910e+00 2.407723197649663138e+00 2.704732652200811494e+00 7.531814444501991335e-02 2.586542923427124663e+00 2.827549579872215446e+00
7.363316582914573027e-01 1.229241446879668354e-02 5.835954856132829962e-04 1.119811361063228518e-02 1.339246967939616839e-02 4.206943091272529744e-01 1.164497949891049426e-02 3.997047386919558853e-01 4.416374887896532542e-01 2.301279171521911415e+00 6.554986449781446955e-02 2.206693836650193585e+00 2.397374075100111135e+00 2.686121184980792442e+00 7.303407680249274225e-02 2.578112105343626670e+00 2.805656199373880888e+00
7.413065326633165864e-01 1.220454843576610979e-02 6.118140353119715753e-04 1.101668330224546931e-02 1.334595437829900338e-02 4.168465502389041566e-01 1.206122166792529711e-02 3.971131719637505109e-01 4.408711286544386154e-01 2.282739741106310838e+00 6.541159310319479003e-02 2.181690518695410308e+00 2.380896472702793254e+00 2.666082275039332927e+00 7.000579143383041381e-02 2.560831157443948403e+00 2.776369363754588093e+00
7.462814070351758700e-01 1.231026508407236444e-02 6.436536752452663842e-04 1.106564651998614805e-02 1.348268910734949644e-02 4.115681130561014700e-01 1.193889673453311755e-02 3.910023194880040132e-01 4.348733228079739166e-01 2.267635059931142116e+00 6.348694818742095514e-02 2.169525160816951459e+00 2.374567133811734010e+00 2.644494644158197350e+00 6.999631450579439640e-02 2.539931930674268923e+00 2.763753133189401634e+00
7.512562814070351536e-01 1.220779231763858760e-02 6.888322783128330738e-04 1.097635192756951303e-02 1.347740900541609041e-02 4.085391929688342860e-01 1.187013648730530710e-02 3.903113682253765426e-01 4.329619667813204287e-01 2.250920051740087580e+00 6.142484216831571586e-02 2.160619085772418124e+00 2.339647306352476974e+00 2.621806608535949490e+00 6.815510966305958485e-02 2.516742489396298854e+00 2.736969345788299091e+00
7.562311557788945482e-01 1.226533679677938374e-02 6.358736069119007425e-04 1.108513546893217031e-02 1.346162135689923933e-02 4.048792525937398024e-01 1.150041673993901573e-02 3.884717023693487481e-01 4.309583716792402264e-01 2.231031669923007943e+00 5.973992282707270285e-02 2.140377118641379361e+00 2.324103461668222792e+00 2.600288936195249700e+00 6.589184514778193003e-02 2.496295605574969656e+00 2.723944069222353992e+00
7.612060301507538318e-01 1.219379653318221172e-02 6.534045741329725081e-04 1.107395643990879627e-02 1.342491358354602413e-02 4.008114638240115601e-01 1.156504428897825801e-02 3.834125588015747654e-01 4.257304774550068616e-01 2.212365441989980752e+00 5.823756517974561231e-02 2.123069662568982441e+00 2.307708970102848589e+00 2.581406702264556152e+00 6.402669016202298946e-02 2.477678057725503535e+00 2.703347158136432782e+00
7.661809045226131154e-01 1.224436725855168606e-02 7.144353890111514432e-04 1.108451138095030084e-02 1.357036628218614462e-02 3.974155163418466863e-01 1.251656688009631334e-02 3.760340880717494283e-01 4.231793018764937186e-01 2.191836384614394895e+00 5.554139519838414280e-02 2.110444983803662300e+00 2.289400548606002950e+00 2.560520545258528013e+00 6.447274088606368136e-02 2.464108414217784482e+00 2.682406014548553763e+00
7.711557788944723990e-01 1.214618687672668583e-02 7.325982868085310212e-04 1.108285107103762664e-02 1.349409740878233441e-02 3.934603171440470559e-01 1.271119272843472710e-02 3.737745104740454183e-01 4.198031552462427318e-01 2.174693863646345537e+00 5.422247822744066109e-02 2.089293964425410266e+00 2.271316813903679233e+00 2.534236747782734778e+00 6.157265532670281455e-02 2.438013527606611497e+00 2.647285291438603139e+00
7.761306532663316826e-01 1.224100686052915013e-02 6.665988201945564949e-04 1.120372498993144582e-02 1.354435737374009435e-02 3.892039014340210601e-01 1.383564552197556752e-02 3.679675416505631125e-01 4.184261533523884746e-01 2.157494313902668548e+00 5.283502219197073330e-02 2.076575407723503019e+00 2.252788683915410761e+00 2.511231252834072336e+00 5.752993618652251645e-02 2.423110436583305383e+00 2.613397129742707214e+00
7.811055276381909662e-01 1.227601467379413162e-02 7.396502919853524625e-04 1.118920829387184436e-02 1.363911062251388362e-02 3.862884835503237468e-01 1.373214881649059346e-02 3.645930540974038903e-01 4.155142366412333810e-01 2.137354840245101251e+00 5.143531984347232688e-02 2.061147495887701186e+00 2.227467565313605569e+00 2.490800875116938151e+00 5.565035885120037801e-02 2.410804796777220815e+00 2.597270440928137081e+00
7.860804020100502498e-01 1.211202103750716463e-02 6.681730385028086762e-04 1.099567330408974045e-02 1.341265990401955578e-02 3.813696255304348526e-01 1.306919097359651727e-02 3.601182632994182620e-01 4.067121327858864155e-01 2.115670190012147955e+00 5.032607070499649227e-02 2.033251794604550966e+00 2.196946417449744615e+00 2.464653798774395721e+00 5.152864446409329696e-02 2.392943007671889610e+00 2.559745049405818929e+00
7.910552763819095334e-01 1.226613855285419927e-02 6.807152306786715080e-04 1.118906782126945915e-02 1.363998089627808073e-02 3.777763573972152678e-01 1.358250719275630285e-02 3.571664576461014429e-01 4.047940138264288223e-01 2.096150004139950340e+00 4.714067316651981976e-02 2.029340996277976039e+00 2.182939785247592468e+00 2.443299623055307901e+00 5.050670273971073071e-02 2.373327717033590911e+00 2.534135791481790356e+00
7.960301507537689281e-01 1.205725269402977903e-02 6.278909717492714166e-04 1.103116675606857951e-02 1.348416707719199414e-02 3.742133925896992119e-01 1.312204675811260053e-02 3.525554369549130374e-01 3.986651806820836197e-01 2.075917819278794596e+00 4.216672327705065643e-02 2.019252795700980485e+00 2.147802446700332268e+00 2.422429042981996794e+00 5.137698881735346806e-02 2.355101415543968901e+00 2.519503069639040582e+00
8.010050251256282117e-01 1.206740734573250387e-02 6.175970131506834529e-04 1.094260501978793279e-02 1.332560615196014785e-02 3.703338414931247047e-01 1.230156851953507526e-02 3.498170222528910189e-01 3.929313497572584080e-01 2.054934217885638237e+00 4.313462409827945737e-02 1.997956514179386023e+00 2.126640454403317726e+00 2.396472552025630698e+00 5.266915796121415805e-02 2.327438318284357877e+00 2.496595416204392848e+00
8.059798994974874953e-01 1.191776128040763529e-02 5.468655321536077495e-04 1.095284902424945722e-02 1.315619415745254012e-02 3.675062042792133776e-01 1.270673395474054314e-02 3.476568825499781190e-01 3.918818272563062144e-01 2.037921670145610431e+00 4.409677477463128104e-02 1.983864081179886885e+00 2.113944603329759087e+00 2.371000548378568773e+00 5.106897727120172231e-02 2.310051139333737957e+00 2.469670606035346605e+00
8.109547738693467789e-01 1.197207178640987031e-02 5.735096554233623262e-04 1.103161594210867735e-02 1.327495214111358568e-02 3.642769832175877243e-01 1.250293863094671144e-02 3.445413732289503983e-01 3.875314351442928906e-01 2.016304984465965067e+00 4.386590322210616455e-02 1.963792531033105027e+00 2.092528004644813588e+00 2.353048934383126234e+00 5.092203300376590275e-02 2.293905178064072015e+00 2.452842170613357187e+00
8.159296482412060625e-01 1.180823713810478896e-02 3.883248324759720586e-04 1.106030414022681624e-02 1.247340225613090964e-02 3.599178729070867666e-01 1.223166316410309075e-02 3.409594843109609030e-01 3.840643248969854429e-01 1.990643276240125603e+00 4.283333128663412842e-02 1.941452784005994969e+00 2.065932278226608076e+00 2.327056373117060595e+00 5.538572373779202668e-02 2.253030110964511668e+00 2.430610470164692671e+00
8.209045226130653461e-01 1.188375883282202436e-02 4.799645469625661554e-04 1.105476231056463574e-02 1.294510615657043333e-02 3.556815573937030517e-01 1.200808412343273152e-02 3.375504261974551778e-01 3.801948105772468001e-01 1.974151798902273880e+00 4.360378842878546296e-02 1.924717009895175579e+00 2.048977618257933564e+00 2.302029908070932329e+00 5.543921803050590180e-02 2.232109578915549175e+00 2.401204642943669310e+00
8.258793969849246297e-01 1.173517421987298193e-02 3.534942350135319511e-04 1.099174402961668878e-02 1.230182532759630833e-02 3.524025238925311831e-01 1.163386268221965926e-02 3.343978454622047458e-01 3.751551227252298837e-01 1.953802843996571781e+00 4.315521785482499817e-02 1.911122933373932797e+00 2.028245280374520121e+00 2.279205829613553558e+00 5.646135761550934856e-02 2.205351002819017303e+00 2.380600888384619029e+00
8.308542713567839133e-01 1.176256401587571360e-02 2.991907853076716610e-04 1.116154153682778934e-02 1.225535911824101112e-02 3.490910146543206305e-01 1.159070312831310227e-02 3.328987672799829656e-01 3.718306891407818782e-01 1.931313702955290923e+00 4.655968611914241412e-02 1.878887547202315433e+00 2.008655454962670284e+00 2.251034015500954943e+00 5.487627449740868635e-02 2.181052757140632625e+00 2.349317963746166971e+00
8.358291457286431969e-01 1.166201406691076865e-02 2.741751255235550205e-04 1.108916441237390270e-02 1.201826632680452409e-02 3.460364135595052071e-01 1.021054686700315767e-02 3.315791856341652188e-01 3.630990016011581556e-01 1.912148843999584624e+00 4.641070502544031307e-02 1.860517235928981439e+00 1.990684052600447229e+00 2.227831818088995774e+00 5.378595854346648886e-02 2.159032819316252905e+00 2.318434105054230976e+00
8.408040201005025915e-01 1.172444606550075534e-02 2.771706727499491504e-04 1.109951391198073060e-02 1.198699986757115719e-02 3.428096866402300935e-01 9.573936021866989027e-03 3.299895365223298738e-01 3.568901326526228157e-01 1.887081534475485878e+00 4.500160752714774809e-02 1.835822593640970890e+00 1.962972548216483704e+00 2.206337812441272472e+00 5.568073437630745304e-02 2.135196429506271976e+00 2.301160347649866988e+00
8.457788944723618751e-01 1.159768698638261389e-02 2.498383907602167754e-04 1.115774015245176928e-02 1.197400956158490778e-02 3.397571895260711461e-01 9.735470287982724014e-03 3.252157237298675674e-01 3.540217373239100684e-01 1.865962800342337191e+00 4.438863657112778610e-02 1.809967662028950430e+00 1.933236678472968650e+00 2.184645783595004165e+00 5.145009682810078311e-02 2.115241741041815615e+00 2.275445254908003090e+00
8.507537688442211588e-01 1.169413461839284400e-02 2.531965779361808658e-04 1.121596639292280796e-02 1.206917519385762409e-02 3.367229187275019853e-01 8.977845044049992743e-03 3.245397573300485283e-01 3.534351857515254380e-01 1.846598311260661429e+00 4.547836057876013249e-02 1.790859136836673970e+00 1.920675271798234718e+00 2.161389096311919555e+00 5.100198844528163605e-02 2.097893479734984190e+00 2.249029960430554809e+00
8.557286432160804424e-01 1.162850531325379175e-02 2.455975639391913112e-04 1.127419263339384664e-02 1.206078447869265817e-02 3.330318773392829668e-01 8.248370071321831781e-03 3.215992616779382862e-01 3.495063715042983077e-01 1.828201316807532395e+00 4.376150789201585511e-02 1.772796750173026625e+00 1.897120880186489389e+00 2.137447339896457521e+00 4.982421636844232282e-02 2.072078618049129961e+00 2.215945761431004524e+00
8.607035175879397260e-01 1.161674905882933637e-02 2.398839224288728210e-04 1.131085566548221608e-02 1.211567843270271172e-02 3.289808631421589080e-01 8.114501746300500223e-03 3.166027863254993191e-01 3.446050429150496752e-01 1.807839322191054920e+00 4.148681177136100823e-02 1.753342621720894723e+00 1.870688961991840982e+00 2.112386537360755767e+00 4.790569499821362154e-02 2.048401008364521214e+00 2.184986806207375398e+00
8.656783919597990096e-01 1.154977869321872908e-02 2.520656643076941874e-04 1.132526937095216374e-02 1.214345543106384699e-02 3.253571574445969228e-01 8.363430267011921077e-03 3.123122103334151634e-01 3.412425635452826511e-01 1.785565729281020086e+00 4.015083410095963978e-02 1.726345180615173724e+00 1.842023308884925825e+00 2.087441417091247864e+00 4.524501619458790730e-02 2.022548381292820885e+00 2.155077818192586925e+00
8.706532663316582932e-01 1.159651501460946463e-02 2.189710514677281790e-04 1.132651228291564789e-02 1.199197470659858593e-02 3.235197786131133180e-01 8.767672104737835384e-03 3.094000930245928149e-01 3.402187390481308804e-01 1.763891718569800648e+00 3.835292135981107492e-02 1.707132250223869940e+00 1.827305321874009181e+00 2.060167410508309427e+00 4.303462116745768173e-02 1.999851973085307488e+00 2.129091841862578605e+00
8.756281407035175768e-01 1.143962493011755656e-02 2.227385234020134563e-04 1.110020090187992942e-02 1.185243399714637665e-02 3.201570589726506766e-01 8.163719239387553020e-03 3.070115640084314368e-01 3.370095881131836002e-01 1.742495172937906789e+00 3.636876981822724508e-02 1.695284019674231590e+00 1.799346958077687519e+00 2.035755497508738632e+00 4.062803057354928693e-02 1.979849747891937017e+00 2.104080909246034636e+00
8.806030150753769714e-01 1.148854724521928931e-02 2.595114950032697404e-04 1.116541247589188449e-02 1.206169577071453634e-02 3.168322658208109210e-01 8.599920103508764541e-03 3.036256730628274503e-01 3.351792277004036480e-01 1.720274935080408962e+00 3.586428668477703585e-02 1.671232462652883388e+00 1.776412434177388144e+00 2.013660353994365160e+00 4.076463652539746851e-02 1.952860968796561458e+00 2.083647325654935933e+00
8.855778894472362550e-01 1.130941650946551760e-02 3.041727802161649642e-04 1.079721616578370284e-02 1.183300582515525723e-02 3.147740155828369080e-01 8.578369517512406811e-03 3.041107331895797072e-01 3.335329214401110964e-01 1.696990153791329892e+00 3.384322530623773417e-02 1.652336742235979150e+00 1.752461160529759976e+00 1.989180740773576872e+00 3.870521507147607621e-02 1.931209879666485163e+00 2.051123462283341858e+00
8.905527638190955386e-01 1.141625858474030683e-02 2.461769399548544251e-04 1.108485535808814357e-02 1.188876400411685401e-02 3.104900537416509509e-01 8.116098694408076589e-03 2.990652954833374899e-01 3.291309317327233974e-01 1.676374574221571878e+00 3.265506246371920746e-02 1.628637728380923466e+00 1.731040316096490894e+00 1.966707351653238733e+00 3.415395906904718226e-02 1.916486225054990555e+00 2.019592923054511768e+00
8.955276381909548222e-01 1.140303589274634793e-02 3.096277233892417188e-04 1.087048752618313512e-02 1.193328002561113918e-02 3.072844243743844128e-01 8.299650347616613008e-03 2.950842579178019065e-01 3.270423152788069499e-01 1.655770243011740472e+00 3.119957750528038962e-02 1.605344229686259894e+00 1.705841641720396540e+00 1.941966653975461199e+00 3.765117158179911300e-02 1.889708925096241110e+00 2.004761387440392451e+00
9.005025125628141058e-01 1.130885420602039185e-02 3.297013439116737769e-04 1.087648534976605116e-02 1.197779604710542262e-02 3.045362356747492449e-01 8.077183344629269499e-03 2.921444047045678727e-01 3.229756702824738146e-01 1.633806911952567997e+00 2.907854752898542811e-02 1.587819935167692043e+00 1.679520142007447703e+00 1.919337539392282022e+00 3.825087742048812606e-02 1.864304997237779205e+00 1.984962443826385314e+00
9.054773869346733894e-01 1.139017059292917258e-02 3.168188990361294117e-04 1.091050625441005242e-02 1.204513214682358807e-02 3.008377985782424435e-01 7.270219708656699802e-03 2.908732090918255686e-01 3.164747912610751390e-01 1.612720608300852287e+00 3.159388446629763508e-02 1.569043183007240883e+00 1.663255896101992981e+00 1.894870663688507317e+00 3.846279571547404907e-02 1.835584452062653193e+00 1.967510415538823221e+00
9.104522613065326730e-01 1.125847890221168962e-02 3.172740302344160298e-04 1.094396556437064912e-02 1.197006266853202841e-02 2.981209368693210626e-01 6.478760022891091874e-03 2.888080214760736508e-01 3.125138681546613673e-01 1.592862646075337896e+00 3.333649760360474223e-02 1.548555472889771467e+00 1.644424108535233131e+00 1.870930901073843300e+00 3.588632260631382381e-02 1.807609274363981777e+00 1.934191486347701883e+00
9.154271356783919567e-01 1.129911908842626614e-02 3.827943070284689953e-04 1.073743427449117341e-02 1.209597971398125582e-02 2.947765680416504774e-01 4.767194325465485931e-03 2.870085153590710703e-01 3.031857612309259986e-01 1.568885946890617777e+00 3.160730904182387779e-02 1.527397367221789093e+00 1.619068123803722115e+00 1.846241444051937020e+00 3.371892059267272285e-02 1.787676777995835353e+00 1.903200742376855770e+00
9.204020100502512403e-01 1.118927953966910790e-02 3.824399043741814343e-04 1.069264590952974381e-02 1.201246803338781519e-02 2.908971897833957376e-01 4.958830764769691160e-03 2.839293427835504202e-01 3.006969401980754131e-01 1.547880798034144023e+00 2.904070919483794921e-02 1.495103405938102314e+00 1.588024169509883787e+00 1.818791675130297492e+00 3.353429465464759923e-02 1.757825048700594639e+00 1.872356851746507456e+00
9.253768844221106349e-01 1.122724774956178687e-02 3.509208619529826300e-04 1.077866691542343769e-02 1.201957746344353532e-02 2.870896449839761555e-01 5.070636483152505744e-03 2.798297596154489253e-01 2.960579600088992791e-01 1.522588817783884441e+00 2.751708096033591081e-02 1.476720855372259722e+00 1.563798814580301011e+00 1.794700792972272696e+00 3.312932790699456981e-02 1.731682075078746053e+00 1.849185839159922962e+00
9.303517587939699185e-01 1.114880201500597669e-02 3.583532799235418682e-04 1.074566489187503242e-02 1.203988719912103128e-02 2.840928635100196109e-01 5.326752188987091303e-03 2.764398041508472348e-01 2.944504340493481198e-01 1.500724049423189932e+00 2.567641062347332179e-02 1.454306202123128777e+00 1.536099660228092301e+00 1.769609514823957452e+00 3.310515690573832132e-02 1.708238044882038009e+00 1.825825373698932497e+00
9.353266331658292021e-01 1.117852667442252243e-02 3.746363698439603303e-04 1.073914940264609867e-02 1.199359329452220208e-02 2.806958431735837034e-01 4.986106451465411628e-03 2.731993510167352590e-01 2.906483505462913453e-01 1.478646225509465673e+00 2.728727008804629137e-02 1.430149070191183203e+00 1.517939061263395173e+00 1.742524431094987447e+00 2.921460285618416794e-02 1.686853583538014067e+00 1.791033369110151208e+00
9.403015075376884857e-01 1.111147024294517269e-02 3.176919619138530862e-04 1.070936631998032143e-02 1.184767377673693993e-02 2.770390878031753212e-01 4.959532100836030501e-03 2.697168296073039206e-01 2.873622522107214805e-01 1.453687323634719419e+00 2.615074115716262138e-02 1.405828416989506335e+00 1.493347510891078533e+00 1.714253798723994082e+00 2.965659068760988226e-02 1.662016734233155102e+00 1.768221391004677123e+00
9.452763819095477693e-01 1.116819844144145354e-02 3.249399335541964043e-04 1.079966846786137996e-02 1.198313777684810628e-02 2.742814236939961625e-01 4.846356094567560828e-03 2.673491158718020455e-01 2.835455016938642769e-01 1.427714865802689026e+00 2.585277003362204673e-02 1.383587268963395456e+00 1.468114320612945001e+00 1.687362847720083936e+00 3.061088962776387090e-02 1.633503672202431645e+00 1.740077402696329933e+00
9.502512562814070529e-01 1.111146434815029303e-02 2.296133219905859804e-04 1.078142801506658949e-02 1.163429167506922594e-02 2.704585209249576461e-01 4.191885780916728213e-03 2.649441379726970025e-01 2.791656345658945493e-01 1.401006324026977889e+00 2.724361796123668869e-02 1.355855202084793154e+00 1.445485587248465986e+00 1.659120520672619392e+00 2.895258041253707601e-02 1.609892143599951364e+00 1.706195824306608433e+00
9.552261306532663365e-01 1.113233653327654060e-02 2.455605027148210790e-04 1.079786827367492687e-02 1.168073953682579637e-02 2.666581290085639488e-01 4.320327411201778899e-03 2.595763890513846373e-01 2.746310205492039636e-01 1.376382326414993251e+00 2.623365143557473619e-02 1.337530452086084454e+00 1.411927643861380366e+00 1.628444845272439823e+00 2.683003412259350393e-02 1.583879578416190093e+00 1.667165734792655396e+00
9.602010050251256201e-01 1.107083219960309541e-02 1.791065864848543634e-04 1.084026802189536065e-02 1.135440114672994251e-02 2.620806254130123025e-01 3.787938049201523740e-03 2.555271151787137374e-01 2.677563515015633500e-01 1.348833802079265620e+00 2.401518949934259434e-02 1.309350096351880932e+00 1.381359761374018058e+00 1.599977370430524681e+00 2.393609115149707839e-02 1.556375485926653202e+00 1.628382376902137718e+00
9.651758793969849037e-01 1.111726599005207969e-02 1.787556373777922608e-04 1.088550981969511888e-02 1.149380030506807690e-02 2.583189767320065999e-01 3.105326122359225449e-03 2.534612647627492721e-01 2.625071399941230066e-01 1.321499681223628819e+00 1.994889036936990309e-02 1.284069386957606973e+00 1.345753888281390642e+00 1.567556582901432183e+00 1.710453412028022438e-02 1.536088013354078630e+00 1.589578913413966177e+00
9.701507537688442984e-01 1.104191133525182257e-02 1.793639853815890252e-04 1.074655739548071101e-02 1.137338533948195271e-02 2.535524187578217514e-01 3.183783701789160998e-03 2.487917704286054521e-01 2.583930760730863141e-01 1.291215041147539377e+00 1.470428237950011791e-02 1.264613557908232488e+00 1.308527427347214500e+00 1.534328714716022724e+00 1.701535280121954999e-02 1.503823576658618322e+00 1.555258046809428807e+00
9.751256281407035820e-01 1.107232063722608448e-02 1.444015995194616376e-04 1.087174784676600212e-02 1.126803830560410905e-02 2.483075473036047143e-01 4.727713924276530887e-03 2.405644701928644769e-01 2.557052473557418493e-01 1.259226766659436114e+00 1.430105077592753147e-02 1.231577251709052412e+00 1.277228692477562211e+00 1.499943179739215093e+00 1.500942190872954669e-02 1.475607960974433919e+00 1.520028620331810298e+00
9.801005025125628656e-01 1.097965396407165652e-02 1.237207273597749641e-04 1.077586303271133722e-02 1.116251203266230979e-02 2.418914719560968096e-01 4.183367264654584174e-03 2.345778852287258021e-01 2.505887449208547557e-01 1.225117033379295339e+00 1.241359819060037714e-02 1.207727567719604433e+00 1.242226356631233486e+00 1.463633913430243627e+00 1.120152051302194911e-02 1.447810546716319369e+00 1.477939343765493740e+00
9.850753768844221492e-01 1.102962160526256216e-02 1.154684468080930738e-04 1.081033961270416906e-02 1.117084862390659537e-02 2.358840399521576481e-01 3.052485511979460310e-03 2.302795440796221449e-01 2.412337451158530766e-01 1.189586518798542603e+00 1.017442815704801620e-02 1.175649790094749791e+00 1.203496194904673633e+00 1.420462972736779239e+00 9.989310076867744317e-03 1.404921872123173099e+00 1.434751283265215838e+00
9.900502512562814328e-01 1.092833548747603953e-02 9.983377401299465268e-05 1.081906302184321503e-02 1.112146183999324772e-02 2.292456096207029503e-01 2.679392540711088375e-03 2.244332012944767474e-01 2.332069006093389074e-01 1.147526547389494223e+00 7.563912212143464146e-03 1.132889076392746164e+00 1.159827616506996284e+00 1.371246135431068325e+00 9.048684885657626645e-03 1.351540818649122011e+00 1.380527648882304836e+00
9.950251256281407164e-01 1.094012849435408406e-02 6.062631291214321666e-05 1.083789231179132367e-02 1.102152698892073721e-02 2.228463419577361437e-01 3.063194594018814158e-03 2.169080220740287335e-01 2.268389159257918064e-01 1.097319291030134147e+00 7.494768657478948631e-03 1.084486350602201110e+00 1.108539139045624289e+00 1.316122548585933583e+00 7.614580627425114601e-03 1.299337788603794897e+00 1.324440375991433383e+00
1.000000000000000000e+00 1.099541674022022630e-02 1.064107155168276782e-04 1.087871073528751120e-02 1.120102088417580972e-02 2.146453080973013683e-01 4.745390745044995797e-04 2.141317983879890696e-01 2.156950792013050400e-01 1.011061859318727274e+00 3.056781978873978137e-03 1.007575470019813402e+00 1.018251735699846616e+00 1.230813874457019841e+00 1.168734686244424833e-03 1.229501368731016342e+00 1.233853312212878972e+00
