# signal_efficiencies		0sq-mean	0sq-std	0sq-min	0sq-max	1sq-mean	1sq-std	1sq-min	1sq-max	2sq-mean	2sq-std	2sq-min	2sq-max	all-mean	all-std	all-min	all-max
1.000000000000000021e-02 2.937578379841377686e-03 8.832269879810227074e-04 1.327790340779898791e-03 3.755558215837853653e-03 5.613481751507697071e-02 2.328816175486018644e-02 0.000000000000000000e+00 7.432428545248630225e-02 2.647211102562376794e-01 1.103760016694400187e-01 0.000000000000000000e+00 3.515917834446296020e-01 3.237061966699116278e-01 1.348323260953850633e-01 0.000000000000000000e+00 4.296716271129537579e-01
1.497487437185929596e-02 4.170401303770278692e-03 1.229195274878461122e-03 1.988349354534722693e-03 5.623901247837589587e-03 8.414182106996841159e-02 3.479111384730784740e-02 0.000000000000000000e+00 1.112996837429191671e-01 3.973247097067041378e-01 1.647864197263937402e-01 0.000000000000000000e+00 5.265042787261287049e-01 4.857342691033162407e-01 2.013289689446663977e-01 0.000000000000000000e+00 6.434278637168855397e-01
1.994974874371859344e-02 4.944493173139738983e-03 2.120390481262045181e-03 2.561087716573553184e-04 7.492244279837326389e-03 1.079884553240565426e-01 4.470336110762949261e-02 0.000000000000000000e+00 1.482750820333520458e-01 5.299283091571707072e-01 2.192023894244312376e-01 0.000000000000000000e+00 7.014167740076279189e-01 6.477623415367207427e-01 2.678313315128290628e-01 0.000000000000000000e+00 8.571841003208173770e-01
2.492462311557788746e-02 5.555678194485999880e-03 2.081781246264945064e-03 1.668443350637838782e-03 9.360587311837061456e-03 1.321940038561137121e-01 5.401806320448152704e-02 0.000000000000000000e+00 1.852504803237849107e-01 6.540104650360335503e-01 2.681008069164070307e-01 0.000000000000000000e+00 8.763292692891269109e-01 7.927298741604125176e-01 3.247913210428772790e-01 0.000000000000000000e+00 1.070940336924748992e+00
2.989949748743718494e-02 7.135529011683022435e-03 2.563522165564878583e-03 3.080777929618323113e-03 1.053965543041367192e-02 1.515917764958198966e-01 6.396457752817455433e-02 0.000000000000000000e+00 2.222258786142178033e-01 7.479907571743156236e-01 3.046480137692906820e-01 0.000000000000000000e+00 1.051241764570626014e+00 9.054789288577627104e-01 3.705272360187012448e-01 0.000000000000000000e+00 1.284696573528680830e+00
3.487437185929648242e-02 7.118433444143999755e-03 1.956362150627570431e-03 4.101480949832481994e-03 9.826011894833805091e-03 1.700030674121518481e-01 7.638108217628028496e-02 0.000000000000000000e+00 2.592012769046506682e-01 8.413951390147639264e-01 3.529632470831972069e-01 0.000000000000000000e+00 1.226154259852125117e+00 1.022638753588080540e+00 4.324368105264661533e-01 0.000000000000000000e+00 1.498452810132612445e+00
3.984924623115577991e-02 7.669852623464909480e-03 1.684110156360248264e-03 4.515669874412125973e-03 9.597956617219087841e-03 1.898288335598398713e-01 8.877806155495594764e-02 0.000000000000000000e+00 2.961766751950836163e-01 9.304091073123352817e-01 4.107137891381651973e-01 0.000000000000000000e+00 1.401066755133624220e+00 1.126349437306356505e+00 5.038106742149730533e-01 0.000000000000000000e+00 1.712209046736544282e+00
4.482412060301507739e-02 6.775956741788988387e-03 1.247160398132900107e-03 4.929858798991769951e-03 8.398724823674071430e-03 2.054295712118317518e-01 1.000325938059554859e-01 0.000000000000000000e+00 3.331520734855164534e-01 1.021540385015307750e+00 4.688744570646106724e-01 0.000000000000000000e+00 1.575979250415123545e+00 1.245550734845245699e+00 5.745273100136750744e-01 0.000000000000000000e+00 1.925965283340476120e+00
4.979899497487437487e-02 7.615666288706334983e-03 1.564819145672401504e-03 5.398889683290085569e-03 1.111349495706008723e-02 2.303404185146241123e-01 7.273752791332954715e-02 1.430719230001924192e-01 3.701274717759493460e-01 1.092765406041064757e+00 5.011964626724710881e-01 0.000000000000000000e+00 1.750891745696622426e+00 1.305368350446979520e+00 6.025734172487151596e-01 0.000000000000000000e+00 2.139721519944407735e+00
5.477386934673367236e-02 6.974950036271766567e-03 9.095801947664667372e-04 5.594436650867289258e-03 8.096502629900751563e-03 2.463228853126693263e-01 6.888115775919262385e-02 1.509162164331906419e-01 3.606193925412147783e-01 1.132590572742182333e+00 4.246893812928192458e-01 3.758318942049647671e-01 1.925804240978121529e+00 1.402294816778352438e+00 4.600926073242118663e-01 8.102447984987227736e-01 2.353477756548339350e+00
5.974874371859296984e-02 6.966408772788030071e-03 1.076181190723748266e-03 4.870863664363912424e-03 8.429467536114447490e-03 2.558701006688713919e-01 7.074852241648220408e-02 1.570053774663416613e-01 3.967008248811439430e-01 1.243892227790910354e+00 3.114616728642735088e-01 7.937636022759185783e-01 1.875339286839085906e+00 1.526628725109858475e+00 3.779041804814433636e-01 9.582834127202283225e-01 2.140531006523747948e+00
6.472361809045226733e-02 6.777150452363152160e-03 1.006248468963021796e-03 4.770685450730739394e-03 8.700819491786164137e-03 2.489887164543442000e-01 6.162404700274927427e-02 1.700781549004609372e-01 3.652513033677127208e-01 1.333953182350724243e+00 3.785217443770738099e-01 8.254072241922878472e-01 2.175331645661028102e+00 1.608559441311026461e+00 4.621249468652418591e-01 9.961480384663106147e-01 2.653077882083669348e+00
6.969849246231155093e-02 7.471878384543668983e-03 1.071906980703792337e-03 5.613111201899603428e-03 9.197066672485430458e-03 2.365653730913379604e-01 5.274703617575209752e-02 1.689863315742480832e-01 3.333782904342036946e-01 1.318138919900660566e+00 3.535580007345618947e-01 8.663973363084328527e-01 2.080156809100308202e+00 1.574959077373924154e+00 4.007526397641050786e-01 1.058802767148850910e+00 2.374432608295999891e+00
7.467336683417084842e-02 7.095261321413057036e-03 9.569491221620216167e-04 5.637159274154142190e-03 8.760508603739626185e-03 2.332672529975536035e-01 4.271965903019955824e-02 1.755078215360006411e-01 3.011782778889403045e-01 1.288925644533071901e+00 2.951107573783555704e-01 9.282382420723369609e-01 1.832482235489292011e+00 1.514108120560084370e+00 3.351151900981650389e-01 1.115892699219758866e+00 2.126509350080644900e+00
7.964824120603014590e-02 7.371257440460447612e-03 9.972068029123859305e-04 5.661207346408680084e-03 9.198585571126615193e-03 2.318769790374941020e-01 3.237243393843481504e-02 1.872004691349670458e-01 2.771664451233873949e-01 1.231988619524226225e+00 2.519557809820767713e-01 9.259925551904494290e-01 1.665662890461266032e+00 1.456831147665203385e+00 2.813290430281856214e-01 1.106824561024691844e+00 1.924203231389423729e+00
8.462311557788944338e-02 7.116994510642207956e-03 1.123418105380188025e-03 5.626569420070930833e-03 8.830624601540574756e-03 2.270002805704189053e-01 2.508647273341305453e-02 1.935585447007499571e-01 2.623813560998238259e-01 1.211217136691232987e+00 1.992056848421820403e-01 9.408658986980584782e-01 1.502243420162853837e+00 1.458920000954306850e+00 2.246185383967197746e-01 1.149808956364168466e+00 1.818007588085964743e+00
8.959798994974874087e-02 7.495702649175903058e-03 1.156550873249839522e-03 5.731103674186883816e-03 9.149547793527754852e-03 2.257838413176796732e-01 2.073005451884387881e-02 2.007856481191087894e-01 2.616080659189879976e-01 1.227146780377228685e+00 1.803046035952848014e-01 9.961780863293575594e-01 1.575095853974307847e+00 1.450624415233137121e+00 1.751813836872183894e-01 1.217404613537596436e+00 1.731679679209008560e+00
9.457286432160803835e-02 7.110262552761448598e-03 1.136874534973220628e-03 5.544018689994239212e-03 8.966307787440853591e-03 2.260296180288149659e-01 1.810217032244165400e-02 2.029115004358477414e-01 2.656735171783819460e-01 1.201332414975676333e+00 1.194537670872609508e-01 1.051490273960656863e+00 1.399527587561645747e+00 1.434231630873390895e+00 1.420463856840641637e-01 1.259516741326293987e+00 1.658928216111940079e+00
9.954773869346733584e-02 7.205986766115740454e-03 9.227859546129267608e-04 5.779494686103137449e-03 8.780596320397314469e-03 2.243735596168893731e-01 2.008447709627893610e-02 2.077074095842453838e-01 2.796489041075316817e-01 1.213353175227167124e+00 1.188330344187884108e-01 1.055294740812861676e+00 1.428875833762339953e+00 1.457941169753001587e+00 1.406841815991742017e-01 1.279363338676410500e+00 1.746193834281484447e+00
1.045226130653266333e-01 6.711323386345452099e-03 9.017387044325849820e-04 5.152312608750236021e-03 8.594503361879069978e-03 2.250071832273533023e-01 2.431038534013783142e-02 2.076237273131298910e-01 2.930711124503687648e-01 1.226207113032315332e+00 1.206286476530048918e-01 1.061662036867876413e+00 1.470982140776272873e+00 1.451889829646947572e+00 1.229679692804297453e-01 1.296451611858696840e+00 1.697453613197138722e+00
1.094974874371859308e-01 6.946183992477611251e-03 7.087714346600103169e-04 5.830683679730263094e-03 7.995373107698676429e-03 2.259378328030213212e-01 2.424570652190109407e-02 2.021867390513603369e-01 2.877331518075344485e-01 1.220398033609875643e+00 9.996530593330033021e-02 1.111353567762335182e+00 1.455103385180038789e+00 1.456542641401781024e+00 1.178563143267195856e-01 1.333871170434167253e+00 1.754783611826457701e+00
1.144723618090452283e-01 7.263222031280919429e-03 9.793184097041931699e-04 5.594014676009045200e-03 9.323110893207741182e-03 2.297198720696952134e-01 2.664807489589892178e-02 1.976197816962189102e-01 2.923316235563104826e-01 1.218479634810826440e+00 9.463225463984020758e-02 1.099377910394193858e+00 1.443125101509882935e+00 1.435741908594229121e+00 1.167472228964451519e-01 1.312379774172965252e+00 1.738970947054853777e+00
1.194472361809045258e-01 6.652341426766022678e-03 6.887980653136587927e-04 5.759801570383708304e-03 8.178431050353131282e-03 2.336681128973233379e-01 2.712700213522604639e-02 1.998043958425803623e-01 2.959276826140031513e-01 1.207623247902042118e+00 1.054185364502062683e-01 1.076223337706463834e+00 1.484806393947472936e+00 1.443378645347179523e+00 1.338624237429695274e-01 1.266309481092904088e+00 1.784344483253797575e+00
1.244221105527638233e-01 6.714257913177525301e-03 5.027025270140092006e-04 6.034781269101132349e-03 7.677711757050635979e-03 2.380451054001295752e-01 2.920153333277660662e-02 2.017988370929362230e-01 3.007553677649821844e-01 1.209841644607350108e+00 1.088776810351051172e-01 1.056185908489726488e+00 1.458193058306369361e+00 1.455275715574043449e+00 1.460595062438076186e-01 1.252564643283568868e+00 1.782021689667794506e+00
1.293969849246231207e-01 6.319877008947155303e-03 4.768188994879142746e-04 5.461230548328112160e-03 7.094188307690799458e-03 2.399816167228379094e-01 2.948673043692038101e-02 2.040314263042214415e-01 3.041269451246310096e-01 1.224348408050156767e+00 1.248280739917999038e-01 1.052839642084406391e+00 1.506556888872769617e+00 1.472492560073101586e+00 1.498050966404785855e-01 1.259540418994405275e+00 1.802284332429333613e+00
1.343718592964824043e-01 6.511726446189287573e-03 5.757923662591307636e-04 5.620512869198374985e-03 7.540612645235009008e-03 2.426063064273054903e-01 2.767498372354239983e-02 1.997418485426616375e-01 2.883025250613478474e-01 1.239122386214352778e+00 1.243707944778502938e-01 1.056498742021285908e+00 1.493987775011050179e+00 1.500299055293318196e+00 1.617825186806928772e-01 1.291011185775050807e+00 1.825765528098448165e+00
1.393467336683417157e-01 6.218980754570889100e-03 5.765193312594581784e-04 5.208729457934779122e-03 7.084781928212341255e-03 2.456634410411444036e-01 3.014657854050754177e-02 1.957259997703648668e-01 2.989764031395354404e-01 1.262162081476398967e+00 1.263963374856433841e-01 1.090170604978484947e+00 1.474559964811002821e+00 1.516879012815808503e+00 1.496294490418615397e-01 1.306543345351739882e+00 1.728394384463541655e+00
1.443216080402010271e-01 6.319130572464371105e-03 6.053823574514119064e-04 5.327179891270702669e-03 7.097495257210172104e-03 2.451815513535430813e-01 2.546454582415320564e-02 1.959748525500150940e-01 2.963905757258166740e-01 1.281053122805204891e+00 1.263073766361442751e-01 1.107287581006123345e+00 1.464803784586245161e+00 1.541545462904663877e+00 1.556273888780566605e-01 1.323676794914331545e+00 1.790100494835662248e+00
1.492964824120603107e-01 5.990866329473822430e-03 6.330567249834694217e-04 5.198420239168363537e-03 7.276846146090526837e-03 2.466128115936694343e-01 2.445645842736081377e-02 2.025907865907349836e-01 2.920212669776154901e-01 1.303734663724487319e+00 1.327062503844816110e-01 1.114403425372466838e+00 1.515296672703946079e+00 1.567661952701362882e+00 1.699769155722065106e-01 1.309998885154020076e+00 1.851806605207782841e+00
1.542713567839196220e-01 6.220044300934710405e-03 6.441216185874719304e-04 5.127695667400298044e-03 7.380694930200382142e-03 2.494835490392330324e-01 2.232214131821274108e-02 2.064147758346699668e-01 2.866527089687599950e-01 1.323085626415641647e+00 1.419549002213903177e-01 1.101201381834357784e+00 1.565789560821647664e+00 1.582388426002030002e+00 1.724675975434795394e-01 1.320200713299339634e+00 1.913512715579903878e+00
1.592462311557789056e-01 5.791084151036462145e-03 5.982068528888439662e-04 4.816252032658931148e-03 7.028972826097108773e-03 2.508903299886338645e-01 2.380091534000580017e-02 2.092304630743636595e-01 2.958965585413682042e-01 1.321983439184307940e+00 1.358331891478874454e-01 1.113065078461253687e+00 1.600823313613123133e+00 1.574391561143432927e+00 1.500880009248738434e-01 1.293084254860993543e+00 1.877845537916355223e+00
1.642211055276382170e-01 6.007935435727744522e-03 6.741120462622686871e-04 5.216147107935682065e-03 7.461488479461949805e-03 2.490699176644729784e-01 2.184523998487025026e-02 2.157668517914233253e-01 2.876891357218977485e-01 1.323648497069648045e+00 1.242526841692523087e-01 1.091696178014385454e+00 1.565967938808340065e+00 1.583940423061004577e+00 1.496674266982329082e-01 1.294324353742429379e+00 1.840491762108126705e+00
1.691959798994975006e-01 5.720709775403196549e-03 5.292234737846365214e-04 4.799470238070103686e-03 6.627504970391039432e-03 2.490752755150620334e-01 2.181384045224020463e-02 2.223032405084829355e-01 2.911858585779807385e-01 1.328176345896084909e+00 1.215504276499900643e-01 1.093637347306389618e+00 1.532291642933146125e+00 1.582387130491762939e+00 1.335438593769787963e-01 1.327290815180676375e+00 1.817467799609692403e+00
1.741708542713567842e-01 5.863461344923206683e-03 5.951565522366328385e-04 4.889360651750663568e-03 7.040662917594277086e-03 2.450407031432127458e-01 2.003919578850218292e-02 2.220070500291986271e-01 2.835375474278649111e-01 1.327651636794257239e+00 1.118342046923973127e-01 1.118030295415821440e+00 1.530926031933525167e+00 1.604766499207684216e+00 1.393226073184891112e-01 1.363846603674688795e+00 1.860620694562617583e+00
1.791457286432160956e-01 5.801696579800426704e-03 5.402183478424515354e-04 4.827721177169974967e-03 6.672819114914148482e-03 2.454536845271544920e-01 2.376378578090099225e-02 2.156250737662717409e-01 2.899604297322078139e-01 1.343935183500084340e+00 1.121774201855204461e-01 1.149964801834218786e+00 1.536495407573505334e+00 1.608856436182550365e+00 1.316867813826807787e-01 1.375107618635703188e+00 1.814290730538646423e+00
1.841206030150753792e-01 5.844771715985315648e-03 5.208937676404179484e-04 4.893694557465638403e-03 6.684175564934161616e-03 2.443534589249382327e-01 2.204651736722165745e-02 2.171361475106341477e-01 2.883982949432096765e-01 1.351982119659194126e+00 1.094819404493194981e-01 1.160753688824804675e+00 1.525825445918816747e+00 1.616508038433521977e+00 1.400140683363722827e-01 1.398505169009873761e+00 1.863106493541269337e+00
1.890954773869346905e-01 5.776794946817453459e-03 5.504269467932736831e-04 4.936312708317273749e-03 6.815350867923828694e-03 2.460636126845074378e-01 2.234331476586284143e-02 2.222193581561139053e-01 2.930542111573726793e-01 1.358087024457253378e+00 1.164553056917377177e-01 1.175289537321064559e+00 1.554821464237988060e+00 1.589728284333303154e+00 1.252480931586436308e-01 1.436292290115762871e+00 1.795496826455548867e+00
1.940703517587939742e-01 5.971826256915404273e-03 4.909506538941016060e-04 5.069163340414563519e-03 6.707457660932201332e-03 2.484781932018796380e-01 2.314422224379734591e-02 2.252672240476154830e-01 2.980545106861327564e-01 1.337537894726872789e+00 1.046547960819272233e-01 1.206209990203016558e+00 1.493889589780884375e+00 1.601221995414940036e+00 1.293709071325270521e-01 1.430067085415332118e+00 1.819643130093191452e+00
1.990452261306532855e-01 5.820511842419065496e-03 4.507898118823555037e-04 5.084270587914615537e-03 6.463919490311361218e-03 2.502862074993613128e-01 2.191258828435373174e-02 2.282747434799206332e-01 2.958778840977872027e-01 1.346723912749528074e+00 1.081868981974249827e-01 1.211824823582785537e+00 1.527146973664781804e+00 1.588996694052891012e+00 1.260740924889510450e-01 1.425401436343726402e+00 1.823379643936791528e+00
2.040201005025125691e-01 5.951620279753697985e-03 4.777467456172183337e-04 5.236734116532532589e-03 6.834075857003495298e-03 2.509359911865213233e-01 2.092233764694906642e-02 2.286005976902921177e-01 2.865660148098382320e-01 1.337985525485323679e+00 1.037918716327500962e-01 1.196357739076445270e+00 1.529326922544096412e+00 1.579270147694124438e+00 1.305433467425240190e-01 1.403709794128753074e+00 1.827871728198463774e+00
2.089949748743718805e-01 5.836690892419796328e-03 3.665138188186953076e-04 5.287702089720913885e-03 6.405595000225353629e-03 2.501459414300207795e-01 1.817467168354644502e-02 2.299213055025000896e-01 2.830072416740477270e-01 1.329070320521968274e+00 1.082247654712414214e-01 1.179265353002372230e+00 1.532183013307544472e+00 1.587728655968938973e+00 1.384431711249935748e-01 1.422578620504996838e+00 1.872442984624978157e+00
2.139698492462311641e-01 5.944485366080476049e-03 4.252744163317904481e-04 5.344817581819863092e-03 6.588633176319120752e-03 2.516895576893619646e-01 1.705396655475632101e-02 2.306480320525777505e-01 2.811307389620196773e-01 1.332052021446333168e+00 1.140183778875040882e-01 1.204354003947120111e+00 1.568654789772427227e+00 1.594195285007870444e+00 1.404217123435255177e-01 1.435811173884093961e+00 1.917014241051492318e+00
2.189447236180904754e-01 5.811516501038765242e-03 4.265098183720447645e-04 5.145657270427306078e-03 6.465857434153769560e-03 2.519506258181083425e-01 1.909032061253488483e-02 2.293994806447902102e-01 2.832750052140796670e-01 1.336960628073348145e+00 1.171123344160031055e-01 1.204239275362956052e+00 1.605126566237309982e+00 1.603906299583911066e+00 1.330743793198503611e-01 1.469194289481681182e+00 1.881486712895617197e+00
2.239195979899497591e-01 5.959982702665138701e-03 3.584857888077029337e-04 5.453586750190908376e-03 6.547970071493117161e-03 2.533414801645076375e-01 1.917844663516945700e-02 2.311023484582231946e-01 2.869556352241160457e-01 1.348244339861268459e+00 1.103514087219224782e-01 1.229529334215367253e+00 1.576123552947046758e+00 1.611170086815948199e+00 1.226688591240170378e-01 1.484581816928068010e+00 1.851598840526395007e+00
2.288944723618090704e-01 6.049985206923019429e-03 4.403291751803144194e-04 5.371564667658591287e-03 6.728969715544507769e-03 2.543817865146053014e-01 1.788455732399032300e-02 2.280720871078721623e-01 2.875623508478447610e-01 1.351510688153626516e+00 1.001734802010892378e-01 1.241793484779864842e+00 1.550017294584436600e+00 1.620406601361284560e+00 1.078499061625719374e-01 1.516301871534455614e+00 1.858630098104079087e+00
2.338693467336683540e-01 5.975900133769603169e-03 4.084766286413646147e-04 5.310073162826388013e-03 6.492392233924520854e-03 2.500214253064924064e-01 1.509370774933498777e-02 2.262966054256023429e-01 2.749044000069313931e-01 1.357079865392360807e+00 8.881159267567315108e-02 1.268783068752028731e+00 1.553935556362529002e+00 1.616943748991618079e+00 9.379772165822830576e-02 1.514898866991386761e+00 1.804800206950973873e+00
2.388442211055276654e-01 6.050803518872332684e-03 4.123844592780031757e-04 5.307450739770788913e-03 6.707075271720952005e-03 2.519980653023033978e-01 1.565186839222715287e-02 2.272901226562036858e-01 2.772385074827334317e-01 1.356599002551396982e+00 8.411369357489925647e-02 1.265980793307302177e+00 1.542972388842538845e+00 1.628911881428651842e+00 9.575557875273039976e-02 1.513116957804656826e+00 1.808164139873668086e+00
2.438190954773869490e-01 5.956506576233016464e-03 4.460648188599804502e-04 5.254972449675304920e-03 6.614103806422848286e-03 2.513274288923597610e-01 1.751772734796948339e-02 2.277659457752362615e-01 2.785478716069325067e-01 1.368486277020900754e+00 7.829671341885031943e-02 1.263943081950272163e+00 1.515414519022536544e+00 1.633937794131525623e+00 9.405153341563868286e-02 1.481560497824434108e+00 1.796656006844948861e+00
2.487939698492462326e-01 6.105646796516018236e-03 4.169201060862877980e-04 5.372689596498705401e-03 6.717492744459537674e-03 2.503190922473953473e-01 1.751150160623145269e-02 2.276138185582746720e-01 2.787688569371025715e-01 1.369978892779435409e+00 7.632044251560263226e-02 1.242325500671215499e+00 1.500165275705582113e+00 1.632016513294598736e+00 8.764006191139360469e-02 1.501754026649359641e+00 1.806934892027583839e+00
2.537688442211055162e-01 5.893666604747308316e-03 4.712352843345518042e-04 5.064889258545576811e-03 6.743630375039151234e-03 2.491982270303444991e-01 1.858599133710257464e-02 2.238411199012781960e-01 2.811659902803461120e-01 1.368812782771065439e+00 7.044932002467414744e-02 1.261804339829152299e+00 1.508144646346100348e+00 1.623537337969283900e+00 8.536507667531623156e-02 1.470258278507286187e+00 1.792561712937859930e+00
2.587437185929647998e-01 6.031924731038570096e-03 4.918432424692812527e-04 5.339628244490635979e-03 6.674481325958932058e-03 2.475079146696325394e-01 1.927394334472307819e-02 2.196313728221082617e-01 2.835447707143226581e-01 1.373787194502067432e+00 6.994594045297485019e-02 1.249598795330635781e+00 1.516202757919930422e+00 1.625157834955975433e+00 8.521574825984198909e-02 1.469298022405602921e+00 1.757828478717073484e+00
2.637185929648241389e-01 5.799952597603009324e-03 4.602642597676221770e-04 4.915627361837545707e-03 6.248280498783005503e-03 2.469730377570430180e-01 2.052116340633074881e-02 2.205250589980392306e-01 2.859055352861421540e-01 1.367222778848987463e+00 6.824721637052330592e-02 1.239040361575638682e+00 1.466052326712414589e+00 1.628293304730328517e+00 9.740610890097241292e-02 1.450816576180464335e+00 1.769642329859964169e+00
2.686934673366834225e-01 5.903908522727979204e-03 5.483868677751411232e-04 4.835734911181081494e-03 6.834067981063885605e-03 2.456223654083854735e-01 1.838090747019853824e-02 2.218938885061106370e-01 2.784272591896564397e-01 1.367871175588207810e+00 7.866413723261250768e-02 1.219177280554303522e+00 1.475380015720280102e+00 1.625132568509717546e+00 9.759758050835554144e-02 1.466215949392392748e+00 1.781431547377554159e+00
2.736683417085427061e-01 5.769332600042153397e-03 4.834494775500319612e-04 4.850852285550415893e-03 6.397871074071751624e-03 2.430411860271701197e-01 1.672867486437403656e-02 2.234773540735001673e-01 2.742672540904435019e-01 1.368319708515389532e+00 8.023214918873858292e-02 1.224926140402022190e+00 1.502696758109714814e+00 1.629428837246629458e+00 9.979757210406074719e-02 1.447402336307425097e+00 1.785032312610227878e+00
2.786432160804020453e-01 5.807524291158625528e-03 4.794247138882333547e-04 4.865969659919750293e-03 6.444437793753731054e-03 2.418384176560105792e-01 1.528821047678916370e-02 2.259641663328617323e-01 2.743100939354032319e-01 1.373052664574367698e+00 8.525152109858342986e-02 1.224608316080697978e+00 1.511565518831322841e+00 1.633791203537968473e+00 1.014129870563305474e-01 1.473713910177134156e+00 1.804923553387890012e+00
2.836180904522613289e-01 5.691508803332217224e-03 4.546162363472923493e-04 4.881087034289084692e-03 6.366610111925350909e-03 2.408430782347940335e-01 1.464700184716101125e-02 2.255393401545470189e-01 2.708136173989024176e-01 1.373384888497249268e+00 8.330917252547560825e-02 1.227441147771620056e+00 1.503302250668296924e+00 1.627392938183448878e+00 1.093551448438358220e-01 1.452923229455401088e+00 1.803143683064655889e+00
2.885929648241206125e-01 5.767461118259663115e-03 4.431816501109370459e-04 4.989703184755575269e-03 6.346113708694457733e-03 2.404584860626376996e-01 1.440704211067286335e-02 2.260972227638519683e-01 2.708965794148415207e-01 1.376216121601962161e+00 8.677612136120146924e-02 1.248971387606734762e+00 1.521935803475914062e+00 1.622597278699667855e+00 1.130639584253839841e-01 1.461356474822362417e+00 1.808728939787566325e+00
2.935678391959798961e-01 5.551717364247055544e-03 4.142203460404463803e-04 4.821876216063242064e-03 6.171535772261152290e-03 2.406420441152629652e-01 1.503278570530879564e-02 2.226523236582977350e-01 2.704287068646872849e-01 1.370032912121956992e+00 9.426102273262314257e-02 1.224949032753686939e+00 1.521837486552656493e+00 1.612457390163644089e+00 1.113453039152148688e-01 1.439083973509546421e+00 1.801968159076722920e+00
2.985427135678392352e-01 5.676737871041933302e-03 4.348381465813801173e-04 4.907729247853783935e-03 6.308951421450595051e-03 2.371869389639440495e-01 1.300510908433264584e-02 2.171942984360368811e-01 2.608307375245655924e-01 1.362751389900464849e+00 9.304475771844701593e-02 1.220195259296461332e+00 1.511887993937239383e+00 1.601572023654876942e+00 1.072818795176933709e-01 1.443210257096869897e+00 1.796213947740753047e+00
3.035175879396985188e-01 5.455923141378578659e-03 4.317335901941031788e-04 4.716541215581932824e-03 6.264474993546650244e-03 2.348853382164729220e-01 1.206089707351871813e-02 2.146852966950269781e-01 2.604857518878895273e-01 1.353656852883094341e+00 8.624748315733012094e-02 1.216122201063949415e+00 1.494298950389466363e+00 1.595244444429956276e+00 9.803290681963010289e-02 1.449032176304991815e+00 1.769694338147959511e+00
3.084924623115578024e-01 5.550009121677935801e-03 4.452865726182644152e-04 4.880768340931430395e-03 6.364426061991454789e-03 2.343939632698287256e-01 1.109140465986352755e-02 2.156930133669177074e-01 2.545432795232208112e-01 1.345684933125629756e+00 8.322322570314438783e-02 1.220308759133824861e+00 1.476000125099613980e+00 1.589141755619626339e+00 9.995579658515817145e-02 1.458331018088800279e+00 1.787310014209154252e+00
3.134673366834170860e-01 5.418568665153895847e-03 4.966476293966559045e-04 4.573799983021922463e-03 6.436853304443641496e-03 2.324221303347745737e-01 1.082149557274264019e-02 2.153922662740917204e-01 2.483600282437007090e-01 1.344645087852250898e+00 8.162531129832842347e-02 1.224583777290674913e+00 1.486105585603362922e+00 1.581247745533020277e+00 9.150238067956414922e-02 1.478393091058334718e+00 1.783986413931178072e+00
3.184422110552764251e-01 5.501482583184716044e-03 4.732811985289160552e-04 4.629751132763734560e-03 6.356950853788830534e-03 2.317447188257831248e-01 1.164940224487671407e-02 2.169641067238267385e-01 2.482978889660549526e-01 1.337982329191086617e+00 8.210677919181633144e-02 1.228938929594740603e+00 1.505260503193737831e+00 1.573339587343152823e+00 8.377180633940138621e-02 1.484081817701251138e+00 1.751872073791082896e+00
3.234170854271357087e-01 5.438446086768851211e-03 4.966244238556381764e-04 4.408484703878825725e-03 6.247056028325389740e-03 2.305631557478524107e-01 1.322192893579241142e-02 2.139434073084658383e-01 2.492597914757185007e-01 1.332708845973729961e+00 7.861333626849718870e-02 1.233366685181963796e+00 1.506136205193655542e+00 1.562545225879689026e+00 7.997128215489035519e-02 1.473006394505186112e+00 1.750771066432177392e+00
3.283919597989949923e-01 5.489091179943035928e-03 4.553852658921513866e-04 4.579722092231792129e-03 6.293067921942468827e-03 2.294866973874782334e-01 1.373326844325411904e-02 2.121221886191007044e-01 2.491079808796160810e-01 1.321708730079689698e+00 6.755964447072909662e-02 1.242420342119446186e+00 1.471307253008376614e+00 1.548905386016720565e+00 6.938605828477582838e-02 1.463146179747362385e+00 1.711097416725872566e+00
3.333668341708542759e-01 5.585517477780079301e-03 5.133146844931891920e-04 4.520331867574848596e-03 6.419355402122050788e-03 2.287339768271280105e-01 1.391770242515123941e-02 2.096040789536834925e-01 2.484352021392170484e-01 1.312841239045136499e+00 6.804942431573741957e-02 1.235491760087672475e+00 1.476695098253690830e+00 1.546377558785125839e+00 6.746930610296734965e-02 1.454364282095363947e+00 1.688079201457696854e+00
3.383417085427135595e-01 5.503281314685370268e-03 4.282282882130741277e-04 4.543143244575512107e-03 6.046078829564221005e-03 2.275223707974817766e-01 1.391738591587477272e-02 2.081181001972932654e-01 2.454096472264607198e-01 1.302559168498233833e+00 5.732094178137794871e-02 1.233538705086695275e+00 1.432088014136302823e+00 1.531851076219002739e+00 6.906806762216774476e-02 1.425527319930691927e+00 1.678655519739346902e+00
3.433165829145728987e-01 5.556396508446866112e-03 4.181488825230381774e-04 4.627431753266000349e-03 6.046620858590999459e-03 2.271535420015791673e-01 1.322310764011331435e-02 2.102974337588447429e-01 2.455351347817413266e-01 1.300847870425867692e+00 5.810817549202183796e-02 1.225596836732049555e+00 1.422549051107717899e+00 1.523569705736272262e+00 6.429349178445881163e-02 1.437381195766230357e+00 1.654414841399324265e+00
3.482914572864321823e-01 5.497290576077949395e-03 3.922154250875819538e-04 4.650867259723411549e-03 6.012561504031692719e-03 2.258583551347561613e-01 1.389583267758222676e-02 2.072579822976573782e-01 2.490930941411371169e-01 1.290541133348533265e+00 5.764486479656705936e-02 1.214048283193291944e+00 1.414004878964799650e+00 1.521979588786741555e+00 6.166941159087534208e-02 1.420424025621401354e+00 1.638402646302564269e+00
3.532663316582914659e-01 5.506761399280401918e-03 4.048356246129334603e-04 4.666252679413607912e-03 5.972327273733137216e-03 2.263215815745437676e-01 1.340654845735187589e-02 2.049997305453687968e-01 2.469031396993145999e-01 1.282513406042338655e+00 5.303002890192597824e-02 1.212121951354464100e+00 1.388660148399853078e+00 1.509656218539463080e+00 6.496604129724266319e-02 1.421850744187646676e+00 1.618315818573108356e+00
3.582412060301507495e-01 5.339679724548070799e-03 4.139795424893904607e-04 4.562374835428215439e-03 5.872321712466192604e-03 2.255934093905740956e-01 1.389276447050703973e-02 2.033620229247890820e-01 2.472164048029927286e-01 1.283213690406343810e+00 5.458010550472795763e-02 1.206971109345542859e+00 1.389515465975996067e+00 1.506782419454212540e+00 7.215114910630215928e-02 1.411038079255627631e+00 1.622523366967569158e+00
3.632160804020100886e-01 5.566280235654681371e-03 3.880429686174639153e-04 4.764026694760145446e-03 6.106436777641238538e-03 2.239739719249912164e-01 1.325477464677508703e-02 2.046544469813410261e-01 2.421683072891557820e-01 1.275075429095489765e+00 5.576026269495515386e-02 1.201336197395568295e+00 1.370289859904569418e+00 1.499905120946563031e+00 7.652783097891446840e-02 1.401492898135114018e+00 1.618304604011314041e+00
3.681909547738693722e-01 5.350168927249268451e-03 4.609806267083876538e-04 4.664010382013888088e-03 6.049959346287860952e-03 2.221001032724450597e-01 1.238676016599958574e-02 2.056919164580014447e-01 2.390021674077280611e-01 1.270356185268046945e+00 6.079999641234692942e-02 1.181738022866665183e+00 1.364553531227370664e+00 1.491259035899018759e+00 7.272233080543821782e-02 1.403808704970295862e+00 1.614634303859217024e+00
3.731658291457286558e-01 5.319630046874658340e-03 4.693181488705924840e-04 4.619031201003196731e-03 5.993481914934484234e-03 2.205849832031448743e-01 1.186047204011697956e-02 2.051711941969322772e-01 2.366954908334210905e-01 1.263049854050237730e+00 6.446768757833762353e-02 1.173506715450049587e+00 1.360501770974869906e+00 1.481196192916289567e+00 7.261718083748300301e-02 1.406264031502505896e+00 1.619666154876375774e+00
3.781407035175879394e-01 5.173839054330191776e-03 4.443518774606752472e-04 4.676621220045148498e-03 5.937004483581106648e-03 2.193533683793339739e-01 1.149515942111046726e-02 2.031888392305879198e-01 2.360395040260171162e-01 1.257944181780164206e+00 5.845641193480117376e-02 1.178712546131576167e+00 1.356927138952751966e+00 1.472901880205734537e+00 6.628440597607819507e-02 1.398373612227917562e+00 1.590159829860780860e+00
3.831155778894472785e-01 5.264481356713331291e-03 4.840900431047963793e-04 4.733968507222303078e-03 5.978445096488576443e-03 2.183458329175186619e-01 1.170070793807640244e-02 1.981256916754185471e-01 2.324956996145301213e-01 1.247463386243214511e+00 6.072969590673955170e-02 1.181399689296570354e+00 1.367674221786467470e+00 1.468391552934942279e+00 6.619653319848589623e-02 1.391241326683326784e+00 1.592171189223115180e+00
3.880904522613065621e-01 5.140414733164478181e-03 4.460067443485358639e-04 4.685820501773188367e-03 5.994233625190487774e-03 2.175304172639219991e-01 1.163054309205481182e-02 1.985740408058127016e-01 2.328513494573976050e-01 1.240669254973664204e+00 5.449800472760851083e-02 1.187639709444348490e+00 1.341310278102546993e+00 1.466905614750804165e+00 6.823954919639921290e-02 1.380044869932005591e+00 1.604566634356524801e+00
3.930653266331658457e-01 5.174422877411823454e-03 4.673353589465453219e-04 4.730660977271646667e-03 6.037245220825050197e-03 2.152566983833567316e-01 1.256076071946038951e-02 1.939021163553987792e-01 2.302409347700861419e-01 1.237053584112517646e+00 5.468638792732209014e-02 1.172661309082021708e+00 1.342302873245523331e+00 1.462131650241464964e+00 7.119335837029365510e-02 1.369950907449065225e+00 1.610293608323540626e+00
3.980402010050251294e-01 5.100542561782597448e-03 4.831237858801600634e-04 4.565776915331195077e-03 6.027288829165628956e-03 2.152853969217944086e-01 1.259772270381023102e-02 1.954969284357699622e-01 2.321632623303505338e-01 1.233720563840644324e+00 5.598301309288784833e-02 1.170301159679512759e+00 1.346647026196337471e+00 1.459133888091193265e+00 6.801739041018793619e-02 1.369308531932740269e+00 1.595229693895222844e+00
4.030150753768844685e-01 5.167931608729455471e-03 4.639516460662795666e-04 4.662513298649417770e-03 6.113952251722048342e-03 2.141276101357229289e-01 1.141513385206392901e-02 1.963845477156148656e-01 2.297352163821620996e-01 1.229704130065202516e+00 5.988203742571135413e-02 1.160412509264945990e+00 1.357209091379604660e+00 1.457624234626118120e+00 7.171298571691898938e-02 1.360505998963996488e+00 1.605703314248511537e+00
4.079899497487437521e-01 5.118949762170225612e-03 4.917142153330124636e-04 4.606051096235107452e-03 6.065944523228461623e-03 2.127299992232502546e-01 1.094605195277070092e-02 1.937301280129672121e-01 2.279258454650626431e-01 1.227529149445300005e+00 5.529793488517236594e-02 1.159691480845474576e+00 1.343494078376310963e+00 1.444988145103486277e+00 6.591583538271349185e-02 1.352482021054643990e+00 1.567946120764044826e+00
4.129648241206030357e-01 5.137641912318593150e-03 5.024283891146669959e-04 4.619235672858565921e-03 6.135848629852222631e-03 2.125960386825868631e-01 1.109846956676099720e-02 1.931888204540320730e-01 2.303345148555280275e-01 1.228741267862948794e+00 5.678767164954718477e-02 1.158782563256095299e+00 1.348102093552455250e+00 1.435048357089331095e+00 6.296063669135146257e-02 1.349045772802182297e+00 1.561125147713177785e+00
4.179396984924623193e-01 5.064761819937135638e-03 5.180101821592626721e-04 4.527902576787927631e-03 6.112552553082667602e-03 2.106792980766177548e-01 1.046162078738027690e-02 1.941441840792489104e-01 2.290286829876529706e-01 1.220704771016220436e+00 5.864051799737789866e-02 1.143958764976647391e+00 1.347034942540351610e+00 1.425799639593120727e+00 5.808076769748294482e-02 1.353611288866283013e+00 1.539858615924303065e+00
4.229145728643216029e-01 5.125154113109589224e-03 4.957930840776097981e-04 4.646278000529072659e-03 6.074473650242388084e-03 2.090681063523084915e-01 9.883746951025944305e-03 1.924985984662389016e-01 2.264750411652394491e-01 1.209802494367506087e+00 5.064869729484630656e-02 1.140425466767421625e+00 1.310923534544088831e+00 1.418941856913263688e+00 5.581218235336105754e-02 1.362006956396051516e+00 1.535766920955781156e+00
4.278894472361809420e-01 5.009166958416574195e-03 4.903561237940013686e-04 4.544963753481928714e-03 5.935748538920914211e-03 2.087739168379224020e-01 9.932326503446839774e-03 1.921263964335227503e-01 2.259232768693386073e-01 1.200770001623172378e+00 4.950316136160294589e-02 1.140500996268211553e+00 1.299439566346147101e+00 1.414940325261975662e+00 5.277625246309976953e-02 1.351706456300843628e+00 1.511253760957017578e+00
4.328643216080402256e-01 5.002090569359712857e-03 3.996467060444442387e-04 4.510695283285212458e-03 5.697429284844442686e-03 2.077125317286440398e-01 1.062441068395787551e-02 1.922664545996598529e-01 2.255326825825163806e-01 1.195219219253743193e+00 4.687512782501972175e-02 1.143941656524878558e+00 1.295540413499157495e+00 1.405485527322968942e+00 5.832119708764916394e-02 1.342263724104665101e+00 1.513561226999008191e+00
4.378391959798995092e-01 4.826650773951243409e-03 2.746969906651437776e-04 4.355792072451406677e-03 5.301890442393053689e-03 2.065044164027899087e-01 1.109218731953431729e-02 1.925426792166816670e-01 2.232444828006551196e-01 1.194285364505825786e+00 4.655218077303657082e-02 1.141084118307132966e+00 1.291841353250869906e+00 1.401876805774583401e+00 6.202712788536248606e-02 1.336105971422923311e+00 1.515971210179957174e+00
4.428140703517587928e-01 4.984809204473569788e-03 3.666952376198752720e-04 4.510862084078121233e-03 5.593356635469295957e-03 2.049649704040777398e-01 1.027753806024713293e-02 1.926019717936015840e-01 2.203113410157066521e-01 1.183926304883965885e+00 4.644558503052904214e-02 1.123594267912081168e+00 1.271201801828747202e+00 1.390149225146298573e+00 6.758891581104654878e-02 1.319247928959667027e+00 1.499495443914114157e+00
4.477889447236181319e-01 4.915044086887461125e-03 2.743576757645743193e-04 4.436998608069841164e-03 5.390837418038867297e-03 2.032345567654178231e-01 1.078637091770710647e-02 1.873686936635008127e-01 2.192118592147795919e-01 1.180626586797130395e+00 5.191170864065910301e-02 1.127443478404091204e+00 1.276998215940217341e+00 1.382529315793904257e+00 6.551329073116145263e-02 1.303112158524898589e+00 1.497849130440453536e+00
4.527638190954774156e-01 4.833421424015677675e-03 2.343582876358908218e-04 4.461962495063062466e-03 5.121567642336040740e-03 2.015397119978485363e-01 1.124935221320665958e-02 1.839000325089718835e-01 2.185889903967111469e-01 1.176266792502272285e+00 5.710544595970966364e-02 1.110011582697074894e+00 1.279316146006405530e+00 1.374303914142133376e+00 6.159393937706492822e-02 1.291205782906583277e+00 1.479058458621034466e+00
4.577386934673366992e-01 4.944976492670056026e-03 2.795369846477015782e-04 4.505651574412359098e-03 5.460239754083814900e-03 2.002517461861375025e-01 1.086605724784101001e-02 1.834567447009085861e-01 2.150906102660334607e-01 1.166076690929137127e+00 5.443200961848030511e-02 1.107937125521248456e+00 1.256708113259400683e+00 1.360976113494951178e+00 5.557437036275070935e-02 1.291249926177768348e+00 1.457869358831031414e+00
4.627135678391959828e-01 4.815006041229996127e-03 2.351066594033193909e-04 4.454982435748259216e-03 5.217269606502934753e-03 1.994513338876330588e-01 1.033822003732476520e-02 1.840216561497563519e-01 2.138933618703601491e-01 1.158508302865499884e+00 5.238672341738456056e-02 1.101850580104674515e+00 1.251432988773926835e+00 1.353781234787746257e+00 5.905149216020012803e-02 1.275398124144752066e+00 1.469681968389861204e+00
4.676884422110553219e-01 4.839944431259237193e-03 2.397276479029426853e-04 4.548825098878017149e-03 5.263808371236965676e-03 1.981567514993804457e-01 1.024175598188251969e-02 1.828421461493863753e-01 2.127314740730586740e-01 1.148272988554714491e+00 5.052050791297151011e-02 1.089000129097059677e+00 1.232495532064600718e+00 1.342852659576865282e+00 5.309973089788903172e-02 1.270934911743624607e+00 1.434129718451819135e+00
4.726633165829146055e-01 4.749864968867743321e-03 2.535578058502159417e-04 4.425119370168316066e-03 5.245661659810103676e-03 1.969630690652545701e-01 1.039253761594502445e-02 1.803357027557700443e-01 2.127824758397343363e-01 1.139191963311872779e+00 4.652619108574113094e-02 1.085738380299720029e+00 1.228471457232289454e+00 1.336582029890600598e+00 5.443914248606833428e-02 1.269312601954912800e+00 1.425412475536522727e+00
4.776381909547738891e-01 4.782536572649562744e-03 2.453078378449954780e-04 4.485587756316672566e-03 5.323292334397904634e-03 1.959742463040815841e-01 9.988961669863818255e-03 1.805300518511823715e-01 2.106313782555951641e-01 1.133304730246803338e+00 4.743966714467608148e-02 1.077294952993829824e+00 1.226266928856693861e+00 1.331649671500322540e+00 5.368286004174226828e-02 1.266397909862809756e+00 1.419588845563563240e+00
4.826130653266331727e-01 4.710598091684868767e-03 2.466868361663826373e-04 4.434223761096870581e-03 5.261182119104841973e-03 1.945875790307007858e-01 9.570885056683466410e-03 1.780334374456956359e-01 2.078796459904331262e-01 1.126477909603240679e+00 4.594295448954595351e-02 1.071028263097297595e+00 1.205360522264351975e+00 1.321722605992001975e+00 5.640105252446382667e-02 1.255030926761016463e+00 1.417518921737538573e+00
4.875879396984924563e-01 4.742996077967865862e-03 2.722018729472633217e-04 4.431919268280589026e-03 5.313527443378090499e-03 1.932455997848698814e-01 9.202211989033095077e-03 1.771111294330947605e-01 2.062868673063724678e-01 1.117889201908089269e+00 4.386046330831124690e-02 1.067288473665663151e+00 1.192993390978715817e+00 1.314426398486123526e+00 5.373357886502820591e-02 1.249788348436993379e+00 1.411206560687877420e+00
4.925628140703517954e-01 4.653145839051248643e-03 2.705816968975963696e-04 4.316921325910822241e-03 5.256067369852215378e-03 1.924119083881422054e-01 9.260970242045104758e-03 1.772123465786233920e-01 2.055898378139948135e-01 1.115424827881459136e+00 4.484556051121615927e-02 1.059850742299606630e+00 1.196643745612493426e+00 1.302831287791006876e+00 5.271915769155226944e-02 1.223947259041099578e+00 1.384785404787298502e+00
4.975376884422110790e-01 4.716629617082147494e-03 2.526274085153070370e-04 4.468255817606833769e-03 5.302119992342983930e-03 1.915097730220423344e-01 8.948516207835363612e-03 1.777867504581627511e-01 2.057574010105754914e-01 1.105114483493680577e+00 4.584885559039388742e-02 1.052955846425333020e+00 1.184776563164246621e+00 1.293051383327250559e+00 5.288697648058667683e-02 1.218112226473185622e+00 1.374443025731295398e+00
5.025125628140703071e-01 4.649443503124292727e-03 2.532199275728379316e-04 4.357933807381109484e-03 5.257631673764231496e-03 1.904575960763307818e-01 8.690803739866683961e-03 1.781689584529737302e-01 2.049786480390619059e-01 1.096376195012664034e+00 4.189194248066736154e-02 1.036292541525547284e+00 1.164988726682355979e+00 1.281284543972579737e+00 5.143965286613556148e-02 1.210793386373691494e+00 1.365568831786423631e+00
5.074874371859295907e-01 4.679217908343412044e-03 2.807145290249603363e-04 4.332959457344152943e-03 5.315477506105157658e-03 1.884536055991690162e-01 8.785036431546489055e-03 1.760425649430196471e-01 2.004394309252619522e-01 1.088583006778994111e+00 4.326946490210992202e-02 1.024029435535973587e+00 1.161470039580074110e+00 1.270521353110892537e+00 5.418797324242862617e-02 1.205835584736547839e+00 1.347135641763829828e+00
5.124623115577889854e-01 4.645891728801108088e-03 2.801400847987250194e-04 4.255287942253903333e-03 5.296906663679486899e-03 1.874344115880862971e-01 8.182489999193159891e-03 1.757082103112525828e-01 1.977019304177129455e-01 1.081151760969312203e+00 4.164806611280238297e-02 1.023339650116535049e+00 1.155839445621365202e+00 1.263145066481374368e+00 5.361839168521734256e-02 1.201237742147227339e+00 1.333946141589370527e+00
5.174371859296482690e-01 4.675077743130660879e-03 2.515986597398059844e-04 4.342752983164339942e-03 5.250799632227490417e-03 1.862601423570959813e-01 7.479488687850787895e-03 1.749186098534870615e-01 1.956879576883000238e-01 1.069996440330112986e+00 4.220990866798585150e-02 1.012267031152391139e+00 1.134827344521693204e+00 1.253265113878441417e+00 5.388193640480101049e-02 1.190094914378192481e+00 1.331043384255420348e+00
5.224120603015075526e-01 4.631560179048487685e-03 2.421468624090748127e-04 4.277710329944288577e-03 5.122193258755839383e-03 1.855391609977942169e-01 7.295577120742149924e-03 1.748469621683450270e-01 1.943477898422462657e-01 1.063014584852483235e+00 4.433203987071611396e-02 1.011101935454179701e+00 1.126188513179983364e+00 1.245992762568481682e+00 4.996104187899397947e-02 1.183472300916154074e+00 1.313883298615716733e+00
5.273869346733668362e-01 4.672277803003510761e-03 2.551655193921710508e-04 4.298883048954768929e-03 5.219739304854401421e-03 1.842413451550381498e-01 7.641837451598906122e-03 1.714887416713352375e-01 1.940573192240652445e-01 1.055752933111759662e+00 4.421336801844803072e-02 1.002352974215417580e+00 1.122242625462600341e+00 1.236264390159989457e+00 4.868456020829609043e-02 1.175994378366245430e+00 1.303954902502850732e+00
5.323618090452261198e-01 4.610407416320082101e-03 2.184957144484413541e-04 4.293111027263361336e-03 4.985659834352889654e-03 1.830852666758059910e-01 7.412571774055170398e-03 1.696457574641134503e-01 1.916490279207522240e-01 1.046942160992147652e+00 4.161320467284839592e-02 9.934166460112036079e-01 1.112634165591770419e+00 1.227848243475711643e+00 4.823043444695773035e-02 1.166877254676968345e+00 1.297069879118544655e+00
5.373366834170854034e-01 4.611758716159252217e-03 2.074784268168861502e-04 4.287339005571954610e-03 5.027834954365865104e-03 1.820748103849276767e-01 7.135701243246565621e-03 1.689788961260979827e-01 1.913524616924851540e-01 1.040853832531597467e+00 4.138661218468809438e-02 9.861708825890874719e-01 1.102742994829891243e+00 1.221557476853833757e+00 5.085184126863893928e-02 1.158713436372469374e+00 1.294701368049388401e+00
5.423115577889447980e-01 4.507241698270696845e-03 2.029282651384621355e-04 4.257752367767421615e-03 4.849141808331398733e-03 1.809859901472417598e-01 7.140582369325835024e-03 1.685543393068283380e-01 1.900573471281053473e-01 1.032806892904735374e+00 3.841949017296668323e-02 9.846274602361222428e-01 1.090000919370810228e+00 1.210636970495871045e+00 4.965643674175226896e-02 1.146993784473674394e+00 1.284145870811462142e+00
5.472864321608040816e-01 4.588009331676068218e-03 1.849693389902692291e-04 4.308930625908083921e-03 4.936443847722067450e-03 1.802425296020810086e-01 6.964930909882915792e-03 1.675682819107198740e-01 1.898323581623944656e-01 1.025351496723101885e+00 3.936034837635999512e-02 9.768717175679706433e-01 1.084171837845239628e+00 1.201533145230384569e+00 4.751142394578904138e-02 1.139272973150672108e+00 1.264192788846374427e+00
5.522613065326633652e-01 4.481612792588933122e-03 2.097930133701573054e-04 4.190550438593720721e-03 4.833429630341693102e-03 1.791764592829394875e-01 6.878716378521421669e-03 1.675713364876499356e-01 1.902259824449817616e-01 1.017215962526046624e+00 4.087720093407719996e-02 9.734551177010405398e-01 1.078725209396002027e+00 1.194095683771668970e+00 4.502178921741992884e-02 1.140347840105384591e+00 1.259409937909663268e+00
5.572361809045226488e-01 4.520078651464805135e-03 2.052945395357418112e-04 4.296353212684074496e-03 4.872417467003350468e-03 1.773202255724939946e-01 7.116168619681721708e-03 1.672870114798055974e-01 1.892855840622582053e-01 1.010449644387636958e+00 3.955498313485670409e-02 9.649127194562230336e-01 1.065662477103234806e+00 1.184650779980575885e+00 4.440946523262241652e-02 1.126869299474540176e+00 1.241379341026664251e+00
5.622110552763819324e-01 4.542104791369174985e-03 2.190183927789143424e-04 4.256196674650936096e-03 4.910683568721541103e-03 1.764374120458003792e-01 6.572495459980329247e-03 1.670945864344808018e-01 1.872641910449506231e-01 1.002272733109598413e+00 3.816726732359802809e-02 9.577559492240594885e-01 1.059615924644185858e+00 1.176645438229113383e+00 4.374982529961975175e-02 1.113131671553104107e+00 1.232992068750129899e+00
5.671859296482412161e-01 4.505242585398373453e-03 2.134033523907325912e-04 4.252283389824231853e-03 4.896097763564519201e-03 1.754630124970373850e-01 6.919882961352694095e-03 1.649750280418454118e-01 1.863371955658209289e-01 9.965563694838392994e-01 3.513389863441027106e-02 9.553499628512150954e-01 1.049752017503774670e+00 1.169468225848957266e+00 4.254360838447686366e-02 1.103344308561192255e+00 1.224668565848713531e+00
5.721608040201004997e-01 4.541509636003377565e-03 2.178944851791381014e-04 4.244680062282333612e-03 4.909300207566940320e-03 1.744045650838726425e-01 7.020488045960437788e-03 1.628682334204468451e-01 1.849106887353711426e-01 9.884385678972418265e-01 3.567393520960040337e-02 9.455896568732191643e-01 1.038822114737628421e+00 1.161461848296126531e+00 4.079923380972737268e-02 1.103357421147618034e+00 1.217095615745312776e+00
5.771356783919597833e-01 4.457736111241073981e-03 2.565033068876226212e-04 4.021421018050273799e-03 4.840302476443243684e-03 1.734603039659897983e-01 7.438643438849303242e-03 1.609984088555423409e-01 1.847626927848701750e-01 9.822533857873876340e-01 3.628708825455182613e-02 9.280696365710946472e-01 1.031648971059668796e+00 1.152654737498340243e+00 4.136952722336858373e-02 1.090544420277322457e+00 1.209229302177516896e+00
5.821105527638190669e-01 4.520763168059337839e-03 2.250540558975607538e-04 4.224390557782392065e-03 4.902999759241708465e-03 1.723086037930338654e-01 7.582152625336895969e-03 1.587119009419446780e-01 1.829642812068408564e-01 9.754123174175491906e-01 3.437664202700992100e-02 9.264762242252584379e-01 1.023326437040851467e+00 1.144059434172438161e+00 4.075263765591986137e-02 1.077327550815164958e+00 1.199800413695711887e+00
5.870854271356784615e-01 4.412704484988726195e-03 2.422194054281103339e-04 3.948250478836353751e-03 4.830070090656978996e-03 1.715181558676886764e-01 7.429772430325786575e-03 1.577653709075072241e-01 1.824458665387415357e-01 9.675220492538751937e-01 3.470089206073442845e-02 9.164579062346368543e-01 1.015063522625944348e+00 1.135842343141125310e+00 4.112387316466595971e-02 1.068834292273664444e+00 1.189468328546146259e+00
5.920603015075377451e-01 4.434980730531965475e-03 3.091199471908346154e-04 3.727513861414576829e-03 4.828495677458944334e-03 1.704549564401676431e-01 7.722295299083433914e-03 1.562740084549079367e-01 1.823102723864003238e-01 9.605589069661082391e-01 3.479032992854381307e-02 9.106814646100211963e-01 1.010070686476451041e+00 1.129855938042827024e+00 4.113466504544349700e-02 1.067766981370713797e+00 1.187397897788338152e+00
5.970351758793970287e-01 4.343679643556262564e-03 2.602772769690227510e-04 3.736957551880488310e-03 4.736873380524046252e-03 1.695333988419622795e-01 7.498113495592596302e-03 1.561428143251160361e-01 1.798263580396235739e-01 9.531814726384986169e-01 3.360776799590239200e-02 9.028675880134866549e-01 1.000162833655696915e+00 1.120567570930621315e+00 4.093419933355494506e-02 1.056873931217853224e+00 1.173742777894621891e+00
6.020100502512563123e-01 4.372270542801389055e-03 2.785401814733709709e-04 3.760956956949800412e-03 4.819149815073883389e-03 1.677641707461297593e-01 7.610903525498043977e-03 1.550308261557831191e-01 1.772928422910683699e-01 9.463273897609771890e-01 3.457712528068844493e-02 8.946499726069899738e-01 9.938939818601528753e-01 1.111687381099338179e+00 3.933241550246401042e-02 1.056002126940544406e+00 1.167695176409843993e+00
6.069849246231155959e-01 4.288329995658706970e-03 2.560469865163621521e-04 3.743179703445285653e-03 4.621662016477867153e-03 1.663090303120864089e-01 7.088381990225148775e-03 1.546080069507138888e-01 1.750827922234249601e-01 9.408314714430963122e-01 3.515053870382955914e-02 8.916257617952114689e-01 9.901506903981005525e-01 1.104189619085510055e+00 3.975484483832363719e-02 1.050827629720276102e+00 1.161512074437056175e+00
6.119597989949748795e-01 4.315908719715552157e-03 2.471082569971145139e-04 3.786565343801183686e-03 4.683437596685304828e-03 1.648718305634177816e-01 7.459366553167227562e-03 1.510123881962430192e-01 1.737007413375863396e-01 9.320291195601502210e-01 3.430194717402126198e-02 8.842889840452102801e-01 9.785898048650103487e-01 1.096342150109834046e+00 3.960961489833515758e-02 1.049005918718905805e+00 1.156087628659638877e+00
6.169346733668341631e-01 4.237534152823238705e-03 2.513401188181252767e-04 3.760410312901172909e-03 4.657914601606149424e-03 1.632601983593696404e-01 6.974227169122370999e-03 1.503610285148083148e-01 1.708872110003565592e-01 9.256367092631017091e-01 3.357303431851267617e-02 8.847909272330435337e-01 9.745732021518166421e-01 1.091147639965480254e+00 3.955147984360569274e-02 1.032999185234041883e+00 1.149239112970182441e+00
6.219095477386934467e-01 4.255861799385437724e-03 2.367542087765607539e-04 3.791240549418067440e-03 4.626965280575677519e-03 1.620252817370623211e-01 7.088645323750863980e-03 1.500881198855696930e-01 1.704223868880260506e-01 9.189191281936309741e-01 3.327364945566863019e-02 8.802851174256171030e-01 9.703538018619453087e-01 1.085812391174628244e+00 4.030476406958922314e-02 1.026997925687274993e+00 1.146286118965635925e+00
6.268844221105528414e-01 4.162792797047133384e-03 2.215184291457085550e-04 3.795264790230496940e-03 4.551248127694578795e-03 1.603975243689498009e-01 6.303409089507253441e-03 1.497302169934017213e-01 1.678086283527065181e-01 9.136467873804553497e-01 3.258131021210584899e-02 8.751990039356460915e-01 9.660230523102181222e-01 1.076847374244735978e+00 4.264761884089396382e-02 1.018646436141415812e+00 1.138896279708262904e+00
6.318592964824121250e-01 4.216200173653021459e-03 2.337223745475120471e-04 3.800815128725175841e-03 4.673659736923544035e-03 1.594726833444490288e-01 6.666309885570910476e-03 1.488020698788119767e-01 1.670833339167381026e-01 9.092476609378289387e-01 3.329686414411832385e-02 8.617533616668873186e-01 9.595384420597052877e-01 1.071943455061627581e+00 4.270046732226241010e-02 1.004596214175129898e+00 1.137338811055621957e+00
6.368341708542714086e-01 4.139287387669446198e-03 2.112602942467003628e-04 3.795971349746074964e-03 4.581528872845020729e-03 1.578337724810507936e-01 6.748608680537991102e-03 1.458606392856850176e-01 1.658300189626350785e-01 9.027280869525325935e-01 3.441909563857689647e-02 8.597484894047945359e-01 9.576203898812688520e-01 1.064998998065948443e+00 4.390507468810124492e-02 9.937466872529181483e-01 1.130683694400742789e+00
6.418090452261306922e-01 4.137651570957511307e-03 2.096178580116352878e-04 3.795907253908131773e-03 4.547780159267966402e-03 1.562995081506342865e-01 6.116510622231058694e-03 1.461478749221714613e-01 1.644800235810036926e-01 8.971498268891512362e-01 3.516939573841173367e-02 8.510800537442491098e-01 9.513091305690080102e-01 1.056481666474020420e+00 4.232506717366728288e-02 9.905847977300319407e-01 1.123930809702358147e+00
6.467839195979899758e-01 4.066073093308333192e-03 2.019674311546703965e-04 3.721883688168581197e-03 4.464199570223745250e-03 1.550345681438091705e-01 5.733774328225838511e-03 1.463414354513606630e-01 1.635354150410857077e-01 8.916507462649668758e-01 3.535210093298769146e-02 8.381629660296274764e-01 9.462048585170464987e-01 1.049473651170760302e+00 4.041782869590382354e-02 9.852776009000469015e-01 1.114329445745719127e+00
6.517587939698492594e-01 4.119371951724873533e-03 1.995001142607636627e-04 3.771363404249524712e-03 4.501322917004211589e-03 1.539295385158762075e-01 5.572312204325437050e-03 1.454800453888147882e-01 1.622803829807437093e-01 8.860628605222931053e-01 3.646314758285845725e-02 8.309099159515297428e-01 9.441032925457111258e-01 1.042472345134858758e+00 3.883636214003752946e-02 9.823949913843613713e-01 1.105976250234794955e+00
6.567336683417085430e-01 4.048159254205789190e-03 2.020222570336591931e-04 3.678101647123394394e-03 4.499936447915167149e-03 1.525154262338102584e-01 4.957534480275594888e-03 1.452196119294278109e-01 1.606844080048175083e-01 8.796731327241152920e-01 3.325039577647737055e-02 8.294250498166937380e-01 9.341301587491456226e-01 1.032799558272001983e+00 3.845488500391001235e-02 9.744683422365899572e-01 1.089733029021421773e+00
6.617085427135678266e-01 4.065017530135629602e-03 1.817318368382990945e-04 3.711882064441991789e-03 4.388413236343857542e-03 1.514785414456250590e-01 5.264107235710586107e-03 1.425674256967604248e-01 1.589320855349559414e-01 8.742196383031402007e-01 3.276904405044060720e-02 8.245336344774418791e-01 9.298462557999137568e-01 1.026338572617436995e+00 3.810945746615902047e-02 9.731773103667752389e-01 1.084564161546964112e+00
6.666834170854271102e-01 4.098011094070977064e-03 2.053978898574952651e-04 3.721274963859431181e-03 4.559767675103802882e-03 1.505323374455048158e-01 5.080646631530545167e-03 1.413312763399942884e-01 1.578870741749411888e-01 8.667142351198110495e-01 3.125891867844855093e-02 8.203781952123309074e-01 9.176344350560575736e-01 1.015145243563449151e+00 3.801536149898899347e-02 9.562151581342278606e-01 1.068911220318141897e+00
6.716582914572865048e-01 4.021141421935785568e-03 1.763035487402705851e-04 3.634228372682235531e-03 4.344901402448601326e-03 1.492834057714568230e-01 5.335609348713118982e-03 1.406815602062138348e-01 1.566268397199530593e-01 8.601839245949058910e-01 3.117465507749360085e-02 8.140183048186619974e-01 9.076234293106235640e-01 1.004929474847122917e+00 3.635318325887780533e-02 9.506641548359916483e-01 1.061872287831679307e+00
6.766331658291457885e-01 4.058989272467171047e-03 1.758432967974589954e-04 3.701879805139382182e-03 4.304426393467569376e-03 1.481073901726378539e-01 5.337688330759223984e-03 1.393817368282091185e-01 1.554826578132569026e-01 8.537612516286745556e-01 3.207484728783652206e-02 8.122385346925964367e-01 9.059242383500063500e-01 9.962975265462347130e-01 3.596611013603732282e-02 9.457449992056962129e-01 1.052513533550892610e+00
6.816080402010050721e-01 3.978223173326618164e-03 1.737678387406923694e-04 3.644753790797461944e-03 4.216497841715878894e-03 1.469913170232931832e-01 5.369242766890285415e-03 1.386170450712488622e-01 1.552112029895978407e-01 8.433873435682839315e-01 2.997224046143719123e-02 8.003384890910480998e-01 8.931145686531820616e-01 9.896906159884210075e-01 3.556976337725610560e-02 9.402011167945873993e-01 1.043930582560402165e+00
6.865829145728643557e-01 3.996231716717283007e-03 1.583689271638201240e-04 3.605248191009706015e-03 4.196923440857004521e-03 1.459141222194983156e-01 5.167110048634949299e-03 1.379310113660578152e-01 1.540400579906472667e-01 8.357174945219881801e-01 3.031648301993916314e-02 7.954061184142914298e-01 8.855993768531568167e-01 9.805419344232962908e-01 3.485416535066797328e-02 9.303870716333080271e-01 1.035462120504000438e+00
6.915577889447236393e-01 3.926707078522612658e-03 1.546767248428283857e-04 3.618813982978858271e-03 4.142241657713866508e-03 1.448897229972966605e-01 4.765534456162015368e-03 1.377129436787653816e-01 1.524177204622640114e-01 8.295967958016314814e-01 3.013303190854968103e-02 7.909541154357578874e-01 8.792833194667473151e-01 9.721008431239077652e-01 3.356787245965495853e-02 9.184540763200916835e-01 1.020720678050522467e+00
6.965326633165829229e-01 3.949478693800056658e-03 1.797784078631694659e-04 3.640269694091611673e-03 4.148608295806321955e-03 1.437349325740311934e-01 4.924586351651153403e-03 1.357786345924774096e-01 1.514136309682716508e-01 8.232143291490384707e-01 2.854793715320626257e-02 7.851666835206617678e-01 8.698620864862592894e-01 9.616358667399060867e-01 3.189308104629459684e-02 9.121634580147293114e-01 1.009085720208468873e+00
7.015075376884422065e-01 3.897371719941083480e-03 1.582674628598463651e-04 3.624513841647099884e-03 4.095351667126662619e-03 1.426610202429747232e-01 4.840673555410874608e-03 1.348484131519493145e-01 1.504300173942926255e-01 8.159544158415534820e-01 2.815514755950737288e-02 7.776423048050615794e-01 8.629312299881543025e-01 9.536085614111102782e-01 3.128793539836195736e-02 9.059311812865556979e-01 1.001503038559047098e+00
7.064824120603014901e-01 3.913204936203498394e-03 1.705019859886271292e-04 3.642843307543996122e-03 4.122613947308341811e-03 1.418753447493076858e-01 4.718590095396600279e-03 1.338673310836108743e-01 1.500562905503557143e-01 8.083743216132874831e-01 2.687542562961572901e-02 7.677582329606740252e-01 8.509081905246137500e-01 9.457530836106766703e-01 2.917663186378737644e-02 9.025589713022357241e-01 9.885125436538561017e-01
7.114572864321608847e-01 3.878452830928202227e-03 1.765473181498293054e-04 3.548801722227660355e-03 4.137314519325021797e-03 1.403271744806435239e-01 4.622281892779276508e-03 1.324486896593631280e-01 1.485064520234086471e-01 7.996186281176971278e-01 2.599957538692001732e-02 7.611818649110093649e-01 8.400741798485599210e-01 9.379504014623571972e-01 2.912060624129342301e-02 8.945676591273801215e-01 9.804980696401770501e-01
7.164321608040201683e-01 3.900134871098403892e-03 1.627177271979153225e-04 3.632271187333060807e-03 4.167331677194301316e-03 1.391327401298134703e-01 4.600770285180061543e-03 1.312018038748223869e-01 1.474031747454428443e-01 7.928734663915828484e-01 2.535395500507540284e-02 7.547478120975629201e-01 8.313418567641623902e-01 9.287946723641919977e-01 2.861863008014689166e-02 8.839286470821471342e-01 9.690945842847785707e-01
7.214070351758794519e-01 3.870336223349429058e-03 1.729873442899131639e-04 3.564894741550489726e-03 4.182923071876632967e-03 1.376720737224126356e-01 4.802907745641432635e-03 1.298533478583276946e-01 1.474810564115536238e-01 7.861058676246038823e-01 2.404026946103531015e-02 7.511953229598804516e-01 8.211552573376876829e-01 9.217586787297534778e-01 2.884609087283192264e-02 8.754516819778198622e-01 9.611703827013198254e-01
7.263819095477387355e-01 3.896220485258343642e-03 1.903948577514954078e-04 3.521836773818578202e-03 4.200230602444322836e-03 1.364066864699450821e-01 4.482022975122180487e-03 1.286102380961846314e-01 1.448953935163969919e-01 7.783821041597691615e-01 2.406739069053539376e-02 7.405976092226391749e-01 8.140152332582539785e-01 9.129187542127155108e-01 2.836330349589337094e-02 8.686294223271530113e-01 9.543523504580466721e-01
7.313567839195980191e-01 3.875587014414746956e-03 1.935161466064782817e-04 3.489346387631928666e-03 4.209494283026797568e-03 1.351519681716419341e-01 4.098458702855242893e-03 1.274848843991716052e-01 1.425366594638146356e-01 7.718554969409544553e-01 2.404254643597385568e-02 7.347798547106898504e-01 8.047391692779504169e-01 9.058839601684713916e-01 2.827291070292478267e-02 8.617025596210790006e-01 9.522523010510016706e-01
7.363316582914573027e-01 3.887700253207940302e-03 1.846196662147114517e-04 3.541528203580841371e-03 4.235709645841289131e-03 1.340493282372811901e-01 3.766700440345926819e-03 1.272644918484092669e-01 1.408298714728131174e-01 7.651315208105945453e-01 2.407309769872680721e-02 7.304952069890620070e-01 8.005643549443630658e-01 8.985298193458145510e-01 2.731722465667170766e-02 8.582706806539155409e-01 9.434831758838447824e-01
7.413065326633165864e-01 3.859901015578530437e-03 1.935447907785200605e-04 3.484134529168795430e-03 4.220989310150522963e-03 1.327983155482294342e-01 3.899804124261576060e-03 1.264223523566275487e-01 1.405734822434608067e-01 7.580637645518381040e-01 2.393161601330997743e-02 7.212133517794946380e-01 7.941337180755888570e-01 8.906805700376310142e-01 2.607831883251568103e-02 8.515970697304987569e-01 9.319687646260602643e-01
7.462814070351758700e-01 3.893341412829636611e-03 2.036177532010566857e-04 3.499620309260627685e-03 4.264243793094355840e-03 1.310857629042774808e-01 3.857263459345782863e-03 1.244458826484633740e-01 1.386223193821972954e-01 7.522790307516791231e-01 2.317032784009175408e-02 7.166030895279185131e-01 7.914910986392716952e-01 8.823092582026058617e-01 2.598478573319581292e-02 8.436289070710013549e-01 9.268132264986904678e-01
7.512562814070351536e-01 3.860921756384539001e-03 2.179084834762472927e-04 3.471371977657160095e-03 4.262569052498049217e-03 1.301011425427190393e-01 3.833801638227315144e-03 1.242177976465505124e-01 1.379959963008047519e-01 7.459336557502165288e-01 2.233240903895379603e-02 7.131824710938311496e-01 7.783139831541127096e-01 8.735700252677875977e-01 2.520284526979527442e-02 8.348639973718089413e-01 9.163610321448606433e-01
7.562311557788945482e-01 3.879121865117898024e-03 2.011554880600843255e-04 3.505780335689077237e-03 4.257570189226196795e-03 1.289134001060012746e-01 3.713442119516837357e-03 1.236196784700935025e-01 1.373402529725112342e-01 7.384678531359608611e-01 2.165196158962216788e-02 7.057081875816172412e-01 7.723308265068525857e-01 8.653082199311935563e-01 2.429561057100083563e-02 8.271411852245369456e-01 9.111181229039758689e-01
7.612060301507538318e-01 3.856487506776606379e-03 2.067002067848530309e-04 3.502241837060756768e-03 4.245952874603418220e-03 1.275950661114506057e-01 3.731821445411882907e-03 1.219848911603592240e-01 1.356419212331314572e-01 7.314796825295509786e-01 2.104311448922833311e-02 6.993156375721082396e-01 7.660639270988247596e-01 8.580576404176095684e-01 2.353180501091752322e-02 8.201175133628493263e-01 9.030760272740254724e-01
7.661809045226131154e-01 3.872483125264816230e-03 2.260070868945862458e-04 3.505578334051272400e-03 4.291965459405329766e-03 1.264946578056899418e-01 4.036399242552651985e-03 1.196049426437303526e-01 1.348103804515406734e-01 7.238492306498954809e-01 2.000939154597574168e-02 6.946181435903909795e-01 7.591277999500122275e-01 8.501147803772113321e-01 2.361075841391929026e-02 8.149503455515724193e-01 8.949487750380054063e-01
7.711557788944723990e-01 3.841421553155347727e-03 2.317510573479611619e-04 3.505050980887419038e-03 4.267832234927378815e-03 1.252144335535540220e-01 4.097146623359582997e-03 1.188735030214366079e-01 1.337127835300011280e-01 7.174729479772142815e-01 1.947623985715039516e-02 6.869056807368528750e-01 7.523055551124807616e-01 8.402333717507595168e-01 2.244652248350611362e-02 8.052863077781505785e-01 8.816219864135562689e-01
7.761306532663316826e-01 3.871413407784928852e-03 2.108735339307949883e-04 3.543283732973333440e-03 4.283728834501183969e-03 1.238384359124308637e-01 4.457594321052544412e-03 1.170018356829621853e-01 1.332617086616083302e-01 7.111025671530570857e-01 1.892774404483184292e-02 6.822145017267751133e-01 7.453532337250657891e-01 8.315917569746329452e-01 2.089516916808942942e-02 7.996901039246747667e-01 8.688360557571783716e-01
7.811055276381909662e-01 3.882485633331194536e-03 2.339826456185790623e-04 3.538689533160270084e-03 4.313701593289631479e-03 1.228946312922446771e-01 4.422634025078548553e-03 1.159131806597294423e-01 1.323152362221992062e-01 7.037085244260354866e-01 1.836252418874343220e-02 6.765807088128202862e-01 7.359805507933582236e-01 8.239292184859007273e-01 2.015645469343956345e-02 7.950465142178879674e-01 8.626308895332398530e-01
7.860804020100502498e-01 3.830604588214049557e-03 2.113690239554706250e-04 3.477468744689463358e-03 4.242057220157835137e-03 1.213063568962723104e-01 4.205718263323084474e-03 1.144717101693682876e-01 1.294687749939877064e-01 6.957967401816580466e-01 1.789656264711463746e-02 6.665707439110030164e-01 7.247876184227687313e-01 8.142342534167286150e-01 1.859165168751570479e-02 7.884313276355517930e-01 8.486449998691542040e-01
7.910552763819095334e-01 3.879354845810909815e-03 2.153383532024042584e-04 3.538640720415645556e-03 4.313968957106205544e-03 1.201460511300566497e-01 4.369402450520674247e-03 1.135200799742028949e-01 1.288447303207597150e-01 6.886824665494328812e-01 1.672937718174279456e-02 6.650374320294649699e-01 7.195653632837756275e-01 8.063152420326795689e-01 1.816595745935564721e-02 7.812161980271641326e-01 8.390707397741626883e-01
7.960301507537689281e-01 3.813273580821917308e-03 1.986264801492036052e-04 3.488691675495948601e-03 4.264671491504365246e-03 1.189957903120073129e-01 4.219218748744477283e-03 1.120364148782834468e-01 1.268638747475416273e-01 6.813418594064144518e-01 1.491574189988360312e-02 6.613377389646291071e-01 7.068218784376509856e-01 7.986071443697994043e-01 1.842690435049498116e-02 7.745233571662408778e-01 8.335158138040057452e-01
8.010050251256282117e-01 3.816482432235605762e-03 1.953681298741777816e-04 3.460675834435375693e-03 4.214505275314279521e-03 1.177443268757058653e-01 3.953572911595758764e-03 1.111543597268015438e-01 1.250118828699472162e-01 6.737756575518081270e-01 1.521278621534090381e-02 6.537203871552739187e-01 6.991124249593528850e-01 7.891155468949165863e-01 1.882802065920727991e-02 7.645091199756849365e-01 8.249950262205641982e-01
8.059798994974874953e-01 3.769141379951843149e-03 1.729924000219524520e-04 3.463914194528004177e-03 4.160907494300623150e-03 1.168319651011789917e-01 4.082605469095720169e-03 1.104581572522767979e-01 1.246692440202993163e-01 6.676346628120949367e-01 1.551766402030094368e-02 6.486486165349897304e-01 6.944345003350015366e-01 7.798332335126183512e-01 1.819609615003654063e-02 7.581704704688682073e-01 8.150680973876002211e-01
8.109547738693467789e-01 3.786319130903003510e-03 1.814221505505911032e-04 3.488827412083580267e-03 4.198476422733955944e-03 1.157908651968883873e-01 4.015356805597758948e-03 1.094559212964166112e-01 1.232643782031954682e-01 6.598983604532001612e-01 1.538989256471909664e-02 6.415072689351138946e-01 6.866884276264246800e-01 7.732614608724542871e-01 1.809611256025735887e-02 7.522914635526430915e-01 8.088062552146130235e-01
8.159296482412060625e-01 3.734489536124083187e-03 1.228390498296548820e-04 3.497899961543740957e-03 3.944907065760620141e-03 1.143875662056362541e-01 3.926680714113455102e-03 1.083046648429308867e-01 1.221445362974835913e-01 6.507764505130606558e-01 1.497885163637084800e-02 6.336021799506502683e-01 6.771487850467574621e-01 7.638768822776965672e-01 1.961195182390443673e-02 7.377393851543386782e-01 8.006360575298090421e-01
8.209045226130653461e-01 3.758377143854514484e-03 1.518283770570533426e-04 3.496145069407547833e-03 4.094121873494221443e-03 1.130244901332909391e-01 3.853540727072318501e-03 1.072093339238525261e-01 1.208959441123394346e-01 6.448890514820967423e-01 1.521277073474119890e-02 6.276683428827617428e-01 6.710355076878300462e-01 7.548636060446740625e-01 1.956588394449951598e-02 7.302453772472125015e-01 7.899443378074163524e-01
8.258793969849246297e-01 3.711372581701418479e-03 1.118192810921415009e-04 3.476209563353766484e-03 3.890623202130873409e-03 1.119691633653432661e-01 3.731996274224508997e-03 1.061966448639255212e-01 1.192720200440326450e-01 6.376768337159748334e-01 1.501603378384626201e-02 6.228396786220934400e-01 6.636192663389443025e-01 7.466622280328369943e-01 1.987115550949248785e-02 7.207388284702921366e-01 7.824258971971217447e-01
8.308542713567839133e-01 3.720033798360535861e-03 9.464160916939704502e-05 3.529917098956044785e-03 3.875919514697882210e-03 1.109040265495222499e-01 3.716868680668535332e-03 1.057138571242392938e-01 1.182001015188226256e-01 6.297528593473835645e-01 1.615561990060068037e-02 6.115891352094884326e-01 6.566288547381766705e-01 7.366120584405930760e-01 1.924597351146306243e-02 7.121250195491075630e-01 7.711568975116628311e-01
8.358291457286431969e-01 3.688224988096859471e-03 8.672768444414610605e-05 3.507021194745748530e-03 3.800916227477381219e-03 1.099213615000365768e-01 3.272815604895845318e-03 1.052886933655124979e-01 1.153928391102870404e-01 6.230003233985976774e-01 1.606562769522126150e-02 6.051539481747629790e-01 6.502262778412154498e-01 7.283395828589867005e-01 1.880458090802291510e-02 7.043327600700356461e-01 7.600803643070196403e-01
8.408040201005025915e-01 3.707971585659485762e-03 8.767506755117323593e-05 3.510292947662581146e-03 3.791023495298534093e-03 1.088841961644588102e-01 3.067565015883305917e-03 1.047772232238251139e-01 1.133972343820428968e-01 6.142309811970496636e-01 1.552969182501708588e-02 5.965666232277779812e-01 6.404596321397290071e-01 7.206968779987341644e-01 1.941759412571154517e-02 6.959367441545816213e-01 7.538346151582431265e-01
8.457788944723618751e-01 3.667872483942116821e-03 7.902906305009238747e-05 3.528708850503362374e-03 3.786911755237830184e-03 1.079034984568829209e-01 3.118532557182824867e-03 1.032469282671679284e-01 1.124741076782585364e-01 6.068516836737412046e-01 1.527693527389856372e-02 5.876110326447787635e-01 6.300309524289003926e-01 7.130002232654311101e-01 1.789600700527589280e-02 6.889095076462873335e-01 7.446491390308246361e-01
8.507537688442211588e-01 3.698378767864026698e-03 8.009160835461453035e-05 3.547124753344144035e-03 3.817012953675452680e-03 1.069288351551480887e-01 2.875250126119686511e-03 1.030282750958942256e-01 1.122829507816710121e-01 6.000996899534073448e-01 1.561698237554683469e-02 5.809883188603235382e-01 6.255738197554405744e-01 7.047925827057212045e-01 1.769637052472207428e-02 6.828015843507009297e-01 7.352538827857602044e-01
8.557286432160804424e-01 3.677616605394475741e-03 7.768773016169205762e-05 3.565540656184925262e-03 3.814356378598345899e-03 1.057443449625327797e-01 2.640824630451709884e-03 1.020853286657192466e-01 1.110205104944618631e-01 5.936944613424548489e-01 1.499265598602614845e-02 5.747401136657032117e-01 6.173380107262611549e-01 6.963738923974884809e-01 1.723578261569993011e-02 6.737978622367494230e-01 7.235714689698440338e-01
8.607035175879397260e-01 3.673895835110459022e-03 7.588036022588205384e-05 3.577135815125063317e-03 3.831718519835341022e-03 1.044453061422236095e-01 2.596857915664753380e-03 1.004853457546277390e-01 1.094470925157646213e-01 5.866348248656224618e-01 1.417963854573066861e-02 5.680347490989597903e-01 6.081409194558801135e-01 6.875958492076863493e-01 1.652761387881166236e-02 6.655564848115026466e-01 7.126756163028687974e-01
8.656783919597990096e-01 3.652709757806818676e-03 7.973358119543867641e-05 3.581693196815616265e-03 3.840502823936774689e-03 1.032836135500349306e-01 2.675665923717663371e-03 9.911175308101884129e-02 1.083673440951364864e-01 5.789448354369961525e-01 1.368897655361146076e-02 5.587880501553602608e-01 5.982106757389988871e-01 6.788854530881934801e-01 1.556469250938726477e-02 6.565957332640709465e-01 7.021856429393200649e-01
8.706532663316582932e-01 3.667491469633268192e-03 6.926485719620325318e-05 3.582084917730101684e-03 3.792583704041097969e-03 1.026937231068314471e-01 2.804444108443003830e-03 9.817918166379897837e-02 1.080368623070234319e-01 5.714806501286453511e-01 1.304677832163662551e-02 5.522041388910068349e-01 5.930817432970284520e-01 6.694046525000936221e-01 1.476560074917140399e-02 6.487399536083560125e-01 6.930877461196953693e-01
8.756281407035175768e-01 3.617862255066530731e-03 7.045583185408420723e-05 3.510497672650421917e-03 3.748441055755451397e-03 1.016160851607067067e-01 2.610635549537655871e-03 9.741416734085935059e-02 1.070068629764947821e-01 5.641313108816961019e-01 1.234458149249507627e-02 5.481249292059026113e-01 5.834484512904527520e-01 6.609340836625734461e-01 1.390570638736947535e-02 6.418238691126161299e-01 6.843555459557910670e-01
8.806030150753769714e-01 3.633335718899852098e-03 8.208795006976471063e-05 3.531123660901152109e-03 3.814633801386680539e-03 1.005511746390045785e-01 2.749472049605748529e-03 9.633086338645822921e-02 1.064185407493901392e-01 5.565244218201488291e-01 1.214494781008423896e-02 5.399362371674419903e-01 5.755557125535356588e-01 6.532825544116350747e-01 1.392267478436452419e-02 6.325503708990671825e-01 6.772222229684443651e-01
8.855778894472362550e-01 3.576672057689697561e-03 9.621354628868262029e-05 3.414657939026184696e-03 3.742291363215225711e-03 9.989131659640666794e-02 2.742165457834184594e-03 9.648398062285830357e-02 1.058892991429106339e-01 5.485769198229597521e-01 1.143542201992582379e-02 5.335048112756890504e-01 5.673405406627308745e-01 6.448372776074992041e-01 1.318739284251728948e-02 6.251141661879573430e-01 6.659682295367631566e-01
8.905527638190955386e-01 3.610465836198813953e-03 7.786923801258997964e-05 3.505639191535609052e-03 3.759926757559504517e-03 9.852047140002853642e-02 2.593505862961741851e-03 9.487128708291002466e-02 1.044786641904187630e-01 5.415513626554199211e-01 1.101143899646846863e-02 5.254743415229669035e-01 5.600054946984257542e-01 6.370957012135154418e-01 1.161167616011067605e-02 6.200420094076921629e-01 6.550932845385801784e-01
8.955276381909548222e-01 3.606281551661553487e-03 9.793914721667888235e-05 3.437830840317070060e-03 3.774006053313637681e-03 9.749469514583340712e-02 2.651528679074314360e-03 9.359897150313764569e-02 1.038084384748849121e-01 5.345464696733566168e-01 1.049893997271915923e-02 5.176002074864506364e-01 5.514132987040055722e-01 6.286128298962514460e-01 1.277132001185478719e-02 6.109058272941714218e-01 6.499416906111272763e-01
9.005025125628141058e-01 3.576489228887311852e-03 1.042884956974958152e-04 3.439726434478933888e-03 3.788085349067770845e-03 9.661525966458091308e-02 2.579713534776763208e-03 9.265930862459412221e-02 1.025060058691048548e-01 5.271013574005551927e-01 9.765589916768202886e-03 5.116755335820295514e-01 5.424668955029230411e-01 6.208649198984423911e-01 1.294998261502686848e-02 6.022576554126973791e-01 6.431114827751982510e-01
9.054773869346733894e-01 3.602208565712539719e-03 1.002138950441997504e-04 3.450485866001294210e-03 3.809383157166541887e-03 9.543265735270339833e-02 2.321165620829953018e-03 9.225223712265535891e-02 1.004262172076584164e-01 5.199715055253966156e-01 1.059084130708267020e-02 5.053442429300788463e-01 5.369275853446927593e-01 6.125152690681737733e-01 1.299744297748285649e-02 5.925161292793560408e-01 6.370946199299827306e-01
9.104522613065326730e-01 3.560551532996320597e-03 1.003574579299681437e-04 3.461067673234739621e-03 3.785635112431221319e-03 9.456374840775509660e-02 2.068013573909332006e-03 9.159198836471103833e-02 9.915887108893661761e-02 5.132682271733040036e-01 1.115573289674641130e-02 4.984551484303541002e-01 5.305372768709367692e-01 6.043620791331618669e-01 1.209674615416841091e-02 5.830512323046398437e-01 6.257161191806592804e-01
9.154271356783919567e-01 3.573404893018488661e-03 1.210821961851058436e-04 3.395739649965431352e-03 3.825463233614169976e-03 9.349479258429424511e-02 1.521073451991754094e-03 9.101662953197457717e-02 9.617834821814062740e-02 5.052011300538066241e-01 1.055575588915859918e-02 4.913573134934336450e-01 5.219741072035908314e-01 5.959773321359544962e-01 1.134407377666908461e-02 5.763047266683909431e-01 6.151603870241874050e-01
9.204020100502512403e-01 3.538660131766257523e-03 1.209695890400474378e-04 3.381571629736330672e-03 3.799044777873701335e-03 9.225572750360408469e-02 1.581821238403504802e-03 9.003337987492884831e-02 9.538229990345485632e-02 4.981427572051049246e-01 9.676741851808954090e-03 4.805744832701715485e-01 5.115312324519463161e-01 5.866881272723104557e-01 1.125406531164647138e-02 5.662551194088061290e-01 6.046854780060311185e-01
9.253768844221106349e-01 3.550667866866286625e-03 1.109999303231465893e-04 3.408778736899853098e-03 3.801291558395278845e-03 9.103997119079265676e-02 1.616984303724912321e-03 8.872511705852337283e-02 9.390039140937027351e-02 4.896739436081891661e-01 9.152920978580426914e-03 4.744321084471718741e-01 5.033920473192223799e-01 5.785474713511523648e-01 1.109551909670940424e-02 5.574686107262530887e-01 5.968195651272728552e-01
9.303517587939699185e-01 3.525853409959569997e-03 1.133506324927776795e-04 3.398338757995985736e-03 3.807713952653622117e-03 9.008311340953711888e-02 1.698342956383413257e-03 8.764343636291647976e-02 9.338605440267255808e-02 4.823624193311074615e-01 8.524268167678613825e-03 4.669656924552360033e-01 4.941153835294917473e-01 5.700911220659543588e-01 1.106584597968400356e-02 5.496009500136576076e-01 5.889082613935388011e-01
9.353266331658292021e-01 3.535254015768968423e-03 1.185008637175725141e-04 3.396276511081403916e-03 3.793068523717868252e-03 8.899888400801349297e-02 1.589329794044170479e-03 8.660970051218611077e-02 9.217186781371003446e-02 4.749971188129036292e-01 9.044126530171755010e-03 4.589381771333723159e-01 4.880306823012251494e-01 5.609861678282707098e-01 9.744408839773486403e-03 5.424343480189837141e-01 5.771874587509394638e-01
9.403015075376884857e-01 3.514041886372607556e-03 1.004882768665669085e-04 3.386854764252052175e-03 3.746909880256491486e-03 8.783222844994482970e-02 1.580525600548576522e-03 8.549912698142445033e-02 9.112260260525227584e-02 4.666914982596700456e-01 8.650973410393197893e-03 4.508729559330333925e-01 4.798233264778122287e-01 5.515105166001326165e-01 9.874889493725802839e-03 5.341352943915262941e-01 5.695016125818896935e-01
9.452763819095477693e-01 3.531983820626628107e-03 1.027814162321456104e-04 3.415415948888452392e-03 3.789758058826654327e-03 8.695235903356755836e-02 1.544111380909768492e-03 8.474390822471425389e-02 8.990449187629163952e-02 4.580690939884881629e-01 8.536906881415329967e-03 4.435085393519487829e-01 4.714212098569717790e-01 5.425157497149987185e-01 1.017190544216654835e-02 5.246351211344352228e-01 5.600538530349018496e-01
9.502512562814070529e-01 3.514036673808813762e-03 7.262808830371226632e-05 3.409645131223846670e-03 3.679411222504559535e-03 8.573334529108259106e-02 1.335304808066355847e-03 8.397697680303639611e-02 8.850729449296498852e-02 4.492230291856628144e-01 8.979970717975811062e-03 4.343518734636198086e-01 4.638978202536268025e-01 5.330908495869930430e-01 9.602388650982920243e-03 5.167767669099676553e-01 5.487195057526601527e-01
9.552261306532663365e-01 3.520637234468655067e-03 7.767226298879932806e-05 3.414843821522123204e-03 3.694101545072667973e-03 8.452191407487441577e-02 1.375815876016461478e-03 8.226699504889772863e-02 8.706126105968618745e-02 4.410800518894285038e-01 8.632698890568925310e-03 4.283020469914381456e-01 4.527833584215291696e-01 5.228809390527411338e-01 8.879223699560014407e-03 5.081401103293534671e-01 5.357063698310537969e-01
9.602010050251256201e-01 3.501181520888003215e-03 5.665203259419397832e-05 3.428253497595812240e-03 3.590875890820903905e-03 8.306337197835039765e-02 1.205898824912542307e-03 8.097720960634717524e-02 8.487045827446511315e-02 4.319912130544533713e-01 7.887443763326033516e-03 4.190299609924881818e-01 4.426805511150448957e-01 5.134235951808175935e-01 7.905919553785624096e-03 4.990285295071025806e-01 5.228115292407912174e-01
9.651758793969849037e-01 3.515867261821820945e-03 5.654112235322412310e-05 3.442562272258745636e-03 3.634967154100750622e-03 8.186495908067503713e-02 9.883699688483056287e-04 8.031890290617937911e-02 8.319807421639134615e-02 4.229903140863273125e-01 6.540134686389682470e-03 4.107248980997655896e-01 4.309457389217091761e-01 5.026810125878868885e-01 5.638778422798172013e-03 4.923100406143313679e-01 5.099448974032682047e-01
9.701507537688442984e-01 3.492030978256767393e-03 5.673326948355726868e-05 3.398610397516196001e-03 3.596877719777091722e-03 8.034712796129278578e-02 1.013090356192322943e-03 7.883236382924663221e-02 8.188755186161210398e-02 4.130409465554225612e-01 4.811777654343712615e-03 4.043379508579852954e-01 4.187084564077709903e-01 4.916992252951092324e-01 5.598423003282435896e-03 4.816652918142796391e-01 4.985885194287052458e-01
9.751256281407035820e-01 3.501648076308666417e-03 4.567457158355261413e-05 3.438206637830033656e-03 3.563554163713743544e-03 7.867769481121082709e-02 1.503950207756749079e-03 7.621480948451100912e-02 8.103125343312854445e-02 4.025565399300096159e-01 4.671369167474745746e-03 3.935278914240097903e-01 4.084389994876382879e-01 4.803607308070878545e-01 4.929395799694480385e-03 4.723708174985624120e-01 4.869593669537132796e-01
9.801005025125628656e-01 3.472336030629663648e-03 3.913289104766482217e-05 3.407877096332354114e-03 3.530174274216636449e-03 7.663618704119570801e-02 1.330400629440891148e-03 7.431067146897857301e-02 7.940242341815341443e-02 3.914012716134659953e-01 4.047544122249576923e-03 3.857320472911752174e-01 3.969815058028056676e-01 4.684160206888875466e-01 3.671479238651705664e-03 4.632302901000230899e-01 4.731058374761216156e-01
9.850753768844221492e-01 3.488139572386642767e-03 3.652281343727895410e-05 3.418780652008678554e-03 3.532809750386232787e-03 7.472530911282330990e-02 9.704344883142397918e-04 7.294372716054034478e-02 7.642617764956956272e-02 3.798065207660361042e-01 3.311418819908695625e-03 3.752714036255573871e-01 3.843342694645844881e-01 4.542536723711204649e-01 3.266711450904354486e-03 4.491721745425693024e-01 4.589273597569733520e-01
9.900502512562814328e-01 3.456101327800910165e-03 3.157731740637872015e-05 3.421538596186892399e-03 3.517187076049820265e-03 7.261456015142311871e-02 8.515307598907365712e-04 7.108523912741422646e-02 7.387355296330676280e-02 3.661146605572282997e-01 2.456220713747753887e-03 3.613621864001130279e-01 3.701102629829280399e-01 4.381530426773915243e-01 2.951497638983211370e-03 4.317267908579179858e-01 4.411810169196770937e-01
9.950251256281407164e-01 3.459830201488508280e-03 1.917609266363008266e-05 3.427492980429862595e-03 3.485576583289778669e-03 7.058054870624939914e-02 9.732069403730602428e-04 6.869402524987031078e-02 7.184909964144158001e-02 3.498139190723119074e-01 2.428023460225237334e-03 3.456571470167665860e-01 3.534493675678530011e-01 4.201717946178391005e-01 2.477272772345676111e-03 4.147119464040240344e-01 4.228783197023961993e-01
1.000000000000000000e+00 3.477316426663882437e-03 3.365763299769493675e-05 3.440402473263205925e-03 3.542348969416678726e-03 6.797484854340911375e-02 1.507149054569834599e-04 6.781175809502572316e-02 6.830826150201037283e-02 3.219094244354065437e-01 9.866405707147922650e-04 3.207842069654007200e-01 3.242302431983359878e-01 3.924479182780457043e-01 3.788798701668189060e-04 3.920224494685004557e-01 3.934332558298815341e-01
