# FPR	TPR_MEAN	TPR_STD	TPR_MIN	TPR_MAX
0.000000000000000000e+00 1.250254323499491380e-02 1.915467350389894047e-02 6.103763987792471847e-04 6.917599186164802294e-02
2.004008016032063962e-03 1.902004008016032199e-01 1.815254113460122373e-02 1.612410986775177912e-01 2.233977619532044878e-01
4.008016032064127925e-03 2.738657171922685984e-01 1.598508148638570422e-02 2.476093591047812681e-01 3.027466937945066383e-01
6.012024048096191453e-03 3.207121057985758417e-01 1.191339445417299511e-02 3.001017293997965685e-01 3.394710071210579883e-01
8.016032064128255849e-03 3.576602238046795446e-01 1.014663945069562735e-02 3.465920651068158942e-01 3.756866734486266624e-01
1.002004008016032024e-02 3.882858290334484375e-01 1.334946094953374206e-02 3.722278738555442335e-01 4.193285859613428146e-01
1.202404809619238291e-02 4.177619532044761219e-01 1.149625038653537094e-02 4.005086469989826981e-01 4.389623601220752902e-01
1.402805611222444730e-02 4.402339776195319798e-01 1.235844740380788627e-02 4.250254323499491615e-01 4.609359104781281524e-01
1.603206412825651170e-02 4.588606307222786174e-01 1.013708840256194108e-02 4.468972533062054997e-01 4.776195320447609305e-01
1.803607214428857436e-02 4.764598168870803896e-01 1.028717146776847793e-02 4.608341810783316284e-01 4.929806714140386736e-01
2.004008016032064049e-02 4.918718209562563670e-01 1.118722330719618997e-02 4.763987792472024196e-01 5.085452695829094649e-01
2.204408817635270315e-02 5.054628687690743138e-01 9.841398039522431668e-03 4.916581892166836387e-01 5.197355035605289997e-01
2.404809619238476581e-02 5.186673448626653027e-01 1.024938217588041052e-02 5.018311291963377663e-01 5.325534079348931416e-01
2.605210420841683194e-02 5.301424211597151048e-01 1.125322601352745505e-02 5.147507629704984877e-01 5.490335707019328160e-01
2.805611222444889460e-02 5.392654281095252689e-01 1.133697697071798204e-02 5.252288911495421875e-01 5.565615462868769292e-01
3.006012024048096073e-02 5.508240081383519726e-01 1.077527099627042205e-02 5.351983723296032114e-01 5.655137334689724904e-01
3.206412825651302340e-02 5.603967446592065249e-01 1.110240665848813250e-02 5.469989827060020016e-01 5.755849440488300939e-01
3.406813627254508953e-02 5.692166836215666326e-01 1.102374999765825050e-02 5.556459816887080461e-01 5.855544252288911178e-01
3.607214428857714872e-02 5.788097660223805452e-01 1.040916475093894671e-02 5.668362156663275808e-01 5.954221770091556731e-01
3.807615230460921485e-02 5.871820956256357249e-01 1.076468187783598436e-02 5.740590030518819553e-01 6.046795523906408620e-01
4.008016032064128098e-02 5.953713123092573278e-01 1.056490550767610372e-02 5.791454730417090468e-01 6.125127161749746030e-01
4.208416833667334017e-02 6.037843336724314502e-01 1.100520288737828756e-02 5.875890132248219322e-01 6.190233977619532535e-01
4.408817635270540630e-02 6.107324516785350710e-01 1.123852062334308385e-02 5.939979654120041141e-01 6.285859613428280701e-01
4.609218436873747243e-02 6.187690742624619711e-01 1.230810130518636414e-02 5.983723296032553707e-01 6.384537131230926255e-01
4.809619238476953162e-02 6.259816887080366099e-01 1.267396453070376329e-02 6.066124109867752079e-01 6.462868769074262554e-01
5.010020040080159776e-02 6.333977619532044079e-01 1.358276454595206371e-02 6.134282807731434861e-01 6.547304170905391407e-01
5.210420841683366389e-02 6.397965412004069652e-01 1.278741388000238614e-02 6.233977619532045100e-01 6.599186164801628118e-01
5.410821643286573002e-02 6.459918616480162523e-01 1.232718988363156083e-02 6.283825025432350220e-01 6.659206510681586755e-01
5.611222444889778921e-02 6.514242115971514702e-01 1.233724318359121462e-02 6.320447609359104435e-01 6.694811800610376284e-01
5.811623246492985534e-02 6.574364191251271805e-01 1.210991834290836566e-02 6.399796541200406530e-01 6.767039674465921140e-01
6.012024048096192147e-02 6.632044760935910110e-01 1.213815912944039843e-02 6.427263479145473024e-01 6.796541200406918115e-01
6.212424849699398066e-02 6.684231943031536671e-01 1.209649402634181171e-02 6.469989827060019794e-01 6.858596134282807233e-01
6.412825651302604679e-02 6.729908443540182361e-01 1.208785440134910530e-02 6.517802644964394432e-01 6.914547304170904907e-01
6.613226452905811292e-02 6.781790437436419072e-01 1.111630531762265034e-02 6.597151576805696527e-01 6.958290946083418582e-01
6.813627254509017905e-02 6.824008138351984609e-01 1.155065548503539895e-02 6.642929806714140684e-01 6.997965412004069075e-01
7.014028056112224518e-02 6.872939979654120179e-01 1.105676905599145728e-02 6.695829094608342080e-01 7.040691759918616954e-01
7.214428857715429744e-02 6.915157680569683496e-01 1.084992575482474075e-02 6.758901322482196994e-01 7.075279755849440688e-01
7.414829659318636357e-02 6.955849440488300894e-01 1.134355338930688635e-02 6.802644964394709559e-01 7.131230925737538362e-01
7.615230460921842970e-02 6.997863682604271718e-01 1.117565405493115699e-02 6.839267548321464885e-01 7.168870803662258373e-01
7.815631262525049583e-02 7.039165818921669926e-01 1.104588766014459600e-02 6.888097660223804208e-01 7.208545269582909976e-01
8.016032064128256196e-02 7.077721261444557266e-01 1.056127564518712092e-02 6.930824008138352088e-01 7.241098677517802118e-01
8.216432865731462809e-02 7.120244150559511542e-01 1.021484755644873170e-02 6.966429298067141618e-01 7.269582909460834408e-01
8.416833667334668034e-02 7.152390640895218699e-01 1.011712050986631091e-02 6.997965412004069075e-01 7.300101729399796069e-01
8.617234468937874647e-02 7.193794506612410933e-01 1.047518946632050758e-02 7.034587995930824400e-01 7.345879959308240226e-01
8.817635270541081260e-02 7.227975584944049681e-01 1.041357809711639971e-02 7.057985757884028821e-01 7.375381485249237201e-01
9.018036072144287874e-02 7.266632756866734377e-01 1.057422672755942324e-02 7.081383519837233242e-01 7.427263479145472802e-01
9.218436873747494487e-02 7.301220752797559221e-01 1.039856109695457866e-02 7.128179043743642085e-01 7.473041709053916959e-01
9.418837675350701100e-02 7.334893184130212296e-01 1.017536085131979726e-02 7.169888097660224169e-01 7.492370295015259307e-01
9.619238476953906325e-02 7.366327568667345727e-01 9.907153560844920992e-03 7.218718209562563493e-01 7.521871820956256283e-01
9.819639278557112938e-02 7.403357070193286038e-01 9.985583980789620659e-03 7.249237029501526264e-01 7.553407934893183739e-01
1.002004008016031955e-01 7.434791454730417248e-01 1.024382223195692034e-02 7.270600203458799093e-01 7.595116988809765823e-01
1.022044088176352616e-01 7.466022380467955966e-01 1.027259933016482461e-02 7.307222787385554419e-01 7.626653102746693280e-01
1.042084168336673278e-01 7.494201424211597296e-01 1.018440859129821768e-02 7.337741607324517190e-01 7.652085452695829293e-01
1.062124248496993939e-01 7.523499491353000668e-01 9.871442713566505600e-03 7.371312309257375128e-01 7.687690742624618823e-01
1.082164328657314600e-01 7.553102746693795000e-01 1.003425817439067627e-02 7.390640895218718587e-01 7.719226856561546279e-01
1.102204408817635123e-01 7.580467955239063027e-01 9.435334651097712286e-03 7.425228891149542321e-01 7.741607324516784905e-01
1.122244488977955784e-01 7.610071210579857359e-01 9.587751723186637570e-03 7.458799593082400259e-01 7.768056968463885603e-01
1.142284569138276445e-01 7.635605289928790729e-01 9.218704513914797311e-03 7.498474059003051861e-01 7.783316378433366989e-01
1.162324649298597107e-01 7.665818921668362540e-01 8.754434014478678847e-03 7.531027466937945114e-01 7.811800610376399279e-01
1.182364729458917768e-01 7.690640895218717743e-01 8.964484525183068903e-03 7.556459816887080017e-01 7.835198372329603700e-01
1.202404809619238429e-01 7.713224821973548861e-01 8.793381280279410211e-03 7.579857578840284438e-01 7.850457782299083975e-01
1.222444889779558952e-01 7.741505595116989769e-01 8.607828219480402263e-03 7.605289928789420451e-01 7.872838250254323711e-01
1.242484969939879613e-01 7.767650050864699507e-01 8.512532359829754272e-03 7.624618514750762799e-01 7.904374364191251168e-01
1.262525050100200275e-01 7.797558494404883689e-01 8.136189946793966413e-03 7.665310274669379087e-01 7.934893184130213939e-01
1.282565130260520936e-01 7.819938962360121204e-01 8.140894821461868228e-03 7.673448626653103233e-01 7.952187182095625806e-01
1.302605210420841597e-01 7.840488301119024062e-01 7.734084249004775577e-03 7.694811800610376062e-01 7.960325534079348841e-01
1.322645290581162258e-01 7.862360122075280344e-01 7.786260868316092348e-03 7.725330620549338834e-01 7.985757884028483744e-01
1.342685370741482920e-01 7.881281790437435486e-01 7.734786712316346104e-03 7.745676500508646978e-01 8.009155645981688165e-01
1.362725450901803581e-01 7.902746693794506783e-01 7.371163771043994298e-03 7.784333672431332785e-01 8.021363173957273274e-01
1.382765531062124242e-01 7.924313326551373216e-01 7.595610495259880884e-03 7.809766022380467687e-01 8.054933875890132322e-01
1.402805611222444904e-01 7.946490335707020458e-01 7.455897548424557028e-03 7.827060020345879554e-01 8.068158697863682116e-01
1.422845691382765287e-01 7.969379450661240316e-01 7.626238615757745601e-03 7.845371312309257217e-01 8.090539165818921852e-01
1.442885771543085949e-01 7.988402848423193925e-01 7.541874936125700021e-03 7.862665310274669084e-01 8.115971515768056754e-01
1.462925851703406610e-01 8.012512716174974292e-01 6.866553631618564808e-03 7.912512716174974203e-01 8.130213631739572344e-01
1.482965931863727271e-01 8.032756866734486190e-01 6.738726217974491325e-03 7.934893184130213939e-01 8.146490335707019526e-01
1.503006012024047933e-01 8.051678535096643552e-01 6.708095555644309066e-03 7.963377416073245119e-01 8.171922685656154428e-01
1.523046092184368594e-01 8.072227873855544189e-01 6.818754039683718772e-03 7.984740590030519058e-01 8.192268565615462572e-01
1.543086172344689255e-01 8.090132248219736866e-01 6.751828622957649524e-03 8.004069175991861407e-01 8.217700915564598585e-01
1.563126252505009917e-01 8.108952187182095761e-01 6.598380921279260389e-03 8.029501525940997420e-01 8.234994913530010452e-01
1.583166332665330578e-01 8.128992878942014055e-01 6.498558142872189539e-03 8.047812817904373972e-01 8.252288911495422319e-01
1.603206412825651239e-01 8.146897253306205622e-01 6.387796308423099832e-03 8.070193285859613708e-01 8.266531027466937909e-01
1.623246492985971901e-01 8.164801627670398299e-01 6.626169269178481050e-03 8.094608341810782814e-01 8.290946083418108126e-01
1.643286573146292562e-01 8.179959308240081217e-01 6.776193716846319950e-03 8.106815869786367923e-01 8.306205493387589511e-01
1.663326653306613223e-01 8.196744659206510741e-01 6.637903750460738377e-03 8.126144455747711381e-01 8.315361139369277232e-01
1.683366733466933607e-01 8.214750762970497444e-01 6.855904952698716262e-03 8.139369277721261176e-01 8.335707019328586487e-01
1.703406813627254268e-01 8.232451678535097628e-01 7.057593961255307149e-03 8.158697863682604634e-01 8.361139369277721389e-01
1.723446893787574929e-01 8.252288911495423429e-01 6.858553583437782333e-03 8.180061037639877464e-01 8.379450661241099052e-01
1.743486973947895591e-01 8.269786368260427789e-01 7.099487749585814238e-03 8.194303153611394164e-01 8.390640895218718365e-01
1.763527054108216252e-01 8.284740590030519325e-01 7.019247496840953088e-03 8.212614445574770716e-01 8.405900305188199750e-01
1.783567134268536913e-01 8.302543234994912424e-01 6.855112428408211694e-03 8.223804679552391139e-01 8.415055951169888582e-01
1.803607214428857575e-01 8.315361139369278343e-01 6.634285752057121621e-03 8.244150559511699283e-01 8.428280773143438376e-01
1.823647294589178236e-01 8.328585961342828137e-01 6.700099378542333922e-03 8.262461851475075836e-01 8.442522889114953966e-01
1.843687374749498897e-01 8.342421159715156520e-01 6.788210073580437133e-03 8.275686673448626740e-01 8.456765005086469555e-01
1.863727454909819559e-01 8.357273652085452920e-01 6.878261678401683017e-03 8.287894201424211849e-01 8.475076297049847218e-01
1.883767535070140220e-01 8.371210579857578660e-01 6.980215974063204779e-03 8.300101729399796957e-01 8.490335707019328604e-01
1.903807615230460881e-01 8.385859613428280346e-01 6.990527256642824032e-03 8.309257375381485788e-01 8.509664292980670952e-01
1.923847695390781265e-01 8.403967446592064405e-01 7.092290388294285840e-03 8.323499491353001378e-01 8.526958290946083929e-01
1.943887775551101926e-01 8.416378433367242007e-01 7.225086677136645721e-03 8.331637843336724414e-01 8.535096642929806965e-01
1.963927855711422588e-01 8.431230925737539517e-01 7.237880580787212949e-03 8.358087487283825112e-01 8.554425228891149313e-01
1.983967935871743249e-01 8.445574771108850243e-01 7.431818308373904294e-03 8.370295015259410221e-01 8.566632756866734422e-01
2.004008016032063910e-01 8.457782299084435351e-01 7.518071073635773996e-03 8.380467955239063738e-01 8.579857578840285326e-01
2.024048096192384572e-01 8.472431332655137037e-01 7.546127520193068872e-03 8.388606307222787883e-01 8.590030518819938843e-01
2.044088176352705233e-01 8.483418107833164967e-01 7.534543888796377091e-03 8.394710071210579327e-01 8.600203458799593470e-01
2.064128256513025894e-01 8.496337741607323801e-01 7.371198870135769673e-03 8.413021363173956990e-01 8.608341810783316506e-01
2.084168336673346555e-01 8.509359104781282213e-01 7.447960839018577701e-03 8.422177009155645822e-01 8.617497456765005337e-01
2.104208416833667217e-01 8.524109867751779035e-01 7.518456492916455666e-03 8.436419125127161411e-01 8.633774160732451408e-01
2.124248496993987878e-01 8.536520854526958857e-01 7.368917081433744298e-03 8.443540183112919761e-01 8.642929806714140240e-01
2.144288577154308539e-01 8.549237029501526308e-01 7.078707082181613132e-03 8.454730417090539074e-01 8.652085452695829071e-01
2.164328657314629201e-01 8.562054933875890006e-01 7.067997346283142260e-03 8.466937945066124183e-01 8.669379450661240938e-01
2.184368737474949584e-01 8.575178026449643554e-01 7.080424690770176395e-03 8.481180061037639772e-01 8.686673448626652805e-01
2.204408817635270246e-01 8.588504577822991815e-01 7.096199891441046931e-03 8.490335707019328604e-01 8.704984740590030468e-01
2.224448897795590907e-01 8.601627670396743142e-01 6.881179937714680499e-03 8.506612410986774675e-01 8.713123092573753503e-01
2.244488977955911568e-01 8.614954221770091403e-01 6.898311030807943722e-03 8.519837232960325579e-01 8.720244150559511853e-01
2.264529058116232230e-01 8.626856561546286661e-01 6.679648758643072677e-03 8.532044760935910688e-01 8.732451678535096962e-01
2.284569138276552891e-01 8.638555442522889427e-01 6.666971088998410039e-03 8.549338758901322555e-01 8.747711088504578347e-01
2.304609218436873552e-01 8.649440488301121110e-01 6.439270116547133466e-03 8.564598168870803940e-01 8.755849440488301383e-01
2.324649298597194214e-01 8.660528992878940846e-01 6.391011398433916330e-03 8.574771108850457457e-01 8.763987792472024418e-01
2.344689378757514875e-01 8.676093591047810971e-01 6.141827737631264106e-03 8.590030518819938843e-01 8.772126144455747454e-01
2.364729458917835536e-01 8.688199389623602054e-01 6.121752063160522221e-03 8.602238046795523951e-01 8.788402848423194635e-01
2.384769539078156197e-01 8.699694811800611216e-01 6.205126483825009615e-03 8.608341810783316506e-01 8.799593082400813948e-01
2.404809619238476859e-01 8.708646998982706444e-01 6.129008494270157814e-03 8.616480162767039541e-01 8.810783316378433261e-01
2.424849699398797520e-01 8.720244150559512963e-01 5.946429322814941049e-03 8.627670396744658854e-01 8.817904374364191611e-01
2.444889779559117904e-01 8.730722278738556330e-01 6.133709182305347243e-03 8.635808748728383000e-01 8.825025432349948851e-01
2.464929859719438565e-01 8.740895218718209847e-01 6.138431559403548406e-03 8.642929806714140240e-01 8.832146490335707201e-01
2.484969939879759226e-01 8.751475076297049460e-01 6.217996842542072508e-03 8.656154628687691144e-01 8.848423194303153272e-01
2.505010020040079888e-01 8.765005086469989104e-01 5.973170591180900109e-03 8.669379450661240938e-01 8.857578840284842103e-01
2.525050100200400549e-01 8.773448626653103100e-01 5.760085348229828511e-03 8.685656154628688119e-01 8.863682604272634658e-01
2.545090180360721210e-01 8.782400813835199438e-01 5.739639089237510115e-03 8.697863682604272118e-01 8.875890132248219766e-01
2.565130260521041872e-01 8.791861648016275899e-01 5.853499410017053151e-03 8.706002034587996263e-01 8.890132248219735356e-01
2.585170340681362533e-01 8.803051881993895211e-01 5.688884131999705392e-03 8.730417090539165370e-01 8.904374364191250946e-01
2.605210420841683194e-01 8.813326551373347195e-01 5.657334639822464081e-03 8.745676500508646756e-01 8.915564598168870258e-01
2.625250501002003856e-01 8.823092573753814616e-01 5.474412426158542164e-03 8.754832146490335587e-01 8.921668362156662813e-01
2.645290581162324517e-01 8.831739572736519994e-01 5.627429124449525970e-03 8.759918616480162346e-01 8.934893184130213717e-01
2.665330661322645178e-01 8.840691759918616333e-01 5.554499755423989923e-03 8.774160732451679046e-01 8.938962360122075790e-01
2.685370741482965840e-01 8.850966429298067206e-01 5.447464504392081006e-03 8.780264496439470490e-01 8.943031536113936752e-01
2.705410821643286501e-01 8.860935910478126010e-01 5.407575498599388741e-03 8.787385554425228840e-01 8.955239064089521861e-01
2.725450901803607162e-01 8.870091556459817062e-01 5.515394298520624738e-03 8.792472024415055598e-01 8.960325534079348619e-01
2.745490981963927823e-01 8.878840284842318686e-01 5.577415817186753659e-03 8.802644964394710225e-01 8.971515768056967932e-01
2.765531062124248485e-01 8.887182095625636435e-01 5.470441129780177422e-03 8.815869786368260019e-01 8.981688708036622559e-01
2.785571142284569146e-01 8.895015259409969621e-01 5.447568990145766447e-03 8.821973550356052574e-01 8.987792472024415114e-01
2.805611222444889807e-01 8.903560528992878753e-01 5.393347016642397254e-03 8.833163784333671886e-01 8.992878942014241872e-01
2.825651302605209914e-01 8.915869786368260108e-01 5.334162429040784602e-03 8.853509664292981141e-01 9.005086469989826981e-01
2.845691382765530575e-01 8.926653102746693325e-01 5.225852238674320339e-03 8.863682604272634658e-01 9.019328585961342570e-01
2.865731462925851236e-01 8.937945066124109994e-01 5.408905407144852864e-03 8.872838250254323489e-01 9.029501525940997197e-01
2.885771543086171897e-01 8.946795523906407865e-01 5.463550711313175205e-03 8.878942014242116043e-01 9.036622583926754437e-01
2.905811623246492559e-01 8.954730417090537298e-01 5.433959473670518098e-03 8.889114954221769560e-01 9.040691759918616510e-01
2.925851703406813220e-01 8.964801627670396789e-01 5.485507327802866158e-03 8.896236012207527910e-01 9.054933875890132100e-01
2.945891783567133881e-01 8.973855544252289373e-01 5.298930052099893283e-03 8.904374364191250946e-01 9.064089521871820931e-01
2.965931863727454543e-01 8.984028484231944001e-01 5.239814660454374974e-03 8.912512716174975091e-01 9.069175991861647690e-01
2.985971943887775204e-01 8.994811800610376107e-01 5.337924918732774721e-03 8.919633774160732331e-01 9.080366225839267003e-01
3.006012024048095865e-01 9.002644964394710403e-01 5.316701948710364674e-03 8.930824008138351644e-01 9.089521871820955834e-01
3.026052104208416527e-01 9.013530010172938756e-01 5.451984056427399208e-03 8.938962360122075790e-01 9.099694811800610461e-01
3.046092184368737188e-01 9.022380467955238847e-01 5.506183055962890135e-03 8.946083418107833030e-01 9.111902339776195570e-01
3.066132264529057849e-01 9.030010172939979540e-01 5.662271552050747968e-03 8.950152594099695103e-01 9.125127161749745364e-01
3.086172344689378511e-01 9.039471007121058221e-01 5.638562482104135000e-03 8.960325534079348619e-01 9.131230925737537918e-01
3.106212424849699172e-01 9.048423194303152339e-01 5.601993369961510635e-03 8.971515768056967932e-01 9.139369277721260953e-01
3.126252505010019833e-01 9.057171922685656185e-01 5.348645102976632391e-03 8.981688708036622559e-01 9.141403865717192545e-01
3.146292585170340494e-01 9.064089521871820931e-01 5.339194645145838893e-03 8.992878942014241872e-01 9.145473041709053508e-01
3.166332665330661156e-01 9.070803662258393185e-01 5.345819463366634043e-03 9.002034587995930703e-01 9.154628687690742339e-01
3.186372745490981817e-01 9.077110885045778232e-01 5.437300809955411714e-03 9.004069175991861185e-01 9.157680569684638616e-01
3.206412825651302478e-01 9.085249237029501268e-01 5.316429434084606054e-03 9.011190233977619535e-01 9.162767039674465375e-01
3.226452905811623140e-01 9.092675483214650578e-01 5.303107849553709112e-03 9.021363173957274162e-01 9.171922685656154206e-01
3.246492985971943801e-01 9.099287894201422144e-01 5.224218217462338158e-03 9.030518819938961883e-01 9.177009155645982075e-01
3.266533066132264462e-01 9.106510681586981182e-01 5.093799398853131495e-03 9.038657171922686029e-01 9.183112919633774629e-01
3.286573146292585124e-01 9.112716174974568872e-01 4.990094079587870622e-03 9.047812817904374860e-01 9.188199389623601387e-01
3.306613226452905785e-01 9.119735503560528755e-01 4.956017897969675241e-03 9.055951169888097896e-01 9.195320447609358627e-01
3.326653306613226446e-01 9.128179043743640531e-01 5.180014687823809340e-03 9.062054933875890450e-01 9.209562563580875327e-01
3.346693386773546552e-01 9.135503560528993594e-01 5.049468673062210665e-03 9.067141403865717209e-01 9.217700915564598363e-01
3.366733466933867214e-01 9.143743641912512876e-01 4.838310572893547018e-03 9.079348931841302317e-01 9.221770091556459326e-01
3.386773547094187875e-01 9.151576805696846062e-01 4.827593293063956598e-03 9.088504577822991148e-01 9.231943031536113953e-01
3.406813627254508536e-01 9.158596134282810386e-01 4.782677660357077983e-03 9.095625635808748388e-01 9.236012207527976026e-01
3.426853707414829198e-01 9.164903357070193213e-01 4.843313113462506016e-03 9.099694811800610461e-01 9.244150559511699061e-01
3.446893787575149859e-01 9.172939979654121112e-01 4.602623001368722107e-03 9.107833163784333497e-01 9.247202441505595338e-01
3.466933867735470520e-01 9.181383519837232887e-01 4.686634916277534167e-03 9.116988809766022328e-01 9.254323499491352578e-01
3.486973947895791182e-01 9.189216683621566073e-01 4.818366602335532288e-03 9.124109867751780678e-01 9.261444557477110928e-01
3.507014028056111843e-01 9.195930824008138327e-01 4.685122077971806860e-03 9.130213631739573232e-01 9.266531027466937687e-01
3.527054108216432504e-01 9.203662258392674156e-01 4.394615876312405606e-03 9.141403865717192545e-01 9.269582909460833964e-01
3.547094188376753165e-01 9.208341810783317039e-01 4.334388776351579160e-03 9.145473041709053508e-01 9.272634791454730241e-01
3.567134268537073827e-01 9.214547304170904729e-01 4.251619586451288457e-03 9.152594099694811858e-01 9.278738555442522795e-01
3.587174348697394488e-01 9.220345879959308544e-01 4.360431097643177947e-03 9.154628687690742339e-01 9.283825025432349554e-01
3.607214428857715149e-01 9.226449643947101098e-01 4.196433304500831081e-03 9.156663275686673931e-01 9.288911495422177422e-01
3.627254509018035811e-01 9.232146490335706446e-01 4.057409233329637398e-03 9.161749745676500689e-01 9.291963377416073699e-01
3.647294589178356472e-01 9.240488301119024195e-01 4.039361785140466524e-03 9.169888097660223725e-01 9.297049847405900458e-01
3.667334669338677133e-01 9.246693794506614106e-01 4.031937954559800322e-03 9.175991861648016279e-01 9.306205493387589289e-01
3.687374749498997795e-01 9.254221770091556332e-01 4.154111041111621314e-03 9.180061037639878352e-01 9.312309257375381844e-01
3.707414829659318456e-01 9.261953204476093271e-01 4.231319403929189454e-03 9.183112919633774629e-01 9.318413021363174398e-01
3.727454909819639117e-01 9.267650050864700839e-01 4.225494441262579205e-03 9.187182095625635592e-01 9.326551373346897433e-01
3.747494989979959779e-01 9.275076297049847929e-01 4.280426940036682545e-03 9.193285859613428146e-01 9.339776195320447227e-01
3.767535070140280440e-01 9.282197355035608499e-01 4.359481650456556792e-03 9.201424211597151182e-01 9.344862665310275096e-01
3.787575150300601101e-01 9.288199389623601476e-01 4.584159737683187949e-03 9.202441505595116977e-01 9.354018311291963927e-01
3.807615230460921762e-01 9.293997965412004181e-01 4.590916056364521998e-03 9.208545269582909532e-01 9.359104781281790686e-01
3.827655310621242424e-01 9.299898270600202022e-01 4.491972205812594723e-03 9.219735503560528844e-01 9.366225839267547926e-01
3.847695390781562530e-01 9.306510681586978029e-01 4.472172980091999699e-03 9.226856561546287194e-01 9.375381485249236757e-01
3.867735470941883191e-01 9.313326551373346529e-01 4.411820051701985899e-03 9.233977619532044434e-01 9.384537131230925588e-01
3.887775551102203853e-01 9.318413021363174398e-01 4.350403991342123057e-03 9.240081383519836988e-01 9.386571719226856070e-01
3.907815631262524514e-01 9.324313326551374459e-01 4.323152400645000927e-03 9.245167853509663747e-01 9.393692777212614420e-01
3.927855711422845175e-01 9.330722278738555753e-01 4.380144752839814672e-03 9.249237029501525820e-01 9.397761953204476493e-01
3.947895791583165837e-01 9.336724313326552060e-01 4.314813847497164269e-03 9.257375381485248855e-01 9.402848423194303251e-01
3.967935871743486498e-01 9.341912512716173955e-01 4.311802740488947065e-03 9.258392675483214651e-01 9.406917599186165324e-01
3.987975951903807159e-01 9.348423194303153716e-01 4.288168729272511491e-03 9.263479145473041410e-01 9.412004069175992083e-01
4.008016032064127820e-01 9.353204476093589514e-01 4.164151045423789346e-03 9.274669379450660722e-01 9.416073245167853045e-01
4.028056112224448482e-01 9.358087487283824890e-01 4.155991498639978639e-03 9.278738555442522795e-01 9.422177009155645599e-01
4.048096192384769143e-01 9.363377416073245252e-01 4.193374211727596106e-03 9.281790437436419072e-01 9.424211597151577191e-01
4.068136272545089804e-01 9.369074262461850600e-01 4.131466266906989003e-03 9.288911495422177422e-01 9.430315361139369745e-01
4.088176352705410466e-01 9.376398779247201443e-01 4.064595590944373137e-03 9.298067141403866254e-01 9.437436419125126985e-01
4.108216432865731127e-01 9.381688708036624025e-01 3.948306598103338075e-03 9.305188199389623493e-01 9.442522889114953744e-01
4.128256513026051788e-01 9.387283825025433126e-01 3.997085213433448914e-03 9.309257375381485566e-01 9.449643947100712094e-01
4.148296593186372450e-01 9.393591047812819284e-01 4.009338785694085625e-03 9.312309257375381844e-01 9.456765005086470444e-01
4.168336673346693111e-01 9.399186164801627275e-01 3.995570300299114072e-03 9.317395727365208602e-01 9.459816887080366721e-01
4.188376753507013772e-01 9.404374364191252500e-01 3.936612319488702778e-03 9.325534079348931638e-01 9.466937945066123961e-01
4.208416833667334433e-01 9.409664292980671751e-01 3.969545835841881490e-03 9.332655137334689988e-01 9.473041709053916515e-01
4.228456913827655095e-01 9.413733468972533824e-01 3.950992302919790339e-03 9.337741607324516746e-01 9.475076297049846996e-01
4.248496993987975756e-01 9.419532044760936529e-01 3.936599175080243533e-03 9.341810783316378819e-01 9.483214649033571142e-01
4.268537074148296417e-01 9.424618514750762177e-01 3.980519453984618199e-03 9.346897253306205577e-01 9.489318413021363696e-01
4.288577154308617079e-01 9.429094608341810346e-01 3.947258022475864415e-03 9.351983723296032336e-01 9.492370295015258863e-01
4.308617234468937740e-01 9.434791454730417914e-01 3.709763108611866065e-03 9.364191251271617444e-01 9.494404883011190455e-01
4.328657314629258401e-01 9.440183112919633412e-01 3.785386370610054757e-03 9.368260427263479517e-01 9.501525940996947694e-01
4.348697394789579063e-01 9.444659206510680471e-01 3.910817387891626397e-03 9.369277721261444203e-01 9.507629704984740249e-01
4.368737474949899169e-01 9.448423194303152695e-01 3.885690224080395102e-03 9.374364191251272072e-01 9.509664292980671840e-01
4.388777555110219830e-01 9.453713123092573056e-01 3.925225958040835100e-03 9.379450661241098830e-01 9.517802644964394876e-01
4.408817635270540491e-01 9.457477110885046390e-01 3.957012128277248401e-03 9.383519837232959793e-01 9.519837232960325357e-01
4.428857715430861153e-01 9.461749745676500956e-01 3.865302221128122471e-03 9.391658189216683938e-01 9.520854526958291153e-01
4.448897795591181814e-01 9.466124109867750658e-01 3.876624330031180725e-03 9.391658189216683938e-01 9.523906408952187430e-01
4.468937875751502475e-01 9.470396744659206334e-01 3.922377501055494299e-03 9.396744659206510697e-01 9.532044760935910466e-01
4.488977955911823137e-01 9.474465920651067297e-01 3.904660086652173619e-03 9.402848423194303251e-01 9.535096642929806743e-01
4.509018036072143798e-01 9.479552390640895165e-01 3.780229454933746458e-03 9.410986775178026287e-01 9.537131230925737224e-01
4.529058116232464459e-01 9.483621566632758348e-01 3.842679115924875488e-03 9.415055951169888360e-01 9.539165818921668816e-01
4.549098196392785121e-01 9.489521871820956189e-01 3.883292488353748059e-03 9.419125127161749322e-01 9.546286876907426056e-01
4.569138276553105782e-01 9.494201424211595741e-01 4.024629000872592850e-03 9.420142421159715118e-01 9.550356052899288128e-01
4.589178356713426443e-01 9.499186164801628474e-01 3.901173267381922993e-03 9.430315361139369745e-01 9.555442522889114887e-01
4.609218436873747105e-01 9.503458799593083040e-01 3.834658655839714471e-03 9.433367243133266022e-01 9.556459816887080683e-01
4.629258517034067766e-01 9.507731434384538716e-01 3.921651869028618120e-03 9.437436419125126985e-01 9.561546286876907441e-01
4.649298597194388427e-01 9.513530010172939200e-01 3.929916131632460452e-03 9.442522889114953744e-01 9.566632756866734200e-01
4.669338677354709088e-01 9.518006103763987369e-01 3.821506573864328574e-03 9.446592065106815816e-01 9.570701932858596273e-01
4.689378757515029750e-01 9.523499491353000224e-01 3.844025449804936833e-03 9.452695829094608371e-01 9.575788402848423031e-01
4.709418837675350411e-01 9.527060020345878844e-01 3.803768230709478337e-03 9.457782299084435129e-01 9.577822990844353512e-01
4.729458917835671072e-01 9.530824008138353287e-01 3.861645872347759488e-03 9.458799593082400925e-01 9.581892166836215585e-01
4.749498997995991734e-01 9.534587995930824400e-01 3.811867261962481688e-03 9.466937945066123961e-01 9.583926754832146067e-01
4.769539078156312395e-01 9.539572736520854912e-01 3.765966871310175851e-03 9.474059003051882311e-01 9.590030518819938621e-01
4.789579158316633056e-01 9.542522889114953832e-01 3.815069508917127549e-03 9.476093591047812792e-01 9.592065106815870212e-01
4.809619238476953718e-01 9.546083418107832452e-01 3.847954048768555818e-03 9.479145473041709069e-01 9.597151576805696971e-01
4.829659318637274379e-01 9.550661241098676868e-01 3.809640386537458279e-03 9.482197355035605346e-01 9.599186164801627452e-01
4.849699398797595040e-01 9.554018311291964105e-01 3.863092753722854791e-03 9.483214649033571142e-01 9.602238046795523729e-01
4.869739478957915702e-01 9.558290946083418671e-01 3.833673477375837760e-03 9.488301119023397900e-01 9.605289928789420006e-01
4.889779559118235808e-01 9.561953204476093537e-01 3.774201862712662624e-03 9.492370295015258863e-01 9.609359104781282079e-01
4.909819639278556469e-01 9.565005086469989815e-01 3.763492860149538193e-03 9.496439471007120936e-01 9.612410986775178356e-01
4.929859719438877130e-01 9.568565615462867324e-01 3.760810844800596079e-03 9.499491353001017213e-01 9.614445574771108838e-01
4.949899799599197792e-01 9.572838250254320780e-01 3.737901410600935267e-03 9.506612410986775563e-01 9.617497456765005115e-01
4.969939879759518453e-01 9.576195320447608017e-01 3.651277762297219787e-03 9.509664292980671840e-01 9.620549338758901392e-01
4.989979959919839114e-01 9.580162767039673843e-01 3.538092365637398456e-03 9.514750762970498599e-01 9.623601220752797669e-01
5.010020040080159776e-01 9.583926754832147177e-01 3.516954699708150882e-03 9.519837232960325357e-01 9.626653102746693946e-01
5.030060120240480437e-01 9.585859613428281412e-01 3.540840785018958218e-03 9.520854526958291153e-01 9.626653102746693946e-01
5.050100200400801098e-01 9.590233977619531114e-01 3.418107833163782847e-03 9.527975584944048393e-01 9.626653102746693946e-01
5.070140280561121759e-01 9.593692777212613487e-01 3.313693687647766353e-03 9.534079348931840947e-01 9.630722278738554909e-01
5.090180360721442421e-01 9.597558494404883067e-01 3.288614286143816574e-03 9.538148524923703020e-01 9.636826042726347463e-01
5.110220440881763082e-01 9.603255340793488415e-01 3.187232586517328974e-03 9.547304170905391851e-01 9.643947100712105813e-01
5.130260521042083743e-01 9.607121057985757995e-01 3.188466199029405413e-03 9.554425228891149091e-01 9.646998982706002090e-01
5.150300601202404405e-01 9.611495422177009917e-01 3.086762355797339780e-03 9.560528992878941645e-01 9.649033570701932572e-01
5.170340681362725066e-01 9.616073245167854333e-01 3.070543150341970007e-03 9.562563580874873237e-01 9.651068158697864163e-01
5.190380761523045727e-01 9.620956256358086378e-01 3.094380261575827278e-03 9.564598168870803718e-01 9.655137334689725126e-01
5.210420841683366389e-01 9.624415055951167641e-01 3.098591350533834964e-03 9.567650050864699995e-01 9.657171922685655607e-01
5.230460921843687050e-01 9.628687690742623317e-01 3.113318547037011944e-03 9.574771108850457235e-01 9.661241098677517680e-01
5.250501002004007711e-01 9.632248219735505268e-01 3.083676364167760656e-03 9.579857578840285104e-01 9.666327568667344439e-01
5.270541082164328373e-01 9.636113936927772627e-01 3.021568680907163636e-03 9.584944048830111862e-01 9.672431332655136993e-01
5.290581162324649034e-01 9.640284842319429837e-01 2.983014088807531185e-03 9.590030518819938621e-01 9.676500508646999066e-01
5.310621242484969695e-01 9.643234994913528757e-01 2.957177590256107515e-03 9.593082400813834898e-01 9.676500508646999066e-01
5.330661322645290356e-01 9.645269582909460349e-01 2.920909543649674502e-03 9.595116988809766490e-01 9.678535096642929547e-01
5.350701402805611018e-01 9.648219735503559269e-01 2.828662746697970399e-03 9.599186164801627452e-01 9.679552390640895343e-01
5.370741482965931679e-01 9.651881993896236356e-01 2.840710383288754231e-03 9.602238046795523729e-01 9.683621566632757416e-01
5.390781563126252340e-01 9.654323499491352933e-01 2.813254773386144898e-03 9.603255340793489525e-01 9.685656154628687897e-01
5.410821643286573002e-01 9.657477110885046567e-01 2.727808934228954148e-03 9.605289928789420006e-01 9.686673448626652583e-01
5.430861723446893663e-01 9.659816887080368009e-01 2.608798838873715564e-03 9.610376398779246765e-01 9.688708036622584174e-01
5.450901803607214324e-01 9.663275686673447051e-01 2.548519433590507206e-03 9.617497456765005115e-01 9.692777212614445137e-01
5.470941883767534986e-01 9.665818921668360986e-01 2.517982463239805662e-03 9.621566632756867188e-01 9.695829094608341414e-01
5.490981963927855647e-01 9.669175991861648223e-01 2.494673712941940062e-03 9.623601220752797669e-01 9.696846388606307210e-01
5.511022044088176308e-01 9.672431332655136993e-01 2.478943216559092218e-03 9.625635808748728151e-01 9.699898270600203487e-01
5.531062124248496970e-01 9.675381485249235913e-01 2.489129456065517030e-03 9.625635808748728151e-01 9.701932858596133968e-01
5.551102204408817631e-01 9.678738555442525371e-01 2.519851812626237170e-03 9.627670396744659742e-01 9.707019328585961837e-01
5.571142284569138292e-01 9.682400813835199127e-01 2.444809565060028760e-03 9.631739572736520705e-01 9.710071210579858114e-01
5.591182364729458953e-01 9.687080366225840899e-01 2.303761031950908155e-03 9.637843336724313259e-01 9.712105798575788596e-01
5.611222444889779615e-01 9.690742624618513545e-01 2.349046168442974879e-03 9.641912512716175332e-01 9.713123092573753281e-01
5.631262525050100276e-01 9.693794506612410933e-01 2.402192820857852219e-03 9.643947100712105813e-01 9.717192268565615354e-01
5.651302605210419827e-01 9.696439471007121114e-01 2.262970441309855845e-03 9.651068158697864163e-01 9.717192268565615354e-01
5.671342685370740488e-01 9.699186164801627541e-01 2.278397918152761433e-03 9.652085452695828849e-01 9.722278738555442112e-01
5.691382765531061150e-01 9.702339776195320065e-01 2.322551486385693396e-03 9.655137334689725126e-01 9.728382502543234667e-01
5.711422845691381811e-01 9.705086469989827602e-01 2.329336700178934356e-03 9.657171922685655607e-01 9.729399796541200462e-01
5.731462925851702472e-01 9.707934893184131386e-01 2.311497024989835319e-03 9.660223804679551884e-01 9.733468972533062535e-01
5.751503006012023134e-01 9.710783316378434060e-01 2.326046674949078415e-03 9.665310274669379753e-01 9.736520854526958813e-01
5.771543086172343795e-01 9.713835198372329227e-01 2.269295395119583919e-03 9.671414038657172307e-01 9.740590030518819775e-01
5.791583166332664456e-01 9.716581892166834544e-01 2.189522984921702959e-03 9.674465920651068584e-01 9.741607324516785571e-01
5.811623246492985118e-01 9.719125127161747368e-01 2.051027177920186802e-03 9.679552390640895343e-01 9.743641912512716052e-01
5.831663326653305779e-01 9.723702950152596225e-01 2.131079176003599415e-03 9.686673448626652583e-01 9.746693794506612329e-01
5.851703406813626440e-01 9.725940996948118089e-01 2.119880574182073183e-03 9.687690742624618379e-01 9.749745676500508607e-01
5.871743486973947102e-01 9.728992878942014366e-01 2.049891580722001602e-03 9.691759918616480451e-01 9.752797558494404884e-01
5.891783567134267763e-01 9.731739572736520794e-01 2.040707987874008835e-03 9.692777212614445137e-01 9.754832146490335365e-01
5.911823647294588424e-01 9.734486266531027221e-01 1.929643414652198411e-03 9.699898270600203487e-01 9.755849440488301161e-01
5.931863727454909085e-01 9.736520854526957702e-01 1.846325549817405369e-03 9.704984740590030245e-01 9.756866734486266957e-01
5.951903807615229747e-01 9.738962360122075390e-01 1.818197811820882782e-03 9.708036622583926523e-01 9.759918616480163234e-01
5.971943887775550408e-01 9.741302136317395721e-01 1.818112432383284108e-03 9.710071210579858114e-01 9.761953204476093715e-01
5.991983967935871069e-01 9.744862665310275451e-01 1.800236755094502530e-03 9.714140386571719077e-01 9.767039674465920474e-01
6.012024048096191731e-01 9.747812817904375482e-01 1.829121766155712616e-03 9.716174974567649558e-01 9.770091556459816751e-01
6.032064128256512392e-01 9.750356052899288306e-01 1.801041381593553817e-03 9.719226856561545835e-01 9.771108850457782546e-01
6.052104208416833053e-01 9.753001017293998487e-01 1.733464196498321402e-03 9.722278738555442112e-01 9.772126144455747232e-01
6.072144288577153715e-01 9.756358087487283504e-01 1.787226613264807475e-03 9.724313326551373704e-01 9.775178026449643509e-01
6.092184368737474376e-01 9.759613428280772274e-01 1.835109272355313348e-03 9.725330620549338390e-01 9.777212614445575101e-01
6.112224448897795037e-01 9.762461851475074948e-01 1.821638113500470514e-03 9.726347914547304185e-01 9.779247202441505582e-01
6.132264529058115698e-01 9.765005086469991102e-01 1.786502658678751441e-03 9.733468972533062535e-01 9.783316378433367655e-01
6.152304609218436360e-01 9.767243133265512967e-01 1.785227785556163863e-03 9.734486266531027221e-01 9.785350966429298136e-01
6.172344689378757021e-01 9.770193285859611887e-01 1.751075933329163028e-03 9.737538148524923498e-01 9.786368260427263932e-01
6.192384769539077682e-01 9.772329603255339725e-01 1.708811686559222201e-03 9.739572736520853979e-01 9.789420142421160209e-01
6.212424849699398344e-01 9.773753814852493838e-01 1.736089031942364674e-03 9.740590030518819775e-01 9.791454730417090691e-01
6.232464929859719005e-01 9.776195320447609305e-01 1.661026475026332631e-03 9.742624618514750257e-01 9.791454730417090691e-01
6.252505010020039666e-01 9.778433367243131169e-01 1.721482685771106441e-03 9.744659206510681848e-01 9.797558494404883245e-01
6.272545090180360328e-01 9.780569684638861228e-01 1.647922080123241824e-03 9.747711088504578125e-01 9.799593082400813726e-01
6.292585170340680989e-01 9.783214649033571408e-01 1.718263468060680964e-03 9.749745676500508607e-01 9.801627670396744207e-01
6.312625250501001650e-01 9.785045778229909397e-01 1.703504287124369201e-03 9.751780264496439088e-01 9.803662258392675799e-01
6.332665330661322312e-01 9.787589013224821111e-01 1.729878456887068124e-03 9.754832146490335365e-01 9.807731434384536762e-01
6.352705410821642973e-01 9.789420142421159099e-01 1.606551702644932154e-03 9.758901322482197438e-01 9.807731434384536762e-01
6.372745490981963634e-01 9.791658189216680963e-01 1.598673552843380991e-03 9.761953204476093715e-01 9.807731434384536762e-01
6.392785571142284295e-01 9.794303153611393364e-01 1.623086118020686036e-03 9.765005086469989992e-01 9.811800610376398835e-01
6.412825651302604957e-01 9.796642929806715916e-01 1.553797948562734210e-03 9.768056968463886269e-01 9.813835198372329316e-01
6.432865731462925618e-01 9.798982706002034027e-01 1.435214005171790491e-03 9.776195320447609305e-01 9.816887080366225593e-01
6.452905811623246279e-01 9.801220752797558111e-01 1.296561055247597407e-03 9.781281790437436063e-01 9.816887080366225593e-01
6.472945891783566941e-01 9.803458799593084416e-01 1.293844402489085187e-03 9.783316378433367655e-01 9.816887080366225593e-01
6.492985971943887602e-01 9.805391658189218651e-01 1.243472872113720457e-03 9.786368260427263932e-01 9.818921668362157185e-01
6.513026052104208263e-01 9.807121057985759283e-01 1.228527295173998616e-03 9.789420142421160209e-01 9.819938962360121870e-01
6.533066132264528925e-01 9.809664292980672107e-01 1.311046890215056141e-03 9.792472024415056486e-01 9.824008138351983943e-01
6.553106212424849586e-01 9.811597151576805231e-01 1.380524553708034662e-03 9.793489318413021172e-01 9.828077314343844906e-01
6.573146292585170247e-01 9.814750762970498865e-01 1.454018848657692362e-03 9.796541200406917449e-01 9.836215666327569052e-01
6.593186372745490909e-01 9.816887080366225593e-01 1.452986455451254480e-03 9.798575788402847930e-01 9.837232960325533737e-01
6.613226452905811570e-01 9.819125127161749678e-01 1.497047579991627039e-03 9.799593082400813726e-01 9.837232960325533737e-01
6.633266533066132231e-01 9.821464903357067788e-01 1.505629484637032844e-03 9.801627670396744207e-01 9.843336724313326291e-01
6.653306613226452892e-01 9.824008138351982833e-01 1.529328217535408894e-03 9.801627670396744207e-01 9.843336724313326291e-01
6.673346693386772444e-01 9.827466937945065206e-01 1.417802758102502990e-03 9.806714140386572076e-01 9.845371312309257883e-01
6.693386773547093105e-01 9.828891149542215988e-01 1.382023006937276510e-03 9.807731434384536762e-01 9.846388606307222569e-01
6.713426853707413766e-01 9.830417090539167457e-01 1.432940840386648677e-03 9.808748728382502557e-01 9.850457782299084641e-01
6.733466933867734427e-01 9.831536113936929500e-01 1.417802758102499954e-03 9.808748728382502557e-01 9.850457782299084641e-01
6.753507014028055089e-01 9.833977619532043857e-01 1.481761257866384771e-03 9.812817904374364630e-01 9.853509664292980919e-01
6.773547094188375750e-01 9.836622583926754038e-01 1.409016455192732380e-03 9.816887080366225593e-01 9.854526958290945604e-01
6.793587174348696411e-01 9.839165818921667972e-01 1.461118938970315312e-03 9.818921668362157185e-01 9.858596134282807677e-01
6.813627254509017073e-01 9.840590030518819864e-01 1.399324780329680613e-03 9.820956256358087666e-01 9.858596134282807677e-01
6.833667334669337734e-01 9.843438453713122538e-01 1.353001017294002978e-03 9.821973550356052352e-01 9.862665310274669750e-01
6.853707414829658395e-01 9.844964394710071787e-01 1.366510242946665640e-03 9.822990844354018147e-01 9.864699898270600231e-01
6.873747494989979057e-01 9.847405900305188364e-01 1.209681912203040529e-03 9.829094608341810702e-01 9.865717192268566027e-01
6.893787575150299718e-01 9.849237029501525242e-01 1.180061037639874768e-03 9.830111902339776497e-01 9.866734486266530713e-01
6.913827655310620379e-01 9.851271617497456834e-01 1.063838572728492129e-03 9.835198372329603256e-01 9.867751780264496508e-01
6.933867735470941041e-01 9.853001017293996355e-01 1.030685008075366699e-03 9.838250254323499533e-01 9.870803662258392785e-01
6.953907815631261702e-01 9.854730417090538097e-01 1.011990243373029567e-03 9.840284842319430014e-01 9.871820956256358581e-01
6.973947895791582363e-01 9.856765005086469689e-01 1.082163674219501111e-03 9.842319430315361606e-01 9.873855544252289063e-01
6.993987975951903024e-01 9.859409969481180980e-01 1.023177290797973923e-03 9.844354018311292087e-01 9.873855544252289063e-01
7.014028056112223686e-01 9.860935910478128008e-01 1.064081741392141614e-03 9.845371312309257883e-01 9.875890132248219544e-01
7.034068136272544347e-01 9.862258392675483654e-01 1.123822134660542281e-03 9.845371312309257883e-01 9.876907426246185340e-01
7.054108216432865008e-01 9.864496439471006628e-01 1.137187272633316537e-03 9.847405900305188364e-01 9.880976602238046302e-01
7.074148296593185670e-01 9.865920651068158520e-01 1.187927615625223188e-03 9.848423194303154160e-01 9.883011190233977894e-01
7.094188376753506331e-01 9.866836215666326959e-01 1.152239832997683849e-03 9.849440488301118846e-01 9.884028484231942580e-01
7.114228456913826992e-01 9.868870803662257440e-01 1.168294726327740417e-03 9.851475076297049327e-01 9.885045778229908375e-01
7.134268537074147654e-01 9.870295015259410443e-01 1.090214570359187554e-03 9.853509664292980919e-01 9.885045778229908375e-01
7.154308617234468315e-01 9.871719226856561225e-01 1.083740441784204409e-03 9.855544252288911400e-01 9.885045778229908375e-01
7.174348697394788976e-01 9.874262461851474049e-01 1.010352717634593629e-03 9.858596134282807677e-01 9.888097660223804652e-01
7.194388777555109638e-01 9.875991861648015790e-01 9.815173871033427630e-04 9.860630722278738158e-01 9.891149542217700930e-01
7.214428857715430299e-01 9.877721261444556422e-01 9.616522724798676766e-04 9.861648016276703954e-01 9.892166836215666725e-01
7.234468937875750960e-01 9.879043743641913178e-01 9.460834181078079394e-04 9.862665310274669750e-01 9.893184130213631411e-01
7.254509018036071621e-01 9.881485249237028645e-01 1.050574637521370629e-03 9.863682604272634435e-01 9.894201424211597207e-01
7.274549098196392283e-01 9.882706002034586934e-01 1.016327109176817138e-03 9.865717192268566027e-01 9.895218718209563002e-01
7.294589178356712944e-01 9.884333672431331319e-01 9.076748333141242174e-04 9.867751780264496508e-01 9.896236012207527688e-01
7.314629258517033605e-01 9.885147507629703512e-01 9.250665516833696646e-04 9.867751780264496508e-01 9.897253306205493484e-01
7.334669338677354267e-01 9.885961342828079035e-01 8.744587252427982660e-04 9.869786368260426990e-01 9.898270600203459280e-01
7.354709418837674928e-01 9.887182095625636213e-01 8.480230130770207439e-04 9.872838250254323267e-01 9.900305188199389761e-01
7.374749498997995589e-01 9.888504577822990749e-01 7.934893184130395113e-04 9.875890132248219544e-01 9.901322482197355557e-01
7.394789579158316251e-01 9.890233977619532491e-01 7.699914331705700861e-04 9.877924720244150025e-01 9.903357070193286038e-01
7.414829659318636912e-01 9.892268565615462972e-01 7.199825952887305060e-04 9.879959308240081617e-01 9.904374364191250724e-01
7.434869739478957573e-01 9.894201424211598317e-01 6.592818614860441280e-04 9.881993896236012098e-01 9.904374364191250724e-01
7.454909819639278235e-01 9.895422177009155495e-01 6.729536280179515594e-04 9.883011190233977894e-01 9.904374364191250724e-01
7.474949899799598896e-01 9.897558494404883334e-01 7.336516676338879391e-04 9.883011190233977894e-01 9.908443540183112797e-01
7.494989979959919557e-01 9.898677517802644266e-01 7.464470530150398584e-04 9.884028484231942580e-01 9.909460834181078592e-01
7.515030060120240218e-01 9.900712105798575857e-01 7.669614170893593926e-04 9.887080366225838857e-01 9.911495422177009074e-01
7.535070140280560880e-01 9.902136317395726639e-01 7.929674575749950374e-04 9.887080366225838857e-01 9.912512716174974869e-01
7.555110220440881541e-01 9.904170905391656010e-01 7.527975584943918290e-04 9.891149542217700930e-01 9.914547304170905351e-01
7.575150300601202202e-01 9.904781281790435710e-01 7.803381042020247167e-04 9.891149542217700930e-01 9.915564598168871147e-01
7.595190380761522864e-01 9.906002034587995109e-01 7.505947811066669131e-04 9.892166836215666725e-01 9.916581892166835832e-01
7.615230460921843525e-01 9.907426246185148111e-01 7.321690423375809944e-04 9.895218718209563002e-01 9.917599186164801628e-01
7.635270541082164186e-01 9.907934893184131564e-01 7.339337328760091013e-04 9.895218718209563002e-01 9.918616480162767424e-01
7.655310621242484848e-01 9.909460834181080813e-01 6.449996941667128763e-04 9.898270600203459280e-01 9.918616480162767424e-01
7.675350701402805509e-01 9.910986775178027841e-01 6.454006887309024628e-04 9.899287894201423965e-01 9.919633774160732109e-01
7.695390781563125060e-01 9.912512716174974869e-01 6.529727990185578423e-04 9.900305188199389761e-01 9.922685656154628386e-01
7.715430861723445721e-01 9.914038657171924118e-01 7.051689450915015270e-04 9.900305188199389761e-01 9.924720244150559978e-01
7.735470941883766383e-01 9.916174974567650846e-01 6.812072855659636423e-04 9.904374364191250724e-01 9.926754832146490459e-01
7.755511022044087044e-01 9.917293997965412888e-01 6.482805276238247242e-04 9.907426246185147001e-01 9.927772126144456255e-01
7.775551102204407705e-01 9.919226856561547123e-01 6.004620371667949898e-04 9.909460834181078592e-01 9.927772126144456255e-01
7.795591182364728366e-01 9.920447609359104302e-01 6.636625200529096746e-04 9.910478128179043278e-01 9.931841302136317218e-01
7.815631262525049028e-01 9.921668362156662591e-01 6.608497159272279028e-04 9.912512716174974869e-01 9.933875890132247699e-01
7.835671342685369689e-01 9.922583926754832140e-01 6.876335550812353106e-04 9.912512716174974869e-01 9.935910478128179291e-01
7.855711422845690350e-01 9.923906408952186675e-01 7.059756489480069471e-04 9.912512716174974869e-01 9.936927772126143976e-01
7.875751503006011012e-01 9.925025432349949828e-01 7.004569678576736888e-04 9.913530010172939555e-01 9.936927772126143976e-01
7.895791583166331673e-01 9.926449643947099499e-01 6.794579645776617320e-04 9.915564598168871147e-01 9.936927772126143976e-01
7.915831663326652334e-01 9.927772126144454035e-01 6.561349133915466997e-04 9.916581892166835832e-01 9.936927772126143976e-01
7.935871743486972996e-01 9.928891149542214967e-01 6.536856083994878937e-04 9.916581892166835832e-01 9.937945066124109772e-01
7.955911823647293657e-01 9.930417090539165326e-01 6.611628406621310227e-04 9.918616480162767424e-01 9.940996948118006049e-01
7.975951903807614318e-01 9.931434384537130011e-01 6.372516689060290108e-04 9.919633774160732109e-01 9.940996948118006049e-01
7.995991983967934980e-01 9.932553407934893164e-01 6.624919696913453108e-04 9.920651068158697905e-01 9.943031536113936530e-01
8.016032064128255641e-01 9.933977619532046166e-01 6.906369917596695118e-04 9.922685656154628386e-01 9.944048830111902326e-01
8.036072144288576302e-01 9.934994913530010852e-01 6.662304915578142785e-04 9.922685656154628386e-01 9.945066124109868122e-01
8.056112224448896963e-01 9.936520854526958990e-01 6.827247908672333604e-04 9.923702950152594182e-01 9.946083418107832808e-01
8.076152304609217625e-01 9.937232960325534936e-01 6.945220422664562200e-04 9.924720244150559978e-01 9.947100712105798603e-01
8.096192384769538286e-01 9.938046795523906018e-01 7.328048204863392293e-04 9.924720244150559978e-01 9.948118006103764399e-01
8.116232464929858947e-01 9.939064089521872924e-01 7.054623986810103133e-04 9.925737538148524663e-01 9.948118006103764399e-01
8.136272545090179609e-01 9.940081383519838720e-01 7.605250739192521894e-04 9.925737538148524663e-01 9.949135300101729085e-01
8.156312625250500270e-01 9.941403865717193256e-01 6.781620879959001204e-04 9.928789420142420941e-01 9.950152594099694880e-01
8.176352705410820931e-01 9.942115971515768091e-01 6.770166076083375698e-04 9.929806714140386736e-01 9.950152594099694880e-01
8.196392785571141593e-01 9.943133265513732777e-01 6.921338227130741485e-04 9.930824008138352532e-01 9.953204476093591158e-01
8.216432865731462254e-01 9.944150559511697463e-01 6.521005294216708579e-04 9.931841302136317218e-01 9.953204476093591158e-01
8.236472945891782915e-01 9.945371312309256862e-01 6.386305642205330904e-04 9.934893184130213495e-01 9.953204476093591158e-01
8.256513026052103577e-01 9.946388606307221547e-01 6.824973801716803859e-04 9.935910478128179291e-01 9.955239064089521639e-01
8.276553106212424238e-01 9.947507629704984700e-01 6.274321035649843125e-04 9.936927772126143976e-01 9.956256358087487435e-01
8.296593186372744899e-01 9.949338758901321578e-01 7.089013790512421710e-04 9.937945066124109772e-01 9.961342828077314193e-01
8.316633266533065560e-01 9.950356052899286263e-01 6.366017435264453676e-04 9.939979654120040253e-01 9.961342828077314193e-01
8.336673346693386222e-01 9.951068158697863320e-01 6.008927538401949171e-04 9.939979654120040253e-01 9.961342828077314193e-01
8.356713426853706883e-01 9.952492370295015212e-01 5.880100108491798745e-04 9.943031536113936530e-01 9.962360122075279989e-01
8.376753507014027544e-01 9.953509664292979897e-01 5.364718971896288583e-04 9.945066124109868122e-01 9.962360122075279989e-01
8.396793587174348206e-01 9.954628687690740829e-01 5.794112254688894891e-04 9.945066124109868122e-01 9.964394710071210470e-01
8.416833667334668867e-01 9.955544252288911489e-01 5.572877283744703900e-04 9.946083418107832808e-01 9.964394710071210470e-01
8.436873747494989528e-01 9.956052899287893831e-01 5.379167473612291549e-04 9.948118006103764399e-01 9.964394710071210470e-01
8.456913827655310190e-01 9.957273652085451010e-01 4.706015668858677453e-04 9.949135300101729085e-01 9.964394710071210470e-01
8.476953907815630851e-01 9.958392675483214163e-01 5.333764691319723208e-04 9.949135300101729085e-01 9.966429298067140952e-01
8.496993987975951512e-01 9.959511698880977315e-01 5.359894149468739065e-04 9.949135300101729085e-01 9.966429298067140952e-01
8.517034068136272174e-01 9.960122075279755904e-01 5.623713107257491536e-04 9.949135300101729085e-01 9.967446592065106747e-01
8.537074148296592835e-01 9.961241098677519057e-01 5.798575788402797731e-04 9.950152594099694880e-01 9.969481180061037229e-01
8.557114228456913496e-01 9.962360122075282209e-01 5.515947797243352059e-04 9.951169888097660676e-01 9.970498474059003025e-01
8.577154308617234157e-01 9.963275686673449538e-01 5.095617410526095308e-04 9.953204476093591158e-01 9.970498474059003025e-01
8.597194388777554819e-01 9.964292980671416444e-01 5.762770717504847161e-04 9.953204476093591158e-01 9.972533062054933506e-01
8.617234468937875480e-01 9.964699898270602541e-01 5.535612557644892804e-04 9.954221770091556953e-01 9.972533062054933506e-01
8.637274549098196141e-01 9.965412004069177376e-01 5.226951201898242345e-04 9.955239064089521639e-01 9.972533062054933506e-01
8.657314629258516803e-01 9.966429298067142062e-01 5.127000271965106082e-04 9.958290946083417916e-01 9.974567650050865097e-01
8.677354709418837464e-01 9.967141403865718008e-01 5.026091282618726924e-04 9.959308240081383712e-01 9.975584944048829783e-01
8.697394789579158125e-01 9.968056968463885337e-01 4.666264472504522642e-04 9.960325534079348397e-01 9.975584944048829783e-01
8.717434869739478787e-01 9.968769074262462393e-01 4.794250933041052307e-04 9.960325534079348397e-01 9.975584944048829783e-01
8.737474949899798338e-01 9.969379450661242092e-01 4.867090015831346565e-04 9.961342828077314193e-01 9.975584944048829783e-01
8.757515030060118999e-01 9.970091556459816928e-01 4.174625539915148347e-04 9.963377416073244675e-01 9.975584944048829783e-01
8.777555110220439660e-01 9.970498474059003025e-01 3.966142154550938103e-04 9.963377416073244675e-01 9.975584944048829783e-01
8.797595190380760322e-01 9.971210579857580081e-01 3.406036427829643113e-04 9.964394710071210470e-01 9.975584944048829783e-01
8.817635270541080983e-01 9.972126144455748520e-01 3.349354554049679316e-04 9.965412004069176266e-01 9.976602238046795579e-01
8.837675350701401644e-01 9.972431332655137259e-01 3.231410004937804604e-04 9.966429298067140952e-01 9.976602238046795579e-01
8.857715430861722306e-01 9.973041709053915849e-01 2.886319625454988945e-04 9.967446592065106747e-01 9.976602238046795579e-01
8.877755511022042967e-01 9.974262461851475248e-01 1.985678666932306363e-04 9.970498474059003025e-01 9.977619532044761375e-01
8.897795591182363628e-01 9.975279755849439933e-01 1.764939122370012489e-04 9.972533062054933506e-01 9.978636826042726060e-01
8.917835671342684289e-01 9.975890132248219633e-01 1.932858596134374963e-04 9.972533062054933506e-01 9.979654120040691856e-01
8.937875751503004951e-01 9.976297049847404619e-01 1.878553948384660229e-04 9.973550356052899302e-01 9.980671414038657652e-01
8.957915831663325612e-01 9.976805696846386962e-01 2.172345524319664243e-04 9.973550356052899302e-01 9.981688708036622337e-01
8.977955911823646273e-01 9.977314343845371525e-01 1.985678666932215561e-04 9.975584944048829783e-01 9.981688708036622337e-01
8.997995991983966935e-01 9.978331637843336210e-01 1.985678666932238058e-04 9.975584944048829783e-01 9.981688708036622337e-01
9.018036072144287596e-01 9.979247202441504649e-01 1.940873248050753192e-04 9.976602238046795579e-01 9.982706002034588133e-01
9.038076152304608257e-01 9.980061037639877952e-01 1.886799286977816278e-04 9.977619532044761375e-01 9.983723296032553929e-01
9.058116232464928919e-01 9.980569684638860295e-01 1.900462023628559673e-04 9.977619532044761375e-01 9.983723296032553929e-01
9.078156312625249580e-01 9.981180061037638884e-01 2.097205302959065159e-04 9.977619532044761375e-01 9.983723296032553929e-01
9.098196392785570241e-01 9.982197355035605790e-01 1.996074961378505042e-04 9.978636826042726060e-01 9.984740590030518614e-01
9.118236472945890903e-01 9.982400813835198283e-01 1.705295484663430275e-04 9.978636826042726060e-01 9.984740590030518614e-01
9.138276553106211564e-01 9.983011190233976873e-01 1.985678666932186830e-04 9.979654120040691856e-01 9.985757884028484410e-01
9.158316633266532225e-01 9.983825025432349065e-01 2.893481719903729342e-04 9.979654120040691856e-01 9.989827060020345373e-01
9.178356713426852886e-01 9.984333672431331408e-01 2.884526323246540316e-04 9.979654120040691856e-01 9.989827060020345373e-01
9.198396793587173548e-01 9.984944048830109997e-01 2.759849433621399295e-04 9.980671414038657652e-01 9.989827060020345373e-01
9.218436873747494209e-01 9.985350966429296093e-01 2.920183132127382518e-04 9.980671414038657652e-01 9.989827060020345373e-01
9.238476953907814870e-01 9.985961342828078013e-01 2.722093216736331330e-04 9.981688708036622337e-01 9.990844354018311169e-01
9.258517034068135532e-01 9.986469989827059246e-01 3.053577013184830750e-04 9.981688708036622337e-01 9.991861648016276964e-01
9.278557114228456193e-01 9.986978636826042699e-01 2.565517845964972459e-04 9.983723296032553929e-01 9.991861648016276964e-01
9.298597194388776854e-01 9.987589013224822398e-01 2.605543941986747055e-04 9.983723296032553929e-01 9.991861648016276964e-01
9.318637274549097516e-01 9.988097660223804741e-01 2.731581196764255783e-04 9.983723296032553929e-01 9.991861648016276964e-01
9.338677354709418177e-01 9.988809766022379577e-01 2.228779481201062301e-04 9.984740590030518614e-01 9.992878942014241650e-01
9.358717434869738838e-01 9.989521871820954413e-01 2.615454757310773791e-04 9.984740590030518614e-01 9.992878942014241650e-01
9.378757515030059499e-01 9.990437436419125072e-01 3.058656435070860507e-04 9.984740590030518614e-01 9.993896236012207446e-01
9.398797595190380161e-01 9.991047812817903662e-01 3.428748636083979668e-04 9.984740590030518614e-01 9.995930824008137927e-01
9.418837675350700822e-01 9.991658189216682251e-01 3.336972424589248858e-04 9.985757884028484410e-01 9.995930824008137927e-01
9.438877755511021483e-01 9.992065106815871678e-01 3.488591698775552483e-04 9.985757884028484410e-01 9.996948118006103723e-01
9.458917835671342145e-01 9.992268565615465281e-01 3.500437545083389681e-04 9.985757884028484410e-01 9.996948118006103723e-01
9.478957915831662806e-01 9.992675483214650267e-01 3.078890325619902061e-04 9.987792472024414892e-01 9.996948118006103723e-01
9.498997995991983467e-01 9.993285859613429967e-01 2.774808076700964183e-04 9.988809766022380687e-01 9.996948118006103723e-01
9.519038076152304129e-01 9.993489318413022460e-01 2.660569039801023369e-04 9.988809766022380687e-01 9.996948118006103723e-01
9.539078156312624790e-01 9.993794506612412309e-01 2.468903580775473660e-04 9.988809766022380687e-01 9.996948118006103723e-01
9.559118236472945451e-01 9.994506612410987145e-01 2.191318334541082866e-04 9.990844354018311169e-01 9.997965412004069519e-01
9.579158316633266113e-01 9.994811800610378105e-01 2.057349788011866734e-04 9.991861648016276964e-01 9.997965412004069519e-01
9.599198396793586774e-01 9.995116988809767955e-01 1.864730699880326372e-04 9.991861648016276964e-01 9.997965412004069519e-01
9.619238476953907435e-01 9.995218718209564202e-01 1.822632031248127866e-04 9.991861648016276964e-01 9.997965412004069519e-01
9.639278557114228096e-01 9.995320447609360448e-01 1.773712693200687758e-04 9.991861648016276964e-01 9.997965412004069519e-01
9.659318637274548758e-01 9.995422177009156695e-01 1.592316972787375371e-04 9.992878942014241650e-01 9.997965412004069519e-01
9.679358717434869419e-01 9.995930824008139037e-01 1.702258446661373582e-04 9.992878942014241650e-01 9.998982706002034204e-01
9.699398797595190080e-01 9.996337741607325134e-01 1.452986455451183139e-04 9.993896236012207446e-01 9.998982706002034204e-01
9.719438877755510742e-01 9.996642929806714983e-01 1.442263161623399449e-04 9.993896236012207446e-01 9.998982706002034204e-01
9.739478957915831403e-01 9.996948118006103723e-01 1.203678490966430072e-04 9.994913530010173242e-01 9.998982706002034204e-01
9.759519038076150954e-01 9.996948118006103723e-01 1.203678490966430072e-04 9.994913530010173242e-01 9.998982706002034204e-01
9.779559118236471615e-01 9.997253306205493573e-01 1.442263161623399449e-04 9.994913530010173242e-01 1.000000000000000000e+00
9.799599198396792277e-01 9.997355035605289819e-01 1.522546240803197533e-04 9.994913530010173242e-01 1.000000000000000000e+00
9.819639278557112938e-01 9.997863682604272162e-01 1.155423875035676445e-04 9.995930824008137927e-01 1.000000000000000000e+00
9.839679358717433599e-01 9.998168870803662012e-01 9.967404853643673239e-05 9.996948118006103723e-01 1.000000000000000000e+00
9.859719438877754261e-01 9.998575788402848108e-01 8.138351983721647538e-05 9.996948118006103723e-01 1.000000000000000000e+00
9.879759519038074922e-01 9.998982706002035314e-01 6.433932167177714117e-05 9.997965412004069519e-01 1.000000000000000000e+00
9.899799599198395583e-01 9.999186164801627807e-01 6.103763987792553975e-05 9.997965412004069519e-01 1.000000000000000000e+00
9.919839679358716245e-01 9.999389623601221411e-01 6.747964985463884662e-05 9.997965412004069519e-01 1.000000000000000000e+00
9.939879759519036906e-01 9.999694811800610150e-01 4.661826749702512030e-05 9.998982706002034204e-01 1.000000000000000000e+00
9.959919839679357567e-01 9.999694811800610150e-01 4.661826749702512030e-05 9.998982706002034204e-01 1.000000000000000000e+00
9.979959919839678228e-01 1.000000000000000000e+00 0.000000000000000000e+00 1.000000000000000000e+00 1.000000000000000000e+00
1.000000000000000000e+00 1.000000000000000000e+00 0.000000000000000000e+00 1.000000000000000000e+00 1.000000000000000000e+00
