# signal_efficiencies		0sq-mean	0sq-std	0sq-min	0sq-max	1sq-mean	1sq-std	1sq-min	1sq-max	2sq-mean	2sq-std	2sq-min	2sq-max	all-mean	all-std	all-min	all-max
1.000000000000000021e-02 2.493656409501558979e-01 1.484925450453827844e-02 2.195676377016594349e-01 2.652120252491791397e-01 3.312651568870695895e-01 8.680725647895383423e-02 2.405333161598061098e-01 4.810666323196122751e-01 6.025745709063297095e-01 5.727320358476664097e-01 0.000000000000000000e+00 1.259841511983572859e+00 2.358057185430321390e+00 5.860411358432127127e-01 1.707930325903255664e+00 3.398607456294225226e+00
1.497487437185929596e-02 2.973607666103510461e-01 1.947755433135381700e-02 2.748948318593406048e-01 3.317225012521328731e-01 4.062324542234992397e-01 7.787540469752242400e-02 2.940984915207007777e-01 5.146750909100908933e-01 1.174035200900375830e+00 6.661144082607572958e-01 0.000000000000000000e+00 1.886596837040726671e+00 2.941410410080616877e+00 5.702676319452543163e-01 2.122173765975209569e+00 3.598729431774720045e+00
1.994974874371859344e-02 3.371838341907572589e-01 1.649871135344597312e-02 3.204729106313768394e-01 3.704607392882719452e-01 4.654756380327217391e-01 6.309310616750291034e-02 3.651858254072840038e-01 5.645782394185067110e-01 1.896457210288629680e+00 4.529504185585596643e-01 1.344051431005783170e+00 2.513352162097881148e+00 3.314484780015813037e+00 3.785568752575281803e-01 2.767979128361671481e+00 3.914513623694733990e+00
2.492462311557788746e-02 3.723861426878459779e-01 1.448587725986177216e-02 3.544923940800248086e-01 4.000025320793763051e-01 5.229410802224188082e-01 7.308191166114098858e-02 4.239248166990541300e-01 6.922663268103814715e-01 2.066982766338753663e+00 4.862979347185905077e-01 1.502125812899349988e+00 3.140107487155035404e+00 3.724660530459653618e+00 4.540854701021712625e-01 3.039725323240505706e+00 4.890676970661430367e+00
2.989949748743718494e-02 4.125847312848481829e-01 1.120610076320392202e-02 3.969260378425333857e-01 4.323508014326790660e-01 5.717718716812218993e-01 1.049907705975362676e-01 4.718015788379024134e-01 8.304404525245502322e-01 2.210735243969814245e+00 3.884815076927080613e-01 1.653632097006186630e+00 2.663574238314667664e+00 3.973781804157826336e+00 6.832486376935059669e-01 3.213400783245699444e+00 5.699999109187230850e+00
3.487437185929648242e-02 4.464226581510311043e-01 1.018241492126012969e-02 4.249741660084921935e-01 4.628602143035260297e-01 6.151266224241058733e-01 1.141290085745943067e-01 5.305320540296991627e-01 9.318813599406243764e-01 2.492777720372995276e+00 4.565660313114238145e-01 1.825772301546696674e+00 3.106757178807360908e+00 4.223951635253842873e+00 4.415771183264264876e-01 3.748067468189101081e+00 5.261092168053367324e+00
3.984924623115577991e-02 4.767434699183307201e-01 1.053892182329909874e-02 4.600731922476190561e-01 4.919408209588385650e-01 6.469264448642960685e-01 7.944452864623519073e-02 5.537974754756714857e-01 8.573148436360051861e-01 2.585381129151679058e+00 3.185527768779811142e-01 2.049558883484937866e+00 2.916640638730318535e+00 4.381615611681827893e+00 3.279326102603526416e-01 3.909583505780759971e+00 4.788242347982135882e+00
4.482412060301507739e-02 5.034469471105098570e-01 9.239135427765141767e-03 4.896756990193631420e-01 5.215182566193342639e-01 6.837653561661096724e-01 6.709033851741495746e-02 5.980607984116289577e-01 7.881293507480515714e-01 2.764083482106967971e+00 3.146391038672841090e-01 2.305430673478643833e+00 3.260371325544435983e+00 4.723073896252058645e+00 4.165142527931763872e-01 4.225140037250876723e+00 5.386017874401090921e+00
4.979899497487437487e-02 5.319915017792115064e-01 1.116214541533617176e-02 5.145807029753438622e-01 5.503450647179636279e-01 7.352367699418936864e-01 7.005302710738148253e-02 6.507176981461428866e-01 8.469949462676669150e-01 2.904077112404832128e+00 3.029353748204350327e-01 2.551904621812477014e+00 3.622228681182216192e+00 4.935877922071489010e+00 4.041279710870809283e-01 4.369944833439587839e+00 5.641574521252223917e+00
5.477386934673367236e-02 5.561152727042304456e-01 1.146838942553963202e-02 5.404744316216640865e-01 5.792687545056222076e-01 7.733417070679331484e-01 7.557167144637569334e-02 6.803509984505995423e-01 8.783293621915867488e-01 3.071897959387386301e+00 3.638015719869772679e-01 2.561164321660617471e+00 3.984086036819995069e+00 5.102159191189183041e+00 2.904351778264480100e-01 4.803329665734232812e+00 5.612780840124726112e+00
5.974874371859296984e-02 5.801829333308826664e-01 1.233391047052197556e-02 5.554193110916058052e-01 6.061483185216383074e-01 8.049304891945265883e-01 6.544062569946174079e-02 7.185781731507776549e-01 9.089374816157238524e-01 3.277771474194577372e+00 4.290340743786336120e-01 2.661335940635411568e+00 4.345943392457773946e+00 5.174372503262618217e+00 2.631337079711734694e-01 4.658573840238607211e+00 5.631941148308624356e+00
6.472361809045226733e-02 5.981228831742437801e-01 1.392900563491663093e-02 5.811873691711186840e-01 6.229182610737135084e-01 8.209377247667827282e-01 5.170472506744378666e-02 7.551679683600206472e-01 9.387969684378472124e-01 3.331590039599616748e+00 5.726936173169405730e-01 2.578568665971631368e+00 4.707800748095554155e+00 5.299766592413408084e+00 2.467889266218590283e-01 4.800142663931939779e+00 5.679605394016337350e+00
6.969849246231155093e-02 6.133510306433564985e-01 1.470695570886286843e-02 5.920418788263103194e-01 6.322731647045047865e-01 8.242751450818565084e-01 4.663403030113920378e-02 7.634379282745918927e-01 8.961167627244285283e-01 3.323416653647160324e+00 4.616156074680667909e-01 2.776766102253612090e+00 4.390452706334711408e+00 5.315457350239474188e+00 3.064128573833385105e-01 4.835248175110375080e+00 5.921945404371972366e+00
7.467336683417084842e-02 6.337185263658788870e-01 1.713567635050679966e-02 6.136307915104358690e-01 6.626578110129099919e-01 8.510971733223220426e-01 4.785413655109586883e-02 7.740105036049709231e-01 8.980716276720399627e-01 3.389376721244564017e+00 3.453203092743994951e-01 2.974963538535592811e+00 4.207233783762490020e+00 5.433211785811818295e+00 2.744557404824687907e-01 4.884103480109466489e+00 5.836934607378406525e+00
7.964824120603014590e-02 6.496990509999258645e-01 1.890372312373911692e-02 6.269601308124559402e-01 6.829575758711464717e-01 8.635231465351645985e-01 6.376058342519803912e-02 7.575225213325559315e-01 9.579027791791271396e-01 3.515316590638418948e+00 2.801323241694796407e-01 3.173160974817573976e+00 4.096533203434585602e+00 5.592066742310658256e+00 3.365695016481518587e-01 4.942157352009038718e+00 6.052881870483306059e+00
8.462311557788944338e-02 6.668397178370233380e-01 2.004760688523955781e-02 6.461266720743018555e-01 7.038257210166058986e-01 8.774203658582446774e-01 4.812511504946420660e-02 7.734826486058333783e-01 9.339367063733977625e-01 3.542645290318938045e+00 2.609444875203019154e-01 3.206149291991397199e+00 4.031464724687777945e+00 5.663581312404871504e+00 3.204060922351616991e-01 5.084111042876366504e+00 6.123370470830450607e+00
8.959798994974874087e-02 6.811530777445168328e-01 1.837270239246484305e-02 6.618661240821066549e-01 7.108668700915089511e-01 9.015812540420091725e-01 4.967324584965891049e-02 7.869422702629067512e-01 9.558646540896423849e-01 3.648238939425979765e+00 2.725580278466816497e-01 3.258543763142224936e+00 3.990884762113489526e+00 5.621315404532465365e+00 2.633297405662912150e-01 5.147131341637347646e+00 6.051230829741851558e+00
9.457286432160803835e-02 6.972237077159393337e-01 1.919765075282791125e-02 6.780908874594945290e-01 7.302760984372728137e-01 9.244578083440753158e-01 5.937210775556944070e-02 7.966289874331701215e-01 9.928008259218510378e-01 3.805844089373080497e+00 3.064722747910860745e-01 3.304538232207479886e+00 4.212476232359835038e+00 5.631825656290831539e+00 3.274662197827050703e-01 5.146775738422174840e+00 6.185654609398396175e+00
9.954773869346733584e-02 7.086691796236495033e-01 1.580651725619611897e-02 6.910742405118698306e-01 7.388384879294627172e-01 9.372990367726087291e-01 6.001232270813537661e-02 8.261233809031118813e-01 1.020998944667153907e+00 3.870358505405538718e+00 3.231656714055867741e-01 3.478368883104684617e+00 4.434067702606182770e+00 5.711354440721425618e+00 2.832433839458117775e-01 5.220447827267091334e+00 6.176917169924230677e+00
1.045226130653266333e-01 7.221734145106509795e-01 1.440669603323765924e-02 7.086896904691094567e-01 7.474730078525931853e-01 9.232660551730800247e-01 4.187023580154667496e-02 8.499266965976939314e-01 9.861178474516857362e-01 3.948650056148254262e+00 3.434402464981698988e-01 3.519347531555562014e+00 4.655659172852528727e+00 5.732921678315006098e+00 2.922384280039443949e-01 5.298539023316094720e+00 6.279662095714276582e+00
1.094974874371859308e-01 7.384075683180826299e-01 1.247007808870451324e-02 7.274929435857648841e-01 7.653562802047764180e-01 9.291618284379155046e-01 5.195503452301904884e-02 8.627439639079783618e-01 9.988476697915664726e-01 4.016090767796670846e+00 3.168721712849080219e-01 3.561840261109108674e+00 4.598316004375551991e+00 5.734305054206620511e+00 2.495425460227140568e-01 5.316271103564333522e+00 6.117927099666974122e+00
1.144723618090452283e-01 7.509820940121099131e-01 1.070688525513854329e-02 7.408912757911867430e-01 7.764671521268756704e-01 9.418377956718799737e-01 5.232532973961109141e-02 8.497305501310749021e-01 1.040703133337787634e+00 4.120275748542254313e+00 3.271115736982379563e-01 3.723667790181987236e+00 4.669522958330710516e+00 5.788930424480970949e+00 2.852968532117372003e-01 5.395105944426847877e+00 6.229731738642781735e+00
1.194472361809045258e-01 7.621070563783067797e-01 8.620875074107133690e-03 7.480230385281732008e-01 7.767302259341597459e-01 9.453375793792192505e-01 4.886423669619049948e-02 8.565941081642644006e-01 1.037959008783545523e+00 4.132761117251900984e+00 2.272969325366241133e-01 3.885495319254865354e+00 4.537281005376678777e+00 5.827157858553805525e+00 2.577507577630098745e-01 5.424792084827593897e+00 6.119990851824071321e+00
1.244221105527638233e-01 7.757572970064272599e-01 7.742724697338919555e-03 7.613649742241832552e-01 7.930955096638558910e-01 9.527716214055148569e-01 5.385828013302565442e-02 8.771491180992213588e-01 1.058102667486752191e+00 4.149996357481453124e+00 2.323707293287252673e-01 3.918803497074530018e+00 4.525044507874453892e+00 5.816113845818412287e+00 1.987652625113210669e-01 5.600942858786319256e+00 6.103485977498841919e+00
1.293969849246231207e-01 7.876646986311357512e-01 7.857665695933333319e-03 7.740110701916103064e-01 8.024661805336615883e-01 9.528153726800194789e-01 5.334840143382142685e-02 8.655224094430145065e-01 1.024301882264933239e+00 4.159979338814986605e+00 2.154804904511478103e-01 3.739928253558777893e+00 4.521352788487916996e+00 5.855657574389461217e+00 1.896766220194531227e-01 5.630672206849326678e+00 6.282422254097364878e+00
1.343718592964824043e-01 7.972272935268278626e-01 8.252431114504936091e-03 7.825512757329003977e-01 8.116213389002649992e-01 9.556761885902741449e-01 5.354602087181054015e-02 8.638126256399142333e-01 1.028938474351084764e+00 4.226436207689497238e+00 1.925067127334433303e-01 3.883715786414047688e+00 4.524391970855563549e+00 5.906312621650575245e+00 1.545946644659757230e-01 5.753591944580597861e+00 6.214589579545851450e+00
1.393467336683417157e-01 8.079482327729173852e-01 8.269215778285829779e-03 7.983336644674459137e-01 8.242328109420651305e-01 9.738450992510061521e-01 5.012522588200965523e-02 8.879011118097859256e-01 1.034373492323736210e+00 4.246115198379402322e+00 1.880043529612789033e-01 3.880949110910790090e+00 4.532805435546378270e+00 5.926438079289136240e+00 1.535308727038681986e-01 5.743059856543531794e+00 6.328543732110608389e+00
1.443216080402010271e-01 8.179649254679342008e-01 1.035134626423889898e-02 8.031461845795977439e-01 8.398736775133803789e-01 9.713707911476708867e-01 3.945553064569007340e-02 9.196004302624254390e-01 1.034976137420179798e+00 4.217055862797439048e+00 2.034110289300853913e-01 3.967689024436715339e+00 4.633926791723987471e+00 5.920517920688951108e+00 1.625817627347329597e-01 5.589680727303463215e+00 6.229260892774465930e+00
1.492964824120603107e-01 8.282030761230819715e-01 1.253014683375912493e-02 8.143220775035493464e-01 8.516377105911837608e-01 9.741820114157777599e-01 3.380008605002049471e-02 9.195807943591336464e-01 1.026022228730486541e+00 4.268464124123324765e+00 2.198883863710063280e-01 4.010090272742038664e+00 4.702247653395973614e+00 5.846193691841449436e+00 1.522101770180590841e-01 5.536189384527093971e+00 6.108379850798742794e+00
1.542713567839196220e-01 8.354664836777908610e-01 1.240210357567101546e-02 8.187900872886783032e-01 8.545805339873545625e-01 9.755295860144288511e-01 3.515208171267442810e-02 9.149615750023215588e-01 1.034690074124281711e+00 4.309050199527648672e+00 2.519434110833072005e-01 3.967305026670088441e+00 4.858936484660262067e+00 5.885643407804942662e+00 1.483102388873931143e-01 5.557651389367969763e+00 6.054184798359110609e+00
1.592462311557789056e-01 8.436428984642860840e-01 1.265069495522157597e-02 8.265866147566673927e-01 8.664873160355557324e-01 9.850397599344077326e-01 2.944142240232529989e-02 9.290090418217800128e-01 1.023718104208260593e+00 4.322193478369293018e+00 2.337866025994336516e-01 3.861030168404454344e+00 4.738151585854970094e+00 5.880046879482957678e+00 1.598182984600699241e-01 5.523756837391773367e+00 6.167722223128367709e+00
1.642211055276382170e-01 8.518360980624153367e-01 1.301004550667063039e-02 8.334690629341637846e-01 8.717155122030021408e-01 9.920624280785255156e-01 3.053437475604102447e-02 9.435035706152627988e-01 1.050517943869907267e+00 4.412201787537623154e+00 2.371120011717059994e-01 3.937333028654036671e+00 4.746440983545666903e+00 5.842156710478588089e+00 1.543401807594813324e-01 5.553532150727882311e+00 6.053694695138902127e+00
1.691959798994975006e-01 8.596746495288313250e-01 1.259215604436627993e-02 8.401608708036060191e-01 8.840065330914611552e-01 9.899260671262345435e-01 2.654665722141681325e-02 9.526510366627080062e-01 1.044612024616045520e+00 4.447002047987294482e+00 2.568096166047762474e-01 3.958284040921480340e+00 4.766405164848015907e+00 5.831264017012022904e+00 1.623043429817312977e-01 5.533235672115940140e+00 6.095313429316596476e+00
1.741708542713567842e-01 8.687595383190807041e-01 1.219252992693866181e-02 8.441972002656877860e-01 8.897764246403274679e-01 9.896134928549289445e-01 2.876283151203228722e-02 9.654394123923256688e-01 1.055626883274443095e+00 4.503672205577315069e+00 2.675421148168645180e-01 4.006182863604753841e+00 4.906551916056792528e+00 5.848552245655581849e+00 1.496892750295244490e-01 5.592810273608399996e+00 6.105378051009063611e+00
1.791457286432160956e-01 8.778718767378960175e-01 1.465946543977376081e-02 8.552522010073351222e-01 9.051566796276993010e-01 9.800510204043522133e-01 2.129530604124330040e-02 9.463588758908328957e-01 1.009651936824011553e+00 4.517844389359476409e+00 2.761225987634196577e-01 4.053605916694187350e+00 4.811838378433311192e+00 5.805008560395537920e+00 1.409252628335224689e-01 5.628783345590199438e+00 6.088460091300961885e+00
1.841206030150753792e-01 8.861224853677148738e-01 1.373536745031146006e-02 8.663591065782096923e-01 9.091164195256767888e-01 9.795770733204717251e-01 2.029287536343712603e-02 9.544796974325444605e-01 1.012458349129355728e+00 4.516052003884159838e+00 2.379114109430879309e-01 4.100561348397034678e+00 4.836758292326571507e+00 5.780975802177391820e+00 1.068492888724798945e-01 5.665307392766184336e+00 5.966326994248490223e+00
1.890954773869346905e-01 8.934831957180151552e-01 1.104102966505528770e-02 8.787370034814190323e-01 9.107327743851286739e-01 9.790482374518078013e-01 2.904231009915414496e-02 9.432892868886472160e-01 1.028142491593245778e+00 4.501799530448094444e+00 2.393759817969309256e-01 4.100821475291594354e+00 4.862856291648059326e+00 5.799043323101861880e+00 1.131288611940949596e-01 5.658317235160344794e+00 5.978684078308075023e+00
1.940703517587939742e-01 9.009830197681802932e-01 1.056562387157325075e-02 8.860918508952140282e-01 9.185453911878370681e-01 9.768810087705782630e-01 2.612924579816763848e-02 9.337079098815438405e-01 1.022466121971631559e+00 4.447326788504126327e+00 2.335267708751602445e-01 4.105484127791549476e+00 4.851616328851815041e+00 5.793524811281682396e+00 1.006660388186913641e-01 5.655757039568058531e+00 5.971456645977895050e+00
1.990452261306532855e-01 9.100780538173542933e-01 1.095822174404997851e-02 8.947824663354982944e-01 9.260352410538732482e-01 9.787434036551587724e-01 2.945805750697804912e-02 9.431156531258592102e-01 1.044761974356124501e+00 4.466639416348412439e+00 2.430170940630490828e-01 4.122558416385524005e+00 4.825983116771867643e+00 5.794220422324448450e+00 8.823702202497249458e-02 5.676865433730077903e+00 5.979264798347176502e+00
2.040201005025125691e-01 9.192496943138136478e-01 1.014269223082037846e-02 9.027152910427980181e-01 9.320947149348075556e-01 9.814713887641890455e-01 3.531515884787868320e-02 9.404046808269028723e-01 1.064556531278675333e+00 4.489200518537924012e+00 2.543454061287789281e-01 4.115821845868405049e+00 4.857466966324617275e+00 5.817571677192456825e+00 8.550016553164235811e-02 5.718936780208931481e+00 6.012403827074389362e+00
2.089949748743718805e-01 9.282010705245461457e-01 1.153626894318155773e-02 9.101157671822193151e-01 9.434059107012459089e-01 9.807416259949752746e-01 3.116614185390534364e-02 9.416481396997182785e-01 1.059790015710623923e+00 4.518372330485986410e+00 2.601290948730770047e-01 4.068347041509230877e+00 4.960489690797543538e+00 5.825286964729662564e+00 7.843261789184929889e-02 5.723695080132390700e+00 5.960637045918554477e+00
2.139698492462311641e-01 9.359635865803831445e-01 1.251469208519057075e-02 9.147958281856335416e-01 9.538619884745198618e-01 9.804352777563771770e-01 3.046087563917178678e-02 9.475820198908069258e-01 1.058766256483063106e+00 4.508475235330836384e+00 2.499820242175532226e-01 4.159526062499220522e+00 4.921617609125518378e+00 5.845815118914340580e+00 8.781020344296142088e-02 5.695866272376645334e+00 6.039063350888255854e+00
2.189447236180904754e-01 9.437767900428942758e-01 1.208614297393704844e-02 9.205649890382019418e-01 9.578093803501988024e-01 9.806434411918291127e-01 2.486483689403751890e-02 9.575181895918457586e-01 1.050332105913133640e+00 4.535250892508509324e+00 2.531174226993875287e-01 4.201555435496350022e+00 4.954154552324425254e+00 5.854216588714764136e+00 8.135842558458079854e-02 5.740911454670045266e+00 6.015749920653965077e+00
2.239195979899497591e-01 9.509840345952940144e-01 1.125587889565479727e-02 9.338445120098398666e-01 9.649693979481962502e-01 9.842453477601422751e-01 1.906397838624534352e-02 9.619878169918731903e-01 1.027072255381189514e+00 4.550442843873489629e+00 2.355672337559396035e-01 4.184816056912206150e+00 4.986927229382420279e+00 5.834803118562765789e+00 8.000947798660529298e-02 5.704047198919507622e+00 6.016350374009595825e+00
2.288944723618090704e-01 9.593199483923789961e-01 1.101261719271676154e-02 9.411747665315786104e-01 9.733882975944968541e-01 9.907818902348607404e-01 2.221491902165663099e-02 9.657592204821963122e-01 1.040474708593859265e+00 4.575093354725589201e+00 2.509349849868434124e-01 4.206319818505944497e+00 5.097722964505593701e+00 5.820194946695945504e+00 1.111450357390555282e-01 5.614171774537000559e+00 6.019744730244177333e+00
2.338693467336683540e-01 9.676122002081758433e-01 1.102610048986401095e-02 9.478789712016169045e-01 9.813604084917285642e-01 9.965028655799391677e-01 2.175768394623486465e-02 9.647373281831751468e-01 1.043764044256096479e+00 4.541489424347201265e+00 2.106668064111145156e-01 4.209118734222216496e+00 4.961742694684668109e+00 5.819051864679940067e+00 1.090320096379985976e-01 5.662930026612763790e+00 6.021748151576333363e+00
2.388442211055276654e-01 9.744678160443349668e-01 1.182907197917638931e-02 9.517049760380767998e-01 9.901866672193728736e-01 9.965445388730062026e-01 1.846064735160122400e-02 9.745689537902190169e-01 1.031832326304079395e+00 4.561939214575646773e+00 2.078133700981713849e-01 4.213524894311992952e+00 4.820417491320602821e+00 5.821092709993003211e+00 1.091560687747038794e-01 5.655644898887943306e+00 5.968014636510813098e+00
2.438190954773869490e-01 9.819034122752968718e-01 1.208496124877090835e-02 9.611394935855808175e-01 1.000876719433966056e+00 1.003477997806974553e+00 1.841056239983773074e-02 9.794620723350430103e-01 1.032709316776193820e+00 4.579831266236548792e+00 2.099797522332513267e-01 4.260012674240333475e+00 4.918711230579679849e+00 5.793734192288106932e+00 1.224893940430139133e-01 5.612294793482352162e+00 5.961947133692606648e+00
2.487939698492462326e-01 9.891643222662537260e-01 1.173418291546558800e-02 9.679442418313334295e-01 1.010891760002104123e+00 1.005613345733926467e+00 1.880749472802538055e-02 9.707855212122289412e-01 1.036177453660440673e+00 4.607762180530139418e+00 1.966599332905453190e-01 4.346644205010422368e+00 4.895125559408715077e+00 5.794561766249787915e+00 9.422694347159962791e-02 5.649514352212504420e+00 5.934618920549078247e+00
2.537688442211055162e-01 9.970890128852086809e-01 1.185100621642445548e-02 9.777204949780750054e-01 1.021071662418412851e+00 1.014209904230997550e+00 1.502038049286493968e-02 9.885285924503285360e-01 1.035162174043021466e+00 4.619035108880662044e+00 1.731421601625972306e-01 4.391534321049068268e+00 4.827461765110866665e+00 5.781196706726475121e+00 8.255110456095972327e-02 5.660108156036587346e+00 5.895659876607686201e+00
2.587437185929647998e-01 1.003753130310659714e+00 1.268185362705449154e-02 9.789512102566984009e-01 1.024451415683267141e+00 1.015580227793658308e+00 1.328537143231281643e-02 9.934024429889629637e-01 1.037274744478091648e+00 4.611488327812299559e+00 2.147866989191409282e-01 4.317658624744699303e+00 4.914274273597921017e+00 5.781003319785268602e+00 8.855000693292358616e-02 5.647893989456826525e+00 5.928700080030649744e+00
2.637185929648241389e-01 1.011363316802806001e+00 1.326981594445154032e-02 9.879724533794951302e-01 1.032106709850222126e+00 1.019745162209547251e+00 1.477289804569962596e-02 9.902957626236991162e-01 1.049952269277952599e+00 4.589258906132232418e+00 1.628652015473496806e-01 4.400674395544801776e+00 4.795523743401682637e+00 5.763901485108522849e+00 6.733430606777603133e-02 5.634322129453136263e+00 5.884340066037212935e+00
2.686934673366834225e-01 1.017805111975816024e+00 1.186565524249289308e-02 9.995123155289132866e-01 1.036797392630616210e+00 1.020371675982858495e+00 1.328803352844767569e-02 1.001162419202451970e+00 1.049146090651303709e+00 4.613406736196445479e+00 1.364363211997260128e-01 4.444869607379884791e+00 4.835874059279368531e+00 5.758787598914304695e+00 7.025056555781732104e-02 5.625419528869802122e+00 5.874397461562547385e+00
2.736683417085427061e-01 1.024135929956212498e+00 1.297448552511101805e-02 1.008140151779971738e+00 1.047351649487516134e+00 1.024039405254171031e+00 1.333704955204466185e-02 1.006058528066614777e+00 1.054065249916696256e+00 4.611400685418539425e+00 1.494791023763722138e-01 4.451074360257046614e+00 4.925410534287534503e+00 5.735652909696146828e+00 6.315529590339204191e-02 5.614525158940532279e+00 5.860066762573612920e+00
2.786432160804020453e-01 1.029202871227178795e+00 1.248796345049383444e-02 1.013750003594093174e+00 1.050206783160297030e+00 1.021201927364774775e+00 1.835316837675563667e-02 9.855254510342468244e-01 1.053164475177534198e+00 4.613216762253797398e+00 1.289890623907665179e-01 4.458292349558456991e+00 4.868136157702039668e+00 5.727814197340503455e+00 5.793046075570840864e-02 5.637028863312457005e+00 5.816196353042171197e+00
2.836180904522613289e-01 1.036359216729691113e+00 1.227474671985694966e-02 1.021620370763020036e+00 1.058571985590120557e+00 1.020384489802976802e+00 2.403473146738081823e-02 9.770614026337208768e-01 1.055798225088577791e+00 4.613404444122555681e+00 1.110433192213337167e-01 4.501731290301499655e+00 4.862425531058844008e+00 5.715933895560206146e+00 5.142311828910343940e-02 5.655607173296636425e+00 5.794776625456000474e+00
2.885929648241206125e-01 1.042815696303159623e+00 1.390379004391509472e-02 1.026695621555065330e+00 1.065968246498439909e+00 1.022985183006263288e+00 2.279806719665077031e-02 9.864361270932558989e-01 1.067941889992861659e+00 4.623267721276858033e+00 9.487699929163630197e-02 4.544767464398026036e+00 4.858560786952786259e+00 5.669401009003392389e+00 6.411185265695434898e-02 5.573312555425608217e+00 5.781553458333802631e+00
2.935678391959798961e-01 1.047987799825564448e+00 1.159138453085274342e-02 1.033200213118070421e+00 1.067365155191561277e+00 1.021537541111263492e+00 2.465252017907627186e-02 9.839660191491462760e-01 1.067935390171087962e+00 4.636171063811199033e+00 1.298955051789103532e-01 4.425080186435242702e+00 4.942314490227786017e+00 5.641639782242220846e+00 9.094470976100450799e-02 5.530869885524048790e+00 5.795159202242773588e+00
2.985427135678392352e-01 1.053852009585252381e+00 1.169747112638233437e-02 1.039943454087439489e+00 1.074232557335268901e+00 1.022660595197045774e+00 2.812941497999357776e-02 9.772030973850578395e-01 1.069031991754202826e+00 4.625409821340622507e+00 1.400621659191384760e-01 4.372265544224060996e+00 4.938651643434430305e+00 5.601460515126949424e+00 9.468395896606240925e-02 5.485527346579811336e+00 5.765383542251548477e+00
3.035175879396985188e-01 1.060881573594729455e+00 1.198994777850406063e-02 1.045826578794549544e+00 1.081214846842324162e+00 1.023048457048395532e+00 2.738115201843504751e-02 9.889192934061099560e-01 1.070084500897094282e+00 4.612043322532164424e+00 1.420652564254306638e-01 4.275183723742502551e+00 4.856282378959978274e+00 5.572747337491207986e+00 9.730752966795697123e-02 5.436173356593692496e+00 5.782517942432862768e+00
3.084924623115578024e-01 1.064999064025741404e+00 1.094352694261171988e-02 1.050553276734839558e+00 1.083759199860313105e+00 1.018072245373551121e+00 2.705651098771583163e-02 9.922432798540791188e-01 1.065240337646834901e+00 4.593718141182245418e+00 1.608281443235076158e-01 4.240536720232763734e+00 4.820288785697627532e+00 5.518942832400719922e+00 9.265006677294326809e-02 5.350322376893042353e+00 5.698657991016731650e+00
3.134673366834170860e-01 1.070962363181221288e+00 1.031058187843757711e-02 1.058346121851043709e+00 1.090688088850637616e+00 1.018932466196807773e+00 2.414127554660524741e-02 9.919635387136598315e-01 1.061015781825232152e+00 4.589879454173039441e+00 1.420396846954495584e-01 4.308921332596836073e+00 4.769882285820502332e+00 5.491828893191284422e+00 8.158600883275819726e-02 5.372229190667018095e+00 5.636756891119288682e+00
3.184422110552764251e-01 1.077829460129958061e+00 1.029339593884937357e-02 1.062193325510643271e+00 1.098602672604397146e+00 1.019113978556159150e+00 2.392960459508711168e-02 9.931856001859971084e-01 1.067797784117349602e+00 4.570004059359629167e+00 1.320811160352200198e-01 4.252570691413000148e+00 4.716945849749150099e+00 5.472813382823573214e+00 8.392455740083297477e-02 5.345489111937570925e+00 5.591387769457205614e+00
3.234170854271357087e-01 1.083932560221256391e+00 1.042368338522298328e-02 1.069758405044702432e+00 1.106411050739690038e+00 1.019910808200943375e+00 2.154801007327604434e-02 9.980084728950011641e-01 1.051265142604416392e+00 4.590891324313414401e+00 1.405055603106440398e-01 4.270519354579127125e+00 4.704876648252017013e+00 5.445985674848251357e+00 8.674798079247117433e-02 5.306659609346121798e+00 5.592157210257404643e+00
3.283919597989949923e-01 1.089205990469982011e+00 1.069246520446485299e-02 1.076336337993843095e+00 1.110812324954046693e+00 1.022411140845429722e+00 2.189394331688113149e-02 9.966570829679833876e-01 1.056443150851280377e+00 4.587397039371125196e+00 1.522455339009136654e-01 4.237174640377060264e+00 4.745714783884780630e+00 5.407801023941127383e+00 8.990191307914384422e-02 5.252369904720572968e+00 5.564882059127283398e+00
3.333668341708542759e-01 1.094328581326107663e+00 1.162632454531383093e-02 1.077485980991873760e+00 1.119298156193632821e+00 1.017827186838655473e+00 2.174682202074710094e-02 9.875223870051363928e-01 1.052891531905948863e+00 4.567325226046482278e+00 1.551026875923539605e-01 4.179050490180527433e+00 4.786223144226399384e+00 5.374358519987870508e+00 8.264418864094588701e-02 5.220859610952992114e+00 5.531524780195371527e+00
3.383417085427135595e-01 1.101083103389633333e+00 1.160994666930028132e-02 1.084494117579372974e+00 1.123952350731258987e+00 1.016326227130525339e+00 2.287807820687898230e-02 9.828172776374179964e-01 1.051358189337725069e+00 4.560975588425589144e+00 1.546269808843776794e-01 4.241414975939929555e+00 4.857648542369060962e+00 5.342129284075420870e+00 8.887774114319699215e-02 5.183612581413197695e+00 5.507286472266696542e+00
3.433165829145728987e-01 1.107247005735295442e+00 1.215726039189831548e-02 1.088968487668406926e+00 1.130811565878093727e+00 1.017076758848926898e+00 1.675474864411600692e-02 9.887759945731777744e-01 1.040630529877191179e+00 4.544701383610669332e+00 1.717677007187519977e-01 4.181372000328958727e+00 4.805827587868100714e+00 5.286755173070558200e+00 7.503414111351963678e-02 5.171742531864902404e+00 5.443148379846967977e+00
3.482914572864321823e-01 1.112022085561012785e+00 1.269551335350832880e-02 1.092827541094602006e+00 1.136629177635362975e+00 1.013128582350857121e+00 1.633424920378736406e-02 9.838956896164071653e-01 1.038012948176545436e+00 4.523313171777302522e+00 1.523166227919194315e-01 4.222278336574830426e+00 4.759367864554363337e+00 5.245730329525885693e+00 7.890682536767928967e-02 5.150570075378506196e+00 5.417676836336092983e+00
3.532663316582914659e-01 1.118297765996020043e+00 1.235282407183036987e-02 1.100586808265725969e+00 1.142865325190669079e+00 1.009732444982802679e+00 1.657783532879845631e-02 9.842036919707538578e-01 1.035328783825094412e+00 4.535891030649159106e+00 1.448500393525147256e-01 4.268132594176822892e+00 4.771539645554429221e+00 5.212643563726106599e+00 6.723777885664908305e-02 5.135775401715175548e+00 5.370103102684027796e+00
3.582412060301507495e-01 1.123522963341759162e+00 1.072510296488132786e-02 1.107062759082617642e+00 1.140811861670812721e+00 1.003500711033901149e+00 1.966417236607585078e-02 9.628219075171815522e-01 1.037352198601295239e+00 4.530390509004978306e+00 1.404842485334471813e-01 4.245728615680558704e+00 4.720700794440140236e+00 5.172745480484556069e+00 6.404024611156809710e-02 5.092662069962535121e+00 5.289446372750710168e+00
3.632160804020100886e-01 1.129132009027247197e+00 9.895867685288521273e-03 1.115273933175379595e+00 1.148825711633723934e+00 9.978526163566876495e-01 1.952500080616367123e-02 9.627834178792661346e-01 1.026827613772961501e+00 4.529233916264187698e+00 1.374023910012216743e-01 4.248660090255489408e+00 4.704910442730353637e+00 5.136027396883969587e+00 6.156281793338549968e-02 5.067370581347153902e+00 5.244982317358735102e+00
3.681909547738693722e-01 1.134249894918598622e+00 8.827028883425094147e-03 1.122067993467298797e+00 1.151408427614422303e+00 9.965777894337204401e-01 2.112739211447829321e-02 9.677686894584173194e-01 1.031268161790519944e+00 4.504595888662370484e+00 1.071612151570045940e-01 4.288408010517924751e+00 4.638622491609868170e+00 5.114825432560714980e+00 5.364046081502316793e-02 5.035936836588184029e+00 5.219172501103463979e+00
3.731658291457286558e-01 1.139346284290567057e+00 8.730426070069758487e-03 1.127625725453073269e+00 1.155987220738915466e+00 9.929077251124915904e-01 2.298793017889499621e-02 9.570472529112831195e-01 1.033402042807261889e+00 4.467036885784263944e+00 9.244660155593888151e-02 4.326991974799518026e+00 4.610001993111646712e+00 5.076035208261743037e+00 5.797363270608128782e-02 5.015470384365958267e+00 5.190577846205956192e+00
3.781407035175879394e-01 1.145320584093861616e+00 8.699205820495853336e-03 1.129610808694658353e+00 1.159202961609499205e+00 9.864799743818977174e-01 2.309388911070940631e-02 9.421600542316391769e-01 1.015635991042908026e+00 4.454604715964788575e+00 1.061200281762499364e-01 4.308572640493189887e+00 4.646328968371850721e+00 5.035685334960043669e+00 5.676040864559755983e-02 4.967583082389711358e+00 5.164633687333046730e+00
3.831155778894472785e-01 1.150919264755554394e+00 8.803914102880160478e-03 1.134225100421339727e+00 1.165974139461344539e+00 9.827727434890876079e-01 2.269361446466051577e-02 9.381656796258557307e-01 1.013182987691841008e+00 4.454796404383594144e+00 1.125986149328994795e-01 4.299920766118526139e+00 4.666097794278099897e+00 5.013078925269240926e+00 5.744465148542804434e-02 4.931492782471497804e+00 5.149006810181703919e+00
3.880904522613065621e-01 1.155882182820190618e+00 9.221258856246751859e-03 1.138767654719846423e+00 1.170496931330650137e+00 9.753589342306993037e-01 1.970611826145906090e-02 9.375561748746856772e-01 1.001949093118111644e+00 4.437335164613338101e+00 8.790501873058856330e-02 4.288221368398291489e+00 4.579272068838248444e+00 4.982544137458412514e+00 5.898261140478935904e-02 4.892689486639987706e+00 5.125453219616336931e+00
3.930653266331658457e-01 1.160463273327275724e+00 9.754075653320743930e-03 1.142608556205672921e+00 1.177978282208353766e+00 9.750692145826007629e-01 1.853549520332540071e-02 9.361119690249910530e-01 9.979646138121966992e-01 4.424752475198075352e+00 9.385381225331060340e-02 4.262003139421057796e+00 4.603173434830433841e+00 4.944157531110124459e+00 7.146309100516268220e-02 4.850358655911732875e+00 5.109422632457472524e+00
3.980402010050251294e-01 1.165786579822775781e+00 9.726521169359765920e-03 1.145542139077076138e+00 1.177490027727799538e+00 9.738626847906060036e-01 1.659467361246080505e-02 9.387397213248422911e-01 9.954771810710136837e-01 4.409992639505485812e+00 1.106764808095938579e-01 4.253392403346883732e+00 4.596945665030615302e+00 4.914041897054770125e+00 6.305601081473416469e-02 4.835842533499772777e+00 5.063768460495027490e+00
4.030150753768844685e-01 1.171460084235251164e+00 8.469173932420666698e-03 1.153976334936814618e+00 1.181068109164424174e+00 9.713087985741287733e-01 1.843840909742822803e-02 9.390930659668536018e-01 9.977094741020003932e-01 4.407656004395925642e+00 1.007957018211410316e-01 4.291144985615538587e+00 4.596817805456249850e+00 4.885062879380807743e+00 6.825988108664533816e-02 4.781527549402526667e+00 5.048744471231520592e+00
4.079899497487437521e-01 1.176777746370059274e+00 8.288487720565050967e-03 1.161352757775159894e+00 1.185483148573843515e+00 9.673933455586558594e-01 1.712450000461349098e-02 9.405889465735203236e-01 9.990635974538886188e-01 4.400455094962211433e+00 9.123180076704238972e-02 4.253916407243868214e+00 4.615880285784027315e+00 4.850550443587577476e+00 6.948385568028707382e-02 4.765446940754508809e+00 5.016699474669461978e+00
4.129648241206030357e-01 1.181286483778563712e+00 8.440899509589405367e-03 1.164172612753738179e+00 1.192197456512415377e+00 9.635349821777214885e-01 1.698747260488860100e-02 9.418943013329852398e-01 9.918990237614138117e-01 4.398493894678535909e+00 8.258443639215114207e-02 4.291116520391445199e+00 4.598582582031499832e+00 4.815464480518326873e+00 7.786264312180314617e-02 4.709953815120643483e+00 4.998089996970317195e+00
4.179396984924623193e-01 1.184951489461622876e+00 6.649538308508159967e-03 1.170697069004948743e+00 1.193675767774297736e+00 9.598224780482178531e-01 1.696899389907886510e-02 9.333829625793158558e-01 9.949795433973734893e-01 4.391454635851692601e+00 9.749467177244892924e-02 4.242962358940105538e+00 4.608837979654227368e+00 4.783131259183154960e+00 8.196325975636314931e-02 4.676275232470169740e+00 4.987858056437232790e+00
4.229145728643216029e-01 1.190542015878601756e+00 5.977330447954141111e-03 1.178274904722729000e+00 1.196600483968249806e+00 9.562252518300899951e-01 1.552623413117287798e-02 9.322229315102583680e-01 9.861277432629405038e-01 4.391608740845741821e+00 8.886988452496154267e-02 4.284047101905008148e+00 4.574188154121049621e+00 4.751572797927222425e+00 7.870098466414959804e-02 4.629013089036256190e+00 4.920138570854784454e+00
4.278894472361809420e-01 1.195515478047293190e+00 5.797377530716091992e-03 1.184628185321506821e+00 1.201001491894444495e+00 9.504438943055349975e-01 1.992447772213818205e-02 9.258803272445764732e-01 9.920825707903492274e-01 4.397709165517071916e+00 8.699923032655192123e-02 4.261745378639060000e+00 4.555997450438442620e+00 4.709864691167720885e+00 8.456591001425689536e-02 4.572649150059970857e+00 4.889686246285410931e+00
4.328643216080402256e-01 1.199905688426272432e+00 6.858225739120147810e-03 1.186367012494662587e+00 1.208224639028722569e+00 9.425313811785992479e-01 2.021091050977869355e-02 9.081822571916343678e-01 9.828822864242159341e-01 4.391824623762821567e+00 8.247983925785849768e-02 4.258393412315356841e+00 4.544503678486806031e+00 4.673656179674608779e+00 7.567059079165953939e-02 4.526356558728297230e+00 4.806566585349252740e+00
4.378391959798995092e-01 1.204901767282708258e+00 6.282451117038539111e-03 1.192548350518211064e+00 1.212977637588138702e+00 9.381405192772976909e-01 2.123922743225426304e-02 9.002035560780348167e-01 9.776520593219543143e-01 4.401103564333382678e+00 8.523180682644229678e-02 4.268470815264295837e+00 4.580855060844537974e+00 4.632477242341670021e+00 6.671810952808636397e-02 4.510671624360869991e+00 4.743709597014909463e+00
4.428140703517587928e-01 1.209886729028186281e+00 5.744339700006683043e-03 1.198659294718829260e+00 1.218302354211122651e+00 9.353430777212761171e-01 2.258450428949544328e-02 8.937087403161109167e-01 9.773424813380398035e-01 4.391572173148479585e+00 8.376313703910662212e-02 4.300139055471881910e+00 4.570294565327530201e+00 4.604145800067635186e+00 6.090458973448426711e-02 4.496736824247624220e+00 4.707724133466014926e+00
4.477889447236181319e-01 1.214154620571614940e+00 5.369489423382793093e-03 1.203262408699738772e+00 1.221310704350682119e+00 9.316585189429872349e-01 2.242072694201597063e-02 8.924078626117537549e-01 9.766768829488625681e-01 4.384087639255058733e+00 9.201992405071952874e-02 4.234515788240608813e+00 4.541422136417822664e+00 4.575903934109428306e+00 5.629029344381781402e-02 4.488347677542898317e+00 4.663953134738337170e+00
4.527638190954774156e-01 1.219485769792938212e+00 6.807682172891241917e-03 1.207469756638296587e+00 1.230249499588019102e+00 9.299610521012423581e-01 2.226351940951297112e-02 8.927169779366215252e-01 9.691224429002910368e-01 4.360771666188456130e+00 9.297378005929282652e-02 4.229658578469607022e+00 4.537943510958355020e+00 4.539411066840250086e+00 6.012383120622583066e-02 4.452957853236960695e+00 4.634913302489333198e+00
4.577386934673366992e-01 1.224853381460685453e+00 6.241003588110752981e-03 1.213034663310071259e+00 1.232972742607350902e+00 9.244036561703735666e-01 1.947999510809296508e-02 8.923849885761163669e-01 9.531039746662642864e-01 4.343654303803148764e+00 9.345530662325082782e-02 4.173877381276782650e+00 4.506070433604765668e+00 4.500518255339413187e+00 6.078452241834970265e-02 4.429962665258901922e+00 4.604706843496569668e+00
4.627135678391959828e-01 1.229852567669898589e+00 7.001541966576194098e-03 1.217666708998788483e+00 1.239278687110881849e+00 9.195723216739969397e-01 1.727957546367583919e-02 8.930074334187783069e-01 9.440194041196647845e-01 4.337694349355206924e+00 9.900228914317948936e-02 4.196135405437276589e+00 4.524536587977690871e+00 4.468528036735504472e+00 5.930568619647700462e-02 4.397859776623926464e+00 4.567279465509267666e+00
4.676884422110553219e-01 1.234528461062718963e+00 8.344201939142188371e-03 1.222427971846976158e+00 1.245189610261852042e+00 9.164345622637583011e-01 1.958371345578186276e-02 8.899698559418337540e-01 9.470988222074118168e-01 4.328195296122547830e+00 9.978452000750186179e-02 4.208128905527402708e+00 4.532410109018598199e+00 4.440015380378180332e+00 5.750142944354964120e-02 4.356737000355439982e+00 4.524491149886250341e+00
4.726633165829146055e-01 1.238951659524641036e+00 7.818169674396519345e-03 1.228518509415172710e+00 1.248779741407995303e+00 9.133782334676634473e-01 2.139512386416060966e-02 8.862475830922225128e-01 9.484877195443907061e-01 4.320741711411542951e+00 9.615207490016648706e-02 4.189788762526796440e+00 4.450832973743051646e+00 4.410737094534821878e+00 5.803478854397960129e-02 4.339951937569423990e+00 4.506373139118764470e+00
4.776381909547738891e-01 1.243376254344291665e+00 7.111286865640101783e-03 1.233577293620701454e+00 1.252697365182887879e+00 9.104512279323329071e-01 2.003902533762562388e-02 8.894825509275201547e-01 9.443727042003220440e-01 4.307517660781278401e+00 1.033033634767298453e-01 4.132825120947662967e+00 4.424142377010576332e+00 4.383974956472925122e+00 5.241063594651889507e-02 4.310934205587472867e+00 4.469373946539044518e+00
4.826130653266331727e-01 1.247536445594328525e+00 7.053614992845977025e-03 1.238287652155198426e+00 1.258029998440369557e+00 9.094606359635244441e-01 2.279884730486459940e-02 8.846846821905431923e-01 9.463379588352769378e-01 4.305324789282672704e+00 1.058914433060388210e-01 4.118003794855641608e+00 4.460749150686355691e+00 4.356277453533860644e+00 5.357485295001490622e-02 4.268719155636882867e+00 4.437143524354811852e+00
4.875879396984924563e-01 1.251424708342790959e+00 7.128177860096052837e-03 1.241849479543873258e+00 1.262608926916488628e+00 9.047293011912597160e-01 2.177741486297286172e-02 8.731225775248271370e-01 9.430967752521610681e-01 4.285779023583289771e+00 1.062737767284424872e-01 4.106015430014087642e+00 4.421709582858156296e+00 4.332229221439860112e+00 4.682993670915385626e-02 4.249177197035847620e+00 4.406335239992474229e+00
4.925628140703517954e-01 1.254665366974356600e+00 7.564373266939630226e-03 1.245034440463158809e+00 1.265746757497278940e+00 9.002498824859275217e-01 2.177135320495626747e-02 8.663147768736322307e-01 9.405462753434511436e-01 4.280824354611107552e+00 8.804958668611408135e-02 4.133539056859607541e+00 4.389167910858454036e+00 4.298464984533185707e+00 4.609528219716198943e-02 4.213728539618220026e+00 4.374368156988287737e+00
4.975376884422110790e-01 1.258392019031665754e+00 7.662822783156704107e-03 1.248274990465684908e+00 1.272868566591676132e+00 8.953082999395224340e-01 2.432109210980133718e-02 8.586705923347623948e-01 9.356694808004234476e-01 4.268051354351213078e+00 9.388257081603292031e-02 4.115265941899030722e+00 4.388608245169686839e+00 4.273969058979766089e+00 4.026462078861101079e-02 4.205052842605314645e+00 4.341867761913500878e+00
5.025125628140703071e-01 1.262429152659105824e+00 8.586660953442570854e-03 1.251738477190907917e+00 1.279321397600370114e+00 8.905856140785737285e-01 2.351671391782068563e-02 8.604326118608504048e-01 9.306702808621283296e-01 4.260287418356404565e+00 7.305578594656099434e-02 4.119287340709198553e+00 4.354118056106143442e+00 4.257775562316430396e+00 3.756096238511677510e-02 4.195490505889558186e+00 4.317249425286744824e+00
5.074874371859295907e-01 1.266171485206256886e+00 8.641295698699483913e-03 1.256482844256809672e+00 1.283413051063579724e+00 8.862757666169427395e-01 2.377537530847689470e-02 8.533191110099447307e-01 9.281515510427651439e-01 4.252016629474535847e+00 8.028462941881106540e-02 4.104638578970723373e+00 4.370532191755732931e+00 4.236226463586215019e+00 3.895115328337617200e-02 4.168587409738447214e+00 4.282986928689936690e+00
5.124623115577889854e-01 1.270281423689694655e+00 8.044775700321384754e-03 1.260021776384193881e+00 1.285018615910723083e+00 8.842660351911101335e-01 2.323714857521253993e-02 8.533695265958591847e-01 9.252050430552205551e-01 4.242786268108659442e+00 6.650585502988531905e-02 4.120022567984880979e+00 4.337807109215646939e+00 4.213732763209806720e+00 3.501012327046840872e-02 4.159198378155002374e+00 4.264778300157270330e+00
5.174371859296482690e-01 1.274429761128332839e+00 8.420889542788008095e-03 1.264635168574196999e+00 1.288925415218856951e+00 8.795269270227290548e-01 2.447876201902089710e-02 8.489732819344264492e-01 9.261714831063564413e-01 4.219091070218364159e+00 6.779679749771139186e-02 4.084556802446972057e+00 4.320279639198298050e+00 4.191984090465267876e+00 3.427194223306448406e-02 4.132464904508016623e+00 4.242357820020364656e+00
5.224120603015075526e-01 1.277668560478520066e+00 7.514079593551763192e-03 1.268401565965709965e+00 1.291425237462616060e+00 8.738487277992368352e-01 2.574138232149317598e-02 8.394818354524673509e-01 9.263594190996277122e-01 4.203929025520504403e+00 6.705395916448307625e-02 4.095075235595676766e+00 4.330351188817108010e+00 4.169163719150822622e+00 3.317925981836872262e-02 4.106677228502682908e+00 4.218659371385822254e+00
5.273869346733668362e-01 1.281610035306653739e+00 7.573916392997760184e-03 1.273156361439354178e+00 1.296451863831929563e+00 8.695475137293741108e-01 2.515711135490149991e-02 8.328752935380692168e-01 9.277932410521005924e-01 4.191426091476168736e+00 7.639896317366515199e-02 4.071072244922648409e+00 4.325070794170915889e+00 4.147552040438034382e+00 3.706522240981224153e-02 4.072767123830484337e+00 4.207339022383457028e+00
5.323618090452261198e-01 1.285754709244451677e+00 7.940509991599167469e-03 1.275048296675947102e+00 1.302774504975646730e+00 8.641154106482511477e-01 2.588673321222513535e-02 8.265761336661828773e-01 9.219301346268337083e-01 4.188106460789990493e+00 7.375444569371336634e-02 4.079387558843231787e+00 4.317165919083511660e+00 4.120979112432515024e+00 3.790406653974196655e-02 4.052385302544973200e+00 4.194287493418409341e+00
5.373366834170854034e-01 1.289720078238388856e+00 8.166928588159762595e-03 1.278916365203486727e+00 1.307068963277077112e+00 8.630851638438000739e-01 2.782831107054943923e-02 8.275352626314042004e-01 9.242608061185163537e-01 4.172324518727133835e+00 7.038661602111238869e-02 4.074159418734245364e+00 4.294047649027008973e+00 4.097635297464135462e+00 4.288110914299000931e-02 4.028547500446588714e+00 4.188097923110745135e+00
5.423115577889447980e-01 1.294751892651170522e+00 7.856682193012139506e-03 1.283552624110729123e+00 1.311382923473803253e+00 8.598453578829470256e-01 3.026291256878132704e-02 8.255764460970137497e-01 9.265498954007472809e-01 4.167242771315492256e+00 6.917521491465941641e-02 4.067804212960684396e+00 4.307640496892213733e+00 4.079653694907164230e+00 4.304548373616541579e-02 4.013189390821291447e+00 4.168563743404336996e+00
5.472864321608040816e-01 1.298630089273664634e+00 7.978137442992678727e-03 1.287748197828227914e+00 1.314243639136535080e+00 8.561725702116325110e-01 3.181654029882789725e-02 8.159526512976681412e-01 9.226786982043213570e-01 4.155665301541844769e+00 6.240443987312107449e-02 4.061662111914657203e+00 4.286636252557258331e+00 4.055981983837681604e+00 3.839808327766195545e-02 3.991759029839434980e+00 4.121926937629605270e+00
5.522613065326633652e-01 1.302988739678683672e+00 8.286225223772697782e-03 1.290817099062950390e+00 1.318158893823683453e+00 8.519258537589994296e-01 3.195381050965136888e-02 8.123824363493677980e-01 9.165285177238322589e-01 4.137237111340243523e+00 5.337039261693016928e-02 4.050782111509840355e+00 4.254888904321564524e+00 4.032941058242748511e+00 3.820621790509826088e-02 3.961947168311023226e+00 4.087704951776846229e+00
5.572361809045226488e-01 1.306928119722756243e+00 8.107024526884788404e-03 1.295161205541681460e+00 1.321864059742012820e+00 8.482662415441286630e-01 3.069496417984696884e-02 8.117547673027080135e-01 9.077709290220162819e-01 4.112663910503276732e+00 5.540375153719607343e-02 4.042090592916257386e+00 4.241233714253684006e+00 4.014384513837232937e+00 3.647951234758307903e-02 3.953572476060935870e+00 4.074203070519258674e+00
5.622110552763819324e-01 1.310981831113881224e+00 7.489843297324029481e-03 1.298078170159766120e+00 1.323699499844010807e+00 8.445324322115869142e-01 2.845152238786791479e-02 8.106000627177024631e-01 9.029652935450027673e-01 4.076101990648874462e+00 6.934006667980538441e-02 3.994957643969606842e+00 4.225344617869222219e+00 3.990202137248212377e+00 3.714399543623492228e-02 3.926799414168490543e+00 4.052860737747140618e+00
5.671859296482412161e-01 1.314477014392290810e+00 7.685837465628198376e-03 1.301640278347937718e+00 1.328334886129969750e+00 8.378663947811505475e-01 2.595008381663146957e-02 8.008841916306734809e-01 8.896177261976295769e-01 4.060176264863766704e+00 8.013241961543388081e-02 3.959765369501164756e+00 4.218660682764322267e+00 3.973073145976328213e+00 3.288624401920763746e-02 3.913664212597265379e+00 4.034261676286178044e+00
5.721608040201004997e-01 1.317724447418253009e+00 7.447862940418211591e-03 1.304280321177049506e+00 1.329627934315111393e+00 8.310050389227005008e-01 2.626699591124729768e-02 7.888312155183875296e-01 8.822723462081583090e-01 4.032848587395469586e+00 9.090990175155175268e-02 3.920808827078320125e+00 4.215712940186306490e+00 3.955768022019618968e+00 3.240382736201014718e-02 3.899838097026966821e+00 4.015779687350071292e+00
5.771356783919597833e-01 1.320917494484626031e+00 6.452814831231414722e-03 1.308360940299280184e+00 1.332126647571377553e+00 8.269251469125571408e-01 2.768642781200235381e-02 7.780141596446317198e-01 8.756317114040612637e-01 4.002621444189898625e+00 9.220913635682433107e-02 3.908911051603274789e+00 4.210816226946494822e+00 3.936651346917077632e+00 3.492299292538336014e-02 3.872729470571981025e+00 4.003764878955758277e+00
5.821105527638190669e-01 1.324042778287078503e+00 6.721228032568916412e-03 1.311241988081605303e+00 1.334350292331002219e+00 8.215663008287178437e-01 2.882625244735019174e-02 7.746757758790392412e-01 8.763040217088012840e-01 3.984811172287193504e+00 9.736001612414506290e-02 3.886837532691193253e+00 4.220053096701193773e+00 3.922226326529640428e+00 3.243422642043494036e-02 3.860526727565089189e+00 3.974628494669176781e+00
5.870854271356784615e-01 1.327010912177339907e+00 5.852605020991544747e-03 1.317062327331628202e+00 1.336739345832472559e+00 8.166403237023750483e-01 2.835551608666993587e-02 7.675476108800343145e-01 8.693184568024544534e-01 3.953633561703708832e+00 9.747326160357869251e-02 3.859498278201056731e+00 4.185372134117672616e+00 3.905436041308656403e+00 2.846361783741580345e-02 3.847489728619311045e+00 3.942508043643942361e+00
5.920603015075377451e-01 1.331336509627105924e+00 5.755589534958151753e-03 1.321015407351979309e+00 1.340129967455803373e+00 8.133629510329548618e-01 2.829866166727264265e-02 7.637637581611217419e-01 8.646529763711487959e-01 3.929604328657107626e+00 1.030837456900281363e-01 3.823285193918037006e+00 4.184067431813179638e+00 3.883931099709598378e+00 3.221741782382458313e-02 3.810916509823354392e+00 3.924659376015446011e+00
5.970351758793970287e-01 1.333974001794792974e+00 5.937099259079336479e-03 1.323571988385001674e+00 1.342259043846988131e+00 8.076647791075914906e-01 2.773870357169746712e-02 7.628357865195022347e-01 8.586486529784137511e-01 3.894984174793632459e+00 9.799623556715422734e-02 3.783592951758774081e+00 4.121864558198806705e+00 3.870109119390569674e+00 3.019424619838044499e-02 3.805624462069590930e+00 3.909145324554271550e+00
6.020100502512563123e-01 1.337079911126528797e+00 6.374590101587146104e-03 1.327645807306774506e+00 1.346534550167194810e+00 8.039141965055438543e-01 2.645076675818094566e-02 7.628009664254350453e-01 8.556206786225384331e-01 3.878069669724790280e+00 8.791217181498950373e-02 3.788455867474065375e+00 4.085641471697117666e+00 3.852243235231396223e+00 2.674616984639684517e-02 3.797197299295527628e+00 3.893267094380262527e+00
6.069849246231155959e-01 1.339717231157068200e+00 5.778834129714067666e-03 1.330773567072296881e+00 1.348852465088973274e+00 7.994480310516385302e-01 2.654830832192042397e-02 7.594415128025023831e-01 8.526552638710108711e-01 3.861127538392001846e+00 8.637110378771005459e-02 3.757046375878415834e+00 4.023791987881498500e+00 3.837797518103684524e+00 2.686017006329674897e-02 3.780678446926678760e+00 3.886756758110891941e+00
6.119597989949748795e-01 1.341791460853983597e+00 5.322271745860935460e-03 1.333882079622683792e+00 1.349004652711178753e+00 7.928170548410635732e-01 2.363592592411248999e-02 7.568375643369982253e-01 8.394913261609634469e-01 3.839655995657966336e+00 7.865698332304391083e-02 3.745590914525635196e+00 3.990730903811079866e+00 3.821814651457470458e+00 3.074184108654674438e-02 3.754949778306365893e+00 3.876512496870828439e+00
6.169346733668341631e-01 1.344395143270116222e+00 4.791253674007585513e-03 1.337484248132204678e+00 1.351491977761585028e+00 7.871057468764186549e-01 2.327198008763230880e-02 7.495495648342892503e-01 8.320824323304322201e-01 3.812393497054125113e+00 7.378317011292327698e-02 3.715440227832409015e+00 3.959030417080136921e+00 3.807593998197884133e+00 3.235193428755010758e-02 3.733968227889212788e+00 3.860881155236756346e+00
6.219095477386934467e-01 1.346788170715414790e+00 3.779415692622451091e-03 1.342398427048165033e+00 1.354713130206207650e+00 7.821195325411551824e-01 2.149807963359840618e-02 7.453519336108225257e-01 8.200929847884755874e-01 3.777362972962337473e+00 7.874511698491892808e-02 3.682880450517812321e+00 3.938701073841572864e+00 3.792876454361123528e+00 3.309874359826708162e-02 3.720883611613763797e+00 3.846485759217531886e+00
6.268844221105528414e-01 1.350168623610957130e+00 4.655710892349448210e-03 1.344137050221799967e+00 1.359459696838035470e+00 7.782645308260776051e-01 2.363541213303468891e-02 7.341971590058115060e-01 8.163855870168160722e-01 3.750562134604564335e+00 7.629203548814704472e-02 3.640729471180743193e+00 3.914769423637737056e+00 3.780349476687260513e+00 3.421426457943801958e-02 3.699537458708618054e+00 3.829809469903478369e+00
6.318592964824121250e-01 1.352622195434414198e+00 4.665543611348427037e-03 1.346111004962040614e+00 1.361063359825878560e+00 7.747670571991445154e-01 2.341288834081590997e-02 7.298813827270118626e-01 8.127348225977452101e-01 3.722710370559306092e+00 8.639240693870817167e-02 3.608975899663276810e+00 3.904504279827936575e+00 3.767390700163592676e+00 2.929029722206616393e-02 3.699059290950008627e+00 3.816009022514978088e+00
6.368341708542714086e-01 1.355631383607755591e+00 4.078317358683614634e-03 1.349880291607908678e+00 1.361943339672339714e+00 7.704381263033845961e-01 2.161210299620999406e-02 7.273313216014416493e-01 8.050736151161561605e-01 3.683875955811227954e+00 8.342754028991798687e-02 3.561463758966974869e+00 3.873647622707318217e+00 3.750926294461135679e+00 3.115708207699103421e-02 3.682183546586196954e+00 3.798653108521096833e+00
6.418090452261306922e-01 1.358599227992537184e+00 4.277025173898129674e-03 1.351199617991598600e+00 1.365558402183400633e+00 7.681646730025202263e-01 2.147233941344564231e-02 7.265951377514250353e-01 8.041518901977493528e-01 3.648050613777110929e+00 8.784125428483774423e-02 3.524710286191488517e+00 3.854742832085849891e+00 3.737772478205481086e+00 2.928079905294783333e-02 3.682342966024660491e+00 3.786630848641204583e+00
6.467839195979899758e-01 1.362353123768029750e+00 4.596924311110284732e-03 1.354667875053016557e+00 1.370330681934667449e+00 7.628008555580066963e-01 2.117301843771921682e-02 7.215124950520409586e-01 7.971197780805859834e-01 3.614148277743516324e+00 8.327943784029345764e-02 3.502521237717265201e+00 3.809504857361793562e+00 3.722657599783188775e+00 2.502191667364847549e-02 3.676953821209075990e+00 3.760864976605268417e+00
6.517587939698492594e-01 1.365145881798921268e+00 4.810987288469347443e-03 1.357610738453732369e+00 1.371879750956496835e+00 7.592484926551061886e-01 2.072205689676058504e-02 7.179544983224960264e-01 7.905701917427120362e-01 3.587844756411760816e+00 7.887900468737119031e-02 3.484442083486216202e+00 3.765653890051601671e+00 3.713332712854601425e+00 2.951955735485785673e-02 3.657682464218073193e+00 3.755983885240855358e+00
6.567336683417085430e-01 1.367624287115384529e+00 5.269872732023799314e-03 1.359396686621074934e+00 1.375537358334779192e+00 7.551397032839564094e-01 1.963148211898119166e-02 7.153845792812686399e-01 7.838632807994744267e-01 3.558734767376407149e+00 7.757051862868073744e-02 3.436634408335144997e+00 3.739437606029561323e+00 3.702015971342473843e+00 2.775692473879706745e-02 3.653346793871575571e+00 3.742825963018882707e+00
6.617085427135678266e-01 1.370196104336803611e+00 5.897955920498379641e-03 1.360029764580158229e+00 1.379646237694772237e+00 7.486341058717271846e-01 2.106615035878394923e-02 7.042449515887183598e-01 7.805230445772083359e-01 3.524834498777939640e+00 7.284050365415276063e-02 3.411878182360629452e+00 3.691452106596329052e+00 3.689736276265974002e+00 2.522345915437082878e-02 3.645703571857914493e+00 3.721130167614619122e+00
6.666834170854271102e-01 1.372432704334251685e+00 5.499261542992206833e-03 1.363484028666136716e+00 1.381414736116920450e+00 7.420669894067121186e-01 2.164090379744284393e-02 6.995320388918769838e-01 7.746518031759516143e-01 3.495129827806018774e+00 7.175236841923723907e-02 3.397353410666905660e+00 3.666097912360618771e+00 3.682389847655612947e+00 2.375873196600690809e-02 3.633024888718032752e+00 3.712982983565659367e+00
6.716582914572865048e-01 1.375884797681369509e+00 5.476420739244688106e-03 1.367926442489640682e+00 1.385447252890925407e+00 7.344263219171717205e-01 2.117011092098756986e-02 6.922094176609415728e-01 7.704200367963830454e-01 3.461853510609079088e+00 6.585401611736661776e-02 3.370504262501721193e+00 3.617541196666823833e+00 3.671845924404901318e+00 1.861400122822827463e-02 3.627376219345477271e+00 3.695737119231675027e+00
6.766331658291457885e-01 1.377916757718997465e+00 5.521120468732191103e-03 1.370426145264232787e+00 1.387975919478962039e+00 7.292472266496997646e-01 2.078259201885494789e-02 6.890215660248496521e-01 7.656044463494974250e-01 3.430113465778634296e+00 7.205163235014458434e-02 3.315035083503324209e+00 3.589890103567879631e+00 3.659651476264425440e+00 1.734403904192433413e-02 3.618390215093438389e+00 3.678695943281654834e+00
6.816080402010050721e-01 1.380081682216165007e+00 5.353423495391265718e-03 1.373415657581752214e+00 1.389942883291061415e+00 7.250501771414417096e-01 2.049939912142070136e-02 6.861972332572217059e-01 7.633924309612141190e-01 3.397136499215366534e+00 7.808558262664273830e-02 3.271712996064172430e+00 3.559666529889838227e+00 3.647322634810284736e+00 1.669021366074487436e-02 3.608056758205785641e+00 3.663359388548703244e+00
6.865829145728643557e-01 1.383870760600945049e+00 5.753008131882962443e-03 1.377168096675967623e+00 1.394078501879228105e+00 7.220126042582440951e-01 2.063279623678843447e-02 6.841009797428172501e-01 7.603275804299990392e-01 3.362647991631513289e+00 7.530322253875577909e-02 3.255359087237614801e+00 3.526346382269209379e+00 3.634369612490690571e+00 1.590910316395750465e-02 3.597596255606563709e+00 3.651767263222288840e+00
6.915577889447236393e-01 1.386976585998970002e+00 5.913679117915604175e-03 1.380178372384852414e+00 1.396537543977351081e+00 7.188041439068572069e-01 1.937464556845647223e-02 6.824273249625383286e-01 7.541998963889794405e-01 3.335080210441340398e+00 6.711536525055730729e-02 3.242861207456519068e+00 3.479450168108096708e+00 3.623135166829851705e+00 1.896198727573889312e-02 3.579507664015819657e+00 3.653548126507052185e+00
6.965326633165829229e-01 1.389606890032629050e+00 5.887566956112152451e-03 1.382108203240388855e+00 1.398456748784556725e+00 7.140236757877973517e-01 1.864502876847297375e-02 6.823988679040734473e-01 7.423306861816648672e-01 3.295125455489279265e+00 8.442345633527176263e-02 3.173812639942225733e+00 3.473740133575617950e+00 3.610915805560074965e+00 1.940316290543725800e-02 3.571919573018120353e+00 3.639753460979439748e+00
7.015075376884422065e-01 1.392640880163065420e+00 5.633930832639842158e-03 1.385386118573925129e+00 1.402729131821288888e+00 7.074071723759021157e-01 1.733367775811167633e-02 6.747194528961734106e-01 7.288693012146482131e-01 3.266202537593283495e+00 8.061638260391813804e-02 3.147541994696118284e+00 3.437171297338467824e+00 3.599104321574287724e+00 1.703969094219707353e-02 3.566080204702450018e+00 3.625963614778332289e+00
7.064824120603014901e-01 1.394997787075782814e+00 5.955924299881164632e-03 1.388614470486249308e+00 1.404412237817889819e+00 7.032064128744168752e-01 1.653777004660163252e-02 6.717692692028902623e-01 7.262997912333246653e-01 3.238872806208612953e+00 8.175692572984510909e-02 3.101860502885251947e+00 3.411502471684162874e+00 3.586618726930454581e+00 1.771830384804881295e-02 3.551441781692157296e+00 3.608528726858116542e+00
7.114572864321608847e-01 1.397290414845613782e+00 5.705482597078096602e-03 1.391647067724335551e+00 1.406962472664071706e+00 6.987150192213954503e-01 1.814992448729971578e-02 6.616954583364286213e-01 7.239990404091961596e-01 3.203254159025195058e+00 7.945242213671660503e-02 3.074460741621230842e+00 3.372156771075061510e+00 3.576410594425686984e+00 1.501344571873805545e-02 3.546418205386656641e+00 3.593504798470173789e+00
7.164321608040201683e-01 1.399730885681046422e+00 5.915573573822824685e-03 1.392559046670106548e+00 1.410575028203598258e+00 6.934459977865037317e-01 1.877956772120486714e-02 6.491038415179933851e-01 7.172665839522047726e-01 3.171685570303535595e+00 8.293237208006103145e-02 3.037467102611225211e+00 3.342939379306463898e+00 3.564808944491944853e+00 1.571583071677015025e-02 3.532471719198043481e+00 3.592447906645826805e+00
7.214070351758794519e-01 1.402142467608626264e+00 5.293299130519509704e-03 1.395574308041996447e+00 1.410340470953523440e+00 6.889869906064813865e-01 1.868091678449786477e-02 6.457217739206621010e-01 7.130166716943087124e-01 3.136474478494602369e+00 9.205691533772400459e-02 3.001061911645838798e+00 3.331516447731434294e+00 3.556784466410108703e+00 1.563144562995088041e-02 3.524462345081023962e+00 3.584904021252641737e+00
7.263819095477387355e-01 1.404540637875439479e+00 4.853306899559784240e-03 1.397226190878438690e+00 1.411768598054423007e+00 6.852277886438022936e-01 1.756799232171555800e-02 6.469516149934069205e-01 7.093616623406180377e-01 3.104074191019450701e+00 9.138683742354634931e-02 2.972730059540952041e+00 3.278779454794437775e+00 3.548853844864977791e+00 1.260177766679825007e-02 3.521656191270905012e+00 3.571482920366911173e+00
7.313567839195980191e-01 1.406884686757019498e+00 4.626961965409157745e-03 1.399861135846053983e+00 1.413452226690871338e+00 6.804806943343678638e-01 1.622785706028884167e-02 6.456986160280464571e-01 7.002895768096601969e-01 3.069539406447526098e+00 9.663656102314069352e-02 2.922978485745860944e+00 3.274248241084688704e+00 3.540012178676538390e+00 1.260025518426712877e-02 3.518407265914867743e+00 3.562850706942624068e+00
7.363316582914573027e-01 1.408900603983703093e+00 4.469448370859953855e-03 1.399680319099969594e+00 1.414998148468329164e+00 6.752757573323638907e-01 1.544753794406862266e-02 6.450361384081179095e-01 6.971235012841721090e-01 3.035443380852899775e+00 1.051291842372284457e-01 2.878888970796838809e+00 3.256666613043719849e+00 3.530033836304161898e+00 1.092528931136715203e-02 3.513492451878117873e+00 3.545770733860851287e+00
7.413065326633165864e-01 1.410596856086743456e+00 4.624185598398322487e-03 1.400461710586324404e+00 1.416744851896032609e+00 6.708088079154275185e-01 1.552842197971667643e-02 6.406397387941351607e-01 6.935402334633169463e-01 2.991937558119151852e+00 1.030880080575779650e-01 2.843738746385843008e+00 3.199587152276992530e+00 3.519301749940105140e+00 1.254768326410912391e-02 3.497247302806770097e+00 3.533224714876615824e+00
7.462814070351758700e-01 1.412850328491769725e+00 5.566169768390246547e-03 1.402684782871716607e+00 1.420913072079255102e+00 6.640698480061989484e-01 1.606089568601165585e-02 6.354555096076522913e-01 6.859893008428313843e-01 2.962316122139768915e+00 1.081070699184271539e-01 2.805848536175069352e+00 3.177688148685905212e+00 3.509653855339680995e+00 1.340311247993549067e-02 3.484750931013369080e+00 3.527182289745343979e+00
7.512562814070351536e-01 1.414788826189351756e+00 5.508020256090708291e-03 1.404803789767713029e+00 1.422184496786725871e+00 6.590708000671127165e-01 1.508468045795785355e-02 6.333693990201517687e-01 6.782312852817288240e-01 2.925819456494873627e+00 9.924469979438679812e-02 2.777593331148007660e+00 3.119845294475796837e+00 3.498227820482122663e+00 1.565660649025726880e-02 3.467868015994006736e+00 3.518852628649268510e+00
7.562311557788945482e-01 1.416485813185826226e+00 5.394911032889035743e-03 1.407642300596696039e+00 1.423939025878686815e+00 6.538846837752309016e-01 1.524596547445888212e-02 6.297758935161733573e-01 6.748327097212324377e-01 2.889412434356999348e+00 9.524516819992463745e-02 2.739328590735303770e+00 3.063243955077529002e+00 3.486764386023106344e+00 1.292699127721472739e-02 3.460444854379365331e+00 3.503022843134612430e+00
7.612060301507538318e-01 1.418801680998539982e+00 4.690803392386430105e-03 1.411699744830525738e+00 1.425826522549088482e+00 6.496171787556500599e-01 1.626820522834550656e-02 6.185437804855116184e-01 6.721015339921603271e-01 2.846929274177764313e+00 9.426288953354043654e-02 2.712276863972128638e+00 3.014587389626202540e+00 3.478074203697190114e+00 1.547100998130570941e-02 3.451114064088791622e+00 3.498817474716870990e+00
7.661809045226131154e-01 1.420658890640572380e+00 4.495292288610630745e-03 1.413668475000344760e+00 1.428042600100737580e+00 6.456813325748661514e-01 1.610235960065256600e-02 6.163519149246654560e-01 6.692694522686394309e-01 2.812863689501095443e+00 9.769358971677261083e-02 2.675078381169932573e+00 2.979673290111386930e+00 3.467125811289553106e+00 1.459512630454111448e-02 3.441866752683350850e+00 3.488427461644259431e+00
7.711557788944723990e-01 1.422808432448438243e+00 4.461438013652239791e-03 1.416556941693291494e+00 1.431833229978659139e+00 6.399916159704859275e-01 1.627067723443087477e-02 6.087704672920599691e-01 6.640035364404892615e-01 2.768916085159969676e+00 9.494724315614568033e-02 2.640918436801342750e+00 2.940847921833561696e+00 3.452705750428743947e+00 1.450192813390093448e-02 3.431455187169778043e+00 3.481371164166424670e+00
7.761306532663316826e-01 1.424092558084583127e+00 5.531170945864628125e-03 1.416571695045931278e+00 1.434527509557446789e+00 6.357110780027067642e-01 1.494843877496482981e-02 6.080350253446041853e-01 6.605833870407926689e-01 2.731930315002121468e+00 9.495315900671859322e-02 2.596710843336963226e+00 2.901275563197671215e+00 3.443470082570265767e+00 1.094354325920972835e-02 3.426544907821437391e+00 3.461770813241618949e+00
7.811055276381909662e-01 1.426123673892397470e+00 5.043680777673241813e-03 1.419037713310870696e+00 1.435334784657242402e+00 6.310995953014484350e-01 1.410809420348832846e-02 6.054974390072560553e-01 6.563670833807806471e-01 2.695673369555177779e+00 1.032363856333122776e-01 2.552753150134974280e+00 2.882880411118633912e+00 3.432601565477690464e+00 1.032697543095383030e-02 3.412796364465087606e+00 3.453516112328694376e+00
7.860804020100502498e-01 1.427006856781684263e+00 4.860184655790245056e-03 1.419802044283471565e+00 1.434903657973663593e+00 6.262836882760691726e-01 1.377607996752204175e-02 6.008438381111290694e-01 6.492156973180578383e-01 2.659097130756585159e+00 9.587464918977009476e-02 2.529011867751508547e+00 2.820706674702740724e+00 3.424760260830659320e+00 1.154499574519074652e-02 3.403198883143480291e+00 3.449610097784127749e+00
7.910552763819095334e-01 1.428802191120408960e+00 4.982524797681701402e-03 1.421461498312011740e+00 1.435645519595234454e+00 6.238756534462661651e-01 1.343688960655480685e-02 5.998960830818208523e-01 6.450898287534641007e-01 2.616765319841910742e+00 9.692714146690903365e-02 2.489793890207462113e+00 2.795036191156136329e+00 3.416182669553315066e+00 1.031956303104761448e-02 3.400255929299697222e+00 3.439635719663642011e+00
7.960301507537689281e-01 1.430304007040796854e+00 5.242653054424628763e-03 1.422058721295370365e+00 1.436995195514387147e+00 6.197750865104683093e-01 1.319557249199683653e-02 5.985773236753008097e-01 6.427319857623314814e-01 2.569911800298652516e+00 8.115067902888356555e-02 2.462158263736924368e+00 2.719913023846330713e+00 3.407006123031260270e+00 1.008202594374263579e-02 3.394661509449683034e+00 3.429652126540851498e+00
8.010050251256282117e-01 1.431770250354850615e+00 5.754277973193104578e-03 1.422489740503487976e+00 1.438419047215730107e+00 6.148792642811627962e-01 1.290070693342585187e-02 5.930356537956477103e-01 6.398161256673038366e-01 2.535487287512368404e+00 7.366193704116325014e-02 2.435456743498991994e+00 2.670026824231515050e+00 3.396487365862995489e+00 1.183555514629274462e-02 3.377875127208725292e+00 3.418320937195599818e+00
8.059798994974874953e-01 1.433772973460104128e+00 5.095833647654398994e-03 1.425671172793155250e+00 1.440824939486414991e+00 6.110894109628549620e-01 1.298046365618657667e-02 5.911679816947488231e-01 6.359578822294654765e-01 2.500245299424487477e+00 7.232885611319006536e-02 2.405785704267261238e+00 2.618373387023427146e+00 3.387998129211760467e+00 1.106830710105627565e-02 3.373209919194870121e+00 3.409437808542978399e+00
8.109547738693467789e-01 1.435665552820513335e+00 5.138588617052722643e-03 1.427825593517948244e+00 1.441805233166703060e+00 6.057566943639259849e-01 1.369962917194199326e-02 5.846699756493131117e-01 6.319630481414445500e-01 2.463304871241509098e+00 7.856176002739943820e-02 2.368743356850499637e+00 2.595900505295507088e+00 3.377358139459794906e+00 1.127895141290472664e-02 3.359949176432775353e+00 3.398208036867960136e+00
8.159296482412060625e-01 1.437341052752077797e+00 5.742963445138252014e-03 1.427985635347535309e+00 1.444100722945118820e+00 6.028308424665130838e-01 1.300063599440274588e-02 5.844491424064908180e-01 6.269290968827777588e-01 2.425931835664925096e+00 7.562135554608970245e-02 2.337008995128333044e+00 2.550489179193874190e+00 3.369790235286715507e+00 9.750708699286368686e-03 3.356590812342371777e+00 3.386794522376009198e+00
8.209045226130653461e-01 1.438423538169084859e+00 5.462332923936258529e-03 1.430653879773253312e+00 1.446161008855858743e+00 5.992493311906741393e-01 1.213645321191799027e-02 5.824422966756880315e-01 6.234210348434198190e-01 2.395511509744676637e+00 7.895980292002516276e-02 2.309543781197857193e+00 2.518764495969682216e+00 3.362417013340853522e+00 1.068666700435513817e-02 3.342526514936496440e+00 3.374144115764423191e+00
8.258793969849246297e-01 1.438660970679243700e+00 6.087269623718557891e-03 1.428539042497781741e+00 1.447316387535914517e+00 5.949661744854233270e-01 1.333821129063393271e-02 5.800092627263294665e-01 6.196981129171367231e-01 2.360420566980158785e+00 8.365803245793679288e-02 2.258274030351863360e+00 2.488425100008385016e+00 3.353339446237094901e+00 1.163376469825178929e-02 3.332639023075743445e+00 3.365338677518846744e+00
8.308542713567839133e-01 1.439726063065918327e+00 6.221856659528781849e-03 1.428372339908236643e+00 1.449305899812356691e+00 5.915963128196944920e-01 1.456965442129121505e-02 5.738534200787224204e-01 6.201739438425498685e-01 2.324302569794038931e+00 8.319037509016924403e-02 2.220445377663441633e+00 2.459458000993016480e+00 3.345447521181549089e+00 1.182539766275526698e-02 3.323522393514144024e+00 3.361917459101312122e+00
8.358291457286431969e-01 1.440121551178713322e+00 6.674112395312864314e-03 1.428844931776565685e+00 1.449251033682922518e+00 5.854744551678520148e-01 1.299905708557459738e-02 5.689876561175026826e-01 6.135247975141625565e-01 2.284733783786488281e+00 8.213703325450402715e-02 2.182487646953228833e+00 2.425336438637204495e+00 3.336689965679162206e+00 1.008164713361065119e-02 3.319877117570883662e+00 3.349574548314664835e+00
8.408040201005025915e-01 1.440861277497563542e+00 5.325436343875262699e-03 1.430708531386911009e+00 1.447462756108840676e+00 5.802106983842072463e-01 1.220718316272308840e-02 5.658440229498375995e-01 6.092042327819714442e-01 2.252003839361384152e+00 8.263957950510930628e-02 2.151587077943391435e+00 2.402214005454498480e+00 3.327073688935683116e+00 9.699408463338126188e-03 3.307056990231676430e+00 3.339411346858919938e+00
8.457788944723618751e-01 1.441733770164002726e+00 4.064717455893908371e-03 1.433370211112001469e+00 1.446760208367169120e+00 5.758485293550015260e-01 1.303030958299127885e-02 5.629606905243922377e-01 6.061324554312871316e-01 2.215072473342302839e+00 7.990481731622822714e-02 2.110402629336519009e+00 2.365527151143429041e+00 3.318931467858937445e+00 9.226022432734477113e-03 3.302116156317181694e+00 3.336342810822534588e+00
8.507537688442211588e-01 1.442464081628074934e+00 3.564538399830536209e-03 1.434926375528589038e+00 1.447032941623594304e+00 5.694374278394818134e-01 1.441773393830616569e-02 5.518864601255757396e-01 6.003591934893512949e-01 2.180069082142329417e+00 7.836133299567890620e-02 2.086841796829585149e+00 2.332501414945554963e+00 3.310424351126189269e+00 1.050361836240814965e-02 3.295892329300962320e+00 3.329248766192718367e+00
8.557286432160804424e-01 1.443138501931039430e+00 3.960404764014822596e-03 1.433738218414629007e+00 1.449672611236110686e+00 5.645544235354346130e-01 1.426581772883303220e-02 5.440049905159666244e-01 5.901888650864964836e-01 2.143729446030046670e+00 7.629477999456640847e-02 2.058468359069449694e+00 2.287874052506279288e+00 3.301848801787036880e+00 1.289844236180947255e-02 3.283920807167085343e+00 3.323607516642676618e+00
8.607035175879397260e-01 1.444008508535721491e+00 3.439599420741686498e-03 1.435366292894471485e+00 1.449135382531301808e+00 5.588696156954738870e-01 1.328656297825488511e-02 5.397499376542093108e-01 5.796719589982217702e-01 2.106923528383678690e+00 7.242358771756111924e-02 2.023473348024475094e+00 2.247108944119613039e+00 3.291656562515329565e+00 1.053193286936010900e-02 3.276130260271802097e+00 3.307417285719658651e+00
8.656783919597990096e-01 1.443927225148567750e+00 4.061414684088922832e-03 1.436693812839211049e+00 1.448741248709358054e+00 5.532180464382204788e-01 1.286391155239807738e-02 5.347675061792589446e-01 5.788181220963456441e-01 2.072070532492175321e+00 6.947765746677103671e-02 1.981845296970235593e+00 2.201358233731146363e+00 3.283686292298699350e+00 1.119378477987604918e-02 3.269084992351236174e+00 3.301576893364185139e+00
8.706532663316582932e-01 1.444610400138450768e+00 4.390730130420597739e-03 1.435942680727581688e+00 1.450782599703563269e+00 5.483253986984315542e-01 1.223602536392230308e-02 5.296414451160506021e-01 5.688126418612189372e-01 2.031402218492575962e+00 6.759701025155882836e-02 1.949098899792506723e+00 2.163822336253666379e+00 3.272738943749090801e+00 1.246426408508144804e-02 3.255496537375861532e+00 3.291410507191991464e+00
8.756281407035175768e-01 1.446012903580625508e+00 4.476617856036852090e-03 1.436977879491897481e+00 1.453194931472983953e+00 5.431378948826257602e-01 1.132888196207055935e-02 5.266367664382189950e-01 5.619820158273097777e-01 1.996359028274560687e+00 6.063612200544857278e-02 1.914231480730289148e+00 2.107588818124189078e+00 3.262768831188767926e+00 1.208406403951562541e-02 3.246226659370738954e+00 3.278109853952407615e+00
8.806030150753769714e-01 1.446954731711173059e+00 4.466205732506656027e-03 1.438351541441184711e+00 1.453492122259587349e+00 5.376699922221763739e-01 1.113270618166666351e-02 5.201182727848961962e-01 5.560369700152012484e-01 1.963305279624206534e+00 6.442015525166466805e-02 1.883642924449442146e+00 2.088556495726269890e+00 3.252287269069805919e+00 1.190829908870794790e-02 3.233538217613327603e+00 3.271740144582999221e+00
8.855778894472362550e-01 1.447692546353007481e+00 3.906750950175218520e-03 1.439298547558923502e+00 1.453587587803008674e+00 5.335850705149782769e-01 1.071372035896935200e-02 5.179992818971932422e-01 5.525312954178766001e-01 1.930897676184052614e+00 6.126530433543811438e-02 1.854728493789343347e+00 2.046723638780671095e+00 3.241648617230067142e+00 1.163459877420821263e-02 3.223579455812569883e+00 3.257881977416212660e+00
8.905527638190955386e-01 1.448101835297074036e+00 3.632104290999439537e-03 1.441100508204031572e+00 1.453230034764975143e+00 5.293681582354541337e-01 1.047481458382300799e-02 5.154275232575704635e-01 5.514249163606619319e-01 1.897434851333314132e+00 5.831885826924491922e-02 1.825688171734473730e+00 2.000009086018823989e+00 3.233221945954085186e+00 1.024843879480235448e-02 3.218615685650258573e+00 3.244520341437070243e+00
8.955276381909548222e-01 1.448493372506889143e+00 3.086183618885822953e-03 1.442446167727693185e+00 1.453416545662241433e+00 5.249404755485096441e-01 1.005412535448783028e-02 5.086531144789406822e-01 5.465497432177308657e-01 1.864191245632637051e+00 5.727032631759664677e-02 1.790545723001958800e+00 1.959038218347605165e+00 3.222984537198291033e+00 1.289823208038133259e-02 3.206699933678599290e+00 3.243393372361207394e+00
9.005025125628141058e-01 1.449127935265618339e+00 3.277231864517349443e-03 1.441779310980965567e+00 1.453348179108043370e+00 5.202048792736870819e-01 1.071156904101334267e-02 5.001554142526694058e-01 5.426363946717410736e-01 1.830366116553943545e+00 5.505523462992244904e-02 1.747799717378546891e+00 1.918469126814774661e+00 3.208767535350724565e+00 1.384474152431337639e-02 3.186559065625441445e+00 3.226305291294846889e+00
9.054773869346733894e-01 1.448520104197498659e+00 2.644220043392985896e-03 1.442459569013638143e+00 1.451156695844186384e+00 5.155614671719288555e-01 1.021982336534464804e-02 4.977879099395635665e-01 5.358244426318797826e-01 1.796432432040289573e+00 5.312603305963002620e-02 1.721914461416054642e+00 1.900477068626779564e+00 3.198761505266331184e+00 1.497025703781093217e-02 3.174253319974108756e+00 3.218949581901408230e+00
9.104522613065326730e-01 1.447676548667931273e+00 3.210100510745527488e-03 1.439729476574581390e+00 1.452108923310327038e+00 5.117086719628629599e-01 8.866354064579739028e-03 4.945374305598400078e-01 5.299912341908254998e-01 1.758489898957509512e+00 4.776901784378893845e-02 1.687516941790269120e+00 1.843546820135841591e+00 3.186754019189931064e+00 1.184765341815104123e-02 3.166254027217717759e+00 3.205487333455871113e+00
9.154271356783919567e-01 1.447272312285628137e+00 3.575875617096588733e-03 1.437893369526963561e+00 1.452251176030210589e+00 5.061575397970232704e-01 8.829424378188253930e-03 4.873534332149534465e-01 5.234535509524050889e-01 1.725720985911116667e+00 4.419368387685478766e-02 1.669246197306234025e+00 1.803654061899102379e+00 3.176049971239156555e+00 1.049596094527785115e-02 3.155925710072156054e+00 3.190999256806806184e+00
9.204020100502512403e-01 1.447163798440076032e+00 4.141911570783075175e-03 1.435867178779866915e+00 1.452043908146048556e+00 5.023566774027774517e-01 8.218383906220733115e-03 4.833283884628290505e-01 5.160602896609848278e-01 1.691348105994875839e+00 3.959374936141864254e-02 1.640152785110168709e+00 1.759250533979784814e+00 3.163900975943693350e+00 6.955376406613578838e-03 3.147079209448316650e+00 3.173157753119499436e+00
9.253768844221106349e-01 1.446948219609045960e+00 3.641943910040443093e-03 1.437710556446875509e+00 1.451212853781394641e+00 4.980103677595929534e-01 8.297558187633667301e-03 4.801710261367883592e-01 5.113182417845982819e-01 1.657279291535991517e+00 3.792662856398365534e-02 1.611751436236098289e+00 1.725684389293616450e+00 3.151462031449461243e+00 7.590539905873085191e-03 3.133267143447101333e+00 3.160843041277563437e+00
9.303517587939699185e-01 1.446165351296227808e+00 3.395460224279693226e-03 1.438015314691379221e+00 1.451198143226176240e+00 4.928188232731631757e-01 7.275039964771632013e-03 4.770251848531645300e-01 5.012321919735465148e-01 1.625111259151861720e+00 3.459017360931394836e-02 1.581953231309637387e+00 1.680491039498793970e+00 3.141989667676901465e+00 6.987823181562975369e-03 3.124510612664331610e+00 3.150935873421299327e+00
9.353266331658292021e-01 1.445494002030063729e+00 3.153306174156871467e-03 1.439003454516378566e+00 1.451156999515805124e+00 4.879661044502935363e-01 8.910729969668686537e-03 4.674323445824649648e-01 4.977292501126973079e-01 1.591904530924347583e+00 3.069549852846276128e-02 1.552744473207881448e+00 1.643652616601918304e+00 3.131652259725202114e+00 6.616174530156412534e-03 3.115404162700903701e+00 3.139455360790139871e+00
9.403015075376884857e-01 1.444395271570246386e+00 2.842009549533888822e-03 1.439159465793799608e+00 1.448842428971180096e+00 4.839939685706923234e-01 8.584214819528529841e-03 4.669771766009995773e-01 4.958239518089291864e-01 1.556287797975065779e+00 2.907969191086857280e-02 1.517532581140315751e+00 1.617805243557219219e+00 3.118557180455356459e+00 5.436976455740921178e-03 3.106107341844333014e+00 3.125107486170682236e+00
9.452763819095477693e-01 1.443555553344375575e+00 2.056257223604215575e-03 1.440401733572901577e+00 1.446499345362393774e+00 4.791813766494480431e-01 7.611055146773470365e-03 4.638310676060805604e-01 4.908708103923188903e-01 1.527873774799439976e+00 3.065928327951520510e-02 1.487145170351131584e+00 1.592479775906415984e+00 3.106726344920768490e+00 5.439413431433936033e-03 3.094930939294600503e+00 3.114288207727015756e+00
9.502512562814070529e-01 1.442145697929909209e+00 2.105224891277513756e-03 1.439232133668795877e+00 1.445914507234235202e+00 4.739280172380068157e-01 5.669424175222970846e-03 4.633140737523153141e-01 4.827895176419566559e-01 1.493109965706605591e+00 2.865468850949583202e-02 1.449737833709950685e+00 1.543505816646706830e+00 3.092697287806461137e+00 6.978228070162543692e-03 3.077467968088723360e+00 3.102044824513716215e+00
9.552261306532663365e-01 1.440776343829855310e+00 1.968292691162507393e-03 1.437020062522067931e+00 1.443391700982001646e+00 4.692754281487595547e-01 4.715669252472764507e-03 4.609148380892585939e-01 4.772785754761317278e-01 1.459397635830688156e+00 2.886055885648568242e-02 1.415511862635805196e+00 1.505836848974709374e+00 3.078860951480103303e+00 8.750804877811825880e-03 3.055086134458206537e+00 3.088357842785177443e+00
9.602010050251256201e-01 1.440344920011690899e+00 2.555703722652392668e-03 1.434555650985408715e+00 1.443642946345354616e+00 4.642405217345398905e-01 3.974723322465588404e-03 4.564713182070297970e-01 4.711872290401502017e-01 1.431718731334454597e+00 2.598778816916767070e-02 1.384564375402015379e+00 1.475083723714617934e+00 3.064796864646511132e+00 8.558046918053762928e-03 3.044531093672048438e+00 3.075937157291768642e+00
9.651758793969849037e-01 1.438835834435834737e+00 2.552653134462234963e-03 1.433537091715542333e+00 1.442069555309958284e+00 4.590982513452974700e-01 3.798848919208507556e-03 4.516892578567284211e-01 4.633334540740413621e-01 1.397643205990572124e+00 2.128507220034069752e-02 1.362085264095253878e+00 1.430345454252598403e+00 3.050308110479901913e+00 6.878569233507584972e-03 3.035214088704784707e+00 3.060901240425654812e+00
9.701507537688442984e-01 1.438010154197990387e+00 2.011171498418493943e-03 1.434724720131280051e+00 1.440289541007611529e+00 4.553824551700164092e-01 3.071543630522541226e-03 4.497035990854572063e-01 4.595400721194033422e-01 1.367817997856131784e+00 2.391121362033945055e-02 1.330613371800687172e+00 1.407996850030513780e+00 3.033380241683247824e+00 4.791164123705878540e-03 3.023623221178518339e+00 3.039602145603049088e+00
9.751256281407035820e-01 1.435233743844459786e+00 2.161650681927202843e-03 1.430698213427036736e+00 1.438374661112699071e+00 4.503110257937976146e-01 2.103645579946438002e-03 4.473907287512960407e-01 4.540546638936961421e-01 1.330688234858314001e+00 2.372931078435007446e-02 1.299739940426322571e+00 1.375635152758454938e+00 3.014937465634301095e+00 4.108609990149786860e-03 3.007328478989111709e+00 3.021502417286669573e+00
9.801005025125628656e-01 1.434148153411088034e+00 1.726178539425354081e-03 1.431061865190446980e+00 1.437711912877132736e+00 4.452553166549172436e-01 1.784578834693847016e-03 4.418233810321338106e-01 4.473098258534001781e-01 1.287361906766315567e+00 1.647397246776980892e-02 1.265628562274217384e+00 1.318671123388248434e+00 2.999872081732198215e+00 4.484919869911421948e-03 2.990142321860881136e+00 3.005728463456430077e+00
9.850753768844221492e-01 1.431313030692897836e+00 1.540203269692299063e-03 1.429481429229084721e+00 1.434298034747864437e+00 4.393812542226553930e-01 2.464945896468865791e-03 4.342004716809153009e-01 4.430968897300694431e-01 1.246229282250313153e+00 1.587484359684602706e-02 1.228042414615931888e+00 1.274869506513411688e+00 2.982954098313287616e+00 4.534205979120813426e-03 2.975835318000018326e+00 2.990733758179636936e+00
9.900502512562814328e-01 1.429262588566444059e+00 1.570922115651847244e-03 1.426749756862828011e+00 1.431664725685192874e+00 4.313238852807489421e-01 1.698769643264967048e-03 4.289549409896365462e-01 4.346883102146171796e-01 1.202369568796739507e+00 1.055272524738162972e-02 1.186892469796210881e+00 1.219237733917853284e+00 2.964715276442931202e+00 2.637640789473148003e-03 2.960423952533712377e+00 2.969934260638791734e+00
9.950251256281407164e-01 1.425019420199075570e+00 1.555165683647939103e-03 1.422164036989930880e+00 1.427050470953457051e+00 4.255901806053197234e-01 2.310392890157293017e-03 4.214085020385679448e-01 4.284887353017379774e-01 1.152890330937482277e+00 1.018574355516914734e-02 1.136581517658355800e+00 1.166403509424775775e+00 2.942347277468988942e+00 3.236050752367128532e-03 2.936922792935638515e+00 2.947519164574448958e+00
1.000000000000000000e+00 1.419848323151123415e+00 4.109796092521373029e-04 1.419535758419929294e+00 1.420786542795130503e+00 4.140383146387277558e-01 1.192139753555169048e-03 4.123293641063641157e-01 4.155937817816587332e-01 1.084383583152819019e+00 5.962344438582899663e-03 1.080066960251933272e+00 1.100560628070995195e+00 2.910966459938025608e+00 8.425884925484513699e-04 2.910325641172929689e+00 2.912889993509343078e+00
