# signal_efficiencies		0sq-mean	0sq-std	0sq-min	0sq-max	1sq-mean	1sq-std	1sq-min	1sq-max	2sq-mean	2sq-std	2sq-min	2sq-max	all-mean	all-std	all-min	all-max
1.000000000000000021e-02 7.885633955902471293e-02 4.695746578985609231e-03 6.943338355999019440e-02 8.386740626534912313e-02 1.047552405216153615e-01 2.745086479039025515e-02 7.606331322183726429e-02 1.521266264436745563e-01 1.905508104162633443e-01 1.811137722223831459e-01 0.000000000000000000e+00 3.983968668698405491e-01 7.456831558885829159e-01 1.853224791816694139e-01 5.400949914727964929e-01 1.074734043472091116e+00
1.497487437185929596e-02 9.403373092624564555e-02 6.159343493675606754e-03 8.692937856845356359e-02 1.048998655084797255e-01 1.284619814826345741e-01 2.462636525515468980e-02 9.300210896251316639e-02 1.627545542230110498e-01 3.712625288058553630e-01 2.106438712359272325e-01 0.000000000000000000e+00 5.965943031518214923e-01 9.301556429184646424e-01 1.803344592817602010e-01 6.710902691138803666e-01 1.138018168709164391e+00
1.994974874371859344e-02 1.066268906231350594e-01 5.217350633456862424e-03 1.013424325978740242e-01 1.171499719820764535e-01 1.471963211503498903e-01 1.995179201441263372e-02 1.154818977495604415e-01 1.785353153930338832e-01 5.997124269560980547e-01 1.432354989771650045e-01 4.250263814386930905e-01 7.947917394338025465e-01 1.048132117481211267e+00 1.197101949730029341e-01 8.753118561430456301e-01 1.237877898263462839e+00
2.492462311557788746e-02 1.177588379978050243e-01 4.580836604680200465e-03 1.121003378498867803e-01 1.264919071205397039e-01 1.653684895571675140e-01 2.311052966084251731e-02 1.340567977438393843e-01 2.189138340159291762e-01 6.536373425946079285e-01 1.537809095146619731e-01 4.750138900893881022e-01 9.929891757157833787e-01 1.177841078718346868e+00 1.435944337911152502e-01 9.612455482731557810e-01 1.546567852742260607e+00
2.989949748743718494e-02 1.304707478668649112e-01 3.543680210107558095e-03 1.255190342208591936e-01 1.367213280726455871e-01 1.808101416530188965e-01 3.320099683844522642e-02 1.491967592791269004e-01 2.626083291118505580e-01 6.990958674552636420e-01 1.228486393165181684e-01 5.229243838500053920e-01 8.422961310022480941e-01 1.256620142567189236e+00 2.160621903318652448e-01 1.016166551002544827e+00 1.802497984596244107e+00
3.487437185929648242e-02 1.411712398863991524e-01 3.219962323206603666e-03 1.343886311317343263e-01 1.463692515472788946e-01 1.945201176266580234e-01 3.609076141926050030e-02 1.677689662461361031e-01 2.946867606467565293e-01 7.882855296900983522e-01 1.443788561207852705e-01 5.773598961735324497e-01 9.824428822110254922e-01 1.335730789379492078e+00 1.396389456525186645e-01 1.185243002345825358e+00 1.663703423112198765e+00
3.984924623115577991e-02 1.507595224553893165e-01 3.332699704407974823e-03 1.454879177886997943e-01 1.555653468243027859e-01 2.045761044366514181e-01 2.512256581605963948e-02 1.751261384954362066e-01 2.711067577760886693e-01 8.175692987737255280e-01 1.007352329905842614e-01 6.481274270444065122e-01 9.223227534596120103e-01 1.385588516426645267e+00 1.037013967467016323e-01 1.236318858089327399e+00 1.514175180849609559e+00
4.482412060301507739e-02 1.592039033927536984e-01 2.921671156249198292e-03 1.548490523736266722e-01 1.649185532277280541e-01 2.162255910601163789e-01 2.121582787067554168e-02 1.891234302239558629e-01 2.492283839193571993e-01 8.740799446307292442e-01 9.949762091749114745e-02 7.290411915808456822e-01 1.031019940662273982e+00 1.493567106944231115e+00 1.317133716749586680e-01 1.336106595088144111e+00 1.703208400148615187e+00
4.979899497487437487e-02 1.682304841475826818e-01 3.529780308646837846e-03 1.627247061372670278e-01 1.740343903541536896e-01 2.325022812521608251e-01 2.215271226488424797e-02 2.057750039923738339e-01 2.678433196857759602e-01 9.183498175964095456e-01 9.579657682693962228e-02 8.069830976438033820e-01 1.145449283852369327e+00 1.560861648628498966e+00 1.277964854817848217e-01 1.381897892295424146e+00 1.784022507673102664e+00
5.477386934673367236e-02 1.758590903351034407e-01 3.626623167849517097e-03 1.709130221009390882e-01 1.831808641606690047e-01 2.445521203937404131e-01 2.389786083564585106e-02 2.151458763473582669e-01 2.777521320328396048e-01 9.714194291287562288e-01 1.150441583828556852e-01 8.099112718407671663e-01 1.259878627042464672e+00 1.613444402892032059e+00 9.184366745676075805e-02 1.518946209637541678e+00 1.774917146214753272e+00
5.974874371859296984e-02 1.834699528883210473e-01 3.900324954344846790e-03 1.756390079491096379e-01 1.916809286409603685e-01 2.545413703968256169e-01 2.069414287168485841e-02 2.272343704039309353e-01 2.874312692603110397e-01 1.036522350798268821e+00 1.356724868858573407e-01 8.415883191274563524e-01 1.374307970232560461e+00 1.636280257245691372e+00 8.321018463545123978e-02 1.473170398323136343e+00 1.780976167667941201e+00
6.472361809045226733e-02 1.891430631497412196e-01 4.404738334765636275e-03 1.837875833901861100e-01 1.969840501104338504e-01 2.596033027419454298e-01 1.635046970059255908e-02 2.388050796019634547e-01 2.968736680724803900e-01 1.053541275506535202e+00 1.811016232162380724e-01 8.154150087612269671e-01 1.488737313422655806e+00 1.675933349929561444e+00 7.804151094332376082e-02 1.517938391177310775e+00 1.796048925606969160e+00
6.969849246231155093e-02 1.939586262044737386e-01 4.650747748722279702e-03 1.872200807296556246e-01 1.999423303869017898e-01 2.606586877124404400e-01 1.474697522249077131e-02 2.414202705507971780e-01 2.833770019665868833e-01 1.050956623925996869e+00 1.459756723081323815e-01 8.780905412669423038e-01 1.388383051126806045e+00 1.680895203224009649e+00 9.689625336916904419e-02 1.529039728552146427e+00 1.872683565698228803e+00
7.467336683417084842e-02 2.003993938761644278e-01 5.418776651508334409e-03 1.940470943584891861e-01 2.095507992102205452e-01 2.691405577829634188e-01 1.513280669621775223e-02 2.447636124285675896e-01 2.839951845418345888e-01 1.071815028748643428e+00 1.091998699620868596e-01 9.407660737726577516e-01 1.330444140549780219e+00 1.718132425323625867e+00 8.679052568326811601e-02 1.544489132510080243e+00 1.845800791277642627e+00
7.964824120603014590e-02 2.054528794809662995e-01 5.977882132820871823e-03 1.982622015484474254e-01 2.159701485020077416e-01 2.730699955326457706e-01 2.016286685648061711e-02 2.395496546284366368e-01 3.029154559211358344e-01 1.111640712299514444e+00 8.858561906121917295e-02 1.003441606278373088e+00 1.295437543335919539e+00 1.768366773337955777e+00 1.064326216155954963e-01 1.562847378729509629e+00 1.914089311866755239e+00
8.462311557788944338e-02 2.108732342629004997e-01 6.339609939303079283e-03 2.043231940739504982e-01 2.225692354222714997e-01 2.774646821530292184e-01 1.521849762139537536e-02 2.445966900214095463e-01 2.953367182575830641e-01 1.120282805947629967e+00 8.251789234295373032e-02 1.013873428122906040e+00 1.274861083663702432e+00 1.790981666076503442e+00 1.013213027657100529e-01 1.607737077270329440e+00 1.936379764484186028e+00
8.959798994974874087e-02 2.153995160906420347e-01 5.809958633261366572e-03 2.093004458207078089e-01 2.247958422644195930e-01 2.851050258483637245e-01 1.570805956584279267e-02 2.488529961094576859e-01 3.022709441772251093e-01 1.153674449710315519e+00 8.619041625591122857e-02 1.030442014686566266e+00 1.262028572753788547e+00 1.777616012451339156e+00 8.327217558507178652e-02 1.627665845561228286e+00 1.913567206941482191e+00
9.457286432160803835e-02 2.204814955049883007e-01 6.070830210338231357e-03 2.144311664976910892e-01 2.309335791843112051e-01 2.923392275094690573e-01 1.877510899925471932e-02 2.519162050402469766e-01 3.139511872809385151e-01 1.203513574190835822e+00 9.691504280328371024e-02 1.044986742888202036e+00 1.332101948358177079e+00 1.780939645885161626e+00 1.035539111278636626e-01 1.627553393950905702e+00 1.956075738481811044e+00
9.954773869346733584e-02 2.241008715173719301e-01 4.998459640433511146e-03 2.185368632288515744e-01 2.336412444851924952e-01 2.963999804883360456e-01 1.897756274347519104e-02 2.612431511972683751e-01 3.228682153776431529e-01 1.223914823848661459e+00 1.021939583219202280e-01 1.099956821286678155e+00 1.402175323962566056e+00 1.806088855719683028e+00 8.956942254423352900e-02 1.650850554024127836e+00 1.953312717516188179e+00
1.045226130653266333e-01 2.283712855474550329e-01 4.555797302274374252e-03 2.241073576162108394e-01 2.363717194311118763e-01 2.919623620665617869e-01 1.324053113012132674e-02 2.687704205431595827e-01 3.118378439289795634e-01 1.248672786038024451e+00 1.086053419103884393e-01 1.112915407740688423e+00 1.472248699566954810e+00 1.812909015083055353e+00 9.241390523195988638e-02 1.675545158496286824e+00 1.985803515868340252e+00
1.094974874371859308e-01 2.335049757391529646e-01 3.943384936046564343e-03 2.300534683431399441e-01 2.420269066961135418e-01 2.938267692750424764e-01 1.642962450054198664e-02 2.728235963511314588e-01 3.158633672093112410e-01 1.269999411621189012e+00 1.002037788383312589e-01 1.126352788679364281e+00 1.454115197503153212e+00 1.813346476950822295e+00 7.891228185491674929e-02 1.681152534620018901e+00 1.934658419381560135e+00
1.144723618090452283e-01 2.374813899080964741e-01 3.385814405231070065e-03 2.342903930048119976e-01 2.455404729025381094e-01 2.978352620755416735e-01 1.654672212965163994e-02 2.687083935842084492e-01 3.290992269421319505e-01 1.302945595334871864e+00 1.034417621888459454e-01 1.177527146678105430e+00 1.476632813477256612e+00 1.830620535760522971e+00 9.021878654278138454e-02 1.706082300230264526e+00 1.970014150595198466e+00
1.194472361809045258e-01 2.409994119041802274e-01 2.726160065795151487e-03 2.365456544028912700e-01 2.456236641449131841e-01 2.989419908588556996e-01 1.545222840855433981e-02 2.708788412079708996e-01 3.282314585646720628e-01 1.306893815589820429e+00 7.187760119853664476e-02 1.228701504676846801e+00 1.434814236120899977e+00 1.842709111837931291e+00 8.150794631654380284e-02 1.715469882090854714e+00 1.935311035115810929e+00
1.244221105527638233e-01 2.453159970036030979e-01 2.448464533922881190e-03 2.407647449223808411e-01 2.507988212589866150e-01 3.012928413613064071e-01 1.703148360797574964e-02 2.773789060801563067e-01 3.346014427557927329e-01 1.312344077104374618e+00 7.348207662332618961e-02 1.239234475338850672e+00 1.430944715851900417e+00 1.839216688362756313e+00 6.285509492570548473e-02 1.771173647821959296e+00 1.930091735579555268e+00
1.293969849246231207e-01 2.490814480184500024e-01 2.484812069132147794e-03 2.447637915989949176e-01 2.537620875742244153e-01 3.013066767291034953e-01 1.687024580598683182e-02 2.737022179756753992e-01 3.239126959554819996e-01 1.315500972989666062e+00 6.814091411557905709e-02 1.182669156686146694e+00 1.429777291677534645e+00 1.851721513308755451e+00 5.998101444683184846e-02 1.780574893145061344e+00 1.986676354587677107e+00
1.343718592964824043e-01 2.521054060396387131e-01 2.609647855547733014e-03 2.474644417186416534e-01 2.566572028520257565e-01 3.022113461533887380e-01 1.693273855938363243e-02 2.731615368632492324e-01 3.253789151128170243e-01 1.336516480170326426e+00 6.087596771094196807e-02 1.228138766982041163e+00 1.430738365528173350e+00 1.867740045741615118e+00 4.888712538219804060e-02 1.819445527207197433e+00 1.965225779451304611e+00
1.393467336683417157e-01 2.554956647070318887e-01 2.614955632278512503e-03 2.524552712505763186e-01 2.606453004819880293e-01 3.079568601825914409e-01 1.585098820175730172e-02 2.807789850314752478e-01 3.270976187045699368e-01 1.342739523433660764e+00 5.945219653838630658e-02 1.227263867368352690e+00 1.433398936671811397e+00 1.874104274250723234e+00 4.855072488975991502e-02 1.816114988535742603e+00 2.001261246545200212e+00
1.443216080402010271e-01 2.586632210608542093e-01 3.273383104407012918e-03 2.539771237345531674e-01 2.655913767764024880e-01 3.071744152586364796e-01 1.247693431309547865e-02 2.908031896900097335e-01 3.272881918171193227e-01 1.333550154660643194e+00 6.432421526174721127e-02 1.254693436447149590e+00 1.465376317232449432e+00 1.872232155722121760e+00 5.141286762468417343e-02 1.767612249142548109e+00 1.969865256058122682e+00
1.492964824120603107e-01 2.619008085706753808e-01 3.962380341102606819e-03 2.575112513871377629e-01 2.693114906759444538e-01 3.080634011638010428e-01 1.068852570277487382e-02 2.907969802721780406e-01 3.244567172750588702e-01 1.349806874294537717e+00 6.953481319515061876e-02 1.268101888475066996e+00 1.486981270691327239e+00 1.848728770872751781e+00 4.813308424344828890e-02 1.750696801315135831e+00 1.931639314200352064e+00
1.542713567839196220e-01 2.641976997153708262e-01 3.921889507643882243e-03 2.589241601400304460e-01 2.702420931442975904e-01 3.084895416686735947e-01 1.111606427084036765e-02 2.893362548542317003e-01 3.271977306601180913e-01 1.362641318251037736e+00 7.967150204953607484e-02 1.254572005691253711e+00 1.536530629761822420e+00 1.861203866421885733e+00 4.689981552078388571e-02 1.757483683160208754e+00 1.914501333838202424e+00
1.592462311557789056e-01 2.667833090973311672e-01 4.000501004250175789e-03 2.613896386039216146e-01 2.740073482318495790e-01 3.114969227218201686e-01 9.310195234645424894e-03 2.937784539047446075e-01 3.237280891247706904e-01 1.366797587957267801e+00 7.392981506468511432e-02 1.220964944678156083e+00 1.498335091044054712e+00 1.859434088773175064e+00 5.053898349064010753e-02 1.746765284708634791e+00 1.950405020032289105e+00
1.642211055276382170e-01 2.693742263027776862e-01 4.114137626351842270e-03 2.635660598158178769e-01 2.756606490261789832e-01 3.137176853805120902e-01 9.655817115823776484e-03 2.983620263645745396e-01 3.322029425505827471e-01 1.395260714488521403e+00 7.498139842631035279e-02 1.245094027715576424e+00 1.500956428757408867e+00 1.847452165274922509e+00 4.880665056820558678e-02 1.756181065527363749e+00 1.914346349591757424e+00
1.691959798994975006e-01 2.718529939218103930e-01 3.981989375245366912e-03 2.656821952689855659e-01 2.795474111038026566e-01 3.130421087291634930e-01 8.394790108343401155e-03 3.012547091174729852e-01 3.303353268986582436e-01 1.406265523107325111e+00 8.121033135056897334e-02 1.251719319520701701e+00 1.507269657211006031e+00 1.844007593154084246e+00 5.132513979594348352e-02 1.749762755437900719e+00 1.927507348925218800e+00
1.741708542713567842e-01 2.747258880084623711e-01 3.855616500889219502e-03 2.669585947176876251e-01 2.813720110184600443e-01 3.129432640656341635e-01 9.095605953368656252e-03 3.052987486054338784e-01 3.338185310451944332e-01 1.424186200441839523e+00 8.460424528395749100e-02 1.266866257212669655e+00 1.551587951260275489e+00 1.849474611076425079e+00 4.733590503926665694e-02 1.768601898579204246e+00 1.930690061758832288e+00
1.791457286432160956e-01 2.776074624298337512e-01 4.635730007020702828e-03 2.704544929055332503e-01 2.862356746938860552e-01 3.099193447649907784e-01 6.734167056067246436e-03 2.992649531731640389e-01 3.192799764364307458e-01 1.428667838458852479e+00 8.731763255371984001e-02 1.281862743348839206e+00 1.521636900846049967e+00 1.835704888762501152e+00 4.456448104118061054e-02 1.779977582768771827e+00 1.925340133154776368e+00
1.841206030150753792e-01 2.802165339651206399e-01 4.343504564232386275e-03 2.739668048415708768e-01 2.874878543958311328e-01 3.097694695374449969e-01 6.417170642237842587e-03 3.018329824275209905e-01 3.201674419302719121e-01 1.428101036404151980e+00 7.523419399244654637e-02 1.296711354618586887e+00 1.529517269545847657e+00 1.828105063319954482e+00 3.378871192063200718e-02 1.791527500613127266e+00 1.886718256717155429e+00
1.890954773869346905e-01 2.825441949554930998e-01 3.491480145506068930e-03 2.778810395272595102e-01 2.879989906821260881e-01 3.096022369521078121e-01 9.183984842623766839e-03 2.982942639004130814e-01 3.251272032635176834e-01 1.423594008569250891e+00 7.569733196173061840e-02 1.296793613965334657e+00 1.537770181568790528e+00 1.833818515099362001e+00 3.577448704743756841e-02 1.789317018689327243e+00 1.890625909803800297e+00
1.940703517587939742e-01 2.849158475603960627e-01 3.341143633481805618e-03 2.802068464943185955e-01 2.904695570403922344e-01 3.089168990677950144e-01 8.262793026459394619e-03 2.952643664540916535e-01 3.233321775789887442e-01 1.406368215075498140e+00 7.384764905897799048e-02 1.298268074149108164e+00 1.534215793243622228e+00 1.832073408434728545e+00 3.183339656939911805e-02 1.788507413756611708e+00 1.888340395023989648e+00
1.990452261306532855e-01 2.877919498596135939e-01 3.465293981638058966e-03 2.829550604003110981e-01 2.928380555313303546e-01 3.095058400415870992e-01 9.315455716627205757e-03 2.982393560835014945e-01 3.303827451699781204e-01 1.412475404234611043e+00 7.684875275946159712e-02 1.303667438287507752e+00 1.526109859851743966e+00 1.832293379960799440e+00 2.790299635493551089e-02 1.795182474086669977e+00 1.890809549604446138e+00
2.040201005025125691e-01 2.906922772445184600e-01 3.207400905548671213e-03 2.854636398357036642e-01 2.947542294199355650e-01 3.103685046783428159e-01 1.116763378899444242e-02 2.973820713696689877e-01 3.366423336848895498e-01 1.419609851178877946e+00 8.043107957674913711e-02 1.301537147642263692e+00 1.536065927261420549e+00 1.839677695121400003e+00 2.703752634014105344e-02 1.808486601996998511e+00 1.901289030626820642e+00
2.089949748743718805e-01 2.935229509464146735e-01 3.648088556071740589e-03 2.878038758727337609e-01 2.983311435881355056e-01 3.101377334281122389e-01 9.855599413824358071e-03 2.977752875911531816e-01 3.351350291151201644e-01 1.428834788101877029e+00 8.226004254769521407e-02 1.286524296317675953e+00 1.568644573270462361e+00 1.842117483263468358e+00 2.480257153879172546e-02 1.809991308551832212e+00 1.884918937068028599e+00
2.139698492462311641e-01 2.959776740574218690e-01 3.957493120488414680e-03 2.892838411086660622e-01 3.016376457036762937e-01 3.100408576089971335e-01 9.632574654292003907e-03 2.996517452677928128e-01 3.348112880216495002e-01 1.425705051810908230e+00 7.905125706268396890e-02 1.315357634432942513e+00 1.556352141722893601e+00 1.848609055601738049e+00 2.776802446825183193e-02 1.801191066844320732e+00 1.909719512285553034e+00
2.189447236180904754e-01 2.984484259338068268e-01 3.821973992408191859e-03 2.911082099568655934e-01 3.028859206181152008e-01 3.101066846671565180e-01 7.862951823374526514e-03 3.027938380151165010e-01 3.321441754286710846e-01 1.434172258063836303e+00 8.004275712016703515e-02 1.328648489162913116e+00 1.566641226583700863e+00 1.851265833627983026e+00 2.572779316925902920e-02 1.815435604210783760e+00 1.902347158324372955e+00
2.239195979899497591e-01 3.007275567777490943e-01 3.559421437728986417e-03 2.953075638399558223e-01 3.051501169877711139e-01 3.112457075346555802e-01 6.028559296475662771e-03 3.042072583027547461e-01 3.247887648570688679e-01 1.438976374905420741e+00 7.449290007740705377e-02 1.323355032868739345e+00 1.577004857036142127e+00 1.845126755331182311e+00 2.530121848387759456e-02 1.803778102968917940e+00 1.902537038347621667e+00
2.288944723618090704e-01 3.033636041755102819e-01 3.482495332851442103e-03 2.976255938517001209e-01 3.078124068152408022e-01 3.133127437589099396e-01 7.024974214463427721e-03 3.053998808032478141e-01 3.290269926956565505e-01 1.446771550883353630e+00 7.935260971785827733e-02 1.330155119358485960e+00 1.612041544838336504e+00 1.840507245776148437e+00 3.514714635562308370e-02 1.775356998296622635e+00 1.903610428036748736e+00
2.338693467336683540e-01 3.059858444424687907e-01 3.486759125786850419e-03 2.997456495174259938e-01 3.103334096347107884e-01 3.151218750117215084e-01 6.880383788018266424e-03 3.050767300844184349e-01 3.300671719638053059e-01 1.436145055050410679e+00 6.661869356528844766e-02 1.331040214222712015e+00 1.569040807890498490e+00 1.840145771503852945e+00 3.447894883215051054e-02 1.790775711425427241e+00 1.904243965489006873e+00
2.388442211055276654e-01 3.081537805230071259e-01 3.740681006027341861e-03 3.009555384796293032e-01 3.131245177144404424e-01 3.151350532640907476e-01 5.837769271221528340e-03 3.081857630864479614e-01 3.262940314510960338e-01 1.442611846529865183e+00 6.571635777457503214e-02 1.332433564384614577e+00 1.524349854548804561e+00 1.840791143457988444e+00 3.451817977580487473e-02 1.788471951759859735e+00 1.887251936059605173e+00
2.438190954773869490e-01 3.105051225081273403e-01 3.821600298098888973e-03 3.039389948871231151e-01 3.165050090448646158e-01 3.173276054935491031e-01 5.821931018814297150e-03 3.097331030327332146e-01 3.265713601889108642e-01 1.448269810056050044e+00 6.640142795749023885e-02 1.347134291178436305e+00 1.555433064128143750e+00 1.832139620522637014e+00 3.873454743897856295e-02 1.774763444770855125e+00 1.885333223198103259e+00
2.487939698492462326e-01 3.128012238538169232e-01 3.710674449390614308e-03 3.060908452231844712e-01 3.196720429502947769e-01 3.180028617981576211e-01 5.947452042216933715e-03 3.069893366544347857e-01 3.276680813680568072e-01 1.457102340685919817e+00 6.218933136948952972e-02 1.374529586620480526e+00 1.547974620023742087e+00 1.832401322387752884e+00 2.979717583261885100e-02 1.786533302680223700e+00 1.876691283406493271e+00
2.537688442211055162e-01 3.153072310646237164e-01 3.747617220871568827e-03 3.091823679157936766e-01 3.228912107496736406e-01 3.207213322871195760e-01 4.749861367981572484e-03 3.126001884343366233e-01 3.273470217627578727e-01 1.460667153634673809e+00 5.475235851154761774e-02 1.388725087731617958e+00 1.526577449512710460e+00 1.828174919472014270e+00 2.610495137753457082e-02 1.789883357597133795e+00 1.864371351974754676e+00
2.587437185929647998e-01 3.174146100305480500e-01 4.010354241436000361e-03 3.095715542589554947e-01 3.239599825743066375e-01 3.211546666460599608e-01 4.201203328744211249e-03 3.141414353020689498e-01 3.280150751919933549e-01 1.458280651916807003e+00 6.792151796933103280e-02 1.365363541326349184e+00 1.554029975133889518e+00 1.828113765151619274e+00 2.800197087317409655e-02 1.786020898985858363e+00 1.874819581691940851e+00
2.637185929648241389e-01 3.198211623039308726e-01 4.196284251568543552e-03 3.124243218183723192e-01 3.263807991469245273e-01 3.224717345520031753e-01 4.671600546586122428e-03 3.131590167104332245e-01 3.320240605380764820e-01 1.451251091559073281e+00 5.150249884720053267e-02 1.391615433070630958e+00 1.516477760256617957e+00 1.822705690177002680e+00 2.129297718410698773e-02 1.781729100016198108e+00 1.860791713566320782e+00
2.686934673366834225e-01 3.218582368006299155e-01 3.752249649659483363e-03 3.160735466460250498e-01 3.278641232836621011e-01 3.226698556029161113e-01 4.202045157457860725e-03 3.165953552444043528e-01 3.317691244719607191e-01 1.458887305914433608e+00 4.314495305654511559e-02 1.405591186177880481e+00 1.529237650504692736e+00 1.821088537370140870e+00 2.221517940776799802e-02 1.778913850521990803e+00 1.857647585964907977e+00
2.736683417085427061e-01 3.238602172276298097e-01 4.102892572823669051e-03 3.188019080292563423e-01 3.312016723514874528e-01 3.238296934367378421e-01 4.217545385098938476e-03 3.181436408126938620e-01 3.333246992171368106e-01 1.458252936958419621e+00 4.726944261068236758e-02 1.407553301318911876e+00 1.557551569973547156e+00 1.813772706281188807e+00 1.997145813566204159e-02 1.775468748257096330e+00 1.853115821038177513e+00
2.786432160804020453e-01 3.254625247462861193e-01 3.949040784049601301e-03 3.205758989361214839e-01 3.321045448945104672e-01 3.229324041426518965e-01 5.803781435112302135e-03 3.116505117332964425e-01 3.330398492336871241e-01 1.458827230878948722e+00 4.078992304043869283e-02 1.409835829950830455e+00 1.539439821815909326e+00 1.811293887784515277e+00 1.831922018910379923e-02 1.782585044417733577e+00 1.839242779437805675e+00
2.836180904522613289e-01 3.277255598973901618e-01 3.881615733642864927e-03 3.230647275636835403e-01 3.347498541711721454e-01 3.226739076886263047e-01 7.600449438744419708e-03 3.089739446161397507e-01 3.338727140843035235e-01 1.458886581097027957e+00 3.511498076845694094e-02 1.423572429140140816e+00 1.537633963109975133e+00 1.807537006492925924e+00 1.626141781818280993e-02 1.788460021880398765e+00 1.832469266834541921e+00
2.885929648241206125e-01 3.297672780092414935e-01 4.396764464754452859e-03 3.246696627836271332e-01 3.370887572350876882e-01 3.234963190903967223e-01 7.209381859098616847e-03 3.119384927890019310e-01 3.377128781082422981e-01 1.462005623197137893e+00 3.000274153237531688e-02 1.437181662332597032e+00 1.536411823715089886e+00 1.792822015730749730e+00 2.027394794090929889e-02 1.762436178715834245e+00 1.828287734235821693e+00
2.935678391959798961e-01 3.314028407517394248e-01 3.665517635233684745e-03 3.267265952424483477e-01 3.375304985504429811e-01 3.230385345279486176e-01 7.795811382914299807e-03 3.111573760720157678e-01 3.377108226841233352e-01 1.466086018380922784e+00 4.107656541835544989e-02 1.399333221801789318e+00 1.562897070197380112e+00 1.784043145010177467e+00 2.875924239877226257e-02 1.749014628029074148e+00 1.832590248237153219e+00
2.985427135678392352e-01 3.332572667034996994e-01 3.699065162342355783e-03 3.288589952699050856e-01 3.397021617886868960e-01 3.233936754126114921e-01 8.895302058483912921e-03 3.090187524308113387e-01 3.380575985529621907e-01 1.462683014714886154e+00 4.429154583208885082e-02 1.382631765482368991e+00 1.561738776338655210e+00 1.771337345130121310e+00 2.994169682146802583e-02 1.734676058233206586e+00 1.823174357796451206e+00
3.035175879396985188e-01 3.354802100262890274e-01 3.791554400654888971e-03 3.307194026532329634e-01 3.419101556011857612e-01 3.235163280993870738e-01 8.658680533757154990e-03 3.127237389247640165e-01 3.383904311679311605e-01 1.458456156657220948e+00 4.492497866802318968e-02 1.351931798270637808e+00 1.535691327845448928e+00 1.762257441111126255e+00 3.077134272351517152e-02 1.719068956235878520e+00 1.828592730887826034e+00
3.084924623115578024e-01 3.367822748268835542e-01 3.460647077407190322e-03 3.322141157835271641e-01 3.427147506720226167e-01 3.219427117982242015e-01 8.556020025855407343e-03 3.137748757334756222e-01 3.368585722450807562e-01 1.452661225497082764e+00 5.085832479205638218e-02 1.340975453751575674e+00 1.524309154257177168e+00 1.745242962664719455e+00 2.929852363691871561e-02 1.691920492714785285e+00 1.802073885793222585e+00
3.134673366834170860e-01 3.386680355969111100e-01 3.260492273752027808e-03 3.346784297855396884e-01 3.449058577584115937e-01 3.222147375074437825e-01 7.634141634899888409e-03 3.136864138175776695e-01 3.355226503952017936e-01 1.451447326079723599e+00 4.491689217697804326e-02 1.362600566949393688e+00 1.508369219408305595e+00 1.736668782240603504e+00 2.579976131141306292e-02 1.698848035495076347e+00 1.782499039258669038e+00
3.184422110552764251e-01 3.408396023240310990e-01 3.255057602469115397e-03 3.358950224042266952e-01 3.474086688978160753e-01 3.222721367553458838e-01 7.567205402770655828e-03 3.140728635869102225e-01 3.376673078291592134e-01 1.445162174379176268e+00 4.176771625682843686e-02 1.344780929574212802e+00 1.491629248488569148e+00 1.730655549877351929e+00 2.653927530081721595e-02 1.690392080135348918e+00 1.768152063269322394e+00
3.234170854271357087e-01 3.427695720316795702e-01 3.296258110575899826e-03 3.382873106050218737e-01 3.498778948717545245e-01 3.225241164138120675e-01 6.814079087580424479e-03 3.155979898494621905e-01 3.324392275371672034e-01 1.451767307513713412e+00 4.443175944997901361e-02 1.350456795230226215e+00 1.487812631861523682e+00 1.722171883716963947e+00 2.743212017247481649e-02 1.678113113275309765e+00 1.768395381814652056e+00
3.283919597989949923e-01 3.444371770984796521e-01 3.381254384820675529e-03 3.403674356465372641e-01 3.512696999841879997e-01 3.233147910202768816e-01 6.923472784396627472e-03 3.151706428318236664e-01 3.340766575174897723e-01 1.450662317592587014e+00 4.814426507152667206e-02 1.339912270749636258e+00 1.500726784260964841e+00 1.710096836864471559e+00 2.842948113365761573e-02 1.660945201263858806e+00 1.759770221705001969e+00
3.333668341708542759e-01 3.460570825611305468e-01 3.676566637951332855e-03 3.407309846835212541e-01 3.539531554398782642e-01 3.218652174851907022e-01 6.876948945586641888e-03 3.122819983342494665e-01 3.329535369926643895e-01 1.444315052905028596e+00 4.904777640053759047e-02 1.321531800581359883e+00 1.513536652556800144e+00 1.699521388549323886e+00 2.613438714820052328e-02 1.650980771459202190e+00 1.749221723907963044e+00
3.383417085427135595e-01 3.481930499837908033e-01 3.671387498807460962e-03 3.429471520605270607e-01 3.554249409811195415e-01 3.213905723498075018e-01 7.234683562119840691e-03 3.107941121100310511e-01 3.324686514977764906e-01 1.442307121185157026e+00 4.889734473099496825e-02 1.341253182591844562e+00 1.536123346648317067e+00 1.689329609276299493e+00 2.810560953033584483e-02 1.639202226517069816e+00 1.741556897939648962e+00
3.433165829145728987e-01 3.501422470525054620e-01 3.844463294615000151e-03 3.443620721181148148e-01 3.575940152636319369e-01 3.216279113184424832e-01 5.298316733902462203e-03 3.126784238549530359e-01 3.290762677119824509e-01 1.437160765752834468e+00 5.431771627213974329e-02 1.322265926549383463e+00 1.519736121973618292e+00 1.671818777858064209e+00 2.372787881932043874e-02 1.635448587265903253e+00 1.721274652257177129e+00
3.482914572864321823e-01 3.516522598783441422e-01 4.014673826216892498e-03 3.455824119620201640e-01 3.594337056331865510e-01 3.203793882846175944e-01 5.165343135275997193e-03 3.111351359209926226e-01 3.282485156984207841e-01 1.430397219305673762e+00 4.816674535271810859e-02 1.335201645876348930e+00 1.505044267460354801e+00 1.658845583232742005e+00 2.495252910950204392e-02 1.628753268650121599e+00 1.713219842955732819e+00
3.532663316582914659e-01 3.536368042825420721e-01 3.906305960233940645e-03 3.480361076854724955e-01 3.614057486431523358e-01 3.193054353516314170e-01 5.242371831420944255e-03 3.112325348174355688e-01 3.273997084019393267e-01 1.434374687517996128e+00 4.580560435189671292e-02 1.349702035320188065e+00 1.508893322574451856e+00 1.648382629199155902e+00 2.126245259977231281e-02 1.624074782048618104e+00 1.698175707441859972e+00
3.582412060301507495e-01 3.552891567661821126e-01 3.391575350884982066e-03 3.500839831451330042e-01 3.607563864616710747e-01 3.173347880465590132e-01 6.218357297894194433e-03 3.044710208862288492e-01 3.280395683363427906e-01 1.432635269846529891e+00 4.442502007428623945e-02 1.342617275250425068e+00 1.492816666259717540e+00 1.635765747467325726e+00 2.025130396302965083e-02 1.610441149462938037e+00 1.672669809920823480e+00
3.632160804020100886e-01 3.570628927527904617e-01 3.129348130917008249e-03 3.526805843848624944e-01 3.632905883326366103e-01 3.155487036845321391e-01 6.174347386410088123e-03 3.044588493940161289e-01 3.247114023878240885e-01 1.432269523107918108e+00 4.345045115168846839e-02 1.343544288906390216e+00 1.487823318613911372e+00 1.624154469917893140e+00 1.946787238477586807e-02 1.602443278518855818e+00 1.658609041016170460e+00
3.681909547738693722e-01 3.586813103749416087e-01 2.791351624371606575e-03 3.548290548931598565e-01 3.641073148374687762e-01 3.151455680146241778e-01 6.681068010123238261e-03 3.060353306884782687e-01 3.261156269673071706e-01 1.424478294680334267e+00 3.388735167274925519e-02 1.356113684934795893e+00 1.466861227917247268e+00 1.617449820104781555e+00 1.696260309164845242e-02 1.592503055636183440e+00 1.650447260480460976e+00
3.731658291457286558e-01 3.602929302007911172e-01 2.760803132513316768e-03 3.565865640631415423e-01 3.655552563582805115e-01 3.139849917731837858e-01 7.269421805823019292e-03 3.026449147606867229e-01 3.267904193941771340e-01 1.412601095106370774e+00 2.923418228588321385e-02 1.368315005763637737e+00 1.457810631614866459e+00 1.605183274131426030e+00 1.833287235852489733e-02 1.586030995171658242e+00 1.641404836642199827e+00
3.781407035175879394e-01 3.621821696811017288e-01 2.750930422736072231e-03 3.572143025019855478e-01 3.665721629098743217e-01 3.119523585191349979e-01 7.302928962120219629e-03 2.979371691799740929e-01 3.211723005337960291e-01 1.408669697817616084e+00 3.355809943981941795e-02 1.362490300824430012e+00 1.469298229847549431e+00 1.592423523838167210e+00 1.794921722420007165e-02 1.570887700647136009e+00 1.633200573240633391e+00
3.831155778894472785e-01 3.639526279593906510e-01 2.784042088957919617e-03 3.586734696664639066e-01 3.687133973552659816e-01 3.107800291757930045e-01 7.176351005007003576e-03 2.966740370217528233e-01 3.203965927640563538e-01 1.408730315018066337e+00 3.560680845682093199e-02 1.359754337919071965e+00 1.475549681500658572e+00 1.585274749403982719e+00 1.816559380885273550e-02 1.559474945729121931e+00 1.628258920789244835e+00
3.880904522613065621e-01 3.655220404518951804e-01 2.916018087973889714e-03 3.601099514642908117e-01 3.701436297242555740e-01 3.084355768363380434e-01 6.231621754684797850e-03 2.964812946959137219e-01 3.168441233793372058e-01 1.403208586173633643e+00 2.779800769484227010e-02 1.356054663514259628e+00 1.448092976312022939e+00 1.575618801668766000e+00 1.865193943837593210e-02 1.547204266174232679e+00 1.620810621463083967e+00
3.930653266331658457e-01 3.669707084688715315e-01 3.084509553408827046e-03 3.613245511606446025e-01 3.725094405990999613e-01 3.083439594392486383e-01 5.861438240163398782e-03 2.960245967063963590e-01 3.155841203896873615e-01 1.399229590409361679e+00 2.967918138102813158e-02 1.347763731535870591e+00 1.455651251884482411e+00 1.563479890898279656e+00 2.259861362122051257e-02 1.533818082139400296e+00 1.615741304697897673e+00
3.980402010050251294e-01 3.686540857897665502e-01 3.075796060502134117e-03 3.622522315184936170e-01 3.723550409754665669e-01 3.079624212184933763e-01 5.247696564247043664e-03 2.968555649458238799e-01 3.147975250908258693e-01 1.394562120541518180e+00 3.499897627702331510e-02 1.345040777703374379e+00 1.453681858153418993e+00 1.553956491218773994e+00 1.994006143387697452e-02 1.529227681177838916e+00 1.601304187888865416e+00
4.030150753768844685e-01 3.704482054156102433e-01 2.678187952657417638e-03 3.649193584333672025e-01 3.734865296747966745e-01 3.071548114855955913e-01 5.830736917784268281e-03 2.969673023326011574e-01 3.155034381291098033e-01 1.393823211640825566e+00 3.187439961099873542e-02 1.356979192455558314e+00 1.453641425405853616e+00 1.544792521198374846e+00 2.158566970460490744e-02 1.512051775095526684e+00 1.596553185327405533e+00
4.079899497487437521e-01 3.721297978329329847e-01 2.621049955532290740e-03 3.672519881487327220e-01 3.748826877241137612e-01 3.059166365255686082e-01 5.415242380614261261e-03 2.974403413150752407e-01 3.159316495315886431e-01 1.391546084137311734e+00 2.885002854625497853e-02 1.345206482285101757e+00 1.459669510974646034e+00 1.533878730727681994e+00 2.197272445601352112e-02 1.506966640146572889e+00 1.586419667652568144e+00
4.129648241206030357e-01 3.735555857911808664e-01 2.669246795090092408e-03 3.681437045890999515e-01 3.770059383238774098e-01 3.046965148931346512e-01 5.371910512116164285e-03 2.978531307345202994e-01 3.136660123983543991e-01 1.390925898152894247e+00 2.611549182804965077e-02 1.356970190961333644e+00 1.454199496759763788e+00 1.522783575007743417e+00 2.462232969057404422e-02 1.489418172998084211e+00 1.580534834093027419e+00
4.179396984924623193e-01 3.747145623507736611e-01 2.102768644342930659e-03 3.702069188138948919e-01 3.774734213917000369e-01 3.035225180059334393e-01 5.366067032259061280e-03 2.951616090946349025e-01 3.146401582410048303e-01 1.388699889059667125e+00 3.083052225314636061e-02 1.341742508061162242e+00 1.457442538239612784e+00 1.512558912656794430e+00 2.591905852821253797e-02 1.478768070043911198e+00 1.577299210396233331e+00
4.229145728643216029e-01 3.764824420304729857e-01 1.890197854300952390e-03 3.726032408741712376e-01 3.783982978599466640e-01 3.023849751951176446e-01 4.909826333955152541e-03 2.947947750611567552e-01 3.118409732592655192e-01 1.388748621337667633e+00 2.810312504950285631e-02 1.354734644546329747e+00 1.446485301318382932e+00 1.502579250954901635e+00 2.488743656366948151e-02 1.463822468008637578e+00 1.555884428754686244e+00
4.278894472361809420e-01 3.780551888614476219e-01 1.833291745294570547e-03 3.746123246048008171e-01 3.797900187646697234e-01 3.005567494205829693e-01 6.300673079124028200e-03 2.927890674834912610e-01 3.137240550652736215e-01 1.390677745003236154e+00 2.751157225134988338e-02 1.347682220419613053e+00 1.440732895730558072e+00 1.489389989529553038e+00 2.674208880498945076e-02 1.445998625502257218e+00 1.546254558186093808e+00
4.328643216080402256e-01 3.794434952819360496e-01 2.168761404321126445e-03 3.751621900372572038e-01 3.820741784465533364e-01 2.980545930708731195e-01 6.391251079673552181e-03 2.871924463278398565e-01 3.108146696934516728e-01 1.388816889510257058e+00 2.608241530994047375e-02 1.346622235597304984e+00 1.437098245903185356e+00 1.477939852829290635e+00 2.392914187922087765e-02 1.431359622762311767e+00 1.519969813496175659e+00
4.378391959798995092e-01 3.810233941375507083e-01 1.986685481851070949e-03 3.771169007514388882e-01 3.835772085628786909e-01 2.966660806209361345e-01 6.716433442825291145e-03 2.846693594989702647e-01 3.091607266611427485e-01 1.391751148157888585e+00 2.695266386630461308e-02 1.349808990219099059e+00 1.448593562337794571e+00 1.464917929469548019e+00 2.109811872893342655e-02 1.426399611007179269e+00 1.500092688496658999e+00
4.428140703517587928e-01 3.825997774540027541e-01 1.816519710574938029e-03 3.790493509842539632e-01 3.852610318052376859e-01 2.957814519271127485e-01 7.141847338064836320e-03 2.826155184198861359e-01 3.090628295068814646e-01 1.388737057616453940e+00 2.648822970043892416e-02 1.359823367073628830e+00 1.445254040432420339e+00 1.455958740771195137e+00 1.925972235190800963e-02 1.421993040297476529e+00 1.488713085749511889e+00
4.477889447236181319e-01 3.839494032623832487e-01 1.697981645007362941e-03 3.805049834351578175e-01 3.862123556492670362e-01 2.946162921358966846e-01 7.090056393347226281e-03 2.822041447695761707e-01 3.088523488152075114e-01 1.386370240183660174e+00 2.909925501159814354e-02 1.339071467878357069e+00 1.436123776738823299e+00 1.447027878591084615e+00 1.780055374417065933e-02 1.419340159176253557e+00 1.474871480605532525e+00
4.527638190954774156e-01 3.856352606709447794e-01 2.152778125286020864e-03 3.818354636746236208e-01 3.890390508980520745e-01 2.940795059886441298e-01 7.040343006542787267e-03 2.823018956182006822e-01 3.064634251151396316e-01 1.378997082108299521e+00 2.940089076629084572e-02 1.337535483283398108e+00 1.435023738780966118e+00 1.435487820699002937e+00 1.901282482671822968e-02 1.408148914096258641e+00 1.465688279327926669e+00
4.577386934673366992e-01 3.873326485174823364e-01 1.973578622371348606e-03 3.835952416795309627e-01 3.899002159543762946e-01 2.923221030885543859e-01 6.160115335051165493e-03 2.821969113643867377e-01 3.013979406904816472e-01 1.373584096841093061e+00 2.955316283588918166e-02 1.319895919909366500e+00 1.424944586733359220e+00 1.423188833803979092e+00 1.922175373275511467e-02 1.400877197172819777e+00 1.456136158281365445e+00
4.627135678391959828e-01 3.889135300043239929e-01 2.214081974763522191e-03 3.850600231397620088e-01 3.918943306973540763e-01 2.907943009738851448e-01 5.464281546597582820e-03 2.823937457064503720e-01 2.985251472413081308e-01 1.371699393760458463e+00 3.130727272630057234e-02 1.326934525165588630e+00 1.430784097477631356e+00 1.413072638440475481e+00 1.875410465800754142e-02 1.390725372417093819e+00 1.444300582152572954e+00
4.676884422110553219e-01 3.903921773260685679e-01 2.638668338408309017e-03 3.865656666536633201e-01 3.937635287204825363e-01 2.898020543252871062e-01 6.192913956435776475e-03 2.814331793668132242e-01 2.994989447438282104e-01 1.368695529377419451e+00 3.155463584503479663e-02 1.330727202905811479e+00 1.433273923447083931e+00 1.404056144817392715e+00 1.818354857570868288e-02 1.377721208745300352e+00 1.430769728691483333e+00
4.726633165829146055e-01 3.917909154943312600e-01 2.472322330475001419e-03 3.884916637426957808e-01 3.948988278725349410e-01 2.888355582978850977e-01 6.765732223217059416e-03 2.802560933390755293e-01 2.999381526459278802e-01 1.366338498935441015e+00 3.040595584356326278e-02 1.324927540456300790e+00 1.407476968200844780e+00 1.394797537892345396e+00 1.835221153252231466e-02 1.372413305838026121e+00 1.425040310621812356e+00
4.776381909547738891e-01 3.931900952296790708e-01 2.248786359026231068e-03 3.900913917707713452e-01 3.961376892869635791e-01 2.879099578763285594e-01 6.336896215672167473e-03 2.812790799907680106e-01 2.986368705365480269e-01 1.362156686946939033e+00 3.266739185427168513e-02 1.306914055335547609e+00 1.399036660422477762e+00 1.386334606759197730e+00 1.657369832088951417e-02 1.363237093278498513e+00 1.413340138607900975e+00
4.826130653266331727e-01 3.945056632148810083e-01 2.230548911530554762e-03 3.915809379272737756e-01 3.978240159889643301e-01 2.875967051909980032e-01 7.209628550976335780e-03 2.797618606784317841e-01 2.992583386194139772e-01 1.361463240091772997e+00 3.348581455696732906e-02 1.302227140496060365e+00 1.410612738683053369e+00 1.377575887280531708e+00 1.694185606306384401e-02 1.349887522340334378e+00 1.403147984202801180e+00
4.875879396984924563e-01 3.957352398575136876e-01 2.254127760468839243e-03 3.927072866453319988e-01 3.992720003117182226e-01 2.861005257656868972e-01 6.886623251739788440e-03 2.761056021495394419e-01 2.982333863756747583e-01 1.355282326269569015e+00 3.360671900100757614e-02 1.298436086664021216e+00 1.398267343362478821e+00 1.369971168568792308e+00 1.480892626824559244e-02 1.343707812428335036e+00 1.393405549264087107e+00
4.925628140703517954e-01 3.967600260969968984e-01 2.392064859521797222e-03 3.937144597216885589e-01 4.002642694664207967e-01 2.846840091954457863e-01 6.884706387166825495e-03 2.739527865581242172e-01 2.974268474873172363e-01 1.353715522369142388e+00 2.784372409645584703e-02 1.307139821694060622e+00 1.387976763123560442e+00 1.359293979360531424e+00 1.457660811312430464e-02 1.332497962684862758e+00 1.383296670019598995e+00
4.975376884422110790e-01 3.979384969518018900e-01 2.423197330100588121e-03 3.947392116096531955e-01 4.025163832463404812e-01 2.831213435862083294e-01 7.691004624972215022e-03 2.715354831583768891e-01 2.958846696436525647e-01 1.349676345031623814e+00 2.968827563707159001e-02 1.301361355371909001e+00 1.387799781293085122e+00 1.351547687546258647e+00 1.273279108149756415e-02 1.329754466399832857e+00 1.373019142690434347e+00
5.025125628140703071e-01 3.992151506999187527e-01 2.715340610851163603e-03 3.958344622793994461e-01 4.045569475807039295e-01 2.816278991868011450e-01 7.436637906289510734e-03 2.720926826567897638e-01 2.943037838152939845e-01 1.347221172896488017e+00 2.310226798448532584e-02 1.302633033333910895e+00 1.376893025856023023e+00 1.346426854272410933e+00 1.187781922448798849e-02 1.326730590022308309e+00 1.365234141095904796e+00
5.074874371859295907e-01 4.003985801609964423e-01 2.732617634290648335e-03 3.973347628778134411e-01 4.058508420146897389e-01 2.802650057521361981e-01 7.518433820011520205e-03 2.698431961741490359e-01 2.935072915113167702e-01 1.344605719805177513e+00 2.538822900660027415e-02 1.298000688134440139e+00 1.382083631303589799e+00 1.339612430921278463e+00 1.231743618658137467e-02 1.318223084027506653e+00 1.354399388338936472e+00
5.124623115577889854e-01 4.016982568260805131e-01 2.543981447819146629e-03 3.984538714785413882e-01 4.063585661994970066e-01 2.796294728730513990e-01 7.348231582540816140e-03 2.698591389822551645e-01 2.925755238728647845e-01 1.341686823250918703e+00 2.103099796314031322e-02 1.302865532612814903e+00 1.371735051559221708e+00 1.332499298301794699e+00 1.107117306979428333e-02 1.315254011544812140e+00 1.348641314415820913e+00
5.174371859296482690e-01 4.030100763069850989e-01 2.662919087990404162e-03 3.999127541845455269e-01 4.075940046169843622e-01 2.781308352840520803e-01 7.740864228132801790e-03 2.684689243541067971e-01 2.928811390512246482e-01 1.334193743756743489e+00 2.143922981579724635e-02 1.291650272806684763e+00 1.366192378871708524e+00 1.325621764105958000e+00 1.083773972942013962e-02 1.306800144895555515e+00 1.341551336069102485e+00
5.224120603015075526e-01 4.040342745900715182e-01 2.376160603541594731e-03 4.011037936175952390e-01 4.083845178205675053e-01 2.763352310286085189e-01 8.140139825711104754e-03 2.654674654368484599e-01 2.929405696305309448e-01 1.329399084233691797e+00 2.120432370916875905e-02 1.294976493423297015e+00 1.369377282507992399e+00 1.318405329065515996e+00 1.049220321045501655e-02 1.298645365721622813e+00 1.334057228599336398e+00
5.273869346733668362e-01 4.052806783697838755e-01 2.395082660955986324e-03 4.026073919680928648e-01 4.099740766479368359e-01 2.749750677121357567e-01 7.955377123197339070e-03 2.633782934461617597e-01 2.933939839434274721e-01 1.325445309332195176e+00 2.415947345041077193e-02 1.287386081305042618e+00 1.367707475105339743e+00 1.311571116186297292e+00 1.172105247957215546e-02 1.287922049075736375e+00 1.330477419923787430e+00
5.323618090452261198e-01 4.065913393500020234e-01 2.511009735677779790e-03 4.032056744214091992e-01 4.119734713321406838e-01 2.732572858900189638e-01 8.186103813175827151e-03 2.613863241920922342e-01 2.915399068966462170e-01 1.324395549936304484e+00 2.332320359553320330e-02 1.290015614449877335e+00 1.365207734115807980e+00 1.303168018526586369e+00 1.198631828481612656e-02 1.281476751263264990e+00 1.326350164076066207e+00
5.373366834170854034e-01 4.078452991283871287e-01 2.582609582652810147e-03 4.044288650906730509e-01 4.133314982870544552e-01 2.729314932446014197e-01 8.800084641861485521e-03 2.616896274020862334e-01 2.922769299357801942e-01 1.319404861654360328e+00 2.225820234184138630e-02 1.288362331382789439e+00 1.357897095221665795e+00 1.295786056068825243e+00 1.356019734861197909e-02 1.273938576358941033e+00 1.324392850085069906e+00
5.423115577889447980e-01 4.094364985591523731e-01 2.484501058200505683e-03 4.058949788875859666e-01 4.146956922827507719e-01 2.719069766432728463e-01 9.569973234788621552e-03 2.610701952253791092e-01 2.930008035257132271e-01 1.317797872022914873e+00 2.187512367619726464e-02 1.286352638858438979e+00 1.362195531135886206e+00 1.290099774062830829e+00 1.361217715900168469e-02 1.269081915661891768e+00 1.318215600075540506e+00
5.472864321608040816e-01 4.106628920132577854e-01 2.522908580572848398e-03 4.072217357914295621e-01 4.156003300059857852e-01 2.707455392029188834e-01 1.006127346108305100e-02 2.580268840953775511e-01 2.917766234844768047e-01 1.314136754620266689e+00 1.973401661060925766e-02 1.284410335966003736e+00 1.355553405872971462e+00 1.282614121753532510e+00 1.214254009422356673e-02 1.262305040483664653e+00 1.303467747171236146e+00
5.522613065326633652e-01 4.120412182936853407e-01 2.620334491226021870e-03 4.081922075730121113e-01 4.168384422490896690e-01 2.694026095461957704e-01 1.010468211319242617e-02 2.568978829980765877e-01 2.898317656505313700e-01 1.308309249201081492e+00 1.687720002869331701e-02 1.280969777743726556e+00 1.345514012863439524e+00 1.275327941325687053e+00 1.208186693608177993e-02 1.252877702111731884e+00 1.292645805036358508e+00
5.572361809045226488e-01 4.132869596445137295e-01 2.563666255180510438e-03 4.095659346601205342e-01 4.180101185901647920e-01 2.682453385509991906e-01 9.706599950559842427e-03 2.566993966176535080e-01 2.870623729396616919e-01 1.300538520796523878e+00 1.752020457755939717e-02 1.278221278235584180e+00 1.341195862613738354e+00 1.269459846743338227e+00 1.153583469505986038e-02 1.250229391890408159e+00 1.288376135289246660e+00
5.622110552763819324e-01 4.145688557418060749e-01 2.368496413728978477e-03 4.104883598648477738e-01 4.185905357132773119e-01 2.670646043670367176e-01 8.997161364493523952e-03 2.563342469663277834e-01 2.855426975684745017e-01 1.288976626559679595e+00 2.192725438161338344e-02 1.263316531084399008e+00 1.336171289160053677e+00 1.261812707817614676e+00 1.174596269774023406e-02 1.241763006338729491e+00 1.281627097075132005e+00
5.671859296482412161e-01 4.156741297417571035e-01 2.430475211724096671e-03 4.116147973795035164e-01 4.200563735631110962e-01 2.649566182422251615e-01 8.206137033283071244e-03 2.532618187575689794e-01 2.813218261644553908e-01 1.283940469872458134e+00 2.534009604051250600e-02 1.252187756748192049e+00 1.334057643293629969e+00 1.256396045173584497e+00 1.039954347887860411e-02 1.237609290889680302e+00 1.275745557419321718e+00
5.721608040201004997e-01 4.167010582328464219e-01 2.355221059248069349e-03 4.124496522255421960e-01 4.204652713020506360e-01 2.627868670072610602e-01 8.306353436987157224e-03 2.494503330477264580e-01 2.789990130598400953e-01 1.275298699476229869e+00 2.874823513970346800e-02 1.239868616366075704e+00 1.333125485243391140e+00 1.250923684484109621e+00 1.024698993708367256e-02 1.233237089250194263e+00 1.269901039346508886e+00
5.771356783919597833e-01 4.177107883734321736e-01 2.040559218600633638e-03 4.137400572945307831e-01 4.212554338129963494e-01 2.614966918713034771e-01 8.755217215975944628e-03 2.460296796338893588e-01 2.768990599508067696e-01 1.265740037507261606e+00 2.915908919646061775e-02 1.236106209407032086e+00 1.331577008554740482e+00 1.244878461022763450e+00 1.104362003541577326e-02 1.224664588866549053e+00 1.266101623328854897e+00
5.821105527638190669e-01 4.186990898884502821e-01 2.125438925629025578e-03 4.146511245985232130e-01 4.219586120277474262e-01 2.598020759457828621e-01 9.115661414062944251e-03 2.449739899935891863e-01 2.771116631365448391e-01 1.260107935011316238e+00 3.078794039830177673e-02 1.229125949833334230e+00 1.334497963242257557e+00 1.240316869050896775e+00 1.025660296341839375e-02 1.220805742706201791e+00 1.256887889616100873e+00
5.870854271356784615e-01 4.196376962378064457e-01 1.850756211167117055e-03 4.164916774770180963e-01 4.227140970794122099e-01 2.582443452036694564e-01 8.966801506342145234e-03 2.427198663001544909e-01 2.749026335518451880e-01 1.250248708866757763e+00 3.082375176327458582e-02 1.220480518461352526e+00 1.323530879921157366e+00 1.235007314664679612e+00 9.000986281483047691e-03 1.216683081654014842e+00 1.246730511144938047e+00
5.920603015075377451e-01 4.210055702560341895e-01 1.820077220749724079e-03 4.177417511407395256e-01 4.237863057807664258e-01 2.572079489660140661e-01 8.948822560307941043e-03 2.415233070079159938e-01 2.734272790976580714e-01 1.242649998181333038e+00 3.259794261220541611e-02 1.209028935717953779e+00 1.323118296826089946e+00 1.228206855024487121e+00 1.018804206525903908e-02 1.205117614378124591e+00 1.241086266854401599e+00
5.970351758793970287e-01 4.218396185121087716e-01 1.877475635318866720e-03 4.185502130494532236e-01 4.244595788516299373e-01 2.554060287876764868e-01 8.771748262681166100e-03 2.412298566087596741e-01 2.715285453247309189e-01 1.231702144265927057e+00 3.098913065146094090e-02 1.196477146651730772e+00 1.303448021063189355e+00 1.223835961066271905e+00 9.548259021876273275e-03 1.203444121939297284e+00 1.236180293018964038e+00
6.020100502512563123e-01 4.228217932815344637e-01 2.015822387097950062e-03 4.198384677062426684e-01 4.258116126638598620e-01 2.542199904301693514e-01 8.364466881372002380e-03 2.412188455282003319e-01 2.705710157586162512e-01 1.226353308114727092e+00 2.780026969874261136e-02 1.198014935624705402e+00 1.291993275340525660e+00 1.218186272430700878e+00 8.457881540032992709e-03 1.200779219081395066e+00 1.231159155762736157e+00
6.069849246231155959e-01 4.236557871030632860e-01 1.827427807021333615e-03 4.208275521895311067e-01 4.265446017213909147e-01 2.528076649060193026e-01 8.395312232167112185e-03 2.401564930139832021e-01 2.696332692764272232e-01 1.220995735771795321e+00 2.731294119919600721e-02 1.188082382265688519e+00 1.272434751244217566e+00 1.213618135574893397e+00 8.493931573948714647e-03 1.195555499299632007e+00 1.229100406668254708e+00
6.119597989949748795e-01 4.243117161263246784e-01 1.683050104328138096e-03 4.218105501689752290e-01 4.265927276731763529e-01 2.507107661124384212e-01 7.474336052721587340e-03 2.393330522079137324e-01 2.654704666623942111e-01 1.214205837780076180e+00 2.487352211786984443e-02 1.184459847313406256e+00 1.261979918486534125e+00 1.208563909360816258e+00 9.721423730043272232e-03 1.187419379899242955e+00 1.225860886821816376e+00
6.169346733668341631e-01 4.251350728001956902e-01 1.515127445751377009e-03 4.229496558695572395e-01 4.273792889172240428e-01 2.489046919537445390e-01 7.359246273900303323e-03 2.370283844064403067e-01 2.631275687177093148e-01 1.205584678750546423e+00 2.333228705445003839e-02 1.174925363016534163e+00 1.251955344385961677e+00 1.204066943949237078e+00 1.023057990607548033e-02 1.180784431083256925e+00 1.220917822577027856e+00
6.219095477386934467e-01 4.258918145232394314e-01 1.195156181326988533e-03 4.245036556899584035e-01 4.283979067587866951e-01 2.473279125336231010e-01 6.798289696184917769e-03 2.357009768620809409e-01 2.593361725057403144e-01 1.194507054374601474e+00 2.490139242887542265e-02 1.164629057374333421e+00 1.245526641589041139e+00 1.199412847940483307e+00 1.046674174604397822e-02 1.176646712109284287e+00 1.216365598652940472e+00
6.268844221105528414e-01 4.269608075905219069e-01 1.472265054707935826e-03 4.250534566121020874e-01 4.298989029210197321e-01 2.461088539532730324e-01 7.474173577716834195e-03 2.321735274083168987e-01 2.581637903906726095e-01 1.186031885133344232e+00 2.412565994729405638e-02 1.151299747343150104e+00 1.237958789307985752e+00 1.195451469775734576e+00 1.081950045386476794e-02 1.169896465863035973e+00 1.211092092937707365e+00
6.318592964824121250e-01 4.277366951270155648e-01 1.475374433470869008e-03 4.256776759098266916e-01 4.304060256851092725e-01 2.450028556815250780e-01 7.403805376017881176e-03 2.308087591170436270e-01 2.570093173141760334e-01 1.177224384009683877e+00 2.731967784704525740e-02 1.141258386359125909e+00 1.234712665813171073e+00 1.191353544825343835e+00 9.262405256503146445e-03 1.169745255940949802e+00 1.206728008290008924e+00
6.368341708542714086e-01 4.286882839805955525e-01 1.289677187444218274e-03 4.268696290053266562e-01 4.306842997460954559e-01 2.436339275351177280e-01 6.834347049417289002e-03 2.300023589840981819e-01 2.545866307872816647e-01 1.164943863789328349e+00 2.638210469016044959e-02 1.126233728248056787e+00 1.224954934065170198e+00 1.186147042591261025e+00 9.852734460810088149e-03 1.164408677000910552e+00 1.201239586380543400e+00
6.418090452261306922e-01 4.296267987802807609e-01 1.352514115939563262e-03 4.272868366402880480e-01 4.318274828879793970e-01 2.429149984766417469e-01 6.790149923869203893e-03 2.297695572098297501e-01 2.542951557754518088e-01 1.153614895911090343e+00 2.777784360661113977e-02 1.114611259658903952e+00 1.218976714359927271e+00 1.181987440662139344e+00 9.259401671701601028e-03 1.164459089853795426e+00 1.197437813996251155e+00
6.467839195979899758e-01 4.308138848552246492e-01 1.453675105450892785e-03 4.283835958227923402e-01 4.333366102525299524e-01 2.412188104688411383e-01 6.695496320393269640e-03 2.281622844635417813e-01 2.520714066702613443e-01 1.142894035924434615e+00 2.633527058337402707e-02 1.107594466429861146e+00 1.204671210673812665e+00 1.177207696425041750e+00 7.912624811167362493e-03 1.162754892628021564e+00 1.189289929842851423e+00
6.517587939698492594e-01 4.316970324883591670e-01 1.521367762568051705e-03 4.293142109416934749e-01 4.338264688887089049e-01 2.400954546839758064e-01 6.552889759736400636e-03 2.270371471062625213e-01 2.500002456143010088e-01 1.134576132135317161e+00 2.494373143791907624e-02 1.101877335875902197e+00 1.190804317243633337e+00 1.174258908263254852e+00 9.334903676132582512e-03 1.156660754458644025e+00 1.187746393224958785e+00
6.567336683417085430e-01 4.324807730648686510e-01 1.666480081240952899e-03 4.298789773408740467e-01 4.349831058989098720e-01 2.387961414001034122e-01 6.208019734084918237e-03 2.262244673490111102e-01 2.478793341498471692e-01 1.125370745333892808e+00 2.452995181471528258e-02 1.086759221564420397e+00 1.182514000314080826e+00 1.170680240376284598e+00 8.777510301647268448e-03 1.155289695110785608e+00 1.183585492875281364e+00
6.617085427135678266e-01 4.332940530794015532e-01 1.865097424804972688e-03 4.300791741695894621e-01 4.362824476397532125e-01 2.367388908638292100e-01 6.661701666533045678e-03 2.227018077695366027e-01 2.468230587113113550e-01 1.114650539127628681e+00 2.303418974609414485e-02 1.078930615529491321e+00 1.167339653027107627e+00 1.166797059834875139e+00 7.976358139603637043e-03 1.152872696088234949e+00 1.176724679962632747e+00
6.666834170854271102e-01 4.340013281000677514e-01 1.739019192482738584e-03 4.311715083847306174e-01 4.368416959449934467e-01 2.346621862949250237e-01 6.843454662450655646e-03 2.212114539159820426e-01 2.449664091592464177e-01 1.105257097385912601e+00 2.269009117163256137e-02 1.074337479424880559e+00 1.159321952824792001e+00 1.164473915127218984e+00 7.513170733003200243e-03 1.148863344442874634e+00 1.174148314151502115e+00
6.716582914572865048e-01 4.350929758673084957e-01 1.731796296139639577e-03 4.325763229838595625e-01 4.381168897158623787e-01 2.322459950838301757e-01 6.694576882872559608e-03 2.188958377627358565e-01 2.436282071307302455e-01 1.094734201937456630e+00 2.082486840003175410e-02 1.065847033281149159e+00 1.143966971095828455e+00 1.161139633832593443e+00 5.886264025037276498e-03 1.147077078346223855e+00 1.168694693000136731e+00
6.766331658291457885e-01 4.357355380506431897e-01 1.745931591736982810e-03 4.333667984079750957e-01 4.389165243019987339e-01 2.306082213574092710e-01 6.572032646161859483e-03 2.178877505614613963e-01 2.421053837216596005e-01 1.084697118467451427e+00 2.278472673595279691e-02 1.048306138723698044e+00 1.135222927697225659e+00 1.157283410739322393e+00 5.484666719936476774e-03 1.144235454296183896e+00 1.163305799999162060e+00
6.816080402010050721e-01 4.364201472879775112e-01 1.692901152489628908e-03 4.343121652096239571e-01 4.395385328741348574e-01 2.292809977675507871e-01 6.482479188854388917e-03 2.169946181198662838e-01 2.414058830370278963e-01 1.074268886001137124e+00 2.469282935214641220e-02 1.034606491793629068e+00 1.125665394511973227e+00 1.153384688748703590e+00 5.277908980281042529e-03 1.140967728309370210e+00 1.158455955557565975e+00
6.865829145728643557e-01 4.376183590808590540e-01 1.819260909422053133e-03 4.354987906415019316e-01 4.408463303013685497e-01 2.283204328805837624e-01 6.524663060640228072e-03 2.163317245540011813e-01 2.404366922003662310e-01 1.063362662294640382e+00 2.381296983729948996e-02 1.029434931739763748e+00 1.115128638666550431e+00 1.149288583437412026e+00 5.030900152869677462e-03 1.137659826941004759e+00 1.154790203662206416e+00
6.915577889447236393e-01 4.386005073081150063e-01 1.870069536398884322e-03 4.364507234040174155e-01 4.416239476905993167e-01 2.273058286313111298e-01 6.126800885481019192e-03 2.158024684417501893e-01 2.384989483652175946e-01 1.054644964434830801e+00 2.122374201858783296e-02 1.025482755136640778e+00 1.100298753627734660e+00 1.145735939783647073e+00 5.996306875446596150e-03 1.131939712031872824e+00 1.155353362080328683e+00
6.965326633165829229e-01 4.394322824766240254e-01 1.861812145805916835e-03 4.370609895042538717e-01 4.422308535393106865e-01 2.257941118775061984e-01 5.896075794773890551e-03 2.157934695297244465e-01 2.347455745369742552e-01 1.042010161534590251e+00 2.669704099632303970e-02 1.003647680884932836e+00 1.098493082163649825e+00 1.141871838467153122e+00 6.135818859247253558e-03 1.129540146967337622e+00 1.150991105817582127e+00
7.015075376884422065e-01 4.403917143976890936e-01 1.781605361099063752e-03 4.380975573473704920e-01 4.435818996825847127e-01 2.237017897847197179e-01 5.481390194303404143e-03 2.133650252774600964e-01 2.304887108413619656e-01 1.032863931821651260e+00 2.549313857519569168e-02 9.953401734269353707e-01 1.086929000774540022e+00 1.138136719272984099e+00 5.388423400268288824e-03 1.127693576569923861e+00 1.146630373559690108e+00
7.064824120603014901e-01 4.411370338054073637e-01 1.883428635916829103e-03 4.391184518605208975e-01 4.441141445318594894e-01 2.223733929919910202e-01 5.229702076737002304e-03 2.124320952787937811e-01 2.296761604402099977e-01 1.024221511920036631e+00 2.585380997995351260e-02 9.808944173232687636e-01 1.078811805381604039e+00 1.134188427571372726e+00 5.603019643475988520e-03 1.123064500763369500e+00 1.141116977901926344e+00
7.114572864321608847e-01 4.418620263633691314e-01 1.804232015721927681e-03 4.400774433103498140e-01 4.449205996000858421e-01 2.209530896107938513e-01 5.739510073993083980e-03 2.092464765732165166e-01 2.289485991469344672e-01 1.012957906692682375e+00 2.512506195692066138e-02 9.722298520293526369e-01 1.066369602375620174e+00 1.130960332634186383e+00 4.747668399851611050e-03 1.121475906450865923e+00 1.136365994591010509e+00
7.164321608040201683e-01 4.426337710036872819e-01 1.870668615958230845e-03 4.403658363750254101e-01 4.460629899679620647e-01 2.192868787333432101e-01 5.938620747238546570e-03 2.052646577161826302e-01 2.268196094817344632e-01 1.002975042404927519e+00 2.622551875335491292e-02 9.605314362083852142e-01 1.057130251847798075e+00 1.127291568793529652e+00 4.969782038662994526e-03 1.117065640279656158e+00 1.136031776050475672e+00
7.214070351758794519e-01 4.433963801692124562e-01 1.673888158903038409e-03 4.413193457426149990e-01 4.459888164527678889e-01 2.178768168541516670e-01 5.907424581908217454e-03 2.041951540353606209e-01 2.254756692226523862e-01 9.918403175031750285e-01 2.911095268364961505e-02 9.490191039979846144e-01 1.053518003714463136e+00 1.124754006016259966e+00 4.943097131173049448e-03 1.114532853795437983e+00 1.133646190025501932e+00
7.263819095477387355e-01 4.441547481952148324e-01 1.534750398641886518e-03 4.418417169617046003e-01 4.464404298954733896e-01 2.166880528154876140e-01 5.555486965297072414e-03 2.045840639303505015e-01 2.243198537799641346e-01 9.815944469766044733e-01 2.889905544179200911e-02 9.400597856997366941e-01 1.036841102251550906e+00 1.122246123281917640e+00 3.985031999412491123e-03 1.113645470044964281e+00 1.129402065274920597e+00
7.313567839195980191e-01 4.448960015364710752e-01 1.463173845766204588e-03 4.426749597223909594e-01 4.469728400179793781e-01 2.151868897869439468e-01 5.131698985415711345e-03 2.041878308667131325e-01 2.214510084393956912e-01 9.706735892015518896e-01 3.055916380789765532e-02 9.243269566626931555e-01 1.035408206662772113e+00 1.119450142935281001e+00 3.984550548162839670e-03 1.112618069637669294e+00 1.126672319707977765e+00
7.363316582914573027e-01 4.455334905375399890e-01 1.413363673644656929e-03 4.426177804467182342e-01 4.474617034081017630e-01 2.135409441865418201e-01 4.884940414513150309e-03 2.039783370489270387e-01 2.204498074489299742e-01 9.598914791977104510e-01 3.324476707451131524e-02 9.103846278455981489e-01 1.029848407704437641e+00 1.116294714018313261e+00 3.454879832021288347e-03 1.111063868974439650e+00 1.121271157976701183e+00
7.413065326633165864e-01 4.460698925506859647e-01 1.462295881428724237e-03 4.428648781308328064e-01 4.480140595309382578e-01 2.121283707515138062e-01 4.910518192412558110e-03 2.025880734204799360e-01 2.193166786709009330e-01 9.461337300658924088e-01 3.259929049117369498e-02 8.992691509051183862e-01 1.011798297340729791e+00 1.112900930322708204e+00 3.967925847296114097e-03 1.105926701774996967e+00 1.117303758420911342e+00
7.462814070351758700e-01 4.467825030951080301e-01 1.760177431128528416e-03 4.435678753133363572e-01 4.493321664877450994e-01 2.099973245141414091e-01 5.078901163016947412e-03 2.009486762063191490e-01 2.169288641169811183e-01 9.367666095399215243e-01 3.418645721093036688e-02 8.872872143762569053e-01 1.004873224357125450e+00 1.109849998166450025e+00 4.238436317202397968e-03 1.101975002039454088e+00 1.115392975820325150e+00
7.512562814070351536e-01 4.473955098914431661e-01 1.741788940759055266e-03 4.442379641302315330e-01 4.497342262826470871e-01 2.084164867521530462e-01 4.770194802297883681e-03 2.002889901155697761e-01 2.144755641873697938e-01 9.252253504959726538e-01 3.138392970499064710e-02 8.783521340122016907e-01 9.865817077902250265e-01 1.106236768689013550e+00 4.951053693818796217e-03 1.096636155539028712e+00 1.112758905700236056e+00
7.562311557788945482e-01 4.479321442982978629e-01 1.706020663790090101e-03 4.451355800684955177e-01 4.502890570978095863e-01 2.067764927828677768e-01 4.821197602757965224e-03 1.991526238978774954e-01 2.134008402302345897e-01 9.137124392179873933e-01 3.011916676376016205e-02 8.662517606342782228e-01 9.686827926787501264e-01 1.102611712419158341e+00 4.087873572912734295e-03 1.094288745724848688e+00 1.107753087990410501e+00
7.612060301507538318e-01 4.486644860031027138e-01 1.483362277598588002e-03 4.464186565942973028e-01 4.508859359532549349e-01 2.054269892040600509e-01 5.144458196463136748e-03 1.956007178865427354e-01 2.125371666308307206e-01 9.002780843811721834e-01 2.980854297548339929e-02 8.576972535130615860e-01 9.532962356840248841e-01 1.099863635475955004e+00 4.892362924412453629e-03 1.091338090756089230e+00 1.106423233730390310e+00
7.661809045226131154e-01 4.492517872592274308e-01 1.421536238020051088e-03 4.470412237377890952e-01 4.515867212067328773e-01 2.041823653589248944e-01 5.092013204114139054e-03 1.949075891368270974e-01 2.116415837542245659e-01 8.895056006408118554e-01 3.089342563030056735e-02 8.459340603973070083e-01 9.422554279919653775e-01 1.096401449803412476e+00 4.615384186018664167e-03 1.088413834128684421e+00 1.103137623107552923e+00
7.711557788944723990e-01 4.499315320630886683e-01 1.410830576279822109e-03 4.479546371073137023e-01 4.527854236248247122e-01 2.023831189878528281e-01 5.145239913425084070e-03 1.925101248887946259e-01 2.099763549558559261e-01 8.756081478982258304e-01 3.002495459272541342e-02 8.351317375023684653e-01 9.299777685166874530e-01 1.091841426171571650e+00 4.585912336720206553e-03 1.085121408025589318e+00 1.100906225919786818e+00
7.761306532663316826e-01 4.503376082442917538e-01 1.749109831668007242e-03 4.479593025270601769e-01 4.536374296370494497e-01 2.010294940289517884e-01 4.727111399246610585e-03 1.922775577247156364e-01 2.088948087517460972e-01 8.639122204267971616e-01 3.002682534893616820e-02 8.211520689801469208e-01 9.174638899492425503e-01 1.088920851557011682e+00 3.460652237168520759e-03 1.083568641356744910e+00 1.094708050733689486e+00
7.811055276381909662e-01 4.509799034587183009e-01 1.594951904825691420e-03 4.487391259739387239e-01 4.538927124384189438e-01 1.995712151563075187e-01 4.461371112724221884e-03 1.914751024661811574e-01 2.075614964644918736e-01 8.524467675655156285e-01 3.264621160047515014e-02 8.072514258596285019e-01 9.116468321017490162e-01 1.085483924676910794e+00 3.265676370241327522e-03 1.079220970205180929e+00 1.092097685104858273e+00
7.860804020100502498e-01 4.512591904107819407e-01 1.536925336129889947e-03 4.489808286499017420e-01 4.537563782104006016e-01 1.980482916363270895e-01 4.356378992598809730e-03 1.900035046508650183e-01 2.053000296259531177e-01 8.408803452809381351e-01 3.031822613092906987e-02 7.997437731691301455e-01 8.919857703300312357e-01 1.083004286425722329e+00 3.650848213175505400e-03 1.076185980127460917e+00 1.090862494851400522e+00
7.910552763819095334e-01 4.518269249779699459e-01 1.575612685894366800e-03 4.495055940901547253e-01 4.539909754536835540e-01 1.972868041616077373e-01 4.249117582495678599e-03 1.897037981952156283e-01 2.039953154268924485e-01 8.274938512839437044e-01 3.065105341247865642e-02 7.873419597426779548e-01 8.838680506655165470e-01 1.080291813898282438e+00 3.263332363578049043e-03 1.075255336407950679e+00 1.087708319540952040e+00
7.960301507537689281e-01 4.523018408714428729e-01 1.657872463402071178e-03 4.496944525799961290e-01 4.544177804544438648e-01 1.959900910400978469e-01 4.172806410457393159e-03 1.892867698541780830e-01 2.032497000051881331e-01 8.126774674687531341e-01 2.566209794005330780e-02 7.786028073214239509e-01 8.601120192910274298e-01 1.077389935091863205e+00 3.188216541113501890e-03 1.073486225516620429e+00 1.084551230190911042e+00
8.010050251256282117e-01 4.527655077190831934e-01 1.819662468502767499e-03 4.498307528212894812e-01 4.548680418970988404e-01 1.944418961137089896e-01 4.079561733595189581e-03 1.875343399681325685e-01 2.023276240813199067e-01 8.017914806941283112e-01 2.329394979100004454e-02 7.701590452273294751e-01 8.443366178317646131e-01 1.074063612011269653e+00 3.742731163481251549e-03 1.068177905361057389e+00 1.080967993497948365e+00
8.059798994974874953e-01 4.533988243726078116e-01 1.611444090391157954e-03 4.508368100469850037e-01 4.556288518351347405e-01 1.932434392653289978e-01 4.104783023858633688e-03 1.869437301920133521e-01 2.011075403782231485e-01 7.906469855311056838e-01 2.287239258722745250e-02 7.607762387756811240e-01 8.280023667763599660e-01 1.071379079669861234e+00 3.500106028155373222e-03 1.066702637052832303e+00 1.078158901568889716e+00
8.109547738693467789e-01 4.539973105157594224e-01 1.624964398850126113e-03 4.515180976998464657e-01 4.559388479156925023e-01 1.915570862084488013e-01 4.332203128302317303e-03 1.848888802567013323e-01 1.998442629189604025e-01 7.789653964510971917e-01 2.484340986781546565e-02 7.490624200040589820e-01 8.208958175915789246e-01 1.068014419480155075e+00 3.566717608315275387e-03 1.062509221993450881e+00 1.074607735959219434e+00
8.159296482412060625e-01 4.545271501160795813e-01 1.816084500572399214e-03 4.515687073700859755e-01 4.566647455202355599e-01 1.906318505992337653e-01 4.111162077308068603e-03 1.848190466536613619e-01 1.982523877581945648e-01 7.671470049014461612e-01 2.391357232750497899e-02 7.390271336906879540e-01 8.065354953865974119e-01 1.065621238050072916e+00 3.083444829056316509e-03 1.061447214019671570e+00 1.070998465769029240e+00
8.209045226130653461e-01 4.548694620612455108e-01 1.727341337776569594e-03 4.524124803440177645e-01 4.573162651311447058e-01 1.894992772895111310e-01 3.837883486572694295e-03 1.841844263114692237e-01 1.971430411364399615e-01 7.575272531941817933e-01 2.496928208252932949e-02 7.303418704462791844e-01 7.965032696830193215e-01 1.063289620545786240e+00 3.379420832953049150e-03 1.056999692670415270e+00 1.066998055947042667e+00
8.258793969849246297e-01 4.549445448135127634e-01 1.924963674250701733e-03 4.517437100769061686e-01 4.576816279500423579e-01 1.881448242131096571e-01 4.217912759097740272e-03 1.834150334210203903e-01 1.959657498526363451e-01 7.464305227563334810e-01 2.645499271353751389e-02 7.141289516720106256e-01 7.869091102758781764e-01 1.060419041779697036e+00 3.678919420893744883e-03 1.053872993207779496e+00 1.064213531881844643e+00
8.308542713567839133e-01 4.552813565995523781e-01 1.967523831919783164e-03 4.516909940894250353e-01 4.583107669726846356e-01 1.870791803867704328e-01 4.607329269282277318e-03 1.814683850526164210e-01 1.961162208031814735e-01 7.350090091931644753e-01 2.630710646886703225e-02 7.021664813409241868e-01 7.777489092662596137e-01 1.057923395949809109e+00 3.739519085153927055e-03 1.050990061807911768e+00 1.063131647624612208e+00
8.358291457286431969e-01 4.554064209219477743e-01 2.110539652915048667e-03 4.518404407601846473e-01 4.582934167791437030e-01 1.851432790176552046e-01 4.110662782496587661e-03 1.799296953851946823e-01 1.940135761138364334e-01 7.224962603899984792e-01 2.597401053332252380e-02 6.901631929553647682e-01 7.669587238294767184e-01 1.055154013737521268e+00 3.188096750831784839e-03 1.049837324339859768e+00 1.059228476520405415e+00
8.408040201005025915e-01 4.556403429232218083e-01 1.684050838088564346e-03 4.524297627017138668e-01 4.577279137568738276e-01 1.834787329691072166e-01 3.860250260906280921e-03 1.789355912914075142e-01 1.926472935806445297e-01 7.121461431825921728e-01 2.613292961147154966e-02 6.803915750487347092e-01 7.596467684392359532e-01 1.052113080025530945e+00 3.067222270046190361e-03 1.045783244111330834e+00 1.056014590028476086e+00
8.457788944723618751e-01 4.559162493299958596e-01 1.285376520566984017e-03 4.532714597350315788e-01 4.575057486540048957e-01 1.820992940020136341e-01 4.120545689937136699e-03 1.780238015198250257e-01 1.916759122913365143e-01 7.004674198104282601e-01 2.526812187389444395e-02 6.673679088711481633e-01 7.480453664582614737e-01 1.049538283644016357e+00 2.917524463124817908e-03 1.044220815240290090e+00 1.055044233732747916e+00
8.507537688442211588e-01 4.561471940927758761e-01 1.127206015059631665e-03 4.537635621320439405e-01 4.575919944824026198e-01 1.800719256920537137e-01 4.559287794335698321e-03 1.745218223804515245e-01 1.898502465648080895e-01 6.893983756082471270e-01 2.478002927532509808e-02 6.599173194419836186e-01 7.376017116793464057e-01 1.046848097124374988e+00 3.321535769837779487e-03 1.042252668326875575e+00 1.052800899847437410e+00
8.557286432160804424e-01 4.563604645185387332e-01 1.252389951046814888e-03 4.533878338622194248e-01 4.584267313069912420e-01 1.785277841495342133e-01 4.511247670792261494e-03 1.720294828528752262e-01 1.866341063343156803e-01 6.779067736625952190e-01 2.412652783642787666e-02 6.509448506048783889e-01 7.234893005519504872e-01 1.044136270314487636e+00 4.078845613171949193e-03 1.038466940626658674e+00 1.051016980104684251e+00
8.607035175879397260e-01 4.566355847635572007e-01 1.087696840813952509e-03 4.539026762178889896e-01 4.582568446738294332e-01 1.767300900660684626e-01 4.201580128655569603e-03 1.706839169921181842e-01 1.833083686166117610e-01 6.662677205490845633e-01 2.290234935084885237e-02 6.398784564403914299e-01 7.105982413954006205e-01 1.040913201258886644e+00 3.330489603117073923e-03 1.036003353385913650e+00 1.045897179548601397e+00
8.656783919597990096e-01 4.566098806996233828e-01 1.284332092417427452e-03 4.543224748843567307e-01 4.581322086158045037e-01 1.749429069453578012e-01 4.067926012453042424e-03 1.691083338174626527e-01 1.830383616805887625e-01 6.552462355193203747e-01 2.197076440880006004e-02 6.267145108518744623e-01 6.961305964555725145e-01 1.038392780513731406e+00 3.539785554213490792e-03 1.033775444050403003e+00 1.044050285321368232e+00
8.706532663316582932e-01 4.568259196004726408e-01 1.388470780325726499e-03 4.540849460547127237e-01 4.587777404803582981e-01 1.733957158806970211e-01 3.869370965758523080e-03 1.674873309789783604e-01 1.798743510179089955e-01 6.423857854355558006e-01 2.137605154126776680e-02 6.163591908272609832e-01 6.842607034508321195e-01 1.034930924938080921e+00 3.941546386669201631e-03 1.029478397289920188e+00 1.040835391733671011e+00
8.756281407035175768e-01 4.572694301308224962e-01 1.415630863925610708e-03 4.544123046473357297e-01 4.595405867666936817e-01 1.717552831378209022e-01 3.582507034334032111e-03 1.665371681530892489e-01 1.777143174067094544e-01 6.313041556788097086e-01 1.917482540170742725e-02 6.053331447904429785e-01 6.664781036374799461e-01 1.031778098516193731e+00 3.821316575620499999e-03 1.026547004477111225e+00 1.036629355873152747e+00
8.806030150753769714e-01 4.575672623365173441e-01 1.412338261362162560e-03 4.548466946968210967e-01 4.596345667452219064e-01 1.700261804947094668e-01 3.520470805550294374e-03 1.644758394673040691e-01 1.758343288506785951e-01 6.208516425846261066e-01 2.037144178169174660e-02 5.956601939720704841e-01 6.604595548434736285e-01 1.028463537542947170e+00 3.765734817882458122e-03 1.022534566885930474e+00 1.034615076909088049e+00
8.855778894472362550e-01 4.578005798124392678e-01 1.235423125358042122e-03 4.551461643258380430e-01 4.596647556007496527e-01 1.687344148288885404e-01 3.387975854845993139e-03 1.638057557126756936e-01 1.747257372043846124e-01 6.106034585467867704e-01 1.937379032433731926e-02 5.865166481587785752e-01 6.472308439454651507e-01 1.025099300438235828e+00 3.679183178870107027e-03 1.019385329889383129e+00 1.030232739664847408e+00
8.905527638190955386e-01 4.579300083408767152e-01 1.148572225882942607e-03 4.557159943150906889e-01 4.595516874022997911e-01 1.674009100792455684e-01 3.312427215282946150e-03 1.629924942233332563e-01 1.743758694267538156e-01 6.000215841996249244e-01 1.844204226713588163e-02 5.773332919909578420e-01 6.324584052851105476e-01 1.022434553005673985e+00 3.240840905240711858e-03 1.017815647939934287e+00 1.026007419368832885e+00
8.955276381909548222e-01 4.580538232780489993e-01 9.759369513180287488e-04 4.561415292200775018e-01 4.596106673266801002e-01 1.660007538745217337e-01 3.179393600102928263e-03 1.608502380691823608e-01 1.728342043148194673e-01 5.895090330345551521e-01 1.811046735046890205e-02 5.662202739359134540e-01 6.195022793296695029e-01 1.019197200105028012e+00 4.078779116345687683e-03 1.014047556313525833e+00 1.025651040455602736e+00
9.005025125628141058e-01 4.582544896416393954e-01 1.036351711235546178e-03 4.559306506008065640e-01 4.595890479239759241e-01 1.645032268437768841e-01 3.387295548374755563e-03 1.581630293103478135e-01 1.715966948464758279e-01 5.788125880307686266e-01 1.740999385455324622e-02 5.527028000714786504e-01 6.066732061449099378e-01 1.014701389371314599e+00 4.378091683314155012e-03 1.007678454603436080e+00 1.020247314754473056e+00
9.054773869346733894e-01 4.580622765808523011e-01 8.361757971791115504e-04 4.561457670787936736e-01 4.588960400671829865e-01 1.630348510081423841e-01 3.231791911909622818e-03 1.574143587103790931e-01 1.694425664706966650e-01 5.680818147842957577e-01 1.679992675178348591e-02 5.445171634056856780e-01 6.009836177780752964e-01 1.011537204831029602e+00 4.734010939764713398e-03 1.003787036146943645e+00 1.017921235205516473e+00
9.104522613065326730e-01 4.577955209002260162e-01 1.015122913202558957e-03 4.552824360457712327e-01 4.591971608315405518e-01 1.618164901862590987e-01 2.803787338556369430e-03 1.563864668776453193e-01 1.675979439966715501e-01 5.560833323105083270e-01 1.510588979755984884e-02 5.336397126179031059e-01 5.829806924790025269e-01 1.007740104333611386e+00 3.746556972963679521e-03 1.001257437668875427e+00 1.013664098454021056e+00
9.154271356783919567e-01 4.576676901321075630e-01 1.130791157948541747e-03 4.547018080159353492e-01 4.592421450913592440e-01 1.600610680625913773e-01 2.792109146329076110e-03 1.541146874462009375e-01 1.655305470312601057e-01 5.457208921430475312e-01 1.397526992443214391e-02 5.278619959062522682e-01 5.703654946615486221e-01 1.004355187162800922e+00 3.319114281925173490e-03 9.979913370112207804e-01 1.009082566341406251e+00
9.204020100502512403e-01 4.576333750411468171e-01 1.309787443068017362e-03 4.540610702424569545e-01 4.591766012313835965e-01 1.588591298387216355e-01 2.598881182932918747e-03 1.528418565361188697e-01 1.631925925294955282e-01 5.348512331155694799e-01 1.252064290879202971e-02 5.186618511616835070e-01 5.563238662243565891e-01 1.000513337521167667e+00 2.199483142869583692e-03 9.951938278818776018e-01 1.003440587487988145e+00
9.253768844221106349e-01 4.575652030290096595e-01 1.151683786630719464e-03 4.546439974440204534e-01 4.589137987662105234e-01 1.574847060498399676e-01 2.623918289070121829e-03 1.518434109012492816e-01 1.616930253232009007e-01 5.240777280283944739e-01 1.199345302333895864e-02 5.096805560553714365e-01 5.457093192764517209e-01 9.965797978921487887e-01 2.400339477295885138e-03 9.908260691062362735e-01 9.995463336730718851e-01
9.303517587939699185e-01 4.573176383313617421e-01 1.073738801322977020e-03 4.547403704628550924e-01 4.589091468801970164e-01 1.558429955347192808e-01 2.300569635742947573e-03 1.508486085398853815e-01 1.585035363235174632e-01 5.139053030104039355e-01 1.093837332660791035e-02 5.002575362801647829e-01 5.314179272320173064e-01 9.935843734574536512e-01 2.209743714026300015e-03 9.880570109387432076e-01 9.964134121143314315e-01
9.353266331658292021e-01 4.571053390527056726e-01 9.971629670207252192e-04 4.550528477122268711e-01 4.588961360965806424e-01 1.543084311022553112e-01 2.817820231887618876e-03 1.478150860913256814e-01 1.573958088443742631e-01 5.034044135262887298e-01 9.706768926428879091e-03 4.910209159575202875e-01 5.197685950557546786e-01 9.903153980344830964e-01 2.092218091248927107e-03 9.851772986104641028e-01 9.927829552522520196e-01
9.403015075376884857e-01 4.567578899739428988e-01 8.987223308476073591e-04 4.551021828099591215e-01 4.581642046239654542e-01 1.530523314467337470e-01 2.714567075388135600e-03 1.476711493373845385e-01 1.567933006181780053e-01 4.921414136329190225e-01 9.195806009431858885e-03 4.798859379917678747e-01 5.115949380204257713e-01 9.861743703711661757e-01 1.719322918485068291e-03 9.822373857199322433e-01 9.882457589142511489e-01
9.452763819095477693e-01 4.564923477552921827e-01 6.502456281763434407e-04 4.554950223745392601e-01 4.574232565287684182e-01 1.515304562547279410e-01 2.406826966095136112e-03 1.466762623182757685e-01 1.552269797732378775e-01 4.831561105605403084e-01 9.695316659158494110e-03 4.702765949628682218e-01 5.035863219618806896e-01 9.824331316799511660e-01 1.720093557864375367e-03 9.787030969095252830e-01 9.848244026620963654e-01
9.502512562814070529e-01 4.560465123271688626e-01 6.657305643317114720e-04 4.551251624097304438e-01 4.572383144740191918e-01 1.498691981439643772e-01 1.792829341532617632e-03 1.465127745068551812e-01 1.526714506202627164e-01 4.721628288728774159e-01 9.061408133266259102e-03 4.584473564641877164e-01 4.880993962321831803e-01 9.779967542893708288e-01 2.206709473383500642e-03 9.731808205370744425e-01 9.809527049400665888e-01
9.552261306532663365e-01 4.556134845392228461e-01 6.224288005935838973e-04 4.544256440927303964e-01 4.564405330887821299e-01 1.483979202900774230e-01 1.491225552983762182e-03 1.457540695729787894e-01 1.509287376905159295e-01 4.615020541089933093e-01 9.126510053183913007e-03 4.476241540916538475e-01 4.761874227371069024e-01 9.736213205630290801e-01 2.767247477359702570e-03 9.661030632887355196e-01 9.766245012845372608e-01
9.602010050251256201e-01 4.554770563489981550e-01 8.081844788152570689e-04 4.536463287379465248e-01 4.565199838487572492e-01 1.468057430826048282e-01 1.256917876798314265e-03 1.443489052073702039e-01 1.490024848150308390e-01 4.527492159743559119e-01 8.218060196454721536e-03 4.378376993398778727e-01 4.664624306380721896e-01 9.691738658025753628e-01 2.706292058363435945e-03 9.627652663207122430e-01 9.726967356585591862e-01
9.651758793969849037e-01 4.549998415886169489e-01 8.072197981268530980e-04 4.533242320154809435e-01 4.560224339165630525e-01 1.451796144051601956e-01 1.201301507156783688e-03 1.428366849458366783e-01 1.465189031026992439e-01 4.419735887190099355e-01 6.730930831420824968e-03 4.307291801892968452e-01 4.523149476306383976e-01 9.645921194401013699e-01 2.175194582104285432e-03 9.598189706539465016e-01 9.679419612579729382e-01
9.701507537688442984e-01 4.547387385715592201e-01 6.359882700216481447e-04 4.536997930962476944e-01 4.554595439702539550e-01 1.440045764816771379e-01 9.713073805033875085e-04 1.422087645085258478e-01 1.453193304015354959e-01 4.325420297796685465e-01 7.561389665911318232e-03 4.207768939966634036e-01 4.452476984438941687e-01 9.592390573071094551e-01 1.515099127459557885e-03 9.561536165099182583e-01 9.612065960840396883e-01
9.751256281407035820e-01 4.538607605279161850e-01 6.835739660546221851e-04 4.524264998763129486e-01 4.548540057788951207e-01 1.424008496995232964e-01 6.652311422376506545e-04 1.414773706896674532e-01 1.435846920126297166e-01 4.208005677741340489e-01 7.503866938454293103e-03 4.110138577638740576e-01 4.350140312110378771e-01 9.534069394380022544e-01 1.299256558619525789e-03 9.510007665895420237e-01 9.554829594330391807e-01
9.801005025125628656e-01 4.535174666903618035e-01 5.458655832686887515e-04 4.525414966610643575e-01 4.546444263849304113e-01 1.408020940929042564e-01 5.643333781761693951e-04 1.397168207577978438e-01 1.414517869470015565e-01 4.070995798318888248e-01 5.209527510905744181e-03 4.002268928550782867e-01 4.170004234599798965e-01 9.486428467424540267e-01 1.418256191226606715e-03 9.455660265144673060e-01 9.504947972520498833e-01
9.850753768844221492e-01 4.526209221668048843e-01 4.870550391866182156e-04 4.520417189276699776e-01 4.535648633306580968e-01 1.389445524525066145e-01 7.794843341927194975e-04 1.373062451631131553e-01 1.401195395683490497e-01 3.940923018707839232e-01 5.020066326497318009e-03 3.883411093479195442e-01 4.031491360077247843e-01 9.432929106403818986e-01 1.433841827437591686e-03 9.410417546451521620e-01 9.457530551002887309e-01
9.900502512562814328e-01 4.519725154338096185e-01 4.967691912190276863e-04 4.511778882777987554e-01 4.527321378885375558e-01 1.363965886720341358e-01 5.371981292669011270e-04 1.356474627110373365e-01 1.374605132528026186e-01 3.802226426672216109e-01 3.337064730368976932e-03 3.753283542258630257e-01 3.855568248402745923e-01 9.375252887455400863e-01 8.340952544100442220e-04 9.361682529724731916e-01 9.391756764586745021e-01
9.950251256281407164e-01 4.506307077801633976e-01 4.917865699260155852e-04 4.497277563268135547e-01 4.512729824228881581e-01 1.345834320515228444e-01 7.306103822756346766e-04 1.332610691801584257e-01 1.355000355278488111e-01 3.645759338147730455e-01 3.221014929671544083e-03 3.594186342251291522e-01 3.688491760595965507e-01 9.304519063997437334e-01 1.023329100138194083e-03 9.287365337739692528e-01 9.320874007051944687e-01
1.000000000000000000e+00 4.489954633128330208e-01 1.299631637122907694e-04 4.488966216661519071e-01 4.492921544148906210e-01 1.309304112835815437e-01 3.769876910466112246e-04 1.303899936744988830e-01 1.314222931833031738e-01 3.429121980057500130e-01 1.885458862035972348e-03 3.415471619890657617e-01 3.480278287809788207e-01 9.205284205761449234e-01 2.664498766701455315e-04 9.203257758896369323e-01 9.211366953002612101e-01
