# FPR	TPR_MEAN	TPR_STD	TPR_MIN	TPR_MAX
0.000000000000000000e+00 7.242540904716074368e-02 3.188302428477132050e-02 3.128007699711261164e-02 1.251203079884504465e-01
2.004008016032063962e-03 2.052935514918190485e-01 2.129982859460720357e-02 1.761308950914340643e-01 2.372473532242540817e-01
4.008016032064127925e-03 2.591434071222329383e-01 2.178471730922017582e-02 2.218479307025986447e-01 2.901828681424446499e-01
6.012024048096191453e-03 3.007218479307026127e-01 1.574217041809748349e-02 2.786333012512030582e-01 3.224254090471607159e-01
8.016032064128255849e-03 3.278152069297401439e-01 1.413675689476907860e-02 3.079884504331087403e-01 3.512993262752646673e-01
1.002004008016032024e-02 3.544273339749759444e-01 1.553604278860243153e-02 3.344562078922040382e-01 3.825794032723772720e-01
1.202404809619238291e-02 3.806063522617901818e-01 1.490180415824910072e-02 3.551491819056785126e-01 4.018286814244466099e-01
1.402805611222444730e-02 4.092877767083734075e-01 1.831370546976711366e-02 3.753609239653513119e-01 4.470644850818094596e-01
1.603206412825651170e-02 4.293551491819056487e-01 1.526317251269398122e-02 4.042348411934552632e-01 4.610202117420596490e-01
1.803607214428857436e-02 4.437921077959575689e-01 1.474455755044812300e-02 4.148219441770933380e-01 4.725697786333012407e-01
2.004008016032064049e-02 4.615014436958613797e-01 1.058491533964665832e-02 4.436958614051972893e-01 4.783445620789220643e-01
2.204408817635270315e-02 4.747834456207892795e-01 9.692255268743312641e-03 4.605389797882579184e-01 4.918190567853705231e-01
2.404809619238476581e-02 4.904716073147257771e-01 1.073222783998953149e-02 4.735322425409047020e-01 5.076997112608276908e-01
2.605210420841683194e-02 5.051973051010587579e-01 8.376201240436791789e-03 4.927815206929740399e-01 5.206929740134744744e-01
2.805611222444889460e-02 5.168912415784407965e-01 1.104204518927622697e-02 4.995187680461982693e-01 5.356111645813281807e-01
3.006012024048096073e-02 5.271414821944176987e-01 1.204080430913938467e-02 5.072184793070260156e-01 5.505293551491818871e-01
3.206412825651302340e-02 5.398941289701635338e-01 1.302788315389295619e-02 5.158806544754571677e-01 5.596727622714148254e-01
3.406813627254508953e-02 5.520692974013473586e-01 1.566452514174445851e-02 5.178055822906640904e-01 5.721847930702598228e-01
3.607214428857714872e-02 5.619345524542829207e-01 1.514321577825662214e-02 5.279114533205004900e-01 5.779595765158807019e-01
3.807615230460921485e-02 5.757940327237728306e-01 1.597117433929604036e-02 5.384985563041385648e-01 5.948026948989413309e-01
4.008016032064128098e-02 5.828681424446582326e-01 1.672556253795201564e-02 5.452358036573627942e-01 6.000962463907603128e-01
4.208416833667334017e-02 5.897978825794033542e-01 1.587657077018132801e-02 5.567853705486044413e-01 6.077959576515881146e-01
4.408817635270540630e-02 5.977382098171318825e-01 1.297266038531253232e-02 5.712223291626563615e-01 6.135707410972088827e-01
4.609218436873747243e-02 6.032242540904715344e-01 1.261020564346709665e-02 5.774783445620789157e-01 6.169393647738209419e-01
4.809619238476953162e-02 6.094321462945140322e-01 1.121631834430513765e-02 5.890279114533204519e-01 6.227141482194418209e-01
5.010020040080159776e-02 6.168431183830607178e-01 1.084599035860996791e-02 5.967276227141482536e-01 6.328200192492781095e-01
5.210420841683366389e-02 6.215591915303175785e-01 9.576878611438506203e-03 6.049085659287776195e-01 6.352261790182868184e-01
5.410821643286573002e-02 6.282483156881617514e-01 8.405043615854534966e-03 6.150144369586140192e-01 6.395572666025024500e-01
5.611222444889778921e-02 6.327237728585178855e-01 8.624127755283067520e-03 6.207892204042347872e-01 6.458132820019248932e-01
5.811623246492985534e-02 6.371511068334937411e-01 8.995305284420619316e-03 6.231953801732434961e-01 6.487006737247352772e-01
6.012024048096192147e-02 6.406159769008661353e-01 7.753063473781061400e-03 6.299326275264677255e-01 6.501443695861405248e-01
6.212424849699398066e-02 6.460057747834456743e-01 7.872813570180967752e-03 6.337824831568815709e-01 6.578440808469682155e-01
6.412825651302604679e-02 6.501924927815206923e-01 7.274247200967818086e-03 6.352261790182868184e-01 6.592877767083734630e-01
6.613226452905811292e-02 6.550529355149181665e-01 6.262675066409012503e-03 6.453320500481232180e-01 6.631376323387873084e-01
6.813627254509017905e-02 6.601539942252165893e-01 6.746865127361651067e-03 6.511068334937439861e-01 6.703561116458133240e-01
7.014028056112224518e-02 6.638113570741095426e-01 7.314725697786333275e-03 6.515880654475457723e-01 6.751684311838306307e-01
7.214428857715429744e-02 6.675649663137633860e-01 7.451484831894468648e-03 6.549566891241578315e-01 6.794995187680461513e-01
7.414829659318636357e-02 6.718479307025986280e-01 8.391807752730722630e-03 6.568816169393647542e-01 6.857555341674687055e-01
7.615230460921842970e-02 6.757459095283926409e-01 8.023162866743965144e-03 6.616939364773820609e-01 6.871992300288739530e-01
7.815631262525049583e-02 6.787776708373435275e-01 7.796106178554024560e-03 6.650625601539942311e-01 6.891241578440808757e-01
8.016032064128256196e-02 6.829162656400384890e-01 8.258282454756380592e-03 6.689124157844080765e-01 6.934552454282963962e-01
8.216432865731462809e-02 6.866217516843118318e-01 8.610690758939377326e-03 6.708373435996149992e-01 6.997112608277189505e-01
8.416833667334668034e-02 6.912897016361886360e-01 8.568767035270286395e-03 6.742059672762271694e-01 7.035611164581327959e-01
8.617234468937874647e-02 6.951876804619827599e-01 9.758928408247371719e-03 6.756496631376323059e-01 7.083734359961501026e-01
8.817635270541081260e-02 6.981231953801733114e-01 1.022671685162126684e-02 6.766121270452357672e-01 7.122232916265640590e-01
9.018036072144287874e-02 7.015399422521656492e-01 9.738974393253774231e-03 6.823869104908566463e-01 7.136669874879691955e-01
9.218436873747494487e-02 7.042829643888355307e-01 9.909756666752081097e-03 6.857555341674687055e-01 7.179980750721848271e-01
9.418837675350701100e-02 7.066891241578440175e-01 9.872294959911083120e-03 6.886429258902790895e-01 7.199230028873917497e-01
9.619238476953906325e-02 7.097690086621751826e-01 1.030881518366166642e-02 6.900866217516843371e-01 7.232916265640038089e-01
9.819639278557112938e-02 7.129932627526467392e-01 8.988093791880672964e-03 6.944177093358998576e-01 7.252165543792107316e-01
1.002004008016031955e-01 7.151106833493743320e-01 8.728757048708880861e-03 6.977863330125120278e-01 7.261790182868141930e-01
1.022044088176352616e-01 7.167949951876804171e-01 9.262308806671785272e-03 6.982675649663138140e-01 7.300288739172281494e-01
1.042084168336673278e-01 7.189124157844080099e-01 9.139480439442817378e-03 6.992300288739172753e-01 7.324350336862367472e-01
1.062124248496993939e-01 7.213185755534167187e-01 9.337512139646370057e-03 7.001924927815207367e-01 7.338787295476419947e-01
1.082164328657314600e-01 7.241097208854668787e-01 8.805492818622117843e-03 7.064485081809431799e-01 7.362848893166505926e-01
1.102204408817635123e-01 7.267083734359961467e-01 8.748500446561757390e-03 7.093358999037535639e-01 7.396535129932627628e-01
1.122244488977955784e-01 7.292589027911453581e-01 9.425760443622905813e-03 7.102983638113570253e-01 7.444658325312800695e-01
1.142284569138276445e-01 7.316169393647738994e-01 9.143533761343775046e-03 7.112608277189604866e-01 7.449470644850818557e-01
1.162324649298597107e-01 7.336381135707410461e-01 8.308048436961491465e-03 7.155919153031761182e-01 7.459095283926853170e-01
1.182364729458917768e-01 7.353224254090471312e-01 8.155426434769916591e-03 7.189605389797882884e-01 7.497593840230991624e-01
1.202404809619238429e-01 7.372954764196343325e-01 8.319747565480610854e-03 7.194417709335899636e-01 7.507218479307026238e-01
1.222444889779558952e-01 7.394610202117419817e-01 8.374542203433671395e-03 7.218479307025986724e-01 7.526467757459095465e-01
1.242484969939879613e-01 7.406159769008662241e-01 8.332403084901626039e-03 7.223291626564003476e-01 7.526467757459095465e-01
1.262525050100200275e-01 7.428296438883541519e-01 7.712333254115744108e-03 7.271414821944176543e-01 7.540904716073146830e-01
1.282565130260520936e-01 7.442252165543792319e-01 7.627943928848582994e-03 7.285851780558229018e-01 7.569778633301250670e-01
1.302605210420841597e-01 7.462945139557265462e-01 7.163085500034487366e-03 7.319538017324350720e-01 7.574590952839268532e-01
1.322645290581162258e-01 7.483638113570740824e-01 7.274247200967803341e-03 7.338787295476419947e-01 7.613089509143406985e-01
1.342685370741482920e-01 7.508662175168431263e-01 8.101436677535066300e-03 7.353224254090471312e-01 7.656400384985563301e-01
1.362725450901803581e-01 7.523099133782483738e-01 8.445723615934996181e-03 7.358036573628489174e-01 7.666025024061597914e-01
1.382765531062124242e-01 7.549566891241578093e-01 8.137801664649850844e-03 7.391722810394609766e-01 7.690086621751683893e-01
1.402805611222444904e-01 7.566891241578439509e-01 8.795361501946265606e-03 7.396535129932627628e-01 7.723772858517805595e-01
1.422845691382765287e-01 7.586621751684312631e-01 9.732908830038428799e-03 7.401347449470644380e-01 7.767083734359961911e-01
1.442885771543085949e-01 7.601539942252164561e-01 1.008568495895905033e-02 7.406159769008662241e-01 7.791145332050047889e-01
1.462925851703406610e-01 7.614533205004812011e-01 9.390930554176071809e-03 7.439846005774783944e-01 7.791145332050047889e-01
1.482965931863727271e-01 7.638113570741096314e-01 9.033327535978678824e-03 7.454282964388835309e-01 7.800769971126082503e-01
1.503006012024047933e-01 7.656400384985564411e-01 9.128197673739743903e-03 7.468719923002887784e-01 7.815206929740134978e-01
1.523046092184368594e-01 7.667949951876804615e-01 9.272179675939422674e-03 7.468719923002887784e-01 7.834456207892204205e-01
1.543086172344689255e-01 7.685755534167467706e-01 8.975846758270360562e-03 7.492781520692973762e-01 7.834456207892204205e-01
1.563126252505009917e-01 7.699711260827718506e-01 9.552181540557863962e-03 7.502406159769008376e-01 7.853705486044273432e-01
1.583166332665330578e-01 7.716073147256977682e-01 1.014292670081828190e-02 7.502406159769008376e-01 7.887391722810395134e-01
1.603206412825651239e-01 7.736284889316651370e-01 9.832217739458826503e-03 7.521655437921077603e-01 7.901828681424446499e-01
1.623246492985971901e-01 7.754571703561116136e-01 1.070500454190375338e-02 7.536092396535130078e-01 7.925890279114533588e-01
1.643286573146292562e-01 7.765158806544754100e-01 1.023158437224555052e-02 7.560153994225216056e-01 7.925890279114533588e-01
1.663326653306613223e-01 7.780076997112608250e-01 9.808281692712960201e-03 7.589027911453321007e-01 7.935514918190568201e-01
1.683366733466933607e-01 7.789701636188643974e-01 1.007155363057460687e-02 7.593840230991337759e-01 7.945139557266602814e-01
1.703406813627254268e-01 7.799807507218480263e-01 1.044794359585132087e-02 7.598652550529355620e-01 7.954764196342637428e-01
1.723446893787574929e-01 7.820019249278151729e-01 1.058272724342902357e-02 7.627526467757459461e-01 7.983638113570741268e-01
1.743486973947895591e-01 7.836862367661213691e-01 1.083627081809526368e-02 7.637151106833494074e-01 8.012512030798845108e-01
1.763527054108216252e-01 7.851299326275265056e-01 1.056794574398350374e-02 7.641963426371510826e-01 8.026948989412896474e-01
1.783567134268536913e-01 7.867661212704523122e-01 9.707177367091954917e-03 7.704523580365736368e-01 8.041385948026948949e-01
1.803607214428857575e-01 7.878729547641962760e-01 9.643388858983890227e-03 7.728585178055823457e-01 8.055822906641001424e-01
1.823647294589178236e-01 7.894128970163618586e-01 9.398695373038466749e-03 7.757459095283927297e-01 8.075072184793070651e-01
1.843687374749498897e-01 7.911934552454283898e-01 9.394382377117661484e-03 7.767083734359961911e-01 8.084696823869105264e-01
1.863727454909819559e-01 7.923002887391723537e-01 9.299612957983580119e-03 7.776708373435996524e-01 8.094321462945139878e-01
1.883767535070140220e-01 7.933108758421558715e-01 9.356837302191643030e-03 7.776708373435996524e-01 8.103946102021174491e-01
1.903807615230460881e-01 7.946102021174206165e-01 8.722918237052717377e-03 7.810394610202117116e-01 8.113570741097209105e-01
1.923847695390781265e-01 7.959095283926852504e-01 8.735254768473057346e-03 7.815206929740134978e-01 8.123195380173243718e-01
1.943887775551101926e-01 7.967276227141482092e-01 8.694730822767535866e-03 7.829643888354186343e-01 8.128007699711260470e-01
1.963927855711422588e-01 7.987487969201154669e-01 8.464212075426622017e-03 7.858517805582290183e-01 8.147256977863329697e-01
1.983967935871743249e-01 7.999518768046198769e-01 8.410001694056108007e-03 7.863330125120308045e-01 8.152069297401347558e-01
2.004008016032063910e-01 8.010587102983638408e-01 8.319051649295873194e-03 7.872954764196342659e-01 8.161693936477382172e-01
2.024048096192384572e-01 8.024542829643890318e-01 8.033114930070230086e-03 7.882579403272377272e-01 8.166506256015398924e-01
2.044088176352705233e-01 8.037536092396535548e-01 7.485593592050331958e-03 7.901828681424446499e-01 8.166506256015398924e-01
2.064128256513025894e-01 8.056785370548604774e-01 7.101392394878424871e-03 7.925890279114533588e-01 8.195380173243503874e-01
2.084168336673346555e-01 8.078440808469681267e-01 7.141229251310226775e-03 7.949951876804619566e-01 8.209817131857555239e-01
2.104208416833667217e-01 8.089509143407120906e-01 6.531294543724175047e-03 7.974013474494706655e-01 8.214629451395573101e-01
2.124248496993987878e-01 8.101058710298364440e-01 6.293660336582016131e-03 7.993262752646775882e-01 8.229066410009624466e-01
2.144288577154308539e-01 8.115014436958614130e-01 6.395317379870999429e-03 8.007699711260827247e-01 8.238691049085659079e-01
2.164328657314629201e-01 8.125601539942252094e-01 6.129807123607789072e-03 8.017324350336861860e-01 8.238691049085659079e-01
2.184368737474949584e-01 8.135226179018285597e-01 6.403278959592369202e-03 8.022136669874879722e-01 8.248315688161693693e-01
2.204408817635270246e-01 8.148700673724734722e-01 6.189211696464243934e-03 8.041385948026948949e-01 8.248315688161693693e-01
2.224448897795590907e-01 8.161693936477381062e-01 6.336931365305682913e-03 8.055822906641001424e-01 8.262752646775746168e-01
2.244488977955911568e-01 8.169874879692009539e-01 6.259901066184437278e-03 8.055822906641001424e-01 8.267564966313762920e-01
2.264529058116232230e-01 8.179499518768045263e-01 6.337114088489226825e-03 8.055822906641001424e-01 8.282001924927815395e-01
2.284569138276552891e-01 8.194898941289701089e-01 6.793556792629389281e-03 8.055822906641001424e-01 8.301251203079884622e-01
2.304609218436873552e-01 8.204523580365737923e-01 6.928570375016744436e-03 8.070259865255052789e-01 8.310875842155919235e-01
2.324649298597194214e-01 8.210779595765160810e-01 6.946429480564423817e-03 8.075072184793070651e-01 8.310875842155919235e-01
2.344689378757514875e-01 8.219923002887391528e-01 7.158719588627382967e-03 8.079884504331087403e-01 8.325312800769970600e-01
2.364729458917835536e-01 8.231472569778632842e-01 7.431100248728447939e-03 8.084696823869105264e-01 8.330125120307988462e-01
2.384769539078156197e-01 8.244465832531279181e-01 7.467008128649211748e-03 8.094321462945139878e-01 8.334937439846006324e-01
2.404809619238476859e-01 8.253609239653512120e-01 7.546140556950251335e-03 8.108758421559191243e-01 8.344562078922040937e-01
2.424849699398797520e-01 8.263233878729547843e-01 7.139283235491211341e-03 8.118383060635225856e-01 8.349374398460057689e-01
2.444889779559117904e-01 8.277670837343599208e-01 6.968564379097278751e-03 8.147256977863329697e-01 8.378248315688161529e-01
2.464929859719438565e-01 8.288257940327236062e-01 6.733981058912257879e-03 8.176130895091433537e-01 8.392685274302214005e-01
2.484969939879759226e-01 8.300288739172281272e-01 6.484321564081400001e-03 8.190567853705486012e-01 8.397497593840230756e-01
2.505010020040079888e-01 8.310875842155919235e-01 6.222610154088396503e-03 8.200192492781520626e-01 8.397497593840230756e-01
2.525050100200400549e-01 8.325312800769969490e-01 5.657290475336128679e-03 8.233878729547642328e-01 8.407122232916265370e-01
2.545090180360721210e-01 8.331568816169394598e-01 5.870438127931907647e-03 8.233878729547642328e-01 8.416746871992299983e-01
2.565130260521041872e-01 8.341193455245428101e-01 6.333458623205531594e-03 8.233878729547642328e-01 8.426371511068334597e-01
2.585170340681362533e-01 8.351780558229066065e-01 5.875170126922543527e-03 8.253128007699711555e-01 8.431183830606352458e-01
2.605210420841683194e-01 8.359961501443695653e-01 5.582290664100095397e-03 8.262752646775746168e-01 8.431183830606352458e-01
2.625250501002003856e-01 8.372473532242541427e-01 5.672824649967799990e-03 8.272377285851780782e-01 8.445620789220403823e-01
2.645290581162324517e-01 8.381135707410971580e-01 5.329304408048956589e-03 8.277189605389797533e-01 8.450433108758421685e-01
2.665330661322645178e-01 8.392204042348412329e-01 5.030888240887092244e-03 8.286814244465832147e-01 8.455245428296438437e-01
2.685370741482965840e-01 8.407603464870068155e-01 5.334733500559307902e-03 8.291626564003850008e-01 8.469682386910490912e-01
2.705410821643286501e-01 8.414340712223291607e-01 5.219758648518559724e-03 8.296438883541866760e-01 8.474494706448507664e-01
2.725450901803607162e-01 8.420115495668912819e-01 5.005968993458460858e-03 8.315688161693935987e-01 8.479307025986525526e-01
2.745490981963927823e-01 8.430702598652549673e-01 5.399456833985175584e-03 8.320500481231953849e-01 8.488931665062560139e-01
2.765531062124248485e-01 8.438883541867181481e-01 5.066437801059419342e-03 8.339749759384023076e-01 8.498556304138594752e-01
2.785571142284569146e-01 8.450433108758421685e-01 5.267237071226994923e-03 8.354186717998075551e-01 8.512993262752647228e-01
2.805611222444889807e-01 8.456689124157843462e-01 5.187716174806220916e-03 8.363811357074110164e-01 8.527430221366698593e-01
2.825651302605209914e-01 8.471607314725696503e-01 5.152553922742698911e-03 8.373435996150144778e-01 8.527430221366698593e-01
2.845691382765530575e-01 8.478344562078919955e-01 5.248738481014829718e-03 8.378248315688161529e-01 8.541867179980751068e-01
2.865731462925851236e-01 8.490856592877766840e-01 5.424062677037704006e-03 8.387872954764196143e-01 8.551491819056785681e-01
2.885771543086171897e-01 8.499037536092396428e-01 5.433660719206257796e-03 8.397497593840230756e-01 8.565928777670837047e-01
2.905811623246492559e-01 8.507218479307026016e-01 5.275145180382985639e-03 8.416746871992299983e-01 8.570741097208854908e-01
2.925851703406813220e-01 8.515399422521655604e-01 5.089468737235485971e-03 8.431183830606352458e-01 8.570741097208854908e-01
2.945891783567133881e-01 8.528873917228103618e-01 5.346008352269673684e-03 8.435996150144369210e-01 8.580365736284889522e-01
2.965931863727454543e-01 8.535611164581329291e-01 5.298143078206299025e-03 8.450433108758421685e-01 8.604427333974975500e-01
2.985971943887775204e-01 8.543792107795956658e-01 5.406957422594064339e-03 8.450433108758421685e-01 8.614051973051010114e-01
3.006012024048095865e-01 8.551973051010586246e-01 5.149181905678540047e-03 8.464870067372473050e-01 8.623676612127044727e-01
3.026052104208416527e-01 8.564003849855630346e-01 5.298798694321756736e-03 8.469682386910490912e-01 8.623676612127044727e-01
3.046092184368737188e-01 8.573147256977862174e-01 4.974411629579719718e-03 8.469682386910490912e-01 8.628488931665062589e-01
3.066132264529057849e-01 8.579403272377283951e-01 5.082866574210171719e-03 8.474494706448507664e-01 8.642925890279115064e-01
3.086172344689378511e-01 8.589509143407122460e-01 4.819292349718729863e-03 8.498556304138594752e-01 8.666987487969201043e-01
3.106212424849699172e-01 8.594321462945139212e-01 5.003192526803694473e-03 8.498556304138594752e-01 8.671799807507218905e-01
3.126252505010019833e-01 8.602021174205967124e-01 4.974411629579748341e-03 8.508180943214629366e-01 8.676612127045235656e-01
3.146292585170340494e-01 8.608277189605388902e-01 5.244324437276330457e-03 8.508180943214629366e-01 8.691049085659288131e-01
3.166332665330661156e-01 8.617901828681425735e-01 5.388078922917579304e-03 8.508180943214629366e-01 8.705486044273339497e-01
3.186372745490981817e-01 8.627045235803656453e-01 5.285013676531930167e-03 8.537054860442733206e-01 8.710298363811357358e-01
3.206412825651302478e-01 8.636188642925890502e-01 5.102874356809070436e-03 8.551491819056785681e-01 8.715110683349374110e-01
3.226452905811623140e-01 8.649663137632337406e-01 5.538141436310222224e-03 8.565928777670837047e-01 8.724735322425408723e-01
3.246492985971943801e-01 8.660250240615976480e-01 6.026745795747181708e-03 8.570741097208854908e-01 8.748796920115495812e-01
3.266533066132264462e-01 8.664581328200192667e-01 6.080494755354790525e-03 8.570741097208854908e-01 8.753609239653512564e-01
3.286573146292585124e-01 8.675168431183830631e-01 6.315149557888291923e-03 8.580365736284889522e-01 8.758421559191530426e-01
3.306613226452905785e-01 8.682868142444659654e-01 6.456583511943712363e-03 8.585178055822906273e-01 8.777670837343599652e-01
3.326653306613226446e-01 8.695861405197305993e-01 6.563128824343528005e-03 8.589990375360924135e-01 8.796920115495668879e-01
3.346693386773546552e-01 8.698748796920116044e-01 6.485749986075635062e-03 8.599615014436958749e-01 8.801732435033686741e-01
3.366733466933867214e-01 8.708373435996149547e-01 6.015206926660156966e-03 8.614051973051010114e-01 8.806544754571703493e-01
3.386773547094187875e-01 8.716554379210776915e-01 5.698282175443941319e-03 8.623676612127044727e-01 8.806544754571703493e-01
3.406813627254508536e-01 8.721847930702597562e-01 5.658109126736888921e-03 8.633301251203079341e-01 8.806544754571703493e-01
3.426853707414829198e-01 8.733878729547642772e-01 5.856219189430810629e-03 8.647738209817131816e-01 8.806544754571703493e-01
3.446893787575149859e-01 8.739653512993262874e-01 6.066004655697505681e-03 8.647738209817131816e-01 8.816169393647738106e-01
3.466933867735470520e-01 8.743984600577479060e-01 6.336931365305696791e-03 8.647738209817131816e-01 8.825794032723772720e-01
3.486973947895791182e-01 8.752646775745909213e-01 6.040563343412206319e-03 8.652550529355149678e-01 8.830606352261790581e-01
3.507014028056111843e-01 8.762271414821943827e-01 5.841767432336295550e-03 8.671799807507218905e-01 8.849855630413859808e-01
3.527054108216432504e-01 8.770452358036573415e-01 5.707216203724924282e-03 8.676612127045235656e-01 8.854667949951876560e-01
3.547094188376753165e-01 8.783445620789219754e-01 5.464896849500827658e-03 8.686236766121270270e-01 8.869104908565929035e-01
3.567134268537073827e-01 8.792107795957651017e-01 5.453018469380290292e-03 8.691049085659288131e-01 8.869104908565929035e-01
3.587174348697394488e-01 8.801251203079886176e-01 5.277997974540567586e-03 8.700673724735322745e-01 8.869104908565929035e-01
3.607214428857715149e-01 8.807025986525506278e-01 5.273608421240839894e-03 8.705486044273339497e-01 8.883541867179980400e-01
3.627254509018035811e-01 8.811838306063523030e-01 4.838475597411382584e-03 8.719923002887391972e-01 8.883541867179980400e-01
3.647294589178356472e-01 8.815206929740135866e-01 4.699347686519231640e-03 8.719923002887391972e-01 8.883541867179980400e-01
3.667334669338677133e-01 8.825312800769971044e-01 4.942652785451232336e-03 8.724735322425408723e-01 8.888354186717998262e-01
3.687374749498997795e-01 8.831087584215591146e-01 4.933273039289937795e-03 8.724735322425408723e-01 8.888354186717998262e-01
3.707414829659318456e-01 8.840712223291626870e-01 4.862348229004723014e-03 8.729547641963426585e-01 8.897978825794032876e-01
3.727454909819639117e-01 8.847930702598653108e-01 4.903845698886220156e-03 8.739172281039461199e-01 8.912415784408084241e-01
3.747494989979959779e-01 8.856592877767083261e-01 5.254911913269951981e-03 8.743984600577477950e-01 8.917228103946102102e-01
3.767535070140280440e-01 8.863811357074109498e-01 5.193962137375156274e-03 8.758421559191530426e-01 8.922040423484118854e-01
3.787575150300601101e-01 8.870548604427336281e-01 4.926696591636628951e-03 8.768046198267565039e-01 8.926852743022136716e-01
3.807615230460921762e-01 8.877285851780559733e-01 4.759332931464786177e-03 8.777670837343599652e-01 8.926852743022136716e-01
3.827655310621242424e-01 8.882098171318576485e-01 4.660999161026089035e-03 8.787295476419634266e-01 8.936477382098171329e-01
3.847695390781562530e-01 8.886910490856593237e-01 4.626088553884602668e-03 8.792107795957652128e-01 8.950914340712223805e-01
3.867735470941883191e-01 8.896053897978826175e-01 4.846844393460677559e-03 8.792107795957652128e-01 8.965351299326275170e-01
3.887775551102203853e-01 8.904716073147256328e-01 5.111942916223083909e-03 8.792107795957652128e-01 8.979788257940327645e-01
3.907815631262524514e-01 8.911453320500479780e-01 5.023287141751632545e-03 8.801732435033686741e-01 8.984600577478344396e-01
3.927855711422845175e-01 8.917228103946100992e-01 4.921758489141715015e-03 8.811357074109721355e-01 8.989412897016362258e-01
3.947895791583165837e-01 8.925409047160730580e-01 5.029046605155643168e-03 8.825794032723772720e-01 8.999037536092396872e-01
3.967935871743486498e-01 8.933108758421559603e-01 5.005968993458479073e-03 8.825794032723772720e-01 8.999037536092396872e-01
3.987975951903807159e-01 8.936958614051973004e-01 5.007819116036078474e-03 8.830606352261790581e-01 8.999037536092396872e-01
4.008016032064127820e-01 8.940327237728584731e-01 4.906678381725090160e-03 8.835418671799807333e-01 8.999037536092396872e-01
4.028056112224448482e-01 8.945620789220404268e-01 4.592929802767199872e-03 8.854667949951876560e-01 9.003849855630413623e-01
4.048096192384769143e-01 8.953320500481231070e-01 4.321720166145725031e-03 8.864292589027911173e-01 9.008662175168431485e-01
4.068136272545089804e-01 8.960538979788259528e-01 3.933169728912918987e-03 8.883541867179980400e-01 9.008662175168431485e-01
4.088176352705410466e-01 8.968238691049086331e-01 3.796551092072373169e-03 8.888354186717998262e-01 9.018286814244466099e-01
4.108216432865731127e-01 8.976900866217517594e-01 3.691397287924003557e-03 8.893166506256015014e-01 9.018286814244466099e-01
4.128256513026051788e-01 8.987487969201154447e-01 4.305345379469695602e-03 8.893166506256015014e-01 9.042348411934552077e-01
4.148296593186372450e-01 8.993743984600577335e-01 4.444301503235380778e-03 8.893166506256015014e-01 9.042348411934552077e-01
4.168336673346693111e-01 9.001924927815206923e-01 4.489664596608521248e-03 8.907603464870067489e-01 9.056785370548604552e-01
4.188376753507013772e-01 9.004812319538018084e-01 4.265355111869194651e-03 8.922040423484118854e-01 9.056785370548604552e-01
4.208416833667334433e-01 9.012512030798844886e-01 4.308571566044147073e-03 8.926852743022136716e-01 9.061597690086621304e-01
4.228456913827655095e-01 9.020211742059671689e-01 4.606774954292335369e-03 8.931665062560153467e-01 9.071222329162655917e-01
4.248496993987975756e-01 9.025986525505294011e-01 4.946165604438727131e-03 8.931665062560153467e-01 9.095283926852743006e-01
4.268537074148296417e-01 9.034167468719923599e-01 4.754464545440759311e-03 8.946102021174205943e-01 9.100096246390760868e-01
4.288577154308617079e-01 9.038979788257941461e-01 4.826974797316929862e-03 8.946102021174205943e-01 9.100096246390760868e-01
4.308617234468937740e-01 9.044754571703561563e-01 5.011517312139482719e-03 8.950914340712223805e-01 9.109720885466795481e-01
4.328657314629258401e-01 9.051010587102984450e-01 4.920817336348109160e-03 8.955726660250240556e-01 9.124157844080846846e-01
4.348697394789579063e-01 9.055822906641001202e-01 4.925521301991907588e-03 8.960538979788258418e-01 9.128970163618864708e-01
4.368737474949899169e-01 9.063522617901828005e-01 4.784326668579992788e-03 8.970163618864293031e-01 9.133782483156881460e-01
4.388777555110219830e-01 9.070259865255051457e-01 4.782390086161637799e-03 8.974975938402309783e-01 9.133782483156881460e-01
4.408817635270540491e-01 9.078440808469683265e-01 4.765168429230149001e-03 8.984600577478344396e-01 9.143407122232916073e-01
4.428857715430861153e-01 9.081328200192493316e-01 4.984643227511528253e-03 8.984600577478344396e-01 9.153031761308950687e-01
4.448897795591181814e-01 9.088065447545717879e-01 5.364171513380165679e-03 8.989412897016362258e-01 9.177093358999037775e-01
4.468937875751502475e-01 9.092877767083734630e-01 5.338205222069256593e-03 9.003849855630413623e-01 9.191530317613089140e-01
4.488977955911823137e-01 9.099133782483155297e-01 5.460657537056510212e-03 9.008662175168431485e-01 9.196342637151107002e-01
4.509018036072143798e-01 9.105389797882578184e-01 5.176096534049485012e-03 9.008662175168431485e-01 9.196342637151107002e-01
4.529058116232464459e-01 9.112127045235803857e-01 5.255132258864662377e-03 9.008662175168431485e-01 9.196342637151107002e-01
4.549098196392785121e-01 9.116458132820017823e-01 5.034339492058525524e-03 9.018286814244466099e-01 9.196342637151107002e-01
4.569138276553105782e-01 9.119826756496630660e-01 5.108544092960286623e-03 9.018286814244466099e-01 9.201154956689123754e-01
4.589178356713426443e-01 9.125120307988450197e-01 5.279533455977846942e-03 9.018286814244466099e-01 9.210779595765158367e-01
4.609218436873747105e-01 9.135226179018285375e-01 5.363307995745233113e-03 9.027911453320500712e-01 9.215591915303176229e-01
4.629258517034067766e-01 9.140519730510104912e-01 5.394092885159601503e-03 9.032723772858517464e-01 9.225216554379210843e-01
4.649298597194388427e-01 9.145332050048123884e-01 5.583949838059779069e-03 9.032723772858517464e-01 9.230028873917227594e-01
4.669338677354709088e-01 9.149663137632340071e-01 5.236590907808040714e-03 9.042348411934552077e-01 9.230028873917227594e-01
4.689378757515029750e-01 9.155437921077957952e-01 5.016136223085027913e-03 9.056785370548604552e-01 9.230028873917227594e-01
4.709418837675350411e-01 9.160250240615976924e-01 5.148282328120016953e-03 9.056785370548604552e-01 9.234841193455245456e-01
4.729458917835671072e-01 9.164100096246390326e-01 5.024439562593550207e-03 9.056785370548604552e-01 9.234841193455245456e-01
4.749498997995991734e-01 9.169874879692010428e-01 5.071235024390932308e-03 9.066410009624639166e-01 9.239653512993262208e-01
4.769539078156312395e-01 9.174205967276225504e-01 5.170500873364122958e-03 9.071222329162655917e-01 9.249278152069297931e-01
4.789579158316633056e-01 9.180461982675648391e-01 4.730047454359593596e-03 9.090471607314725144e-01 9.249278152069297931e-01
4.809619238476953718e-01 9.186717998075071279e-01 4.778514566816706617e-03 9.095283926852743006e-01 9.254090471607314683e-01
4.829659318637274379e-01 9.191049085659287465e-01 4.677861737008744136e-03 9.100096246390760868e-01 9.258902791145332545e-01
4.849699398797595040e-01 9.194898941289701977e-01 4.560545625870496105e-03 9.109720885466795481e-01 9.258902791145332545e-01
4.869739478957915702e-01 9.200192492781521514e-01 4.694417092688052753e-03 9.119345524542830095e-01 9.268527430221367158e-01
4.889779559118235808e-01 9.208854667949951667e-01 4.437783208238112349e-03 9.128970163618864708e-01 9.268527430221367158e-01
4.909819639278556469e-01 9.214629451395571769e-01 4.629841567201416035e-03 9.128970163618864708e-01 9.273339749759383910e-01
4.929859719438877130e-01 9.221366698748795221e-01 4.340701552946943202e-03 9.143407122232916073e-01 9.273339749759383910e-01
4.949899799599197792e-01 9.226179018286814193e-01 4.466911024397435953e-03 9.143407122232916073e-01 9.278152069297401772e-01
4.969939879759518453e-01 9.230028873917227594e-01 4.565367170599209101e-03 9.143407122232916073e-01 9.278152069297401772e-01
4.989979959919839114e-01 9.238209817131854962e-01 4.817369823522893273e-03 9.143407122232916073e-01 9.287776708373436385e-01
5.010020040080159776e-01 9.244465832531277849e-01 4.645820360403148455e-03 9.157844080846968549e-01 9.292589027911453137e-01
5.030060120240480437e-01 9.247353224254087900e-01 4.489664596608522983e-03 9.167468719923003162e-01 9.297401347449470999e-01
5.050100200400801098e-01 9.251684311838307417e-01 4.515638185830805375e-03 9.167468719923003162e-01 9.297401347449470999e-01
5.070140280561121759e-01 9.252646775745908547e-01 4.560545625870513452e-03 9.167468719923003162e-01 9.297401347449470999e-01
5.090180360721442421e-01 9.256015399422523604e-01 4.453411088069032971e-03 9.172281039461019914e-01 9.302213666987487750e-01
5.110220440881763082e-01 9.260346487006738680e-01 4.156741111324730072e-03 9.186717998075072389e-01 9.307025986525505612e-01
5.130260521042083743e-01 9.267564966313764918e-01 4.002044828930104853e-03 9.201154956689123754e-01 9.316650625601540225e-01
5.150300601202404405e-01 9.270933589990375534e-01 3.741559098638141696e-03 9.205967276227141616e-01 9.316650625601540225e-01
5.170340681362725066e-01 9.275264677574591721e-01 3.981158398449754360e-03 9.205967276227141616e-01 9.331087584215591590e-01
5.190380761523045727e-01 9.279595765158807907e-01 3.945221620608200738e-03 9.210779595765158367e-01 9.335899903753609452e-01
5.210420841683366389e-01 9.287295476419634710e-01 4.057501732094587026e-03 9.215591915303176229e-01 9.335899903753609452e-01
5.230460921843687050e-01 9.293070259865254812e-01 3.870553121770550341e-03 9.220404234841192981e-01 9.345524542829644066e-01
5.250501002004007711e-01 9.301732435033687185e-01 3.623328293374596196e-03 9.244465832531280070e-01 9.355149181905678679e-01
5.270541082164328373e-01 9.304619826756497236e-01 3.615650386190909314e-03 9.249278152069297931e-01 9.355149181905678679e-01
5.290581162324649034e-01 9.306544754571703937e-01 3.571830512803362938e-03 9.254090471607314683e-01 9.359961501443695431e-01
5.310621242484969695e-01 9.310875842155919013e-01 3.744961782164329175e-03 9.254090471607314683e-01 9.359961501443695431e-01
5.330661322645290356e-01 9.316650625601539115e-01 3.867859730011564620e-03 9.254090471607314683e-01 9.364773820981713293e-01
5.350701402805611018e-01 9.320500481231952516e-01 3.908361983493141914e-03 9.254090471607314683e-01 9.369586140519730044e-01
5.370741482965931679e-01 9.327237728585178189e-01 3.961331208326589713e-03 9.268527430221367158e-01 9.384023099133782519e-01
5.390781563126252340e-01 9.333974975938401641e-01 3.992775459613376494e-03 9.273339749759383910e-01 9.384023099133782519e-01
5.410821643286573002e-01 9.340712223291628424e-01 3.879816048266856998e-03 9.282964388835418523e-01 9.388835418671799271e-01
5.430861723446893663e-01 9.344080846968239040e-01 3.850156388637050904e-03 9.287776708373436385e-01 9.393647738209817133e-01
5.450901803607214324e-01 9.349855630413861363e-01 3.846545737900391657e-03 9.287776708373436385e-01 9.398460057747834995e-01
5.470941883767534986e-01 9.355149181905678679e-01 3.831766936938279036e-03 9.287776708373436385e-01 9.398460057747834995e-01
5.490981963927855647e-01 9.361405197305101566e-01 3.850156388637067384e-03 9.297401347449470999e-01 9.403272377285851746e-01
5.511022044088176308e-01 9.364773820981714403e-01 3.885780411585439912e-03 9.307025986525505612e-01 9.408084696823869608e-01
5.531062124248496970e-01 9.372954764196343991e-01 3.921671363210667109e-03 9.316650625601540225e-01 9.422521655437920973e-01
5.551102204408817631e-01 9.378729547641964093e-01 4.068900832324918483e-03 9.316650625601540225e-01 9.436958614051973449e-01
5.571142284569138292e-01 9.386910490856592570e-01 3.424532603398893014e-03 9.326275264677574839e-01 9.436958614051973449e-01
5.591182364729458953e-01 9.389316650625602056e-01 3.419456963135817599e-03 9.331087584215591590e-01 9.441770933589990200e-01
5.611222444889779615e-01 9.393647738209816023e-01 3.155648952984616180e-03 9.340712223291626204e-01 9.441770933589990200e-01
5.631262525050100276e-01 9.395572666025022723e-01 3.193582295098583521e-03 9.340712223291626204e-01 9.441770933589990200e-01
5.651302605210419827e-01 9.401828681424447831e-01 3.126526635376474655e-03 9.350336862367660817e-01 9.451395572666024814e-01
5.671342685370740488e-01 9.409047160731474069e-01 3.132077015451986083e-03 9.350336862367660817e-01 9.451395572666024814e-01
5.691382765531061150e-01 9.414821944177094171e-01 2.968073906662056522e-03 9.359961501443695431e-01 9.451395572666024814e-01
5.711422845691381811e-01 9.418671799807507572e-01 3.034433642047075670e-03 9.359961501443695431e-01 9.456207892204042675e-01
5.731462925851702472e-01 9.424927815206929349e-01 2.921280117570007172e-03 9.364773820981713293e-01 9.465832531280077289e-01
5.751503006012023134e-01 9.433108758421558937e-01 3.057243536914062542e-03 9.364773820981713293e-01 9.475457170356111902e-01
5.771543086172343795e-01 9.434552454282965073e-01 3.007218440802305551e-03 9.364773820981713293e-01 9.475457170356111902e-01
5.791583166332664456e-01 9.439846005774784610e-01 3.112793383791386242e-03 9.369586140519730044e-01 9.480269489894128654e-01
5.811623246492985118e-01 9.446583253128005842e-01 3.235367914142776077e-03 9.379210779595764658e-01 9.494706448508181129e-01
5.831663326653305779e-01 9.451395572666025924e-01 3.126156259655777075e-03 9.384023099133782519e-01 9.494706448508181129e-01
5.851703406813626440e-01 9.454764196342637650e-01 3.013372897873596492e-03 9.388835418671799271e-01 9.499518768046197881e-01
5.871743486973947102e-01 9.461501443695862212e-01 2.938668843266985936e-03 9.393647738209817133e-01 9.504331087584215743e-01
5.891783567134267763e-01 9.467276227141482314e-01 3.081763743327304607e-03 9.403272377285851746e-01 9.523580365736284969e-01
5.911823647294588424e-01 9.468719923002886230e-01 3.200825630089677073e-03 9.403272377285851746e-01 9.523580365736284969e-01
5.931863727454909085e-01 9.471607314725696281e-01 3.183413938121481060e-03 9.408084696823869608e-01 9.528392685274301721e-01
5.951903807615229747e-01 9.476900866217518038e-01 3.235725789030632557e-03 9.408084696823869608e-01 9.528392685274301721e-01
5.971943887775550408e-01 9.478344562078924174e-01 3.342397565771953148e-03 9.408084696823869608e-01 9.533205004812319583e-01
5.991983967935871069e-01 9.485563041385949301e-01 2.962216245719418925e-03 9.432146294513955587e-01 9.533205004812319583e-01
6.012024048096191731e-01 9.490856592877767728e-01 3.003751017194832614e-03 9.432146294513955587e-01 9.538017324350336335e-01
6.032064128256512392e-01 9.493262752646776104e-01 2.697046442579779501e-03 9.446583253128008062e-01 9.538017324350336335e-01
6.052104208416833053e-01 9.498075072184791745e-01 2.781587298675350806e-03 9.451395572666024814e-01 9.542829643888354196e-01
6.072144288577153715e-01 9.501924927815206257e-01 2.865250365082601045e-03 9.451395572666024814e-01 9.542829643888354196e-01
6.092184368737474376e-01 9.506256015399422443e-01 2.646338226153518471e-03 9.461020211742059427e-01 9.542829643888354196e-01
6.112224448897795037e-01 9.509624639076035280e-01 2.523142777462631953e-03 9.470644850818094040e-01 9.547641963426372058e-01
6.132264529058115698e-01 9.513474494706448681e-01 2.448614866835153569e-03 9.470644850818094040e-01 9.547641963426372058e-01
6.152304609218436360e-01 9.514436958614052031e-01 2.292301321234769748e-03 9.480269489894128654e-01 9.547641963426372058e-01
6.172344689378757021e-01 9.516843118383059297e-01 2.207381124384949836e-03 9.480269489894128654e-01 9.547641963426372058e-01
6.192384769539077682e-01 9.520692974013474918e-01 2.259228988316749464e-03 9.485081809432146516e-01 9.552454282964388810e-01
6.212424849699398344e-01 9.525024061597691105e-01 2.396998923082253440e-03 9.485081809432146516e-01 9.557266602502406672e-01
6.232464929859719005e-01 9.530317613089508422e-01 2.511643570875854437e-03 9.489894128970163267e-01 9.566891241578441285e-01
6.252505010020039666e-01 9.533205004812319583e-01 2.670728955825167530e-03 9.489894128970163267e-01 9.571703561116458037e-01
6.272545090180360328e-01 9.540423484119344710e-01 2.889396160207546686e-03 9.494706448508181129e-01 9.576515880654475898e-01
6.292585170340680989e-01 9.545235803657362572e-01 2.976255263920368332e-03 9.499518768046197881e-01 9.590952839268527264e-01
6.312625250501001650e-01 9.547641963426372058e-01 3.111305077044209527e-03 9.499518768046197881e-01 9.590952839268527264e-01
6.332665330661322312e-01 9.549085659287775973e-01 3.119110764792851469e-03 9.499518768046197881e-01 9.595765158806545125e-01
6.352705410821642973e-01 9.556785370548604996e-01 2.874933018526253971e-03 9.513955726660250356e-01 9.605389797882579739e-01
6.372745490981963634e-01 9.562560153994225098e-01 2.793218837522898779e-03 9.523580365736284969e-01 9.610202117420596490e-01
6.392785571142284295e-01 9.566891241578439065e-01 2.781170986871975975e-03 9.523580365736284969e-01 9.610202117420596490e-01
6.412825651302604957e-01 9.569297401347449661e-01 2.791560156356729435e-03 9.523580365736284969e-01 9.615014436958614352e-01
6.432865731462925618e-01 9.573628488931665848e-01 2.856751122166658555e-03 9.523580365736284969e-01 9.619826756496631104e-01
6.452905811623246279e-01 9.577478344562079249e-01 2.861610923449181380e-03 9.523580365736284969e-01 9.619826756496631104e-01
6.472945891783566941e-01 9.581809432146295435e-01 2.874933018526256139e-03 9.523580365736284969e-01 9.624639076034648966e-01
6.492985971943887602e-01 9.586140519730511622e-01 2.895401146581573840e-03 9.528392685274301721e-01 9.639076034648700331e-01
6.513026052104208263e-01 9.589027911453319453e-01 2.904983305637460524e-03 9.528392685274301721e-01 9.639076034648700331e-01
6.533066132264528925e-01 9.592877767083735074e-01 2.999121549736836340e-03 9.528392685274301721e-01 9.639076034648700331e-01
6.553106212424849586e-01 9.595283926852744560e-01 3.092266376596222721e-03 9.528392685274301721e-01 9.643888354186718193e-01
6.573146292585170247e-01 9.599615014436958527e-01 3.117254040558554637e-03 9.528392685274301721e-01 9.643888354186718193e-01
6.593186372745490909e-01 9.604427333974976388e-01 2.996031263960224900e-03 9.542829643888354196e-01 9.653512993262752806e-01
6.613226452905811570e-01 9.607795957651588115e-01 3.053074480377659331e-03 9.542829643888354196e-01 9.653512993262752806e-01
6.633266533066132231e-01 9.612127045235803191e-01 3.363119385881821639e-03 9.542829643888354196e-01 9.667949951876804171e-01
6.653306613226452892e-01 9.613570741097209327e-01 3.313518765178432874e-03 9.542829643888354196e-01 9.667949951876804171e-01
6.673346693386772444e-01 9.617420596727622728e-01 3.265647271862077983e-03 9.542829643888354196e-01 9.667949951876804171e-01
6.693386773547093105e-01 9.620789220404233344e-01 3.311771036397530201e-03 9.547641963426372058e-01 9.672762271414822033e-01
6.713426853707413766e-01 9.623676612127045615e-01 3.233936018558486100e-03 9.557266602502406672e-01 9.677574590952838784e-01
6.733466933867734427e-01 9.625601539942252316e-01 3.197930264838500392e-03 9.557266602502406672e-01 9.677574590952838784e-01
6.753507014028055089e-01 9.628488931665060147e-01 3.255348320555859123e-03 9.557266602502406672e-01 9.682386910490856646e-01
6.773547094188375750e-01 9.631376323387872418e-01 3.142411495151979216e-03 9.562078922040423423e-01 9.682386910490856646e-01
6.793587174348696411e-01 9.633301251203079119e-01 3.241089170449027237e-03 9.562078922040423423e-01 9.687199230028873398e-01
6.813627254509017073e-01 9.637151106833492520e-01 3.279446590452501226e-03 9.562078922040423423e-01 9.687199230028873398e-01
6.833667334669337734e-01 9.641482194417708707e-01 3.411320230692448021e-03 9.562078922040423423e-01 9.687199230028873398e-01
6.853707414829658395e-01 9.643888354186719303e-01 3.368623676612108632e-03 9.566891241578441285e-01 9.687199230028873398e-01
6.873747494989979057e-01 9.647738209817132704e-01 3.462195524274269774e-03 9.566891241578441285e-01 9.692011549566891260e-01
6.893787575150299718e-01 9.650625601539942755e-01 3.438031010489250340e-03 9.566891241578441285e-01 9.692011549566891260e-01
6.913827655310620379e-01 9.655437921077959507e-01 3.537627709237549118e-03 9.566891241578441285e-01 9.692011549566891260e-01
6.933867735470941041e-01 9.660731472569779044e-01 3.491834443440168349e-03 9.571703561116458037e-01 9.696823869104908011e-01
6.953907815631261702e-01 9.663618864292589095e-01 3.432975327624974461e-03 9.576515880654475898e-01 9.701636188642925873e-01
6.973947895791582363e-01 9.666025024061596360e-01 3.431288444653666538e-03 9.576515880654475898e-01 9.701636188642925873e-01
6.993987975951903024e-01 9.670356111645812547e-01 3.438367791702836001e-03 9.581328200192492650e-01 9.706448508180943735e-01
7.014028056112223686e-01 9.672762271414822033e-01 3.177588839118219641e-03 9.590952839268527264e-01 9.706448508180943735e-01
7.034068136272544347e-01 9.675649663137632084e-01 3.127637499378616969e-03 9.590952839268527264e-01 9.706448508180943735e-01
7.054108216432865008e-01 9.679018286814244920e-01 3.264228658731795768e-03 9.590952839268527264e-01 9.706448508180943735e-01
7.074148296593185670e-01 9.682868142444658321e-01 2.962216245719411552e-03 9.605389797882579739e-01 9.711260827718960487e-01
7.094188376753506331e-01 9.685755534167468372e-01 3.013372897873580879e-03 9.605389797882579739e-01 9.716073147256978348e-01
7.114228456913826992e-01 9.687199230028873398e-01 3.035959633414340910e-03 9.605389797882579739e-01 9.716073147256978348e-01
7.134268537074147654e-01 9.691049085659289020e-01 3.102360242788486117e-03 9.605389797882579739e-01 9.720885466794995100e-01
7.154308617234468315e-01 9.693936477382099071e-01 3.279446590452509899e-03 9.605389797882579739e-01 9.730510105871029713e-01
7.174348697394788976e-01 9.698267564966315257e-01 3.059136684372055180e-03 9.615014436958614352e-01 9.730510105871029713e-01
7.194388777555109638e-01 9.700192492781521958e-01 3.089269267700485433e-03 9.615014436958614352e-01 9.730510105871029713e-01
7.214428857715430299e-01 9.704523580365738145e-01 3.142411495151974446e-03 9.615014436958614352e-01 9.730510105871029713e-01
7.234468937875750960e-01 9.707410972088548196e-01 3.117254040558562009e-03 9.619826756496631104e-01 9.735322425409047575e-01
7.254509018036071621e-01 9.710779595765158811e-01 2.922865185574648281e-03 9.629451395572665717e-01 9.735322425409047575e-01
7.274549098196392283e-01 9.713185755534168297e-01 3.082890736871432384e-03 9.629451395572665717e-01 9.744947064485082189e-01
7.294589178356712944e-01 9.715591915303176673e-01 2.842529244585658040e-03 9.639076034648700331e-01 9.744947064485082189e-01
7.314629258517033605e-01 9.716554379210780024e-01 2.922865185574658256e-03 9.639076034648700331e-01 9.744947064485082189e-01
7.334669338677354267e-01 9.719923002887391750e-01 3.003751017194858635e-03 9.639076034648700331e-01 9.749759384023098940e-01
7.354709418837674928e-01 9.721847930702598450e-01 3.034433642047062660e-03 9.639076034648700331e-01 9.749759384023098940e-01
7.374749498997995589e-01 9.725216554379210177e-01 2.882977055004832829e-03 9.643888354186718193e-01 9.749759384023098940e-01
7.394789579158316251e-01 9.730028873917229149e-01 3.062163285838892177e-03 9.643888354186718193e-01 9.754571703561116802e-01
7.414829659318636912e-01 9.733397497593839764e-01 2.681114201575401403e-03 9.658325312800769558e-01 9.754571703561116802e-01
7.434869739478957573e-01 9.735803657362849250e-01 2.734566437954856748e-03 9.658325312800769558e-01 9.754571703561116802e-01
7.454909819639278235e-01 9.743503368623676053e-01 2.396998923082241731e-03 9.682386910490856646e-01 9.769008662175168167e-01
7.474949899799598896e-01 9.746871992300286669e-01 2.548258382073855920e-03 9.682386910490856646e-01 9.778633301251202781e-01
7.494989979959919557e-01 9.747353224254089454e-01 2.584802502790320856e-03 9.682386910490856646e-01 9.778633301251202781e-01
7.515030060120240218e-01 9.751684311838305641e-01 2.502406159769019617e-03 9.687199230028873398e-01 9.778633301251202781e-01
7.535070140280560880e-01 9.756977863330125178e-01 2.176211560076027601e-03 9.706448508180943735e-01 9.778633301251202781e-01
7.555110220440881541e-01 9.758421559191530203e-01 2.244832298304247180e-03 9.706448508180943735e-01 9.783445620789220643e-01
7.575150300601202202e-01 9.759384023099133554e-01 2.173549526590226166e-03 9.711260827718960487e-01 9.783445620789220643e-01
7.595190380761522864e-01 9.761308950914340254e-01 2.055260491247609157e-03 9.711260827718960487e-01 9.783445620789220643e-01
7.615230460921843525e-01 9.763233878729546955e-01 2.139182942338104139e-03 9.711260827718960487e-01 9.788257940327237394e-01
7.635270541082164186e-01 9.765158806544753656e-01 2.171417550082484042e-03 9.711260827718960487e-01 9.788257940327237394e-01
7.655310621242484848e-01 9.766121270452357006e-01 2.186297726968345137e-03 9.711260827718960487e-01 9.788257940327237394e-01
7.675350701402805509e-01 9.768527430221366492e-01 2.420075257108783313e-03 9.711260827718960487e-01 9.797882579403272008e-01
7.695390781563125060e-01 9.770452358036573193e-01 2.288256675258645671e-03 9.716073147256978348e-01 9.797882579403272008e-01
7.715430861723445721e-01 9.773339749759383244e-01 2.210002406776704741e-03 9.720885466794995100e-01 9.797882579403272008e-01
7.735470941883766383e-01 9.775745909528390509e-01 2.339797070479929849e-03 9.720885466794995100e-01 9.802694898941289869e-01
7.755511022044087044e-01 9.778633301251202781e-01 2.257177940242255983e-03 9.725697786333012962e-01 9.802694898941289869e-01
7.775551102204407705e-01 9.780558229066409481e-01 2.349673843259598473e-03 9.725697786333012962e-01 9.807507218479306621e-01
7.795591182364728366e-01 9.782483156881616182e-01 2.375161247209428474e-03 9.725697786333012962e-01 9.807507218479306621e-01
7.815631262525049028e-01 9.786814244465832369e-01 2.528643822024946065e-03 9.725697786333012962e-01 9.812319538017324483e-01
7.835671342685369689e-01 9.789220404234841855e-01 2.384891567538767378e-03 9.730510105871029713e-01 9.812319538017324483e-01
7.855711422845690350e-01 9.790664100096246880e-01 2.290279891105050959e-03 9.735322425409047575e-01 9.817131857555341234e-01
7.875751503006011012e-01 9.793551491819055821e-01 2.332362043513495475e-03 9.735322425409047575e-01 9.821944177093359096e-01
7.895791583166331673e-01 9.794513955726659171e-01 2.367837266629925844e-03 9.735322425409047575e-01 9.826756496631375848e-01
7.915831663326652334e-01 9.800288739172280383e-01 2.369792541336894921e-03 9.740134744947064327e-01 9.831568816169393710e-01
7.935871743486972996e-01 9.801251203079883734e-01 2.358036573628493216e-03 9.740134744947064327e-01 9.831568816169393710e-01
7.955911823647293657e-01 9.803657362848892109e-01 2.498701633445074479e-03 9.740134744947064327e-01 9.841193455245428323e-01
7.975951903807614318e-01 9.805582290664099920e-01 2.584354491260348451e-03 9.740134744947064327e-01 9.846005774783445075e-01
7.995991983967934980e-01 9.807507218479306621e-01 2.635815964894922762e-03 9.740134744947064327e-01 9.846005774783445075e-01
8.016032064128255641e-01 9.812319538017325593e-01 2.911353890713039988e-03 9.740134744947064327e-01 9.855630413859480798e-01
8.036072144288576302e-01 9.816650625601541780e-01 3.008758235291739917e-03 9.740134744947064327e-01 9.860442733397497550e-01
8.056112224448896963e-01 9.820981713185756856e-01 2.694898941289690115e-03 9.754571703561116802e-01 9.860442733397497550e-01
8.076152304609217625e-01 9.823387872954765232e-01 2.748083067424293268e-03 9.754571703561116802e-01 9.860442733397497550e-01
8.096192384769538286e-01 9.826275264677575283e-01 2.776587437295799897e-03 9.759384023099133554e-01 9.860442733397497550e-01
8.116232464929858947e-01 9.829643888354185899e-01 2.483828277298161854e-03 9.769008662175168167e-01 9.860442733397497550e-01
8.136272545090179609e-01 9.830606352261790359e-01 2.375161247209433245e-03 9.773820981713186029e-01 9.860442733397497550e-01
8.156312625250500270e-01 9.831087584215592035e-01 2.261790182868144306e-03 9.778633301251202781e-01 9.860442733397497550e-01
8.176352705410820931e-01 9.833974975938402086e-01 2.207905629827621504e-03 9.783445620789220643e-01 9.865255052935515412e-01
8.196392785571141593e-01 9.836862367661212136e-01 2.241218676072196606e-03 9.793070259865255256e-01 9.874879692011550025e-01
8.216432865731462254e-01 9.840712223291626648e-01 2.322411648125834605e-03 9.793070259865255256e-01 9.874879692011550025e-01
8.236472945891782915e-01 9.843599615014435589e-01 2.350166592314691539e-03 9.793070259865255256e-01 9.879692011549566777e-01
8.256513026052103577e-01 9.846487006737246750e-01 2.391195043080817165e-03 9.793070259865255256e-01 9.879692011549566777e-01
8.276553106212424238e-01 9.847449470644850100e-01 2.308409038539270715e-03 9.797882579403272008e-01 9.879692011549566777e-01
8.296593186372744899e-01 9.848893166506254016e-01 2.309913378248332639e-03 9.797882579403272008e-01 9.879692011549566777e-01
8.316633266533065560e-01 9.851780558229066287e-01 2.244832298304277104e-03 9.797882579403272008e-01 9.879692011549566777e-01
8.336673346693386222e-01 9.853705486044272988e-01 2.032599815393947192e-03 9.807507218479306621e-01 9.879692011549566777e-01
8.356713426853706883e-01 9.854186717998075773e-01 2.087126895303331384e-03 9.807507218479306621e-01 9.879692011549566777e-01
8.376753507014027544e-01 9.856111645813282474e-01 2.069297401347470339e-03 9.807507218479306621e-01 9.884504331087584639e-01
8.396793587174348206e-01 9.858999037536092525e-01 2.019454789062295058e-03 9.812319538017324483e-01 9.889316650625601390e-01
8.416833667334668867e-01 9.861405197305099790e-01 1.981834483346866897e-03 9.812319538017324483e-01 9.889316650625601390e-01
8.436873747494989528e-01 9.862367661212703140e-01 1.841301873889226006e-03 9.817131857555341234e-01 9.889316650625601390e-01
8.456913827655310190e-01 9.863811357074109276e-01 1.749064662693571070e-03 9.821944177093359096e-01 9.889316650625601390e-01
8.476953907815630851e-01 9.865255052935513191e-01 1.536931609496751958e-03 9.831568816169393710e-01 9.889316650625601390e-01
8.496993987975951512e-01 9.866698748796920437e-01 1.639723295226256034e-03 9.831568816169393710e-01 9.889316650625601390e-01
8.517034068136272174e-01 9.869104908565929923e-01 1.548939070205111301e-03 9.831568816169393710e-01 9.889316650625601390e-01
8.537074148296592835e-01 9.871029836381136624e-01 1.607631673579409037e-03 9.831568816169393710e-01 9.889316650625601390e-01
8.557114228456913496e-01 9.873435996150143890e-01 1.708881704000454055e-03 9.831568816169393710e-01 9.894128970163619252e-01
8.577154308617234157e-01 9.873917228103946675e-01 1.719015505244635145e-03 9.831568816169393710e-01 9.894128970163619252e-01
8.597194388777554819e-01 9.875842155919153376e-01 1.823608789364433626e-03 9.831568816169393710e-01 9.894128970163619252e-01
8.617234468937875480e-01 9.878729547641963427e-01 1.391417930202217598e-03 9.850818094321462937e-01 9.894128970163619252e-01
8.637274549098196141e-01 9.879692011549566777e-01 1.254899404273853618e-03 9.855630413859480798e-01 9.894128970163619252e-01
8.657314629258516803e-01 9.880173243503369562e-01 1.225961424721559809e-03 9.855630413859480798e-01 9.894128970163619252e-01
8.677354709418837464e-01 9.886910490856593015e-01 1.415345637136927780e-03 9.855630413859480798e-01 9.903753609239653866e-01
8.697394789579158125e-01 9.888354186717999150e-01 1.269577089342920247e-03 9.865255052935515412e-01 9.903753609239653866e-01
8.717434869739478787e-01 9.890279114533203630e-01 1.269577089342906586e-03 9.865255052935515412e-01 9.908565928777670617e-01
8.737474949899798338e-01 9.891722810394609766e-01 1.240981420426126797e-03 9.865255052935515412e-01 9.908565928777670617e-01
8.757515030060118999e-01 9.895572666025025388e-01 1.476213825811155877e-03 9.865255052935515412e-01 9.918190567853705231e-01
8.777555110220439660e-01 9.897978825794032653e-01 1.563818749689305449e-03 9.865255052935515412e-01 9.918190567853705231e-01
8.797595190380760322e-01 9.900384985563042139e-01 1.460441858084077791e-03 9.870067372473532163e-01 9.918190567853705231e-01
8.817635270541080983e-01 9.900866217516842704e-01 1.478565110273074353e-03 9.870067372473532163e-01 9.918190567853705231e-01
8.837675350701401644e-01 9.901828681424446055e-01 1.524829597473997041e-03 9.870067372473532163e-01 9.918190567853705231e-01
8.857715430861722306e-01 9.903753609239652755e-01 1.491042674189560664e-03 9.870067372473532163e-01 9.918190567853705231e-01
8.877755511022042967e-01 9.908084696823868942e-01 9.967427900485121856e-04 9.889316650625601390e-01 9.923002887391723092e-01
8.897795591182363628e-01 9.910972088546680103e-01 1.059803443000257358e-03 9.889316650625601390e-01 9.927815206929739844e-01
8.917835671342684289e-01 9.911934552454282343e-01 1.055424071196410648e-03 9.894128970163619252e-01 9.932627526467757706e-01
8.937875751503004951e-01 9.914340712223290719e-01 9.576394967340007584e-04 9.898941289701636004e-01 9.932627526467757706e-01
8.957915831663325612e-01 9.917228103946100770e-01 9.079866344616606758e-04 9.903753609239653866e-01 9.932627526467757706e-01
8.977955911823646273e-01 9.918190567853706341e-01 9.130734341198366811e-04 9.903753609239653866e-01 9.932627526467757706e-01
8.997995991983966935e-01 9.918671799807506906e-01 9.732313963501805065e-04 9.903753609239653866e-01 9.932627526467757706e-01
9.018036072144287596e-01 9.919153031761309691e-01 1.049924168877348777e-03 9.903753609239653866e-01 9.937439846005774458e-01
9.038076152304608257e-01 9.922521655437922528e-01 8.459285770571173908e-04 9.908565928777670617e-01 9.937439846005774458e-01
9.058116232464928919e-01 9.924927815206932014e-01 8.662175168431164455e-04 9.908565928777670617e-01 9.937439846005774458e-01
9.078156312625249580e-01 9.927333974975937059e-01 9.244163961645180273e-04 9.908565928777670617e-01 9.942252165543792319e-01
9.098196392785570241e-01 9.928296438883542629e-01 7.593712145360743482e-04 9.918190567853705231e-01 9.942252165543792319e-01
9.118236472945890903e-01 9.930702598652552116e-01 7.517083422431772863e-04 9.918190567853705231e-01 9.942252165543792319e-01
9.138276553106211564e-01 9.931665062560153245e-01 7.994825662096235802e-04 9.918190567853705231e-01 9.947064485081809071e-01
9.158316633266532225e-01 9.934071222329162731e-01 9.636662365014904419e-04 9.918190567853705231e-01 9.951876804619826933e-01
9.178356713426852886e-01 9.934071222329162731e-01 9.636662365014904419e-04 9.918190567853705231e-01 9.951876804619826933e-01
9.198396793587173548e-01 9.935033686236766082e-01 8.404354762547231036e-04 9.923002887391723092e-01 9.951876804619826933e-01
9.218436873747494209e-01 9.935514918190566647e-01 8.662175168431288054e-04 9.923002887391723092e-01 9.951876804619826933e-01
9.238476953907814870e-01 9.937439846005773347e-01 7.455213370948055940e-04 9.927815206929739844e-01 9.951876804619826933e-01
9.258517034068135532e-01 9.938883541867179483e-01 8.066917523695983768e-04 9.927815206929739844e-01 9.956689124157843684e-01
9.278557114228456193e-01 9.939846005774782833e-01 9.442452776876215101e-04 9.927815206929739844e-01 9.961501443695861546e-01
9.298597194388776854e-01 9.941770933589989534e-01 9.491377730180768123e-04 9.932627526467757706e-01 9.966313763233878298e-01
9.318637274549097516e-01 9.945139557266602370e-01 1.036605352672651621e-03 9.932627526467757706e-01 9.966313763233878298e-01
9.338677354709418177e-01 9.946583253128007396e-01 9.732313963501668455e-04 9.932627526467757706e-01 9.966313763233878298e-01
9.358717434869738838e-01 9.948989412897015772e-01 9.672642561232764648e-04 9.932627526467757706e-01 9.966313763233878298e-01
9.378757515030059499e-01 9.950433108758419687e-01 9.143407122232928520e-04 9.937439846005774458e-01 9.966313763233878298e-01
9.398797595190380161e-01 9.952358036573626388e-01 8.180943214629404726e-04 9.937439846005774458e-01 9.966313763233878298e-01
9.418837675350700822e-01 9.953801732435032523e-01 8.662175168431163370e-04 9.937439846005774458e-01 9.966313763233878298e-01
9.438877755511021483e-01 9.954764196342636984e-01 8.925523094798575550e-04 9.937439846005774458e-01 9.966313763233878298e-01
9.458917835671342145e-01 9.955726660250242555e-01 9.331433796759112552e-04 9.937439846005774458e-01 9.966313763233878298e-01
9.478957915831662806e-01 9.956689124157843684e-01 8.873478784689885516e-04 9.942252165543792319e-01 9.966313763233878298e-01
9.498997995991983467e-01 9.958132820019249820e-01 8.621979243103378892e-04 9.942252165543792319e-01 9.966313763233878298e-01
9.519038076152304129e-01 9.959576515880655956e-01 8.925523094798479056e-04 9.942252165543792319e-01 9.971126082771896160e-01
9.539078156312624790e-01 9.960538979788259306e-01 8.554566330428931605e-04 9.947064485081809071e-01 9.971126082771896160e-01
9.559118236472945451e-01 9.961501443695862656e-01 8.873478784690005863e-04 9.947064485081809071e-01 9.975938402309912911e-01
9.579158316633266113e-01 9.962945139557266572e-01 9.393273000935039750e-04 9.947064485081809071e-01 9.975938402309912911e-01
9.599198396793586774e-01 9.964388835418672707e-01 8.925523094798455204e-04 9.947064485081809071e-01 9.975938402309912911e-01
9.619238476953907435e-01 9.964388835418672707e-01 8.925523094798455204e-04 9.947064485081809071e-01 9.975938402309912911e-01
9.639278557114228096e-01 9.966313763233879408e-01 9.862320275225808664e-04 9.947064485081809071e-01 9.980750721847930773e-01
9.659318637274548758e-01 9.967276227141482758e-01 1.049924168877348777e-03 9.947064485081809071e-01 9.980750721847930773e-01
9.679358717434869419e-01 9.969682386910490024e-01 8.621979243103502491e-04 9.956689124157843684e-01 9.980750721847930773e-01
9.699398797595190080e-01 9.969682386910490024e-01 8.621979243103502491e-04 9.956689124157843684e-01 9.980750721847930773e-01
9.719438877755510742e-01 9.970644850818093374e-01 9.244163961645209546e-04 9.956689124157843684e-01 9.980750721847930773e-01
9.739478957915831403e-01 9.972569778633302295e-01 9.393273000935289116e-04 9.956689124157843684e-01 9.980750721847930773e-01
9.759519038076150954e-01 9.974494706448508996e-01 1.010587102983641003e-03 9.956689124157843684e-01 9.985563041385947525e-01
9.779559118236471615e-01 9.975457170356112346e-01 8.459285770571028625e-04 9.961501443695861546e-01 9.985563041385947525e-01
9.799599198396792277e-01 9.977863330125119612e-01 7.202420378775472969e-04 9.961501443695861546e-01 9.985563041385947525e-01
9.819639278557112938e-01 9.981713185755534123e-01 6.010585176514174083e-04 9.971126082771896160e-01 9.990375360923965387e-01
9.839679358717433599e-01 9.983638113570740824e-01 6.527747818214912900e-04 9.971126082771896160e-01 9.990375360923965387e-01
9.859719438877754261e-01 9.985563041385947525e-01 7.455213370947839100e-04 9.971126082771896160e-01 9.995187680461982138e-01
9.879759519038074922e-01 9.987969201154957011e-01 7.833888641049001431e-04 9.975938402309912911e-01 1.000000000000000000e+00
9.899799599198395583e-01 9.989894128970162601e-01 7.282360900106604360e-04 9.975938402309912911e-01 1.000000000000000000e+00
9.919839679358716245e-01 9.991819056785370412e-01 6.106148960755302833e-04 9.980750721847930773e-01 1.000000000000000000e+00
9.939879759519036906e-01 9.992781520692973762e-01 5.794800086040520970e-04 9.980750721847930773e-01 1.000000000000000000e+00
9.959919839679357567e-01 9.998556304138596085e-01 2.205281855128177269e-04 9.995187680461982138e-01 1.000000000000000000e+00
9.979959919839678228e-01 1.000000000000000000e+00 0.000000000000000000e+00 1.000000000000000000e+00 1.000000000000000000e+00
1.000000000000000000e+00 1.000000000000000000e+00 0.000000000000000000e+00 1.000000000000000000e+00 1.000000000000000000e+00
