# FPR	TPR_MEAN	TPR_STD	TPR_MIN	TPR_MAX
0.000000000000000000e+00 4.944643303088321236e-03 5.265048831527522656e-03 0.000000000000000000e+00 1.806376425538999339e-02
2.004008016032063962e-03 1.630240085598650968e-01 9.872644028665059773e-03 1.435111962041122069e-01 1.773911595771247851e-01
4.008016032064127925e-03 2.428618996087571758e-01 9.726224211799689226e-03 2.190127362024473501e-01 2.528094564222092555e-01
6.012024048096191453e-03 2.983351369349870330e-01 9.287970231471714619e-03 2.799467243819195872e-01 3.104969616249063646e-01
8.016032064128255849e-03 3.399650378756347013e-01 9.604903661761218445e-03 3.208191126279863470e-01 3.537834013152418300e-01
1.002004008016032024e-02 3.771580787480229846e-01 6.414348153462041090e-03 3.673520352950969681e-01 3.892449846000166636e-01
1.202404809619238291e-02 4.060101556646965593e-01 9.621713081362242084e-03 3.940730874885540747e-01 4.222092732872721466e-01
1.402805611222444730e-02 4.337634229584616530e-01 9.695294001535098571e-03 4.188795471572462903e-01 4.508449180054940331e-01
1.603206412825651170e-02 4.586198285191042112e-01 1.146836907296600559e-02 4.404395238491634057e-01 4.824773162407391958e-01
1.803607214428857436e-02 4.808374261217014944e-01 1.086634390076195687e-02 4.598351785565636951e-01 4.977108132856072342e-01
2.004008016032064049e-02 4.989095146924166224e-01 9.801237067524412247e-03 4.777324565054524297e-01 5.110297178057104928e-01
2.204408817635270315e-02 5.150488273642098713e-01 1.147919928778236634e-02 4.883043369682843471e-01 5.252642970115708465e-01
2.404809619238476581e-02 5.286522933488720932e-01 1.095335982938199643e-02 5.037875634729043206e-01 5.402480645966869499e-01
2.605210420841683194e-02 5.440855739615416686e-01 1.075077831355357970e-02 5.190210605177724146e-01 5.548988595688004732e-01
2.805611222444889460e-02 5.585199367352036148e-01 1.088005846109032539e-02 5.368350953134104486e-01 5.745442437359526977e-01
3.006012024048096073e-02 5.695413302255889487e-01 1.195960788059980892e-02 5.479896778489968812e-01 5.874469324898027311e-01
3.206412825651302340e-02 5.807874802297510186e-01 1.176081705910494470e-02 5.595604761508365943e-01 5.966036793473736832e-01
3.406813627254508953e-02 5.912927661699824977e-01 1.079133108794765039e-02 5.727961375176892078e-01 6.040955631399317349e-01
3.607214428857714872e-02 6.011987014068094215e-01 1.148742244134630906e-02 5.801215350037459695e-01 6.168317655872804783e-01
3.807615230460921485e-02 6.104553400482810588e-01 1.003984210776899880e-02 5.914426038458336921e-01 6.228252726213269197e-01
4.008016032064128098e-02 6.189211687338714851e-01 1.001055248159200134e-02 5.991009739448930338e-01 6.308998584866394310e-01
4.208416833667334017e-02 6.260800799134271788e-01 9.658605895581420450e-03 6.081744776492133964e-01 6.381420128194456032e-01
4.408817635270540630e-02 6.339632065262631455e-01 9.802057147056465400e-03 6.153333888287688680e-01 6.462998418380088150e-01
4.609218436873747243e-02 6.407142262548906064e-01 9.893647501807177613e-03 6.224923000083243396e-01 6.532922667110629966e-01
4.809619238476953162e-02 6.472571381003912050e-01 1.049037139859199455e-02 6.276533755098643308e-01 6.634479314076416889e-01
5.010020040080159776e-02 6.532423208191124875e-01 1.082501595253498698e-02 6.332306667776574916e-01 6.699408973611920004e-01
5.210420841683366389e-02 6.600932323316408556e-01 1.011286462970106825e-02 6.404728211104636637e-01 6.757679180887371517e-01
5.410821643286573002e-02 6.659868475817863898e-01 9.959252740792250494e-03 6.464663281445101051e-01 6.802630483642720938e-01
5.611222444889778921e-02 6.710979771913760938e-01 9.884047486317845341e-03 6.510447015732956366e-01 6.851743944060600944e-01
5.811623246492985534e-02 6.760093232331640944e-01 1.003696014092562983e-02 6.560392907683343378e-01 6.905851993673520761e-01
6.012024048096192147e-02 6.814201281944560762e-01 9.353986127203370998e-03 6.638641471738949695e-01 6.959960043286439468e-01
6.212424849699398066e-02 6.866810954798968636e-01 9.100228167456181003e-03 6.716057604262049008e-01 7.013235661366852280e-01
6.412825651302604679e-02 6.915508199450594029e-01 8.961866795058786792e-03 6.750187297094814021e-01 7.069008574044784998e-01
6.613226452905811292e-02 6.953550320486139302e-01 8.888798076417460739e-03 6.793473736785149431e-01 7.114792308332639204e-01
6.813627254509017905e-02 6.997752434862232196e-01 8.934375604953935512e-03 6.837592608007991846e-01 7.154749021892948813e-01
7.014028056112224518e-02 7.046449679513858699e-01 8.933231534771450891e-03 6.881711479230833151e-01 7.197203030050778327e-01
7.214428857715429744e-02 7.087738283526179295e-01 9.045451692829406184e-03 6.924997918921168560e-01 7.237159743611087936e-01
7.414829659318636357e-02 7.123865812036960232e-01 9.296695085280675536e-03 6.961624906351452369e-01 7.281278614833930352e-01
7.615230460921842970e-02 7.157579289103471742e-01 9.074435368846285599e-03 7.005743777574294784e-01 7.305419129276616852e-01
7.815631262525049583e-02 7.191625738782985167e-01 9.333636470189398890e-03 7.025722134354449588e-01 7.344543411304420566e-01
8.016032064128256196e-02 7.224673270623490628e-01 9.418182008533487054e-03 7.054024806459668895e-01 7.376175809539665673e-01
8.216432865731462809e-02 7.260301340214767585e-01 9.485103464326830394e-03 7.088986930824939803e-01 7.410305502372429576e-01
8.416833667334668034e-02 7.293099142595521611e-01 9.606692682064259248e-03 7.111462582202613403e-01 7.437775742945142987e-01
8.617234468937874647e-02 7.325896944976274527e-01 9.406933038580377743e-03 7.149754432697910111e-01 7.472737867310413895e-01
8.817635270541081260e-02 7.356946641138766285e-01 9.451192418952281474e-03 7.182219262465662224e-01 7.510197286273203598e-01
9.018036072144287874e-02 7.388412553067509325e-01 9.484610324548092483e-03 7.223008407558478838e-01 7.541829684508448706e-01
9.218436873747494487e-02 7.419878464996254586e-01 8.962102621602852093e-03 7.267959710313827149e-01 7.554316157496046014e-01
9.418837675350701100e-02 7.447182219262465930e-01 8.893552169892113279e-03 7.302089403146591051e-01 7.584283692666278220e-01
9.619238476953906325e-02 7.473820028302672336e-01 9.178141839442958624e-03 7.326229917589278662e-01 7.617580953966536228e-01
9.819639278557112938e-02 7.500208107883127306e-01 9.313937999985793387e-03 7.342046116706900660e-01 7.648380920669275440e-01
1.002004008016031955e-01 7.527511862149337540e-01 9.219629250694432246e-03 7.382002830267210269e-01 7.680845750437026442e-01
1.022044088176352616e-01 7.554565886955797449e-01 9.139025403833165098e-03 7.419462249230001083e-01 7.699991675684675352e-01
1.042084168336673278e-01 7.581203695996003855e-01 9.380291946448236426e-03 7.436943311412635982e-01 7.734121368517439254e-01
1.062124248496993939e-01 7.601098809622909291e-01 9.425448410325680884e-03 7.456921668192790786e-01 7.748272704570049463e-01
1.082164328657314600e-01 7.625655539831849294e-01 9.416640487207977514e-03 7.476900024972945591e-01 7.778240239740281670e-01
1.102204408817635123e-01 7.648380920669274330e-01 9.830871902950087671e-03 7.498543244818113296e-01 7.821526679430617079e-01
1.122244488977955784e-01 7.672271705652210505e-01 9.932973347231775774e-03 7.512694580870723504e-01 7.838175310080746083e-01
1.142284569138276445e-01 7.691251144593358458e-01 9.997100690418021449e-03 7.532672937650878309e-01 7.852326646133355181e-01
1.162324649298597107e-01 7.714475984350287474e-01 1.023925976605548176e-02 7.545991842170981512e-01 7.887288770498626089e-01
1.182364729458917768e-01 7.738033796720219515e-01 1.012080992915701666e-02 7.564305335886123416e-01 7.912261716473819595e-01
1.202404809619238429e-01 7.761258636477150752e-01 1.005025860912728969e-02 7.584283692666278220e-01 7.926413052526429803e-01
1.222444889779558952e-01 7.779155914426038043e-01 1.017982083314013068e-02 7.600099891783901329e-01 7.946391409306584608e-01
1.242484969939879613e-01 7.797386164987930579e-01 1.003520294312391578e-02 7.615916090901523328e-01 7.960542745359193706e-01
1.262525050100200275e-01 7.813785066178307037e-01 1.010902673287354669e-02 7.623407974694081934e-01 7.976358944476816815e-01
1.282565130260520936e-01 7.834013152418213277e-01 9.862891048037374792e-03 7.651710646799301241e-01 7.998834595854490415e-01
1.302605210420841597e-01 7.850994755681346415e-01 9.500826661559699793e-03 7.674186298176974841e-01 8.006326479647049021e-01
1.322645290581162258e-01 7.867643386331475419e-01 9.817555061023606686e-03 7.690002497294597950e-01 8.022142678764672130e-01
1.342685370741482920e-01 7.889203363023391535e-01 9.929554429867331125e-03 7.714975443269791455e-01 8.047948056272371531e-01
1.362725450901803581e-01 7.906018479980021496e-01 9.941285477780092625e-03 7.732456505452426354e-01 8.062099392324981739e-01
1.382765531062124242e-01 7.923915757928909898e-01 1.023708039801664998e-02 7.747440273037542458e-01 8.085407475235162345e-01
1.402805611222444904e-01 7.940980604345293514e-01 1.024190213519836704e-02 7.763256472155165566e-01 8.100391242820278448e-01
1.422845691382765287e-01 7.959127611753932241e-01 1.032785896535116064e-02 7.782402397402813365e-01 8.116207441937900446e-01
1.442885771543085949e-01 7.978107050695080193e-01 1.027993625974837899e-02 7.799883459585449375e-01 8.133688504120536455e-01
1.462925851703406610e-01 7.992757845667193273e-01 1.026797125005471899e-02 7.815699658703071373e-01 8.149504703238158454e-01
1.482965931863727271e-01 8.011237825688837244e-01 1.036198052395939477e-02 7.827353700158161676e-01 8.164488470823274557e-01
1.503006012024047933e-01 8.031715641388494920e-01 1.037426459814542838e-02 7.850661783068342281e-01 8.184466827603429362e-01
1.523046092184368594e-01 8.047198867893115004e-01 1.014784570036490058e-02 7.873137434446016991e-01 8.196120869058519665e-01
1.543086172344689255e-01 8.063098310163987481e-01 1.020411671951175492e-02 7.886456338966120194e-01 8.209439773578622868e-01
1.563126252505009917e-01 8.081078831266127471e-01 1.029578833429161365e-02 7.908931990343793794e-01 8.226920835761258877e-01
1.583166332665330578e-01 8.097061516690251537e-01 1.009070468435465176e-02 7.927245484058935698e-01 8.240239740281362080e-01
1.603206412825651239e-01 8.113377174727377517e-01 9.991273123134542661e-03 7.941396820111545907e-01 8.252726213268958277e-01
1.623246492985971901e-01 8.130858236910013526e-01 1.004632782130455808e-02 7.962207608424206606e-01 8.272704570049113082e-01
1.643286573146292562e-01 8.146674436027636634e-01 9.985029244570817891e-03 7.979688670606842615e-01 8.289353200699242086e-01
1.663326653306613223e-01 8.161408474153001302e-01 1.007545155113558251e-02 7.985515691334387212e-01 8.303504536751852294e-01
1.683366733466933607e-01 8.177557645883626325e-01 9.982728431813666162e-03 8.002164321984517326e-01 8.324315325064512994e-01
1.703406813627254268e-01 8.190793307250479049e-01 9.717382283537457505e-03 8.022975110297178025e-01 8.337634229584616197e-01
1.723446893787574929e-01 8.201781403479563304e-01 9.564475298324300392e-03 8.036294014817281228e-01 8.341796387247149003e-01
1.743486973947895591e-01 8.215017064846416028e-01 9.492497486746446014e-03 8.054607508532423132e-01 8.355115291767252206e-01
1.763527054108216252e-01 8.229917589278281653e-01 9.551527038034352338e-03 8.069591276117539236e-01 8.367601764754848404e-01
1.783567134268536913e-01 8.245900274702405719e-01 9.363563457873307072e-03 8.089569632897694040e-01 8.377590943144925806e-01
1.803607214428857575e-01 8.260384583368016731e-01 9.224813794957093319e-03 8.109547989677848845e-01 8.390909847665029009e-01
1.823647294589178236e-01 8.272538083742612125e-01 9.390388528048377106e-03 8.119537168067926247e-01 8.406726046782652118e-01
1.843687374749498897e-01 8.285107799883458801e-01 9.322226016167544163e-03 8.137850661783068151e-01 8.419212519770249425e-01
1.863727454909819559e-01 8.298509947556812483e-01 9.289503266991131630e-03 8.148672271705652559e-01 8.431698992757845623e-01
1.883767535070140220e-01 8.312994256222425715e-01 9.209732955867876159e-03 8.161991176225755762e-01 8.445017897277948826e-01
1.903807615230460881e-01 8.326146674436026851e-01 9.145524858031106596e-03 8.175310080745858965e-01 8.460001664863064930e-01
1.923847695390781265e-01 8.340131524182134992e-01 9.083044920971830236e-03 8.190293848330975068e-01 8.471655706318155232e-01
1.943887775551101926e-01 8.353117456089236281e-01 9.062515063678498392e-03 8.199450595188545465e-01 8.481644884708232635e-01
1.963927855711422588e-01 8.365770415383335656e-01 9.010955028914110002e-03 8.214434362773661569e-01 8.496628652293348738e-01
1.983967935871743249e-01 8.377507699991675327e-01 8.784298579955192657e-03 8.230250561891284677e-01 8.506617830683426140e-01
2.004008016032063910e-01 8.390576875052027095e-01 8.788931804088552513e-03 8.245234329476400781e-01 8.528261050528593845e-01
2.024048096192384572e-01 8.403396320652627427e-01 8.683182655264834807e-03 8.259385665529009879e-01 8.539082660451178253e-01
2.044088176352705233e-01 8.414634146341464227e-01 8.644812486674369190e-03 8.268542412386581386e-01 8.554898859568800251e-01
2.064128256513025894e-01 8.425289269957547678e-01 8.475776005210610559e-03 8.282693748439190484e-01 8.566552901023890554e-01
2.084168336673346555e-01 8.436943311412635760e-01 8.491050541267790991e-03 8.294347789894280787e-01 8.573212353283942155e-01
2.104208416833667217e-01 8.450595188545741987e-01 8.257456467655893001e-03 8.310163989011903896e-01 8.580704237076500762e-01
2.124248496993987878e-01 8.463997336219097889e-01 8.327794161945392334e-03 8.325147756597019999e-01 8.595688004661616866e-01
2.144288577154308539e-01 8.476983268126196958e-01 8.320085498230331625e-03 8.332639640389577496e-01 8.606509614584200163e-01
2.164328657314629201e-01 8.488470823274786303e-01 8.227422444064573168e-03 8.343461250312161903e-01 8.614833929909264665e-01
2.184368737474949584e-01 8.499708648963621993e-01 8.321488740117385929e-03 8.352617997169732300e-01 8.629817697494380768e-01
2.204408817635270246e-01 8.511778906184964688e-01 8.183763057424867093e-03 8.366769333222342508e-01 8.638974444351952275e-01
2.224448897795590907e-01 8.522517272954299727e-01 7.995976104818296529e-03 8.377590943144925806e-01 8.648963622742029678e-01
2.244488977955911568e-01 8.532756180804128565e-01 7.870700668085192642e-03 8.387580121535003208e-01 8.654790643469574274e-01
2.264529058116232230e-01 8.544576708565720935e-01 7.629106700885217134e-03 8.403396320652626317e-01 8.664779821859651676e-01
2.284569138276552891e-01 8.554649130109048816e-01 7.638170567752263287e-03 8.410888204445184924e-01 8.674769000249729078e-01
2.304609218436873552e-01 8.566136685257637051e-01 7.697471470506373446e-03 8.417547656705236525e-01 8.681428452509780680e-01
2.324649298597194214e-01 8.577124781486723526e-01 7.848293219402150203e-03 8.422542245900275226e-01 8.693914925497377988e-01
2.344689378757514875e-01 8.587280446183301885e-01 7.863411922516657521e-03 8.435861150420378429e-01 8.704736535419961285e-01
2.364729458917835536e-01 8.598268542412386140e-01 7.734399960620729972e-03 8.445850328810455832e-01 8.712228419212519892e-01
2.384769539078156197e-01 8.607425289269956536e-01 7.516487989053275559e-03 8.455839507200533234e-01 8.714725713810038688e-01
2.404809619238476859e-01 8.615333388828767536e-01 7.504655355233734622e-03 8.462498959460584835e-01 8.722217597602597294e-01
2.424849699398797520e-01 8.624656621992841110e-01 7.436814914216066490e-03 8.474985432448181033e-01 8.729709481395154791e-01
2.444889779559117904e-01 8.634146341463415641e-01 7.447615636683385144e-03 8.484974610838258435e-01 8.738866228252726298e-01
2.464929859719438565e-01 8.645134437692499896e-01 7.406040003466530901e-03 8.496628652293348738e-01 8.750520269707816601e-01
2.484969939879759226e-01 8.655290102389079365e-01 7.478015596480353140e-03 8.508282693748439041e-01 8.758844585032881103e-01
2.505010020040079888e-01 8.665861982851910117e-01 7.346277839848001055e-03 8.516607009073503542e-01 8.764671605760425699e-01
2.525050100200400549e-01 8.676766835927745003e-01 7.234898018225664057e-03 8.531590776658619646e-01 8.774660784150503101e-01
2.545090180360721210e-01 8.687588445850329411e-01 7.235185345771289085e-03 8.543244818113709949e-01 8.784649962540580503e-01
2.565130260521041872e-01 8.697078165320902832e-01 7.144357873382922025e-03 8.554898859568800251e-01 8.791309414800632105e-01
2.585170340681362533e-01 8.705652210105718769e-01 7.055116293786556879e-03 8.568217764088903454e-01 8.799633730125696607e-01
2.605210420841683194e-01 8.717389494714058440e-01 7.153372399270338002e-03 8.578206942478980856e-01 8.816282360775826721e-01
2.625250501002003856e-01 8.724465162740365765e-01 7.321428171704101075e-03 8.580704237076500762e-01 8.826271539165904123e-01
2.645290581162324517e-01 8.732789478065429156e-01 7.468636759325754035e-03 8.584866394739032458e-01 8.837925580620994426e-01
2.665330661322645178e-01 8.743028385915257994e-01 7.271469309950886160e-03 8.596520436194122761e-01 8.843752601348539022e-01
2.685370741482965840e-01 8.752434862232580937e-01 7.117075406798081816e-03 8.611504203779238864e-01 8.852076916673603524e-01
2.705410821643286501e-01 8.762174311162909124e-01 7.001931913302119996e-03 8.623990676766836172e-01 8.862066095063680926e-01
2.725450901803607162e-01 8.771830516939980171e-01 6.900571218825626331e-03 8.633979855156913574e-01 8.870390410388745428e-01
2.745490981963927823e-01 8.782985099475567603e-01 6.714064755575305937e-03 8.654790643469574274e-01 8.877049862648797030e-01
2.765531062124248485e-01 8.790809955881130344e-01 6.640403957215205988e-03 8.667277116457171582e-01 8.882876883376342736e-01
2.785571142284569146e-01 8.799300757512694693e-01 6.780838270609726437e-03 8.674769000249729078e-01 8.897028219428951834e-01
2.805611222444889807e-01 8.808374261217014611e-01 6.722754369471414457e-03 8.684758178639806481e-01 8.906184966286523341e-01
2.825651302605209914e-01 8.817863980687589143e-01 6.657417694698527545e-03 8.694747357029883883e-01 8.916174144676600744e-01
2.845691382765530575e-01 8.825938566552901099e-01 6.704170180249706401e-03 8.701406809289935484e-01 8.930325480729209842e-01
2.865731462925851236e-01 8.833263964038957639e-01 6.667168592044378159e-03 8.707233830017481191e-01 8.938649796054274344e-01
2.885771543086171897e-01 8.840006659452260829e-01 6.641452616284420143e-03 8.720552734537584394e-01 8.944476816781820050e-01
2.905811623246492559e-01 8.849163406309831226e-01 6.559777031540873354e-03 8.728044618330141891e-01 8.953633563639390447e-01
2.925851703406813220e-01 8.857487721634894617e-01 6.392104009811826713e-03 8.738033796720219293e-01 8.956963289769416248e-01
2.945891783567133881e-01 8.866644468492467235e-01 6.343898393981458293e-03 8.747190543577790800e-01 8.965287605094480750e-01
2.965931863727454543e-01 8.873470407059018683e-01 6.343876547999506045e-03 8.754682427370348297e-01 8.973611920419545251e-01
2.985971943887775204e-01 8.882294181303589387e-01 6.432067611975173307e-03 8.761341879630399898e-01 8.989428119537168360e-01
3.006012024048095865e-01 8.890618496628652778e-01 6.428080276260785160e-03 8.769666194955464400e-01 8.995255140264712956e-01
3.026052104208416527e-01 8.897361192041953748e-01 6.391122860453637110e-03 8.775493215683010106e-01 9.001082160992258663e-01
3.046092184368737188e-01 8.905019562141014422e-01 6.320035974200102422e-03 8.782152667943061708e-01 9.006076750187297364e-01
3.066132264529057849e-01 8.913010904853075900e-01 6.345050662900088637e-03 8.787147257138100409e-01 9.011071339382336065e-01
3.086172344689378511e-01 8.919920086572880047e-01 6.286732140157126093e-03 8.798801298593190712e-01 9.019395654707400567e-01
3.106212424849699172e-01 8.927994672438194224e-01 6.209158081393248256e-03 8.807125613918255214e-01 9.026055106967452168e-01
3.126252505010019833e-01 8.935403313077499021e-01 6.321927018166697068e-03 8.813785066178306815e-01 9.038541579955048366e-01
3.146292585170340494e-01 8.945142762007826098e-01 6.298795492031964913e-03 8.823774244568384217e-01 9.045201032215099968e-01
3.166332665330661156e-01 8.952135186880878504e-01 6.286351859426559351e-03 8.831266128360942824e-01 9.048530758345125768e-01
3.186372745490981817e-01 8.960209772746191570e-01 6.339221638026274960e-03 8.840422875218513221e-01 9.053525347540164470e-01
3.206412825651302478e-01 8.967618413385498588e-01 6.381096746519879931e-03 8.848747190543577723e-01 9.060184799800216071e-01
3.226452905811623140e-01 8.974194622492299711e-01 6.377973934464530384e-03 8.852076916673603524e-01 9.062682094397735977e-01
3.246492985971943801e-01 8.983850828269375199e-01 6.485816980600325049e-03 8.860401231998668026e-01 9.071006409722800479e-01
3.266533066132264462e-01 8.990676766835928868e-01 6.633204955212349506e-03 8.864563389661200832e-01 9.084325314242903682e-01
3.286573146292585124e-01 8.997169732789478402e-01 6.487953421233537930e-03 8.873720136518771229e-01 9.092649629567968184e-01
3.306613226452905785e-01 9.004162157662533028e-01 6.411241537649626891e-03 8.880379588778822830e-01 9.099309081828019785e-01
3.326653306613226446e-01 9.010904853075833998e-01 6.324485878424886132e-03 8.888703904103887332e-01 9.106800965620577282e-01
3.346693386773546552e-01 9.019728627320402481e-01 6.245367154950791713e-03 8.898693082493964734e-01 9.111795554815615983e-01
3.366733466933867214e-01 9.028385915258470007e-01 5.940295807742302682e-03 8.915341713144093738e-01 9.115957712478148789e-01
3.386773547094187875e-01 9.035544826438026700e-01 5.731483034920686892e-03 8.928660617664196941e-01 9.121784733205693385e-01
3.406813627254508536e-01 9.042037792391577344e-01 5.724175954233155783e-03 8.937817364521768448e-01 9.126779322400732086e-01
3.426853707414829198e-01 9.047115624739865414e-01 5.612965519194202529e-03 8.944476816781820050e-01 9.130109048530757887e-01
3.446893787575149859e-01 9.053275618080413034e-01 5.686311709554028697e-03 8.945309248314325945e-01 9.133438774660783688e-01
3.466933867735470520e-01 9.059518854574213353e-01 5.659530517526955608e-03 8.950303837509364646e-01 9.135936069258303593e-01
3.486973947895791182e-01 9.066594522600516237e-01 5.553391518126972286e-03 8.957795721301923253e-01 9.143427953050861090e-01
3.507014028056111843e-01 9.072171813868308288e-01 5.638603885800577697e-03 8.961125447431949054e-01 9.155081994505951393e-01
3.527054108216432504e-01 9.080079913427120397e-01 5.704731700388931091e-03 8.965287605094480750e-01 9.161741446766002994e-01
3.547094188376753165e-01 9.085573961541661969e-01 5.595432377910879683e-03 8.974444351952052257e-01 9.165071172896028795e-01
3.567134268537073827e-01 9.092566386414716595e-01 5.495492067374699828e-03 8.981936235744609753e-01 9.171730625156080396e-01
3.587174348697394488e-01 9.098976109215015651e-01 5.473982665692708055e-03 8.989428119537168360e-01 9.178390077416131998e-01
3.607214428857715149e-01 9.105968534088070276e-01 5.443873108174940474e-03 8.997752434862232862e-01 9.181719803546157799e-01
3.627254509018035811e-01 9.112960958961124902e-01 5.422344245082547955e-03 9.005244318654790359e-01 9.185049529676183599e-01
3.647294589178356472e-01 9.119703654374425872e-01 5.546174648239544577e-03 9.011071339382336065e-01 9.192541413468742206e-01
3.667334669338677133e-01 9.125447431948719990e-01 5.469423587714688714e-03 9.017730791642387667e-01 9.198368434196286803e-01
3.687374749498997795e-01 9.131773911595771898e-01 5.358428438684624366e-03 9.026055106967452168e-01 9.204195454923832509e-01
3.707414829659318456e-01 9.136518771331058053e-01 5.407480617259667957e-03 9.031882127694996765e-01 9.208357612586365315e-01
3.727454909819639117e-01 9.142928494131357109e-01 5.448733357973459777e-03 9.039374011487555372e-01 9.218346790976442717e-01
3.747494989979959779e-01 9.147673353866643264e-01 5.412143089599405488e-03 9.045201032215099968e-01 9.223341380171481418e-01
3.767535070140280440e-01 9.152917672521434511e-01 5.438167595040207906e-03 9.048530758345125768e-01 9.231665695496545920e-01
3.787575150300601101e-01 9.158328477482724495e-01 5.466160247893422225e-03 9.053525347540164470e-01 9.239157579289103417e-01
3.807615230460921762e-01 9.163822525597268287e-01 5.440721806545823110e-03 9.062682094397735977e-01 9.245817031549155018e-01
3.827655310621242424e-01 9.169732789478064472e-01 5.349394413718545904e-03 9.071006409722800479e-01 9.250811620744193720e-01
3.847695390781562530e-01 9.175643053358861767e-01 5.333288200658310545e-03 9.076000998917839180e-01 9.260800799134271122e-01
3.867735470941883191e-01 9.182468991925414326e-01 5.186983679515789168e-03 9.086822608840422477e-01 9.269125114459335624e-01
3.887775551102203853e-01 9.186964122200949046e-01 5.161484987904161291e-03 9.089319903437942383e-01 9.269957545991842629e-01
3.907815631262524514e-01 9.194123033380504628e-01 5.047233586286370942e-03 9.100973944893032685e-01 9.274952135186881330e-01
3.927855711422845175e-01 9.199284108882043176e-01 4.914230487112980494e-03 9.108465828685590182e-01 9.278281861316907131e-01
3.947895791583165837e-01 9.204445184383585055e-01 4.944958608009746882e-03 9.115125280945641784e-01 9.284108882044451727e-01
3.967935871743486498e-01 9.210022475651375995e-01 4.816319650134158643e-03 9.122617164738200390e-01 9.291600765837010334e-01
3.987975951903807159e-01 9.213768417547656409e-01 4.753067421295516411e-03 9.127611753933239092e-01 9.293265628902023234e-01
4.008016032064127820e-01 9.220594356114210077e-01 4.706596152632723691e-03 9.135103637725796588e-01 9.299925081162074836e-01
4.028056112224448482e-01 9.227503537834014224e-01 4.679272316815548567e-03 9.142595521518355195e-01 9.306584533422126437e-01
4.048096192384769143e-01 9.234162990094064716e-01 4.685339974850692528e-03 9.145925247648380996e-01 9.311579122617165138e-01
4.068136272545089804e-01 9.240322983434612336e-01 4.504862272614731239e-03 9.157579289103471298e-01 9.317406143344709735e-01
4.088176352705410466e-01 9.245151086323148970e-01 4.537294045805118255e-03 9.161741446766002994e-01 9.322400732539748436e-01
4.108216432865731127e-01 9.250645134437693873e-01 4.422053063475713842e-03 9.170898193623574501e-01 9.329060184799800037e-01
4.128256513026051788e-01 9.256638641471738316e-01 4.512823164381862297e-03 9.171730625156080396e-01 9.334054773994838738e-01
4.148296593186372450e-01 9.262382419046033544e-01 4.586304928381461365e-03 9.175060351286106197e-01 9.339881794722384445e-01
4.168336673346693111e-01 9.267293765087822877e-01 4.509413074536555190e-03 9.180887372013651904e-01 9.346541246982436046e-01
4.188376753507013772e-01 9.271955381669858554e-01 4.494390275484469455e-03 9.187546824273703505e-01 9.351535836177474748e-01
4.208416833667334433e-01 9.276450511945393274e-01 4.592548227367120039e-03 9.192541413468742206e-01 9.361525014567552150e-01
4.228456913827655095e-01 9.282693748439190262e-01 4.579289011922088592e-03 9.199200865728793808e-01 9.366519603762590851e-01
4.248496993987975756e-01 9.288520769166735969e-01 4.688304348526412500e-03 9.205027886456339514e-01 9.375676350620161248e-01
4.268537074148296417e-01 9.292516440522767818e-01 4.625421372088990048e-03 9.210854907183884110e-01 9.379006076750187049e-01
4.288577154308617079e-01 9.298010488637309390e-01 4.404978814415256953e-03 9.219179222508948612e-01 9.380670939815199949e-01
4.308617234468937740e-01 9.304170481977859231e-01 4.413842117923922649e-03 9.225006243236494319e-01 9.386497960542745655e-01
4.328657314629258401e-01 9.308998584866395865e-01 4.375843241526963280e-03 9.231665695496545920e-01 9.390660118205277351e-01
4.348697394789579063e-01 9.314575876134189025e-01 4.356441172878289768e-03 9.238325147756597522e-01 9.396487138932823058e-01
4.368737474949899169e-01 9.321235328394239517e-01 4.494081906167712512e-03 9.244984600016649123e-01 9.406476317322900460e-01
4.388777555110219830e-01 9.326646133355531720e-01 4.480221986055622947e-03 9.250811620744193720e-01 9.410638474985432156e-01
4.408817635270540491e-01 9.331307749937567397e-01 4.494675498266536597e-03 9.254973778406726526e-01 9.414800632647964962e-01
4.428857715430861153e-01 9.335802880213102117e-01 4.448713801569368145e-03 9.258303504536752326e-01 9.415633064180470857e-01
4.448897795591181814e-01 9.340963955714640665e-01 4.431015141538392071e-03 9.264130525264296923e-01 9.423957379505535359e-01
4.468937875751502475e-01 9.346041788062932065e-01 4.452255985557888353e-03 9.269125114459335624e-01 9.432281694830599861e-01
4.488977955911823137e-01 9.351369349870972680e-01 4.317712506280354905e-03 9.275784566719387225e-01 9.434778989428119766e-01
4.509018036072143798e-01 9.355697993840006443e-01 4.246216846701681563e-03 9.282444018979438827e-01 9.438941147090651462e-01
4.529058116232464459e-01 9.360775826188296733e-01 4.266315149200332335e-03 9.284941313576958732e-01 9.443935736285690163e-01
4.549098196392785121e-01 9.366769333222342286e-01 4.139294568374213105e-03 9.296595355032049035e-01 9.447265462415715964e-01
4.569138276553105782e-01 9.371763922417383208e-01 4.164329742067228446e-03 9.299092649629567831e-01 9.452260051610754665e-01
4.589178356713426443e-01 9.376508782152667143e-01 4.170141348249697781e-03 9.302422375759593631e-01 9.456422209273287471e-01
4.609218436873747105e-01 9.381586614500957433e-01 4.140031088727223231e-03 9.307416964954632332e-01 9.458919503870806267e-01
4.629258517034067766e-01 9.385998501623241674e-01 4.009555776307224817e-03 9.314076417214683934e-01 9.460584366935819167e-01
4.649298597194388427e-01 9.390909847665029897e-01 3.904458852782088842e-03 9.324898027137268341e-01 9.465578956130857868e-01
4.669338677354709088e-01 9.395155248480812071e-01 3.918303945296988840e-03 9.330725047864812938e-01 9.468076250728377774e-01
4.689378757515029750e-01 9.399483892449845834e-01 3.882059423444575181e-03 9.333222342462332843e-01 9.472238408390909470e-01
4.709418837675350411e-01 9.404145509031881511e-01 3.848823505763128774e-03 9.339881794722384445e-01 9.473903271455922370e-01
4.729458917835671072e-01 9.408723882460667820e-01 3.991862900996769915e-03 9.342379089319903240e-01 9.484724881378506778e-01
4.749498997995991734e-01 9.412802796969949037e-01 3.927136365516341494e-03 9.349870973112461847e-01 9.487222175976025573e-01
4.769539078156312395e-01 9.415966036793472771e-01 3.802891277188167034e-03 9.354865562307500548e-01 9.489719470573545479e-01
4.789579158316633056e-01 9.420710896528758926e-01 3.847680081797302028e-03 9.360692583035045145e-01 9.496378922833597080e-01
4.809619238476953718e-01 9.425538999417298891e-01 3.643245754188475811e-03 9.365687172230083846e-01 9.498043785898609981e-01
4.829659318637274379e-01 9.430034129692834721e-01 3.691540560096634102e-03 9.369016898360109646e-01 9.501373512028635782e-01
4.849699398797595040e-01 9.434029801048863240e-01 3.619584222786801937e-03 9.374011487555148348e-01 9.502205943561141677e-01
4.869739478957915702e-01 9.438774660784151616e-01 3.616012057458691930e-03 9.376508782152668253e-01 9.505535669691167477e-01
4.889779559118235808e-01 9.442603845833680287e-01 3.623936922534553001e-03 9.378173645217681154e-01 9.507200532756180378e-01
4.909819639278556469e-01 9.446266544576709112e-01 3.483663804119028432e-03 9.385665529010238650e-01 9.509697827353700283e-01
4.929859719438877130e-01 9.449679513859985391e-01 3.420159197253975179e-03 9.391492549737784357e-01 9.512195121951219079e-01
4.949899799599197792e-01 9.454341130442021068e-01 3.368880339963165570e-03 9.396487138932823058e-01 9.515524848081244880e-01
4.969939879759518453e-01 9.458503288104551654e-01 3.444949281587608800e-03 9.401481728127861759e-01 9.519687005743777686e-01
4.989979959919839114e-01 9.463248147839840030e-01 3.477492067602398935e-03 9.404811454257887560e-01 9.523849163406309382e-01
5.010020040080159776e-01 9.468159493881629363e-01 3.542179574894285723e-03 9.408973611920419255e-01 9.530508615666360983e-01
5.030060120240480437e-01 9.472404894697412647e-01 3.436198316546576394e-03 9.416465495712977862e-01 9.533838341796386784e-01
5.050100200400801098e-01 9.476067593440438142e-01 3.397544596106392718e-03 9.423124947973029464e-01 9.538000499458919590e-01
5.070140280561121759e-01 9.479314076417214574e-01 3.403464297979845368e-03 9.426454674103055265e-01 9.540497794056438385e-01
5.090180360721442421e-01 9.484142179305752318e-01 3.410542186905574265e-03 9.430616831765586960e-01 9.542162657121451286e-01
5.110220440881763082e-01 9.487804878048778923e-01 3.287008511492982635e-03 9.436443852493132667e-01 9.544659951718971191e-01
5.130260521042083743e-01 9.492133522017814906e-01 3.337925889680524397e-03 9.438941147090651462e-01 9.550486972446515788e-01
5.150300601202404405e-01 9.496378922833598191e-01 3.352746528128470842e-03 9.444768167818197169e-01 9.553816698576541588e-01
5.170340681362725066e-01 9.500957296262381169e-01 3.359199037404152471e-03 9.448097893948222969e-01 9.558811287771580290e-01
5.190380761523045727e-01 9.505618912844416846e-01 3.317936758256224365e-03 9.452260051610754665e-01 9.562141013901606090e-01
5.210420841683366389e-01 9.509031882127694235e-01 3.330100703146871358e-03 9.454757346208274571e-01 9.567135603096644791e-01
5.230460921843687050e-01 9.512278365104469557e-01 3.412857613804974339e-03 9.455589777740780466e-01 9.570465329226670592e-01
5.250501002004007711e-01 9.515608091234495358e-01 3.403301414804946971e-03 9.458087072338300372e-01 9.572962623824190498e-01
5.270541082164328373e-01 9.519603762590526097e-01 3.327946331958134621e-03 9.459751935403313272e-01 9.575459918421709293e-01
5.290581162324649034e-01 9.523932406559560970e-01 3.195593956845911143e-03 9.465578956130857868e-01 9.577124781486722194e-01
5.310621242484969695e-01 9.526429701157079766e-01 3.142238838145553284e-03 9.468076250728377774e-01 9.579622076084242099e-01
5.330661322645290356e-01 9.531091317739115443e-01 3.060824823401494740e-03 9.474735702988429376e-01 9.583784233746773795e-01
5.350701402805611018e-01 9.535003745941896813e-01 3.066739225880803828e-03 9.477232997585948171e-01 9.587113959876799596e-01
5.370741482965931679e-01 9.538749687838175007e-01 3.025393357794450670e-03 9.479730292183468077e-01 9.588778822941812496e-01
5.390781563126252340e-01 9.542578872887702568e-01 3.011803547085963300e-03 9.483060018313493877e-01 9.592940980604345302e-01
5.410821643286573002e-01 9.546075085324231546e-01 2.948981961784278780e-03 9.488054607508532579e-01 9.593773412136851197e-01
5.430861723446893663e-01 9.549238325147756390e-01 2.925200412289192566e-03 9.488887039041038474e-01 9.594605843669358203e-01
5.450901803607214324e-01 9.552235078664781387e-01 2.844785284908312936e-03 9.494714059768584180e-01 9.597103138266876998e-01
5.470941883767534986e-01 9.555065345875300986e-01 2.794602959232958886e-03 9.498876217431115876e-01 9.600432864396903909e-01
5.490981963927855647e-01 9.558811287771581400e-01 2.809625986478536067e-03 9.502205943561141677e-01 9.605427453591942610e-01
5.511022044088176308e-01 9.562723715974360550e-01 2.710980424986620969e-03 9.508865395821193278e-01 9.608757179721968411e-01
5.531062124248496970e-01 9.567052359943394313e-01 2.592713546508335944e-03 9.515524848081244880e-01 9.608757179721968411e-01
5.551102204408817631e-01 9.571214517605927119e-01 2.572859902970569667e-03 9.524681594938816387e-01 9.614584200449513007e-01
5.571142284569138292e-01 9.574211271122949896e-01 2.557407962408770122e-03 9.527178889536335182e-01 9.616249063514525908e-01
5.591182364729458953e-01 9.577707483559476653e-01 2.483395936091130178e-03 9.533005910263880889e-01 9.619578789644551708e-01
5.611222444889779615e-01 9.581786398068758981e-01 2.451422530620115097e-03 9.538832930991425485e-01 9.625405810372097415e-01
5.631262525050100276e-01 9.585282610505286849e-01 2.395262972066516255e-03 9.542995088653958291e-01 9.627903104969616210e-01
5.651302605210419827e-01 9.588529093482062171e-01 2.409756295170160760e-03 9.545492383251477087e-01 9.631232831099642011e-01
5.671342685370740488e-01 9.591525846999084948e-01 2.436067892582928669e-03 9.548822109381502887e-01 9.636227420294680712e-01
5.691382765531061150e-01 9.595355032048613619e-01 2.467552291640360326e-03 9.552151835511528688e-01 9.641222009489719413e-01
5.711422845691381811e-01 9.599267460251394990e-01 2.500677527761925936e-03 9.555481561641554489e-01 9.643719304087239319e-01
5.731462925851702472e-01 9.602180970615167288e-01 2.549592518860301776e-03 9.558811287771580290e-01 9.647049030217265120e-01
5.751503006012023134e-01 9.606176641971199137e-01 2.498251710370251715e-03 9.564638308499125996e-01 9.649546324814783915e-01
5.771543086172343795e-01 9.610089070173979398e-01 2.505936931288019632e-03 9.569632897694164697e-01 9.651211187879796816e-01
5.791583166332664456e-01 9.612752851077998040e-01 2.534422525764190148e-03 9.572130192291683493e-01 9.655373345542329622e-01
5.811623246492985118e-01 9.614833929909265553e-01 2.570057369278456062e-03 9.572130192291683493e-01 9.656205777074835517e-01
5.831663326653305779e-01 9.617747440273036741e-01 2.592807087661412341e-03 9.574627486889203398e-01 9.658703071672355422e-01
5.851703406813626440e-01 9.621410139016066676e-01 2.636009819667712098e-03 9.577957213019229199e-01 9.661200366269874218e-01
5.871743486973947102e-01 9.624573378839589299e-01 2.600332774297010527e-03 9.581286939149255000e-01 9.663697660867394124e-01
5.891783567134267763e-01 9.628069591276119388e-01 2.525383802550476998e-03 9.583784233746773795e-01 9.667859818529925819e-01
5.911823647294588424e-01 9.630483642720385484e-01 2.459958420408510024e-03 9.587946391409306601e-01 9.668692250062432825e-01
5.931863727454909085e-01 9.633480396237408261e-01 2.357721797488587009e-03 9.591276117539332402e-01 9.668692250062432825e-01
5.951903807615229747e-01 9.638142012819445048e-01 2.344163259410962565e-03 9.595438275201864098e-01 9.672854407724964521e-01
5.971943887775550408e-01 9.641554982102722438e-01 2.384941763797096548e-03 9.598768001331889899e-01 9.675351702322484426e-01
5.991983967935871069e-01 9.644302006159992668e-01 2.466597313027929159e-03 9.599600432864396904e-01 9.677848996920003222e-01
6.012024048096191731e-01 9.646466328144510660e-01 2.384607609128588674e-03 9.602097727461916810e-01 9.679513859985016122e-01
6.032064128256512392e-01 9.649379838508282958e-01 2.286324387462982440e-03 9.607924748189461406e-01 9.680346291517523127e-01
6.052104208416833053e-01 9.653125780404561151e-01 2.284581005077379861e-03 9.612919337384500107e-01 9.686173312245067724e-01
6.072144288577153715e-01 9.655956047615082971e-01 2.253123224317817898e-03 9.617913926579538808e-01 9.686173312245067724e-01
6.092184368737474376e-01 9.659119287438606705e-01 2.275219797244115109e-03 9.620411221177058714e-01 9.689503038375093524e-01
6.112224448897795037e-01 9.662449013568634726e-01 2.339784241331961060e-03 9.622076084242071614e-01 9.693665196037626330e-01
6.132264529058115698e-01 9.665362523932404804e-01 2.301187676555068590e-03 9.627903104969616210e-01 9.696162490635145126e-01
6.152304609218436360e-01 9.667526845916925016e-01 2.198691055361872218e-03 9.632065262632149016e-01 9.696994922167652131e-01
6.172344689378757021e-01 9.670107383667693179e-01 2.230559278418500508e-03 9.633730125697161917e-01 9.701989511362690832e-01
6.192384769539077682e-01 9.673353866644468502e-01 2.258698312715620281e-03 9.634562557229667812e-01 9.705319237492716633e-01
6.212424849699398344e-01 9.676017647548489364e-01 2.168416236432520964e-03 9.638724714892200618e-01 9.706151669025222528e-01
6.232464929859719005e-01 9.678181969533005136e-01 2.154438304912414167e-03 9.639557146424706513e-01 9.707816532090235428e-01
6.252505010020039666e-01 9.682094397735785396e-01 2.155804819285018614e-03 9.645384167152252219e-01 9.712811121285274130e-01
6.272545090180360328e-01 9.685340880712560718e-01 2.178999848610190838e-03 9.646216598684758115e-01 9.715308415882794035e-01
6.292585170340680989e-01 9.688753849995836998e-01 2.152588110560470051e-03 9.652043619412303821e-01 9.720303005077832736e-01
6.312625250501001650e-01 9.692416548738866933e-01 2.158310524009684692e-03 9.655373345542329622e-01 9.723632731207858537e-01
6.332665330661322312e-01 9.694747357029884771e-01 2.050909259336843732e-03 9.658703071672355422e-01 9.727794888870390233e-01
6.352705410821642973e-01 9.697411137933904524e-01 2.084156552105855160e-03 9.659535503204861318e-01 9.728627320402897238e-01
6.372745490981963634e-01 9.701323566136685894e-01 2.015034601459758049e-03 9.663697660867394124e-01 9.729459751935403133e-01
6.392785571142284295e-01 9.703238158661449120e-01 1.982952554509801856e-03 9.663697660867394124e-01 9.731124615000416034e-01
6.412825651302604957e-01 9.706318155331723485e-01 1.991513067549855343e-03 9.665362523932407024e-01 9.736119204195454735e-01
6.432865731462925618e-01 9.709148422542247525e-01 1.971720881567026566e-03 9.672854407724964521e-01 9.741946224923000441e-01
6.452905811623246279e-01 9.712145176059270302e-01 1.980347442702409377e-03 9.675351702322484426e-01 9.743611087988013342e-01
6.472945891783566941e-01 9.714975443269791011e-01 1.925851534433314352e-03 9.680346291517523127e-01 9.746108382585532137e-01
6.492985971943887602e-01 9.717888953633563309e-01 1.870823894010705283e-03 9.683676017647548928e-01 9.749438108715557938e-01
6.513026052104208263e-01 9.720968950303838785e-01 1.897432683098306547e-03 9.684508449180054823e-01 9.751935403313077844e-01
6.533066132264528925e-01 9.723715974361109016e-01 1.898400216194704674e-03 9.687838175310080624e-01 9.755265129443103644e-01
6.553106212424849586e-01 9.726462998418380357e-01 1.863308316146545726e-03 9.689503038375093524e-01 9.755265129443103644e-01
6.573146292585170247e-01 9.728710563556146607e-01 1.817467040033758771e-03 9.692000332972613430e-01 9.757762424040622440e-01
6.593186372745490909e-01 9.730708399234163641e-01 1.840125630348068411e-03 9.692000332972613430e-01 9.758594855573129445e-01
6.613226452905811570e-01 9.733372180138184504e-01 1.816551766060846068e-03 9.694497627570132225e-01 9.761092150170648241e-01
6.633266533066132231e-01 9.736119204195455845e-01 1.821865364874651096e-03 9.696994922167652131e-01 9.764421876300674041e-01
6.653306613226452892e-01 9.738866228252727186e-01 1.890206223607725396e-03 9.697827353700158026e-01 9.768584033963206847e-01
6.673346693386772444e-01 9.741946224922999331e-01 1.853539237995824622e-03 9.701157079830183827e-01 9.771913760093232648e-01
6.693386773547093105e-01 9.744360276367268758e-01 1.899859710320345781e-03 9.703654374427703733e-01 9.776075917755764344e-01
6.713426853707413766e-01 9.747606759344045191e-01 1.884607340786890843e-03 9.705319237492716633e-01 9.777740780820777244e-01
6.733466933867734427e-01 9.749937567635061919e-01 1.889527899084040511e-03 9.708648963622742434e-01 9.777740780820777244e-01
6.753507014028055089e-01 9.752351619079331346e-01 1.882933629848746338e-03 9.710313826687755334e-01 9.781070506950803045e-01
6.773547094188375750e-01 9.754599184217097596e-01 1.853090565885813197e-03 9.712811121285274130e-01 9.784400233080828846e-01
6.793587174348696411e-01 9.756430533588611453e-01 1.763576486355633490e-03 9.717805710480312831e-01 9.785232664613335851e-01
6.813627254509017073e-01 9.758594855573129445e-01 1.833240285153172645e-03 9.718638142012819836e-01 9.789394822275867547e-01
6.833667334669337734e-01 9.761175393323897609e-01 1.914031456087091554e-03 9.719470573545325731e-01 9.793556979938400353e-01
6.853707414829658395e-01 9.764172146840923716e-01 1.892038316295015753e-03 9.724465162740364432e-01 9.796886706068426154e-01
6.873747494989979057e-01 9.766919170898195057e-01 1.819200982888225654e-03 9.726962457337884338e-01 9.799384000665944949e-01
6.893787575150299718e-01 9.770332140181470226e-01 1.791353202121453124e-03 9.730292183467910139e-01 9.801881295263464855e-01
6.913827655310620379e-01 9.772912677932239500e-01 1.869471466465934175e-03 9.731957046532923039e-01 9.806043452925996551e-01
6.933867735470941041e-01 9.774993756763505903e-01 1.838166405959544211e-03 9.736119204195454735e-01 9.807708315991009451e-01
6.953907815631261702e-01 9.777241321901272153e-01 1.813554831085826668e-03 9.737784067260467635e-01 9.807708315991009451e-01
6.973947895791582363e-01 9.779738616498792059e-01 1.836714479886467728e-03 9.740281361857987541e-01 9.811038042121035252e-01
6.993987975951903024e-01 9.782735370015815946e-01 1.712868212449785181e-03 9.746940814118039142e-01 9.811870473653542257e-01
7.014028056112223686e-01 9.784899692000331717e-01 1.716989672435357541e-03 9.746940814118039142e-01 9.813535336718555158e-01
7.034068136272544347e-01 9.787646716057603058e-01 1.740737542716471386e-03 9.749438108715557938e-01 9.815200199783568058e-01
7.054108216432865008e-01 9.790393740114875509e-01 1.673083840874111782e-03 9.752767834845583739e-01 9.816865062848580958e-01
7.074148296593185670e-01 9.792141846333139998e-01 1.640143631888692352e-03 9.753600266378090744e-01 9.817697494381086853e-01
7.094188376753506331e-01 9.794555897777407205e-01 1.539795838477887218e-03 9.758594855573129445e-01 9.819362357446099754e-01
7.114228456913826992e-01 9.796969949221676632e-01 1.510559351964237780e-03 9.761924581703155246e-01 9.820194788978606759e-01
7.134268537074147654e-01 9.799134271206193514e-01 1.583830881777336091e-03 9.761924581703155246e-01 9.823524515108632560e-01
7.154308617234468315e-01 9.801548322650461831e-01 1.546262578340317330e-03 9.766086739365686942e-01 9.825189378173645460e-01
7.174348697394788976e-01 9.803296428868725210e-01 1.547539250564136182e-03 9.767751602430699842e-01 9.825189378173645460e-01
7.194388777555109638e-01 9.805377507699990502e-01 1.594622495689495927e-03 9.769416465495712742e-01 9.828519104303671261e-01
7.214428857715430299e-01 9.807791559144259930e-01 1.573912091600519932e-03 9.771913760093232648e-01 9.831848830433697062e-01
7.234468937875750960e-01 9.809872637975527443e-01 1.525963026454955603e-03 9.775243486223258449e-01 9.832681261966202957e-01
7.254509018036071621e-01 9.811870473653540037e-01 1.482102207172624874e-03 9.776908349288271349e-01 9.832681261966202957e-01
7.274549098196392283e-01 9.814201281944558986e-01 1.419924219443621837e-03 9.780238075418297150e-01 9.834346125031215857e-01
7.294589178356712944e-01 9.816115874469326652e-01 1.468693279643721239e-03 9.780238075418297150e-01 9.835178556563722863e-01
7.314629258517033605e-01 9.817863980687588921e-01 1.488074687059608029e-03 9.782735370015815946e-01 9.837675851161241658e-01
7.334669338677354267e-01 9.820527761591609783e-01 1.469990180946905258e-03 9.786897527678348752e-01 9.839340714226254558e-01
7.354709418837674928e-01 9.822775326729373813e-01 1.507344806014294242e-03 9.787729959210854647e-01 9.839340714226254558e-01
7.374749498997995589e-01 9.824689919254142589e-01 1.504008211913018204e-03 9.789394822275867547e-01 9.840173145758761564e-01
7.394789579158316251e-01 9.827520186464664409e-01 1.528957159599603124e-03 9.791892116873387453e-01 9.846000166486306160e-01
7.414829659318636912e-01 9.829934237908932726e-01 1.478849233405242578e-03 9.797719137600932049e-01 9.849329892616331961e-01
7.434869739478957573e-01 9.831432614667443559e-01 1.456279429038249799e-03 9.799384000665944949e-01 9.850162324148838966e-01
7.454909819639278235e-01 9.833929909264961244e-01 1.482686517152819036e-03 9.801048863730957850e-01 9.854324481811370662e-01
7.474949899799598896e-01 9.835761258636477322e-01 1.507620607091129852e-03 9.801881295263464855e-01 9.856821776408890567e-01
7.494989979959919557e-01 9.838591525846996921e-01 1.371088271099364436e-03 9.809373179056022352e-01 9.860151502538916368e-01
7.515030060120240218e-01 9.840506118371763478e-01 1.369950658597887585e-03 9.810205610588529357e-01 9.861816365603929269e-01
7.535070140280560880e-01 9.842087738283528120e-01 1.331396104046145062e-03 9.813535336718555158e-01 9.863481228668942169e-01
7.555110220440881541e-01 9.844002330808292456e-01 1.270760651777974809e-03 9.818529925913593859e-01 9.864313660201448064e-01
7.575150300601202202e-01 9.845334221260302332e-01 1.287338611319292564e-03 9.820194788978606759e-01 9.865146091733955069e-01
7.595190380761522864e-01 9.847498543244818103e-01 1.235705286873447660e-03 9.823524515108632560e-01 9.865978523266460964e-01
7.615230460921843525e-01 9.849496378922835138e-01 1.228957664793851401e-03 9.824356946641138455e-01 9.866810954798967970e-01
7.635270541082164186e-01 9.850994755681344861e-01 1.291744925748485951e-03 9.824356946641138455e-01 9.869308249396486765e-01
7.655310621242484848e-01 9.853159077665862853e-01 1.344937346449396991e-03 9.826021809706151355e-01 9.872637975526512566e-01
7.675350701402805509e-01 9.855240156497128146e-01 1.302136861841909216e-03 9.829351535836177156e-01 9.874302838591525466e-01
7.695390781563125060e-01 9.856905019562141046e-01 1.276337710154182639e-03 9.830183967368684161e-01 9.875135270124032472e-01
7.715430861723445721e-01 9.858736368933653793e-01 1.171955991594446226e-03 9.834346125031215857e-01 9.875135270124032472e-01
7.735470941883766383e-01 9.860484475151917172e-01 1.137236750715936049e-03 9.836010988096228758e-01 9.875967701656538367e-01
7.755511022044087044e-01 9.862066095063681814e-01 1.098084158981837500e-03 9.839340714226254558e-01 9.878464996254058272e-01
7.775551102204407705e-01 9.864230417048197586e-01 1.071511093961131662e-03 9.841005577291267459e-01 9.878464996254058272e-01
7.795591182364728366e-01 9.865645550653459050e-01 1.086761602954626873e-03 9.841838008823774464e-01 9.880962290851577068e-01
7.815631262525049028e-01 9.867060684258719405e-01 1.149268130052540082e-03 9.841838008823774464e-01 9.883459585449096974e-01
7.835671342685369689e-01 9.868892033630233263e-01 1.212753041233135187e-03 9.842670440356280359e-01 9.886789311579122774e-01
7.855711422845690350e-01 9.871139598768001733e-01 1.152128545861722236e-03 9.846000166486306160e-01 9.887621743111628669e-01
7.875751503006011012e-01 9.872305002913510652e-01 1.209291254296844358e-03 9.846000166486306160e-01 9.888454174644135675e-01
7.895791583166331673e-01 9.873886622825273074e-01 1.146974661274822701e-03 9.849329892616331961e-01 9.888454174644135675e-01
7.915831663326652334e-01 9.876217431116287582e-01 1.101863933198005650e-03 9.851827187213851866e-01 9.890119037709148575e-01
7.935871743486972996e-01 9.877965537334553181e-01 1.163738091554232176e-03 9.851827187213851866e-01 9.891783900774161475e-01
7.955911823647293657e-01 9.879547157246315603e-01 1.181964839979878380e-03 9.853492050278864767e-01 9.894281195371680271e-01
7.975951903807614318e-01 9.881461749771081049e-01 1.179705568171607061e-03 9.855989344876383562e-01 9.896778489969200177e-01
7.995991983967934980e-01 9.883626071755597930e-01 1.194648011381686803e-03 9.857654207941396463e-01 9.898443353034213077e-01
8.016032064128255641e-01 9.885374177973862420e-01 1.140795709834911340e-03 9.860151502538916368e-01 9.898443353034213077e-01
8.036072144288576302e-01 9.887538499958378191e-01 1.119581728790293657e-03 9.862648797136435164e-01 9.900108216099225977e-01
8.056112224448896963e-01 9.888787147257138699e-01 1.114463862227890864e-03 9.865146091733955069e-01 9.900108216099225977e-01
8.076152304609217625e-01 9.890202280862399054e-01 1.162695595518104712e-03 9.865146091733955069e-01 9.903437942229251778e-01
8.096192384769538286e-01 9.891950387080662432e-01 1.171216671070427840e-03 9.866810954798967970e-01 9.905935236826770574e-01
8.116232464929858947e-01 9.893199034379420720e-01 1.179617457016542874e-03 9.868475817863980870e-01 9.907600099891783474e-01
8.136272545090179609e-01 9.894780654291184252e-01 1.177353680728345561e-03 9.871805543994006671e-01 9.910097394489303380e-01
8.156312625250500270e-01 9.896279031049697306e-01 1.212724471920370063e-03 9.873470407059019571e-01 9.911762257554316280e-01
8.176352705410820931e-01 9.897860650961458617e-01 1.167216248230434471e-03 9.875135270124032472e-01 9.913427120619329180e-01
8.196392785571141593e-01 9.899275784566720082e-01 1.195343855345949420e-03 9.876800133189045372e-01 9.915924415216847976e-01
8.216432865731462254e-01 9.901440106551234743e-01 1.217856151361127641e-03 9.878464996254058272e-01 9.918421709814367881e-01
8.236472945891782915e-01 9.902938483309746687e-01 1.212724471920386760e-03 9.879297427786564167e-01 9.920086572879380782e-01
8.256513026052103577e-01 9.904603346374759587e-01 1.157169657438112407e-03 9.880129859319071173e-01 9.920919004411886677e-01
8.276553106212424238e-01 9.905851993673520095e-01 1.159711871662149263e-03 9.880962290851577068e-01 9.923416299009406583e-01
8.296593186372744899e-01 9.906767668359279799e-01 1.160637646411939988e-03 9.881794722384084073e-01 9.923416299009406583e-01
8.316633266533065560e-01 9.908349288271040001e-01 1.131280271719094840e-03 9.883459585449096974e-01 9.924248730541912478e-01
8.336673346693386222e-01 9.909514692416548920e-01 1.160070323722513881e-03 9.883459585449096974e-01 9.925081162074419483e-01
8.356713426853706883e-01 9.910846582868559906e-01 1.137998147107326411e-03 9.884292016981602869e-01 9.926746025139432383e-01
8.376753507014027544e-01 9.912761175393323132e-01 1.090326435030909702e-03 9.887621743111628669e-01 9.927578456671938278e-01
8.396793587174348206e-01 9.914509281611586511e-01 1.100605450766672846e-03 9.888454174644135675e-01 9.928410888204445284e-01
8.416833667334668867e-01 9.916174144676599411e-01 1.101234871755300522e-03 9.890119037709148575e-01 9.929243319736951179e-01
8.436873747494989528e-01 9.917089819362358005e-01 1.124368201441979355e-03 9.890951469241654470e-01 9.930908182801964079e-01
8.456913827655310190e-01 9.918255223507864704e-01 1.065252194991848445e-03 9.893448763839174376e-01 9.931740614334471084e-01
8.476953907815630851e-01 9.919920086572877604e-01 1.118560028784881593e-03 9.894281195371680271e-01 9.935070340464496885e-01
8.496993987975951512e-01 9.921418463331388438e-01 1.124368201441972416e-03 9.895946058436693171e-01 9.935902771997002780e-01
8.517034068136272174e-01 9.923083326396403558e-01 1.128674020256600300e-03 9.896778489969200177e-01 9.937567635062015681e-01
8.537074148296592835e-01 9.924082244235412631e-01 1.079468247894593835e-03 9.899275784566718972e-01 9.937567635062015681e-01
8.557114228456913496e-01 9.925913593606926488e-01 1.035700059268841646e-03 9.902605510696744773e-01 9.940897361192041481e-01
8.577154308617234157e-01 9.927328727212186843e-01 1.003796460893269455e-03 9.903437942229251778e-01 9.940897361192041481e-01
8.597194388777554819e-01 9.928993590277199743e-01 8.746871127397594457e-04 9.908432531424290479e-01 9.941729792724548487e-01
8.617234468937875480e-01 9.930325480729209620e-01 8.554626332517945107e-04 9.909264962956796374e-01 9.942562224257054382e-01
8.637274549098196141e-01 9.931574128027970128e-01 8.413737629896522220e-04 9.910929826021809275e-01 9.942562224257054382e-01
8.657314629258516803e-01 9.932989261633229372e-01 8.756372574349336867e-04 9.910929826021809275e-01 9.943394655789561387e-01
8.677354709418837464e-01 9.934154665778740512e-01 8.022930025167526865e-04 9.914259552151835075e-01 9.943394655789561387e-01
8.697394789579158125e-01 9.935486556230749278e-01 8.047077348470643753e-04 9.915924415216847976e-01 9.945059518854574288e-01
8.717434869739478787e-01 9.936651960376259307e-01 7.936089822835266623e-04 9.916756846749354981e-01 9.945059518854574288e-01
8.737474949899798338e-01 9.938649796054275232e-01 7.941327014225626297e-04 9.917589278281860876e-01 9.946724381919587188e-01
8.757515030060118999e-01 9.940148172812787175e-01 7.299337647194705739e-04 9.920086572879380782e-01 9.946724381919587188e-01
8.777555110220439660e-01 9.941230333805044506e-01 7.447355114074901989e-04 9.920919004411886677e-01 9.948389244984600088e-01
8.797595190380760322e-01 9.942229251644050247e-01 7.153101160056935838e-04 9.922583867476899577e-01 9.949221676517105983e-01
8.817635270541080983e-01 9.944060601015565215e-01 7.378180240126623038e-04 9.924248730541912478e-01 9.950886539582118884e-01
8.837675350701401644e-01 9.945642220927328747e-01 5.910263880795775093e-04 9.930908182801964079e-01 9.952551402647131784e-01
8.857715430861722306e-01 9.947057354532591322e-01 5.524235419308068905e-04 9.933405477399483985e-01 9.955048697244651690e-01
8.877755511022042967e-01 9.947806542911846739e-01 4.782679571205538673e-04 9.936735203529509786e-01 9.955048697244651690e-01
8.897795591182363628e-01 9.948472488137850567e-01 4.744859735286760982e-04 9.937567635062015681e-01 9.955881128777157585e-01
8.917835671342684289e-01 9.950387080662613792e-01 4.784852364338609441e-04 9.939232498127028581e-01 9.959210854907183386e-01
8.937875751503004951e-01 9.951219512195119687e-01 4.148817379298032283e-04 9.941729792724548487e-01 9.959210854907183386e-01
8.957915831663325612e-01 9.951885457421125736e-01 4.006063236665604243e-04 9.942562224257054382e-01 9.959210854907183386e-01
8.977955911823646273e-01 9.953217347873138943e-01 3.719022376373707370e-04 9.944227087322067282e-01 9.959210854907183386e-01
8.997995991983966935e-01 9.955048697244650580e-01 4.145475600762057100e-04 9.945059518854574288e-01 9.961708149504703291e-01
9.018036072144287596e-01 9.955881128777157585e-01 4.436165019387066657e-04 9.945891950387080183e-01 9.962540581037209186e-01
9.038076152304608257e-01 9.957213019229168571e-01 4.501292211636126646e-04 9.947556813452093083e-01 9.965037875634729092e-01
9.058116232464928919e-01 9.958211937068176534e-01 4.006063236665447034e-04 9.950054108049612989e-01 9.965870307167234987e-01
9.078156312625249580e-01 9.959377341213683232e-01 4.241318306120839504e-04 9.950886539582118884e-01 9.966702738699741992e-01
9.098196392785570241e-01 9.960459502205942783e-01 4.329444309979458769e-04 9.951718971114625889e-01 9.967535170232247888e-01
9.118236472945890903e-01 9.961624906351452813e-01 4.202748875839108235e-04 9.953383834179638789e-01 9.967535170232247888e-01
9.138276553106211564e-01 9.962873553650212211e-01 4.231504212815704593e-04 9.954216265712144684e-01 9.969200033297260788e-01
9.158316633266532225e-01 9.964621659868475589e-01 4.149652403434396443e-04 9.955881128777157585e-01 9.970864896362273688e-01
9.178356713426852886e-01 9.965370848247729896e-01 4.132081460414780967e-04 9.956713560309664590e-01 9.971697327894780694e-01
9.198396793587173548e-01 9.965953550320486576e-01 4.316621048019412426e-04 9.957545991842170485e-01 9.972529759427286589e-01
9.218436873747494209e-01 9.966952468159494538e-01 3.532688782805707816e-04 9.960875717972196286e-01 9.972529759427286589e-01
9.238476953907814870e-01 9.968534088071256960e-01 3.936265851173575622e-04 9.961708149504703291e-01 9.975027054024806494e-01
9.258517034068135532e-01 9.969366519603763965e-01 3.428162870552493272e-04 9.963373012569716192e-01 9.975027054024806494e-01
9.278557114228456193e-01 9.970781653209023210e-01 3.255009539002232935e-04 9.965037875634729092e-01 9.975859485557312389e-01
9.298597194388776854e-01 9.971364355281778780e-01 3.375199356149573542e-04 9.966702738699741992e-01 9.977524348622325290e-01
9.318637274549097516e-01 9.972696245733786435e-01 2.973540514357929615e-04 9.969200033297260788e-01 9.977524348622325290e-01
9.338677354709418177e-01 9.973195704653292637e-01 3.087860982434283879e-04 9.970032464829767793e-01 9.978356780154832295e-01
9.358717434869738838e-01 9.974444351952052035e-01 2.884828677460046700e-04 9.970864896362273688e-01 9.980021643219845195e-01
9.378757515030059499e-01 9.975443269791058887e-01 2.448254585840783188e-04 9.972529759427286589e-01 9.980854074752351091e-01
9.398797595190380161e-01 9.976109215017064935e-01 2.355943011418512774e-04 9.972529759427286589e-01 9.980854074752351091e-01
9.418837675350700822e-01 9.976941646549570830e-01 2.235198798318170882e-04 9.974194622492299489e-01 9.981686506284858096e-01
9.438877755511021483e-01 9.978023807541827050e-01 2.330808291018068607e-04 9.975027054024806494e-01 9.983351369349870996e-01
9.458917835671342145e-01 9.979438941147090736e-01 1.537183493933273206e-04 9.977524348622325290e-01 9.983351369349870996e-01
9.478957915831662806e-01 9.980271372679595521e-01 1.900060303090598103e-04 9.978356780154832295e-01 9.985016232414883897e-01
9.498997995991983467e-01 9.981020561058852048e-01 1.890920950903403851e-04 9.979189211687338190e-01 9.985016232414883897e-01
9.519038076152304129e-01 9.981603263131606507e-01 1.802747675660308516e-04 9.980021643219845195e-01 9.985016232414883897e-01
9.539078156312624790e-01 9.982518937817363991e-01 1.934396077353335228e-04 9.980021643219845195e-01 9.986681095479896797e-01
9.559118236472945451e-01 9.983434612503121475e-01 1.950449432091982298e-04 9.980854074752351091e-01 9.986681095479896797e-01
9.579158316633266113e-01 9.984433530342130547e-01 1.708006703461375445e-04 9.981686506284858096e-01 9.987513527012402692e-01
9.599198396793586774e-01 9.985182718721384854e-01 1.777587322405922178e-04 9.981686506284858096e-01 9.988345958544909697e-01
9.619238476953907435e-01 9.985765420794139313e-01 1.641811614360924457e-04 9.982518937817363991e-01 9.988345958544909697e-01
9.639278557114228096e-01 9.986597852326646318e-01 1.555110438047845837e-04 9.984183800882376891e-01 9.989178390077415592e-01
9.659318637274548758e-01 9.987347040705902845e-01 1.479762660004283023e-04 9.984183800882376891e-01 9.989178390077415592e-01
9.679358717434869419e-01 9.987846499625405716e-01 1.868804155551846366e-04 9.984183800882376891e-01 9.990843253142428493e-01
9.699398797595190080e-01 9.988845417464414789e-01 1.451393971044770892e-04 9.986681095479896797e-01 9.990843253142428493e-01
9.719438877755510742e-01 9.990094064763173076e-01 1.313554802135831912e-04 9.986681095479896797e-01 9.990843253142428493e-01
9.739478957915831403e-01 9.991675684674934388e-01 1.441813708123595311e-04 9.988345958544909697e-01 9.993340547739948398e-01
9.759519038076150954e-01 9.992175143594439479e-01 1.543930491217057914e-04 9.988345958544909697e-01 9.994172979272454294e-01
9.779559118236471615e-01 9.992924331973694896e-01 1.355100357620833262e-04 9.990010821609922598e-01 9.994172979272454294e-01
9.799599198396792277e-01 9.993590277199700944e-01 9.156746857572214092e-05 9.992508116207441393e-01 9.995005410804961299e-01
9.819639278557112938e-01 9.994339465578955251e-01 8.156130001774644601e-05 9.993340547739948398e-01 9.995837842337467194e-01
9.839679358717433599e-01 9.995171897111461146e-01 8.965561986406378600e-05 9.994172979272454294e-01 9.996670273869974199e-01
9.859719438877754261e-01 9.995588112877715758e-01 9.884576781018766919e-05 9.994172979272454294e-01 9.997502705402480094e-01
9.879759519038074922e-01 9.996503787563473242e-01 9.707736443595306008e-05 9.995005410804961299e-01 9.998335136934987100e-01
9.899799599198395583e-01 9.997003246482977223e-01 6.659452260051323144e-05 9.995837842337467194e-01 9.998335136934987100e-01
9.919839679358716245e-01 9.997419462249231836e-01 6.914695632163340609e-05 9.996670273869974199e-01 9.998335136934987100e-01
9.939879759519036906e-01 9.998335136934987100e-01 9.118830558647553913e-05 9.996670273869974199e-01 1.000000000000000000e+00
9.959919839679357567e-01 9.999167568467495215e-01 7.445493973196236023e-05 9.997502705402480094e-01 1.000000000000000000e+00
9.979959919839678228e-01 9.999583784233745387e-01 7.674639521597772867e-05 9.997502705402480094e-01 1.000000000000000000e+00
1.000000000000000000e+00 1.000000000000000000e+00 0.000000000000000000e+00 1.000000000000000000e+00 1.000000000000000000e+00
