# signal_efficiencies		0sq-mean	0sq-std	0sq-min	0sq-max	1sq-mean	1sq-std	1sq-min	1sq-max	2sq-mean	2sq-std	2sq-min	2sq-max	all-mean	all-std	all-min	all-max
1.000000000000000021e-02 4.547709061747644797e-03 7.340571117893262588e-03 1.157839804685778648e-03 2.649281879124833206e-02 5.951545985071499123e-02 2.323759423159477144e-02 4.335012515125488686e-02 1.260989421317912917e-01 2.032674337989312241e-01 2.931685952658253866e-02 1.832194679896152756e-01 2.745745897271221203e-01 2.327565734999580971e-01 2.866189736783590625e-02 2.134878236981991029e-01 3.032668972232582250e-01
1.497487437185929596e-02 3.564949443746356916e-03 3.359055374261404533e-03 1.447441243152739095e-03 1.352697430220305315e-02 7.358057902803814831e-02 2.733765011062450068e-02 5.495613205250628880e-02 1.541204957196002923e-01 2.494988909210197614e-01 3.122181274771797244e-02 2.157863052092472700e-01 3.362278334376257449e-01 2.866766765848232090e-01 3.113877881639823611e-02 2.506498648275294339e-01 3.715395354661663596e-01
1.994974874371859344e-02 3.021409489110236327e-03 6.507781351240007157e-04 1.856517183186432189e-03 4.024036355514331448e-03 8.550429232981973660e-02 2.123541056027049290e-02 6.784145460568216657e-02 1.461729801632913051e-01 2.869524032768558941e-01 2.081372919064025315e-02 2.598004629628282713e-01 3.331135188526512803e-01 3.315071296096874232e-01 2.247248924650245561e-02 3.018158582051490013e-01 3.833528884493809241e-01
2.492462311557788746e-02 3.190437373189641910e-03 4.931476263680134326e-04 2.242605974814258774e-03 3.697681707015960505e-03 9.402403411102708275e-02 1.417044457045853710e-02 7.090113752800153435e-02 1.260214852313845668e-01 3.290123930312034983e-01 1.968119063312961589e-02 2.882461628585282210e-01 3.554091008817360509e-01 3.774161000882716444e-01 2.035196366492615649e-02 3.336744274489862883e-01 4.051273394304868991e-01
2.989949748743718494e-02 3.961958748275741515e-03 8.663510107401881577e-04 2.642807330842352701e-03 5.887111969271215800e-03 1.056882335679737855e-01 1.200032368741030253e-02 7.910939977507834564e-02 1.275828801987174688e-01 3.653355823789063983e-01 2.234165417828786609e-02 3.140980141706685713e-01 3.942806940421743622e-01 4.190848158069861995e-01 2.325453288294338644e-02 3.636287813937340574e-01 4.509209515494529974e-01
3.487437185929648242e-02 4.091274879612589142e-03 6.240923040309569051e-04 3.081761025872261067e-03 4.924150343232898235e-03 1.162091768842357792e-01 1.083012705892035486e-02 9.046333569782487316e-02 1.277161423409996777e-01 3.967646726165828808e-01 2.186808311448840483e-02 3.438604888192369202e-01 4.156180475387979967e-01 4.548116923933552269e-01 2.206274666974838636e-02 4.007156261244956275e-01 4.745550708013438479e-01
3.984924623115577991e-02 4.551564791039500527e-03 6.605862732729122274e-04 3.486213963631451269e-03 5.616523856116975057e-03 1.257344601206194235e-01 1.360401653820484877e-02 9.654948789345442484e-02 1.415508445636010082e-01 4.302453019040406446e-01 2.185604745341801491e-02 3.808989216151329460e-01 4.541861422154371275e-01 4.925620946497981656e-01 2.186444984458239121e-02 4.425424031599655694e-01 5.171194650070097820e-01
4.482412060301507739e-02 4.752951636321166816e-03 5.957358978820093175e-04 3.827313532650686301e-03 5.670756935127944584e-03 1.323143505379253404e-01 1.767029536791679678e-02 1.025670001028219924e-01 1.561897664819684450e-01 4.498710375170542619e-01 3.123847414642054801e-02 3.899928726413946500e-01 4.903437368015721165e-01 5.140267030630540912e-01 3.187197353645843112e-02 4.544635121871291594e-01 5.569594012267627958e-01
4.979899497487437487e-02 5.245171284959221011e-03 6.701427945540698724e-04 4.168413101669921766e-03 6.050022584029582026e-03 1.393619933013451884e-01 1.639216123178299789e-02 1.130358126620594206e-01 1.703036766549536618e-01 4.720794105048073952e-01 2.897183348480801557e-02 4.227834086659275625e-01 5.244447317113091200e-01 5.416186641139697500e-01 2.915502181515579674e-02 4.915062589807853155e-01 5.944825551443216893e-01
5.477386934673367236e-02 5.422951925227826285e-03 6.022351908519963260e-04 4.509512670689157232e-03 6.315136582127804134e-03 1.436367061377176735e-01 1.362972870328077978e-02 1.192630101557085737e-01 1.668424305135775276e-01 4.920569450382569765e-01 2.464450409977231651e-02 4.544482838970694272e-01 5.349657578762585519e-01 5.660367830306219927e-01 2.496545120373269006e-02 5.269590558164232164e-01 6.087485174170700342e-01
5.974874371859296984e-02 5.832202853355444340e-03 7.108150087557407650e-04 4.901853190697906537e-03 7.059123016436672816e-03 1.478973542824622844e-01 1.273112853296763831e-02 1.278433728733789354e-01 1.688299585158462290e-01 5.137114803967424148e-01 2.438911904158496541e-02 4.745820350958582790e-01 5.466101381713335261e-01 5.886511877298354900e-01 2.553715844946208291e-02 5.505169090568476920e-01 6.237696278727550281e-01
6.472361809045226733e-02 5.969404201510894979e-03 7.362778713848600184e-04 5.121597496502339544e-03 7.291439800976449483e-03 1.507187383935635339e-01 1.239083909380502696e-02 1.322197646327006315e-01 1.687202677047364152e-01 5.297482145695238120e-01 2.167902880456738443e-02 5.015565872878097187e-01 5.685753424696565750e-01 6.096713670365214721e-01 2.172953364789129496e-02 5.806906085105373316e-01 6.455048949434170069e-01
6.969849246231155093e-02 6.384006251742782231e-03 7.851549650895290559e-04 5.250758394728472465e-03 7.733862615118568262e-03 1.566384892808271867e-01 1.224438651321117268e-02 1.364632212743759343e-01 1.746140030362323126e-01 5.444723840591725317e-01 2.449886392490869744e-02 5.178167443164725103e-01 5.875409570556142658e-01 6.269147196018700630e-01 2.402884702236299588e-02 5.998165561493579157e-01 6.708631747054677463e-01
7.467336683417084842e-02 6.355121670080908329e-03 1.029658187854183083e-03 4.926367935214495328e-03 8.102309442170595524e-03 1.582294183854848213e-01 1.030290657228140339e-02 1.410767092710991655e-01 1.793033639170371618e-01 5.618826392907062539e-01 1.937196844649792873e-02 5.335692459897870554e-01 5.990011983971663678e-01 6.475201729236317316e-01 1.981785944945022027e-02 6.183902045459727104e-01 6.852850489250306154e-01
7.964824120603014590e-02 6.647806418698614002e-03 9.244484961706819293e-04 5.489109946211000006e-03 8.569124465287744977e-03 1.656561902772938355e-01 1.077822514852576179e-02 1.491471268962874241e-01 1.895380528536182996e-01 5.823803145428099182e-01 2.284302149696859977e-02 5.471761302335996779e-01 6.258141698803971753e-01 6.698202640149337750e-01 2.184965590403005822e-02 6.364375450694624847e-01 7.149001094397205991e-01
8.462311557788944338e-02 6.374296335725315385e-03 1.084978126524985265e-03 5.006366050240440221e-03 8.559709762951292836e-03 1.676474009206229410e-01 9.826892353811164660e-03 1.528813160763277113e-01 1.823810427551657287e-01 5.992479462377600097e-01 2.048629488307255817e-02 5.639321465041547965e-01 6.331166181796999970e-01 6.895453025973279360e-01 2.053460951069860374e-02 6.540151405905102466e-01 7.211816154430207293e-01
8.959798994974874087e-02 6.694322683953713923e-03 9.942718902538627297e-04 5.295575010799135306e-03 7.964465547943564219e-03 1.736821695024630130e-01 1.020227300511581704e-02 1.610526223038027949e-01 1.914661397811451837e-01 6.122321240643021634e-01 1.860319107507911116e-02 5.885364675058225581e-01 6.477654207826074595e-01 7.049774844601751633e-01 1.905965203051320292e-02 6.815822996679575807e-01 7.422082339204468804e-01
9.457286432160803835e-02 6.144879774820708254e-03 8.820837448599822645e-04 4.994208384698472711e-03 8.127004744942921757e-03 1.780152176197691838e-01 1.108156850694133090e-02 1.601291603013005327e-01 2.006771419258946976e-01 6.331939700765933932e-01 2.053148129454103465e-02 6.024553109679938734e-01 6.722913509507447705e-01 7.295963306342816423e-01 2.100911107633112590e-02 6.979573669090588517e-01 7.693457797005648358e-01
9.954773869346733584e-02 6.506311146803757384e-03 1.053711665972166013e-03 4.948444096782238233e-03 8.537816677474569654e-03 1.847015684283636605e-01 1.185535785505934317e-02 1.678030930460040204e-01 2.097692183633720064e-01 6.564583259315047714e-01 2.071026339420534157e-02 6.258443032042925180e-01 6.961713097299636610e-01 7.530344523301361059e-01 2.275344351726221043e-02 7.178932151330102984e-01 7.957795308577003679e-01
1.045226130653266333e-01 5.978684322389371010e-03 1.192342051434317190e-03 3.977502527904706875e-03 8.962544612810065953e-03 1.883077963870904703e-01 1.296921974952751702e-02 1.711101846809255089e-01 2.187460061611729012e-01 6.712818368492154963e-01 2.444070848441847951e-02 6.294189014332521870e-01 7.194835981744777120e-01 7.710560754058778388e-01 2.476189713203020420e-02 7.296577484475222919e-01 8.215396588184855631e-01
1.094974874371859308e-01 6.176444629766554562e-03 6.836404761964647546e-04 4.813238622548563113e-03 7.656173196529770381e-03 1.933979762487562648e-01 1.444239347526784893e-02 1.753233029111107566e-01 2.276105377973488275e-01 6.863066602217812173e-01 2.359611561363175389e-02 6.516521936054110453e-01 7.422433406876817186e-01 7.898372036778174010e-01 2.416199067591810398e-02 7.545520680611808029e-01 8.466592246484266893e-01
1.144723618090452283e-01 6.474888877444948121e-03 1.293323574488881465e-03 4.290557214498649276e-03 9.706429765077845620e-03 1.969690214898563996e-01 1.410898067010510001e-02 1.738278093802832769e-01 2.203218490073415581e-01 7.069730204922098915e-01 2.432403045166610031e-02 6.732143621906012676e-01 7.644942257702771471e-01 8.097844225406916063e-01 2.573994258365481375e-02 7.693476984298256438e-01 8.644655866484721729e-01
1.194472361809045258e-01 5.989099639458942727e-03 6.989347595942440716e-04 4.364320688884821241e-03 7.336029140188301059e-03 2.021181532838355055e-01 1.352117941395248983e-02 1.807355086381790543e-01 2.236107782477406991e-01 7.177434796836956732e-01 2.677545764987914606e-02 6.679701848444947743e-01 7.600709005846295607e-01 8.251525187178156973e-01 2.825675607727768171e-02 7.749060175810266182e-01 8.691796995818528160e-01
1.244221105527638233e-01 6.117245412063310010e-03 5.868562213885077528e-04 4.572479865164970000e-03 6.723002768618650989e-03 2.022535984034348200e-01 1.172285972053850427e-02 1.844094628135566627e-01 2.223319661400057490e-01 7.331422162544467547e-01 2.363211076254064999e-02 6.887401502888618188e-01 7.652861124944503324e-01 8.409555965364191588e-01 2.279552331288329028e-02 7.981879910181305382e-01 8.688443212589103126e-01
1.293969849246231207e-01 5.807144791434757335e-03 5.253247443945800212e-04 4.538025027593123317e-03 6.470691931978227868e-03 2.017624217928599140e-01 8.876190908713086497e-03 1.858282217327951458e-01 2.179452832694997177e-01 7.450025170647547323e-01 2.263855337861318817e-02 7.091652046328046355e-01 7.784489746273849375e-01 8.535557615212073790e-01 2.230522908172875851e-02 8.210509330481293722e-01 8.919467588636239563e-01
1.343718592964824043e-01 5.944241099860675566e-03 5.538850501699405220e-04 4.756076731659263264e-03 6.580771358292975166e-03 2.032958708188001284e-01 9.098396895373062065e-03 1.899490988443042760e-01 2.222451000994388748e-01 7.517942344001914412e-01 2.378406153569017495e-02 7.124809707588365404e-01 7.877397750370174201e-01 8.634072667141156066e-01 2.073339319195935740e-02 8.260788031851815649e-01 8.924995340013421874e-01
1.393467336683417157e-01 5.749442005172545125e-03 5.398873677464406835e-04 4.692571231780471100e-03 6.529033258242971337e-03 2.051654942978833884e-01 9.997263399728156114e-03 1.923187573140450746e-01 2.270010295365711417e-01 7.622663746156012055e-01 2.142512723533751898e-02 7.240794646459899342e-01 7.970541738657205277e-01 8.773399828043034754e-01 2.107902845214916845e-02 8.396968575808811952e-01 9.147407444361562723e-01
1.443216080402010271e-01 5.927083141699728865e-03 5.864043529828476004e-04 4.835202563085994748e-03 6.863413991085815478e-03 2.079428267694759802e-01 1.118776761348325675e-02 1.926927500525030812e-01 2.287538417912537425e-01 7.752887274362362247e-01 2.138474822467651207e-02 7.355041042377762350e-01 8.132938988819580217e-01 8.877404147219932762e-01 2.177372301298708887e-02 8.459849256517470995e-01 9.260890382355727590e-01
1.492964824120603107e-01 5.834735182529223255e-03 5.326827312261529042e-04 4.843928068438719918e-03 6.698576991815038441e-03 2.087441523398514964e-01 1.000181509894989759e-02 1.926962360135259789e-01 2.257519417325759004e-01 7.850416324229925191e-01 2.146963665578061758e-02 7.467659316105917933e-01 8.257494229417677856e-01 9.017122587526612554e-01 2.204184787345626548e-02 8.663194713120516699e-01 9.435530818692688948e-01
1.542713567839196220e-01 5.918270169617365940e-03 5.609495803081086807e-04 4.985131456532202951e-03 6.855845073835669518e-03 2.109643407724168251e-01 8.319627472797828244e-03 1.986030750288853286e-01 2.278146189152829848e-01 7.957051715312768447e-01 2.179392597885341371e-02 7.578682839559132134e-01 8.347401128993928721e-01 9.142756286552600198e-01 2.390644497383782527e-02 8.793400301239578942e-01 9.585171517774270233e-01
1.592462311557789056e-01 5.741192644088464851e-03 5.174334496831536467e-04 5.058370609415342375e-03 6.535389450453826972e-03 2.103050186745566152e-01 6.804190831052725659e-03 2.017531284628566735e-01 2.218628855494120533e-01 8.050170608329519917e-01 2.209107697034684570e-02 7.761694649343875430e-01 8.433977362567318670e-01 9.239666965120079123e-01 2.246806184086722058e-02 8.998593662075324850e-01 9.598361366100410796e-01
1.642211055276382170e-01 5.986352173635166481e-03 4.569054995089975499e-04 5.193616555520217358e-03 6.742717662061322934e-03 2.115610723140259886e-01 7.218688238611963535e-03 2.015440520615789100e-01 2.240568023041648038e-01 8.150574725033683521e-01 2.176042078726424939e-02 7.868247994704153925e-01 8.527108635042002227e-01 9.350906733580754970e-01 1.913779143440057576e-02 9.048400307289222733e-01 9.709554013025533115e-01
1.691959798994975006e-01 5.660570721934305924e-03 4.092807062995247646e-04 5.221446503959194935e-03 6.739384099147349358e-03 2.125745771389520034e-01 7.636773277852681313e-03 1.992136399590035689e-01 2.228339893981843289e-01 8.228663616281564064e-01 1.766004649518833347e-02 7.973459529445955374e-01 8.616658477030809671e-01 9.432608965182260885e-01 1.940339890191100647e-02 9.101161445980847642e-01 9.820047918797073505e-01
1.741708542713567842e-01 5.892653490183274480e-03 4.892833381334227077e-04 5.309917528079861025e-03 6.872448634973542247e-03 2.143533313523632577e-01 6.740052202521904477e-03 2.046299883695064936e-01 2.253630802104039654e-01 8.283356113733340020e-01 1.888948359711248998e-02 7.940418428311600829e-01 8.642841298649498460e-01 9.541166376705023655e-01 1.689396041568756723e-02 9.225708176469723520e-01 9.826055250966222454e-01
1.791457286432160956e-01 5.743858776066500249e-03 4.497517020635922362e-04 5.281872344195278138e-03 6.910646403496002559e-03 2.138671690734042508e-01 6.788482629845237794e-03 2.025991100558841851e-01 2.244490254889696668e-01 8.352623409431952917e-01 1.757131550322431346e-02 8.045495937447503243e-01 8.639992611964225633e-01 9.606254265517881752e-01 1.942568644181527637e-02 9.280442921620151164e-01 9.872191066034842200e-01
1.841206030150753792e-01 5.743943274411299725e-03 4.768703946201352951e-04 5.271918981672748736e-03 7.011330872151228487e-03 2.158519823600011378e-01 6.783735402445130111e-03 2.047684719091042715e-01 2.275654165378966087e-01 8.453064060364138266e-01 1.994692478713554554e-02 8.120747467734911185e-01 8.720771416704203860e-01 9.730223893932725687e-01 1.978457598332811207e-02 9.402863956741293050e-01 9.983932808582615115e-01
1.890954773869346905e-01 5.627359441607420951e-03 5.249677801640614903e-04 4.930592024609040634e-03 6.853935191880812690e-03 2.166512848130546787e-01 5.460091792911952492e-03 2.082748047215868537e-01 2.240562945854610299e-01 8.534547893195079116e-01 1.978644030035122889e-02 8.146669935898105397e-01 8.812571460163417525e-01 9.782313617383401327e-01 2.035061787814901324e-02 9.395503630757234825e-01 1.009464759605350315e+00
1.940703517587939742e-01 5.838317320093589641e-03 4.757022502056520346e-04 5.322990603104636211e-03 7.020587133584595650e-03 2.162395788159887089e-01 5.102357901345585048e-03 2.088319621003106863e-01 2.238756275330089085e-01 8.592742817348358875e-01 2.130518702839018924e-02 8.144359986139061425e-01 8.903694045568005810e-01 9.868488318869026443e-01 2.027388528836528148e-02 9.455270583225886538e-01 1.012881882891780494e+00
1.990452261306532855e-01 5.633310880032339416e-03 5.071914320586011797e-04 5.025183697586676698e-03 6.649979697276205831e-03 2.165858748049168947e-01 6.348345841779732754e-03 2.015447068783195461e-01 2.233327908828055264e-01 8.662593645908769346e-01 1.915677971191833903e-02 8.273851325458377870e-01 8.920759002597722365e-01 9.956038806444320599e-01 1.863205596939797315e-02 9.575675979893216727e-01 1.023893569874812171e+00
2.040201005025125691e-01 5.789465976408541409e-03 5.630851071501188085e-04 5.090189958287211040e-03 6.986864650002867251e-03 2.182871837477967925e-01 7.344403221627929766e-03 2.025400208919623246e-01 2.284675353096122796e-01 8.741758106793090510e-01 1.790314686311950121e-02 8.375169279815343204e-01 9.011919458420454276e-01 1.005396259606286424e+00 1.491666713232065074e-02 9.754424886153042484e-01 1.026011646738425931e+00
2.089949748743718805e-01 5.691120442609628668e-03 5.874439526345055611e-04 4.656151204458844686e-03 6.784705335372342126e-03 2.198772917122908677e-01 7.068427488017166999e-03 2.056111141933511244e-01 2.309859469108134500e-01 8.787202003038834253e-01 1.524387389088541385e-02 8.475276268315327100e-01 9.021289649575163772e-01 1.007543851590423145e+00 1.240302847580471331e-02 9.871164049114901085e-01 1.024971029161418690e+00
2.139698492462311641e-01 5.747066426302085973e-03 5.031162239292469567e-04 4.984629150206012528e-03 6.513646407039332467e-03 2.220957228817398987e-01 6.905718663660247343e-03 2.063515903357781012e-01 2.334784623361854383e-01 8.818436087943913870e-01 1.194152898538588387e-02 8.630452031304880478e-01 8.992809068181493171e-01 1.011418200255213673e+00 1.702463112337545409e-02 9.794665515097233932e-01 1.029483673419395506e+00
2.189447236180904754e-01 5.620009714527337934e-03 5.145671032445981547e-04 4.798500817807528976e-03 6.597773588890670088e-03 2.238360524862998413e-01 6.183380987225490198e-03 2.108443893490638266e-01 2.359456380880054216e-01 8.843582983035285228e-01 1.736231164387537496e-02 8.490424985615216968e-01 9.022333436823980479e-01 1.021217494121292813e+00 1.989735272648561482e-02 9.814528879344251999e-01 1.046915444966462605e+00
2.239195979899497591e-01 5.719208951894125086e-03 5.617147648631232995e-04 4.818537696346813885e-03 6.649077894592961974e-03 2.230833539724725867e-01 4.081370727138064133e-03 2.135447416844804547e-01 2.278794976802887284e-01 8.931085264096371157e-01 1.885717582899651412e-02 8.558033611940359942e-01 9.176217093978659145e-01 1.032183748956060132e+00 2.002117538755146531e-02 9.937269117914457883e-01 1.064173513622723721e+00
2.288944723618090704e-01 5.844462673038714959e-03 5.445462916548106814e-04 4.989959598372036356e-03 6.878943396258430792e-03 2.216232256789558708e-01 4.198365575341233766e-03 2.144879266542388252e-01 2.275189255275730238e-01 9.023190656371996576e-01 1.927918028886636825e-02 8.656842713677658230e-01 9.328688148009788295e-01 1.040595281545783291e+00 2.299768147608710275e-02 9.948324391375449327e-01 1.081262145162924737e+00
2.338693467336683540e-01 5.735186074342505866e-03 5.521700348089845188e-04 4.920075138025102948e-03 6.769033024895899399e-03 2.219249010147507362e-01 4.995548014258186474e-03 2.104131410923912870e-01 2.280760953746381325e-01 9.090200160185654132e-01 2.183526790562066375e-02 8.656081983953938241e-01 9.479783436493307569e-01 1.050768959945773684e+00 2.023612793030396539e-02 1.011324894023970966e+00 1.079024408618877828e+00
2.388442211055276654e-01 5.734596769913776620e-03 5.977732562628876572e-04 4.913805021938074009e-03 6.893134642764174765e-03 2.220886440795567240e-01 5.137823907044872067e-03 2.128333261681168986e-01 2.306128233171819142e-01 9.177401533928772892e-01 2.019725627282008620e-02 8.800641531166611964e-01 9.505347743259574544e-01 1.056561603696094531e+00 1.736859426865540457e-02 1.027677284925827328e+00 1.071557909392259145e+00
2.438190954773869490e-01 5.700160760521716906e-03 5.574981016824606499e-04 4.976387856163375957e-03 6.775940223184268203e-03 2.221490073082278971e-01 5.571510886762525393e-03 2.096465964604346532e-01 2.293574694752547327e-01 9.228305309423747715e-01 1.759742091080221046e-02 8.944088849037833411e-01 9.460578525129402783e-01 1.061377688370889194e+00 1.584023537231661269e-02 1.038748954608326169e+00 1.082177431380225707e+00
2.487939698492462326e-01 5.839405751880628707e-03 5.848486722037613038e-04 5.035662573787416663e-03 6.931628898182743900e-03 2.210744668932628498e-01 6.040269371662713646e-03 2.099149182002885416e-01 2.300692753278107405e-01 9.276506510887960744e-01 1.639556675018777679e-02 9.037815324257053584e-01 9.450350586263672747e-01 1.066031550703121500e+00 1.358481490948058694e-02 1.039726896099028686e+00 1.081619677619490405e+00
2.537688442211055162e-01 5.733530185610709665e-03 5.412860041353349588e-04 4.985267268665117754e-03 6.886127461190411081e-03 2.207843688360357215e-01 6.078445268733538055e-03 2.116346068546138826e-01 2.291121368562902827e-01 9.316053542536796295e-01 1.487070126535401313e-02 9.036444331150706999e-01 9.484853355417810494e-01 1.071767682019696855e+00 1.489041448339675257e-02 1.050654574484448434e+00 1.091992465915830213e+00
2.587437185929647998e-01 5.854764376618040722e-03 5.420711512487368230e-04 5.179447924141282814e-03 6.917733099734040166e-03 2.214469609470925138e-01 6.550767730416639373e-03 2.117281972760407249e-01 2.299480039531695552e-01 9.354845059206491342e-01 1.409553456047805096e-02 9.129083431024078710e-01 9.563660278553358651e-01 1.078781133321091490e+00 1.693499914163224332e-02 1.047247162770946316e+00 1.102430583291565513e+00
2.637185929648241389e-01 5.792512132563014046e-03 5.195432327075669978e-04 5.057891570087653423e-03 6.838295105284856665e-03 2.217107121735713837e-01 5.800722595130793080e-03 2.124298589046973995e-01 2.292290257692222444e-01 9.415543489100162144e-01 1.792430917541399174e-02 9.086984806801717829e-01 9.660750298228913957e-01 1.084211800185419516e+00 1.473299864805738095e-02 1.053480782576767361e+00 1.102689827016083868e+00
2.686934673366834225e-01 5.834049224111664128e-03 5.480324790263484819e-04 5.114134267851499008e-03 7.068564996689174172e-03 2.217118842429714465e-01 6.580288547659292157e-03 2.088220428884643709e-01 2.301597251049118664e-01 9.450440867553737689e-01 1.564764592996985282e-02 9.135796956436641469e-01 9.645373479481296197e-01 1.087614638003338907e+00 1.533980009712795911e-02 1.052642396347342357e+00 1.112538603062699805e+00
2.736683417085427061e-01 5.818822605389478535e-03 5.447861882327356166e-04 5.130243591168741173e-03 7.013431846760692472e-03 2.214011414483950391e-01 6.196260606156083969e-03 2.104001609988070121e-01 2.301099246008460331e-01 9.500731601354216460e-01 1.267531717187715332e-02 9.266344248044501297e-01 9.732403081904729136e-01 1.091221067397593281e+00 1.843256826695733805e-02 1.057334230404012532e+00 1.117705990657224646e+00
2.786432160804020453e-01 5.898506178652439605e-03 5.217916808959643590e-04 5.142633958294760138e-03 6.866245316359654606e-03 2.224477865924205933e-01 6.447427430925700004e-03 2.139817127288174969e-01 2.320662375062638449e-01 9.499796275332006434e-01 1.617120575499627830e-02 9.153288168545158365e-01 9.759463746255110372e-01 1.096259391740251221e+00 1.821113552249091494e-02 1.059582468064825811e+00 1.122937205481447043e+00
2.836180904522613289e-01 5.771744753532464384e-03 4.714642435215402787e-04 5.005375971837950667e-03 6.527013247975775243e-03 2.219424560531008672e-01 7.447229086276305199e-03 2.120709055780560515e-01 2.316559460297580586e-01 9.544373570232924653e-01 1.903623408521989968e-02 9.165412818023714880e-01 9.855678664615332707e-01 1.098448423075560898e+00 1.747670336183209869e-02 1.062016590929562243e+00 1.128224856207280746e+00
2.885929648241206125e-01 5.951267670382143563e-03 5.030648508491188152e-04 5.241271922536381092e-03 6.895646576821266166e-03 2.205669308847353349e-01 6.806216043239081935e-03 2.116880960130350375e-01 2.286855399851168980e-01 9.576166785739431697e-01 1.762017109081064417e-02 9.231712615692959645e-01 9.846830111061861679e-01 1.105173547125496647e+00 1.982629658770033651e-02 1.069093907481278860e+00 1.132881128265463833e+00
2.935678391959798961e-01 5.851354173366980077e-03 4.539924336760510297e-04 5.075940717212257605e-03 6.436338447937845451e-03 2.200246818425194151e-01 5.284994032340968768e-03 2.127515377912152783e-01 2.272592419885897386e-01 9.608414446660352715e-01 1.781261551220125056e-02 9.269198903936165523e-01 9.877761952608551388e-01 1.108997157128600808e+00 1.986074483797603193e-02 1.063571845311535036e+00 1.134327430937128067e+00
2.985427135678392352e-01 5.911045319328282754e-03 4.467103783160574740e-04 5.078660654161834542e-03 6.425975029019669917e-03 2.200006662706695815e-01 5.824285732594994443e-03 2.102108117589688019e-01 2.284754998867514209e-01 9.654741247626997813e-01 1.920289594457746593e-02 9.254350464500332718e-01 9.894285622874313679e-01 1.115269112779181171e+00 1.914691923510139851e-02 1.070264563075737030e+00 1.135360142214864920e+00
3.035175879396985188e-01 5.923261361913048986e-03 4.240066308476266792e-04 5.133172436497387796e-03 6.447484928339258618e-03 2.191614524653007767e-01 6.105027434258640182e-03 2.081201029576582873e-01 2.284727579230718675e-01 9.695303098707801492e-01 1.963735268244661339e-02 9.231694341879997934e-01 9.911975910337194051e-01 1.115665827485109673e+00 1.924097668312151413e-02 1.076934226569622011e+00 1.140976457965982904e+00
3.084924623115578024e-01 5.990457371115768571e-03 4.366431745089975982e-04 5.195417679628844439e-03 6.512546854094689204e-03 2.202071622629873937e-01 6.455125520325386869e-03 2.087324822351330489e-01 2.308342989055504058e-01 9.712041951220905522e-01 1.716362730112027876e-02 9.354580988785127227e-01 9.924630398420368760e-01 1.120999671886953042e+00 2.215373832462299783e-02 1.079977597559074853e+00 1.146613715590813598e+00
3.134673366834170860e-01 5.986489878904707913e-03 4.360557790270692242e-04 5.246321365925034168e-03 6.563651160048941322e-03 2.196898488082283940e-01 6.648291217178171029e-03 2.073778749072198446e-01 2.331760383932900693e-01 9.735264146563468168e-01 1.925116101777332028e-02 9.339708022994412939e-01 9.967963336076748337e-01 1.123565939011624604e+00 2.341648073179271664e-02 1.086648100728367927e+00 1.148074716997800060e+00
3.184422110552764251e-01 6.005798089025696229e-03 3.872776660405009082e-04 5.263424351633807195e-03 6.417288861182089341e-03 2.200865395865856944e-01 6.932778122305369509e-03 2.067835428852183577e-01 2.320771690681470711e-01 9.770975556553403996e-01 2.129219711893219624e-02 9.393516514580882992e-01 1.001161601432160264e+00 1.125828874453554951e+00 2.197014569317636001e-02 1.089818470623593161e+00 1.149732122793770683e+00
3.234170854271357087e-01 5.888959488936917029e-03 3.678536294770739980e-04 5.210604285511920286e-03 6.355845336694700490e-03 2.207549452853930227e-01 6.124794691709843295e-03 2.098763468080236672e-01 2.310486392426418789e-01 9.790449534494122252e-01 2.154437503821082095e-02 9.409282482274539117e-01 1.005554966278096485e+00 1.126494844566923392e+00 2.045391459479645874e-02 1.086381125925164337e+00 1.155543588572507163e+00
3.283919597989949923e-01 6.055037875554410316e-03 3.849874724216190689e-04 5.382547552587168410e-03 6.535360901700577527e-03 2.199992057596509842e-01 5.120064101665009436e-03 2.094873254768367388e-01 2.282472854112017613e-01 9.793754622172784474e-01 2.183286346397936284e-02 9.374595606081275179e-01 1.006131130979170507e+00 1.129878622281188738e+00 2.065185237684438388e-02 1.086633632632817648e+00 1.153569941350069072e+00
3.333668341708542759e-01 6.039194994198237958e-03 3.716656759863523705e-04 5.354791152846645301e-03 6.520993621481300552e-03 2.197977733391164035e-01 6.108448081781511080e-03 2.075451703798596448e-01 2.285567728249710273e-01 9.809604061204257874e-01 1.957914655329053011e-02 9.429570890115270831e-01 1.009394227317629733e+00 1.133829984384127965e+00 2.050671617987628870e-02 1.087390535796993074e+00 1.159501364760766373e+00
3.383417085427135595e-01 5.994577783900230383e-03 3.595950683089555399e-04 5.385928267779527615e-03 6.582681498391121724e-03 2.193881098598030044e-01 6.003243324521995335e-03 2.082840484263508984e-01 2.278876613682276342e-01 9.833673235198793217e-01 1.967237952777149690e-02 9.424608884778001849e-01 1.004244121561881808e+00 1.138948763888097959e+00 1.963518156888333782e-02 1.100191699160397052e+00 1.165428091571073965e+00
3.433165829145728987e-01 6.096092973171078448e-03 3.678093104971141055e-04 5.478547916355274924e-03 6.648340600374527849e-03 2.185483470694529751e-01 4.847096495592345330e-03 2.105549745106026494e-01 2.243707840089341210e-01 9.874380616291513757e-01 1.862622211664088576e-02 9.450749710489423361e-01 1.008945708849656064e+00 1.140990659277838493e+00 2.041947790423335671e-02 1.103815141519763454e+00 1.175059112329320365e+00
3.482914572864321823e-01 5.959066831226648986e-03 4.075302871217784703e-04 5.219682651186175956e-03 6.706057252210764069e-03 2.174917913855690110e-01 5.956342384734558335e-03 2.079003154824298483e-01 2.270069860942457440e-01 9.902406017310895203e-01 1.852182546937579041e-02 9.534848657123476956e-01 1.017142996171135350e+00 1.144184272872807329e+00 1.995471776679061046e-02 1.101478834833509390e+00 1.175067638324866159e+00
3.532663316582914659e-01 6.091740076707886573e-03 3.958938946109004679e-04 5.501961399398675248e-03 6.817240577333529526e-03 2.177426674175041155e-01 6.039289287337813034e-03 2.080887289662962381e-01 2.264963555659358085e-01 9.927702039089106867e-01 1.838375125031849536e-02 9.589604248250538365e-01 1.021802556978197885e+00 1.147645425958107257e+00 1.952670707988861040e-02 1.105318003974988361e+00 1.176042698254990082e+00
3.582412060301507495e-01 5.985582803237156184e-03 4.447162932347377634e-04 5.233139649605816554e-03 6.856605911109705902e-03 2.174504631032418145e-01 5.572621644517878128e-03 2.093192913456608517e-01 2.263431820136201367e-01 9.944743015026841215e-01 1.846138540781829679e-02 9.532987944299954330e-01 1.019715958049981719e+00 1.149275030309458101e+00 1.705727001966259038e-02 1.112090515661520174e+00 1.175120060426455781e+00
3.632160804020100886e-01 5.973965679279976369e-03 4.715816918856073972e-04 5.120561045288309597e-03 6.928558338941058839e-03 2.181317061791325784e-01 5.883353773166650515e-03 2.099610322571060228e-01 2.285207765969605453e-01 9.970857702781943388e-01 1.711755138553206282e-02 9.582844336284508380e-01 1.017944069523070150e+00 1.154147540776177872e+00 1.498963922252441114e-02 1.124620256928400064e+00 1.177809180062054484e+00
3.681909547738693722e-01 5.915513875210838546e-03 4.801077851463583183e-04 5.066529152287071146e-03 6.990401762492365507e-03 2.185894544762113090e-01 5.864978081531193113e-03 2.088270448951946856e-01 2.298281413095809023e-01 9.982895621173181189e-01 1.580020683887285032e-02 9.643573442928509154e-01 1.022785504272577084e+00 1.156886413106240408e+00 1.435892622376842322e-02 1.131263704289719119e+00 1.180460908287278787e+00
3.731658291457286558e-01 6.020579666633345609e-03 4.912026609937473033e-04 5.159281021334123640e-03 7.029423818133394286e-03 2.183434311307616560e-01 5.404436841934033217e-03 2.100585052346221060e-01 2.290561761991083689e-01 1.002715889483667411e+00 1.409108620156622124e-02 9.751890181304059269e-01 1.024483276761665396e+00 1.157401171759436798e+00 1.614003112246821872e-02 1.129372217236532361e+00 1.180240616954172816e+00
3.781407035175879394e-01 5.918341848104008603e-03 4.894088110907876196e-04 5.155663397483079002e-03 7.000293738432601838e-03 2.187929788804541253e-01 5.239841068845610926e-03 2.107479384064301076e-01 2.280790195681525745e-01 1.003593472690242017e+00 1.265972427013589523e-02 9.844605415642689872e-01 1.023234880858426177e+00 1.154553043980028892e+00 1.519664400770482683e-02 1.130509000814616805e+00 1.173938309283766523e+00
3.831155778894472785e-01 5.982979245369565192e-03 4.830238989267909280e-04 5.162764715693782258e-03 7.063229085312208548e-03 2.182385044497085202e-01 5.841602053626973948e-03 2.092145480394861090e-01 2.278048220171958460e-01 1.003284740906845052e+00 1.590985944215188644e-02 9.781530742442753334e-01 1.025183042232938435e+00 1.156467517442426818e+00 1.580693114766658705e-02 1.132347805498520321e+00 1.180195295241916575e+00
3.880904522613065621e-01 5.901035161396190470e-03 4.391992297845622893e-04 5.176101216738596481e-03 6.786746824656112245e-03 2.179587061702837614e-01 5.135887793652059441e-03 2.096393521164369722e-01 2.271062873331886889e-01 1.002300596773823216e+00 1.418210471889139873e-02 9.785142210932684659e-01 1.021439795795603622e+00 1.158689771139296498e+00 1.679279943111185516e-02 1.138450562704426794e+00 1.192478048014909087e+00
3.930653266331658457e-01 5.965410956916772367e-03 4.659081738219272417e-04 5.264566260692712246e-03 6.965606165434804799e-03 2.175560243674719840e-01 5.038364715251738950e-03 2.105155945206770851e-01 2.270309203075473181e-01 1.002742046577997703e+00 1.444590227797494172e-02 9.814804858431043222e-01 1.023653946280027149e+00 1.157245938900316018e+00 1.766058245760493417e-02 1.132144787679129516e+00 1.180911351747135685e+00
3.980402010050251294e-01 5.903698943963935422e-03 3.918841864451953869e-04 5.256533172756306521e-03 6.611744119963875767e-03 2.175014112070302874e-01 4.757856383456700831e-03 2.098439986766440501e-01 2.262281051216685490e-01 1.004066729114909906e+00 1.545087930110764299e-02 9.835879042812790685e-01 1.034304678859156112e+00 1.160142317307044202e+00 2.028465362838270669e-02 1.133006419316157753e+00 1.192962433914382059e+00
4.030150753768844685e-01 5.937464952693038978e-03 3.854979813372989101e-04 5.284877267182856025e-03 6.633772205324155700e-03 2.169257378970651240e-01 5.157369121510286397e-03 2.081123018230824351e-01 2.258309652261586697e-01 1.001725062904140096e+00 1.696412114698193571e-02 9.757339297833647063e-01 1.024843712341733992e+00 1.161536530353157293e+00 1.974307347090951265e-02 1.138048192272226089e+00 1.202055655429281833e+00
4.079899497487437521e-01 5.845210956646302095e-03 3.390685586358869390e-04 5.261695999388157560e-03 6.568069368872314802e-03 2.168615418225427194e-01 5.215756584489157806e-03 2.078206905041718178e-01 2.259552255891072725e-01 1.005016892119223737e+00 1.764756034461872902e-02 9.789672482515919816e-01 1.033339103385227498e+00 1.165500571737972724e+00 2.054212550852497002e-02 1.137466358064850747e+00 1.211089525801936739e+00
4.129648241206030357e-01 5.945082524613954679e-03 3.527783846738602458e-04 5.342537353324398018e-03 6.673835757556525680e-03 2.173554928916180684e-01 4.924061302808158298e-03 2.096816111510243497e-01 2.278816113316494141e-01 1.004273584478478476e+00 1.770203265986479077e-02 9.822201676430558637e-01 1.041052477532796061e+00 1.164180080230910574e+00 2.131042883629221882e-02 1.139419894265208955e+00 1.208689545978829605e+00
4.179396984924623193e-01 5.848862337190945983e-03 3.599888401907465080e-04 5.295447399546650974e-03 6.670560752103262339e-03 2.167033709302179645e-01 5.310101202522878906e-03 2.106541161510506743e-01 2.281062473567090632e-01 1.007849867460182791e+00 1.811968224323783419e-02 9.896944040757230665e-01 1.048716877590722074e+00 1.164784437282412544e+00 2.032798518438094781e-02 1.136869124300971867e+00 1.198497314928887336e+00
4.229145728643216029e-01 5.922464928058175995e-03 3.564304069514130798e-04 5.374606496454967068e-03 6.728249555175254241e-03 2.167173820603383039e-01 6.061657253849042290e-03 2.089734535086548994e-01 2.292325541007725898e-01 1.006357599137424952e+00 2.124867785175398038e-02 9.830900319333808479e-01 1.053677509012377334e+00 1.167208647267324428e+00 1.920214025034905694e-02 1.134609199941253532e+00 1.199495762313196989e+00
4.278894472361809420e-01 5.897300533113473790e-03 3.868620592625952349e-04 5.388010668170094275e-03 6.780192014821097464e-03 2.168148684632787426e-01 6.472484210014726666e-03 2.086937030448933195e-01 2.307551003115770327e-01 1.005938120585838202e+00 2.010021744847254391e-02 9.793850926456718620e-01 1.043237280423584101e+00 1.164734026362046038e+00 1.984068498192575677e-02 1.132618198357781880e+00 1.204173623542913907e+00
4.328643216080402256e-01 5.908769137009259320e-03 4.124603119840151923e-04 5.242994281336824450e-03 6.832134474466939819e-03 2.162573770372870352e-01 5.445284146853257741e-03 2.085595587524221028e-01 2.286616142848008071e-01 1.007531928756995043e+00 1.824690616948502001e-02 9.766571178519642960e-01 1.038491451445268998e+00 1.165201193520139178e+00 1.899299798292666472e-02 1.135081484636005333e+00 1.204358893163068212e+00
4.378391959798995092e-01 5.877093392417722349e-03 4.677058659147591757e-04 5.058754796671146095e-03 6.884076934112782174e-03 2.154790536821939995e-01 5.667704579236873715e-03 2.066021263913574990e-01 2.277662500860878070e-01 1.004945782018776157e+00 1.820491122324045113e-02 9.744170477927350804e-01 1.041223696718114766e+00 1.165383404611642915e+00 2.042053743922851022e-02 1.129365535718946489e+00 1.203174407471129026e+00
4.428140703517587928e-01 5.914272423257376128e-03 4.164293471630298301e-04 5.303580009554774953e-03 6.890574120100481648e-03 2.158427141544522476e-01 5.792663687191496394e-03 2.067223257635262268e-01 2.284929368103115477e-01 1.004546046722268215e+00 1.819911012163147324e-02 9.704160588040043889e-01 1.039324413924862744e+00 1.166746751563368711e+00 2.058063166365760310e-02 1.130057557870838281e+00 1.199804594599511942e+00
4.477889447236181319e-01 5.988029963040668660e-03 4.799017115742912690e-04 5.152759156826066701e-03 7.024295703838600961e-03 2.144532305296642516e-01 5.436019378291264900e-03 2.061485012258746641e-01 2.256826253930805104e-01 1.004987028229964441e+00 1.931934375538340784e-02 9.704209833494099602e-01 1.042182884278622490e+00 1.168406184069262332e+00 2.128912218795491612e-02 1.136766043229374912e+00 1.206125373407422652e+00
4.527638190954774156e-01 5.817522265507780142e-03 4.662126792328193776e-04 5.112121894828931291e-03 6.851290886278762517e-03 2.137027500510722822e-01 6.222212480614565909e-03 2.020271538159031932e-01 2.261123431498378022e-01 1.004761082750020185e+00 1.894184943910111329e-02 9.705429136705513438e-01 1.034226424625823926e+00 1.167030192568787150e+00 1.981205152087427493e-02 1.137556048975881806e+00 1.203103886385814558e+00
4.577386934673366992e-01 5.901868465536105543e-03 4.385058075931520241e-04 5.197323788965943145e-03 6.906646566585667064e-03 2.133008208880231016e-01 6.360935134644974710e-03 2.000928779141596670e-01 2.242404970212847071e-01 1.005894931387981028e+00 1.895237503954916303e-02 9.733084621291382410e-01 1.039196621829995282e+00 1.166411474974171636e+00 2.296709566400263747e-02 1.125328068331264530e+00 1.209418595575021627e+00
4.627135678391959828e-01 5.782097902904239153e-03 4.074080095605221870e-04 5.130079185079848211e-03 6.619783534764490246e-03 2.118151088990862241e-01 6.224885098016033104e-03 1.980579525100151506e-01 2.215311355134134685e-01 1.003927723902786395e+00 1.792597059392068287e-02 9.763406607104344603e-01 1.035880267992087544e+00 1.168931302308786613e+00 2.378503098953469244e-02 1.128371931573498355e+00 1.215700736940208859e+00
4.676884422110553219e-01 5.781488005920316746e-03 4.693306877861681955e-04 5.171643119952430874e-03 6.794812917007002351e-03 2.112689672998140367e-01 6.621712953676030591e-03 1.965620068947807608e-01 2.216165007446549706e-01 1.003417110029532155e+00 2.055976948337378749e-02 9.648259356276879251e-01 1.041096890499365157e+00 1.169194283401546519e+00 2.368290046064529600e-02 1.132623825864079059e+00 1.217457430233645832e+00
4.726633165829146055e-01 5.761205601108057572e-03 4.497439180498756560e-04 5.131891473715034617e-03 6.632767883896870109e-03 2.109367723099751513e-01 6.479364494306633429e-03 1.967545128660544707e-01 2.201143634089828272e-01 1.005428535207805840e+00 2.103264476599168292e-02 9.671087531311857166e-01 1.046287904863663742e+00 1.166339478867105761e+00 2.471497175177275393e-02 1.118925019693832956e+00 1.214912408725515869e+00
4.776381909547738891e-01 5.765534211912197969e-03 4.342526810981235273e-04 5.161161857071012299e-03 6.533017589491266902e-03 2.094005558813463175e-01 6.029876491239040751e-03 1.973186519223643076e-01 2.164860706914460697e-01 1.004745035268098663e+00 2.194069472140506780e-02 9.662040371946230000e-01 1.047355940680756436e+00 1.166745059214582048e+00 2.385218834896729589e-02 1.120553904264598222e+00 1.214740586220536489e+00
4.826130653266331727e-01 5.705702441166593704e-03 4.721011341877461996e-04 5.110606740925854700e-03 6.585039931202143169e-03 2.091828128394770392e-01 6.193885482511102790e-03 1.971675766271556163e-01 2.170657827002103191e-01 1.003330086665120691e+00 2.356691947703179468e-02 9.577211901543047912e-01 1.048495091946289204e+00 1.168793531182509726e+00 2.602121999792497697e-02 1.117333808703068421e+00 1.218894591839042141e+00
4.875879396984924563e-01 5.798037447684715497e-03 4.472609846707055383e-04 5.161378095235629598e-03 6.580331975556082125e-03 2.082116489619910971e-01 5.964549366868509075e-03 1.971607927730349985e-01 2.157812855839408295e-01 1.002694539905993665e+00 2.255344350538051809e-02 9.572605678251465688e-01 1.045787604058514564e+00 1.166437289039333969e+00 2.802337831589331307e-02 1.104425605363887009e+00 1.210733146696506557e+00
4.925628140703517954e-01 5.649824455845242101e-03 4.675376067581832134e-04 4.976009115761063917e-03 6.527791253339441241e-03 2.074139668851305573e-01 6.059597122940555206e-03 1.956787085541153437e-01 2.146410740044821519e-01 1.003966854499105166e+00 2.402961382481580074e-02 9.546520849817232701e-01 1.049040586843272393e+00 1.163971025813370641e+00 3.007780958423231926e-02 1.098167311740952945e+00 1.213012304335880254e+00
4.975376884422110790e-01 5.683751196239523670e-03 5.097644060016460468e-04 5.056578056990392381e-03 6.610042781101491648e-03 2.070141738282351707e-01 6.236828418040746801e-03 1.946216385007633609e-01 2.134715713179094476e-01 1.002510531585169451e+00 2.576475934504448076e-02 9.440601166450479642e-01 1.042906806735885983e+00 1.162031138218699633e+00 2.759673222386860997e-02 1.102330241289026347e+00 1.203720249850541935e+00
5.025125628140703071e-01 5.493431177096254336e-03 5.288700024226493986e-04 4.844247507797188289e-03 6.323024402460894478e-03 2.061699608965599784e-01 6.801576136778953764e-03 1.932646875592519686e-01 2.129590629260853518e-01 9.996453903572273259e-01 2.738309661201039635e-02 9.375077697148509470e-01 1.040807514477180229e+00 1.160032643584157475e+00 2.843056487310242908e-02 1.096546676237446505e+00 1.197961600512170266e+00
5.074874371859295907e-01 5.569370636466787830e-03 4.807459926563988984e-04 4.846140067226003927e-03 6.427150570314000416e-03 2.052593137216617569e-01 6.746644879054984612e-03 1.926797868535742309e-01 2.131278177811740393e-01 9.963769946299381175e-01 2.512081366652734946e-02 9.417468565447718598e-01 1.032272504202681684e+00 1.157636206693478886e+00 3.041040683689607421e-02 1.091182075033622523e+00 1.196490744546383267e+00
5.124623115577889854e-01 5.384169362468287437e-03 4.842949597123463452e-04 4.620115917606045126e-03 6.081741922346492468e-03 2.047361144028944369e-01 7.016986007816207113e-03 1.917638648463908246e-01 2.139341712309848764e-01 9.954729878585893976e-01 2.603421475736442808e-02 9.370621532894490846e-01 1.032065958458867616e+00 1.155861664488297524e+00 2.884805648270848469e-02 1.092315018902280777e+00 1.185685192681585454e+00
5.174371859296482690e-01 5.434787674340019539e-03 5.186030024525948440e-04 4.736660419678725975e-03 6.147875700032185559e-03 2.038149641980539495e-01 7.465589549777740599e-03 1.892821690249819888e-01 2.138485628798047211e-01 9.913976597038546279e-01 2.771154188628209905e-02 9.324540573617006167e-01 1.026179414740710172e+00 1.153155921005052376e+00 2.681742990146056271e-02 1.095157377204345028e+00 1.180400046414186166e+00
5.224120603015075526e-01 5.328045288295333790e-03 4.744824345746044125e-04 4.632026542052965906e-03 5.913065874469649805e-03 2.034958896660178929e-01 7.692974060815509739e-03 1.888230953682668301e-01 2.137572189469782447e-01 9.909989275402264486e-01 2.714133786171580784e-02 9.332846359498123689e-01 1.027226181284882189e+00 1.151994109057029814e+00 2.548855080170320600e-02 1.093351300479923793e+00 1.174189862829577047e+00
5.273869346733668362e-01 5.353614980561886491e-03 4.828070649157915201e-04 4.555597493890351998e-03 5.986346568013173851e-03 2.021814833554405888e-01 7.765028308085817482e-03 1.879282233642616540e-01 2.128210980793798224e-01 9.882846647119046812e-01 2.513794992289884386e-02 9.350776887476194288e-01 1.016237345363230959e+00 1.148187184087583690e+00 2.470682024980971198e-02 1.090794163426796803e+00 1.175874158160704841e+00
5.323618090452261198e-01 5.270905702279083185e-03 4.616584987047928383e-04 4.502674260306533185e-03 5.900400614463861826e-03 2.012734892658475938e-01 7.889131371679482946e-03 1.858991397653196875e-01 2.116784362780848028e-01 9.870307039526400317e-01 2.415424743108724251e-02 9.327449556072565651e-01 1.012825671216932122e+00 1.145801243298668837e+00 2.414934648926311822e-02 1.091263898483387562e+00 1.172714721572520657e+00
5.373366834170854034e-01 5.287157392020660519e-03 4.532050953712922796e-04 4.620522326744314068e-03 5.914068117355266753e-03 2.004121510214479651e-01 8.287556283927540943e-03 1.841180068286429883e-01 2.118765746381569559e-01 9.836216755112310306e-01 2.294289892312725843e-02 9.323764052301736216e-01 1.005152771559809644e+00 1.143370363828824177e+00 2.270747252200483457e-02 1.091039538281733057e+00 1.166265071292381883e+00
5.423115577889447980e-01 5.167793162590334811e-03 4.550061342362209213e-04 4.565928985342206613e-03 5.868489223262469447e-03 1.990877999438115387e-01 8.685467471591894542e-03 1.810796691522778834e-01 2.119464520994049916e-01 9.793197700441151898e-01 2.216192598029055258e-02 9.285470377126504582e-01 1.002635232771007301e+00 1.142134568523741622e+00 2.284375378008109483e-02 1.088123166075113391e+00 1.162253216201752704e+00
5.472864321608040816e-01 5.237698858824844407e-03 4.151721791857079400e-04 4.575969631950766933e-03 5.773771918141615278e-03 1.988126295393082832e-01 8.927639213611799490e-03 1.802194406860057052e-01 2.115979549445485552e-01 9.776199572857660058e-01 1.941997607292756528e-02 9.332545103423222077e-01 9.973342678506582626e-01 1.137465775650997823e+00 2.406016181360767087e-02 1.085563837519752717e+00 1.163934764793375987e+00
5.522613065326633652e-01 5.120573589810822369e-03 3.747336839928649835e-04 4.584980504034306265e-03 5.586906429380983016e-03 1.977962097272145114e-01 8.451549703428318239e-03 1.800898203206132697e-01 2.094404295394278470e-01 9.764340788727394749e-01 2.044828155571534051e-02 9.274741049877980315e-01 9.930840522164492423e-01 1.133495706098723854e+00 2.562958936170395968e-02 1.080109294326404568e+00 1.162789389800500395e+00
5.572361809045226488e-01 5.126828433000442733e-03 4.148134141668339539e-04 4.544610127619022263e-03 5.733996155867583482e-03 1.970609190176656200e-01 8.379707637501860457e-03 1.787019974221494278e-01 2.088565885221212171e-01 9.732991178646448471e-01 2.013076453176980071e-02 9.260129892154281839e-01 9.927989527470443276e-01 1.130176591923616192e+00 2.520760222982536616e-02 1.081256331470277665e+00 1.160938954974308768e+00
5.622110552763819324e-01 5.192494865168727214e-03 3.795500531265352177e-04 4.661119755943796301e-03 5.664507191286504047e-03 1.958532951008908340e-01 8.420346659990238236e-03 1.785488461953514405e-01 2.088565866163566986e-01 9.676998619356080855e-01 2.143014267523954408e-02 9.217173898229993334e-01 9.909258667903897422e-01 1.127465113397145835e+00 2.433692291004118172e-02 1.078305689470687501e+00 1.158768308372108313e+00
5.671859296482412161e-01 5.085015603166915740e-03 3.931831032484669249e-04 4.570914497292373653e-03 5.668051007432543635e-03 1.954708936562900290e-01 8.646459239873678648e-03 1.782446677282145397e-01 2.083143562722603315e-01 9.636642046425901720e-01 2.095850468468220262e-02 9.217912626183508706e-01 9.888039949265117201e-01 1.124225455792364325e+00 2.653657586806284011e-02 1.074591316045227396e+00 1.159353275477810641e+00
5.721608040201004997e-01 5.087776120055712351e-03 3.899985457770081300e-04 4.415216429409512741e-03 5.690982319017811111e-03 1.945820777079932673e-01 8.490126386319393759e-03 1.771010367960599574e-01 2.061397974925746612e-01 9.615452982730978704e-01 2.089481794462194619e-02 9.189049638553352661e-01 9.865899404335850553e-01 1.119917120669269073e+00 2.532844579459646306e-02 1.076596506705622014e+00 1.159784716208592137e+00
5.771356783919597833e-01 5.017954854584639850e-03 3.794250103133390162e-04 4.431162921484409385e-03 5.622849580528005084e-03 1.931825978956261125e-01 8.282114921966824209e-03 1.748139664900626999e-01 2.031921720905139617e-01 9.588046101840290714e-01 2.254537239321447589e-02 9.141956605877523678e-01 9.873613497918285464e-01 1.116478791118164393e+00 2.717709551195458123e-02 1.069693642043838766e+00 1.159313005087871495e+00
5.821105527638190669e-01 5.053922828755141525e-03 4.181268971994997539e-04 4.446062663503355314e-03 5.743905572681710751e-03 1.915442717415759000e-01 8.127940976479614346e-03 1.742436875593114942e-01 2.013257614264752360e-01 9.542224777811234571e-01 2.165007641790428830e-02 9.178907824187048092e-01 9.867866309379358380e-01 1.113707691272550093e+00 2.827590501505218568e-02 1.064602942095794313e+00 1.158635257150808728e+00
5.870854271356784615e-01 4.980751580282089148e-03 4.108818612157394412e-04 4.441660481544404231e-03 5.694023014640640576e-03 1.902432227164476686e-01 8.223007826463620690e-03 1.736670281921621761e-01 1.997333368379060059e-01 9.507791582136919661e-01 2.229360779632184528e-02 9.140317454497554062e-01 9.866607444631786406e-01 1.111948965139836876e+00 2.876592743155493431e-02 1.063393555375768962e+00 1.154227132202743311e+00
5.920603015075377451e-01 5.010832781912580476e-03 3.707027074548637771e-04 4.496340262206794183e-03 5.543757886282990426e-03 1.890317012643613348e-01 8.262002813049302424e-03 1.721151920276311753e-01 1.973742205398715810e-01 9.484146144953914392e-01 2.322082257231595018e-02 9.108687049859618412e-01 9.859232569707938598e-01 1.106867254643305820e+00 2.768297123833514048e-02 1.057307035479145840e+00 1.142114263804432817e+00
5.970351758793970287e-01 4.915955959279416816e-03 3.354442483630778885e-04 4.436836100843504112e-03 5.475346933691562293e-03 1.877855143911115188e-01 7.867595109587854213e-03 1.714130479262840900e-01 1.967378340005317694e-01 9.466864190629277198e-01 2.291723226333546720e-02 9.087113408788349833e-01 9.817106364167011989e-01 1.102900135254081038e+00 2.788176520828377497e-02 1.051262241298561273e+00 1.139371545020123389e+00
6.020100502512563123e-01 4.963325407223619611e-03 3.987523837812766625e-04 4.429085999121665750e-03 5.565679698781713508e-03 1.864825320665590980e-01 7.747816883196316680e-03 1.704244563816214308e-01 1.951396549147867698e-01 9.416370219400895802e-01 2.218261478101265713e-02 9.059419623199411742e-01 9.708071293944622315e-01 1.097700326330028231e+00 2.682909767814347160e-02 1.045379179477405440e+00 1.128088087607588053e+00
6.069849246231155959e-01 4.858226643449847434e-03 3.763189224205245090e-04 4.283725053199674213e-03 5.509671273781065366e-03 1.847729655930573089e-01 8.007750236490293605e-03 1.693182153340026530e-01 1.924343367463573484e-01 9.375001841545300696e-01 2.189330236074120417e-02 9.009207915973260761e-01 9.646083831687934929e-01 1.094309526892241369e+00 2.714143139729610632e-02 1.044421021950298067e+00 1.126062801597025098e+00
6.119597989949748795e-01 4.894686935397214202e-03 3.376580476365065677e-04 4.422104768245073078e-03 5.500960358266027139e-03 1.828408299964902617e-01 7.263571423130638083e-03 1.683646541116274042e-01 1.900328306407807755e-01 9.327720398478301922e-01 2.141630839207895112e-02 8.966636777225810429e-01 9.612144394121447943e-01 1.088220728080018240e+00 2.848054592689385975e-02 1.039490746515242758e+00 1.126366654529577405e+00
6.169346733668341631e-01 4.816923298348255687e-03 3.470571696763719732e-04 4.284145686804647496e-03 5.433671986483072473e-03 1.814077910235738222e-01 6.690760052584882218e-03 1.685239623239501716e-01 1.880127970431291762e-01 9.290718875436561053e-01 2.225171512622192704e-02 8.893416039418273744e-01 9.573849877664015739e-01 1.083757872672324263e+00 2.857522518031110556e-02 1.033382904887020226e+00 1.123066842771843321e+00
6.219095477386934467e-01 4.828963425120637830e-03 3.641867893291484966e-04 4.272036109928141999e-03 5.496523504555402354e-03 1.803104582614566964e-01 6.055480865721180744e-03 1.690670987710351791e-01 1.864240774373622789e-01 9.247644032805230063e-01 2.311336763566447516e-02 8.884198849393269981e-01 9.601007098809447582e-01 1.077289314758629546e+00 2.709993690521445356e-02 1.027258100046858136e+00 1.109549432015380477e+00
6.268844221105528414e-01 4.749803257413034822e-03 3.375330735902255970e-04 4.270123551955158463e-03 5.368595120794650635e-03 1.781494792192212517e-01 5.845011529612690292e-03 1.674392611950987209e-01 1.845614611475820399e-01 9.195901103729855475e-01 2.314183424647113171e-02 8.849128583474716869e-01 9.565593997909783708e-01 1.072645437026451098e+00 2.786495555254604392e-02 1.020027016851667634e+00 1.106287920677943015e+00
6.318592964824121250e-01 4.792836497853449410e-03 3.100519558414863543e-04 4.287175178621654634e-03 5.272292389711414652e-03 1.770641909057966146e-01 5.819708228673557346e-03 1.659490808304596721e-01 1.828232842844219053e-01 9.139953126863689103e-01 2.307632908570813463e-02 8.771762019777300523e-01 9.477638611719252371e-01 1.065452642491992341e+00 2.873354128921914302e-02 1.011163920198915323e+00 1.097064695004720258e+00
6.368341708542714086e-01 4.703219309647302393e-03 2.668809154674962360e-04 4.313957336707969006e-03 5.265024205569265696e-03 1.754569093186879869e-01 5.968082960073397940e-03 1.633417427519904819e-01 1.818654752065398950e-01 9.096589347762560340e-01 2.274123555830597984e-02 8.704717995965459698e-01 9.383341069443639215e-01 1.058469750400837794e+00 2.750402028563754889e-02 1.006544341812802612e+00 1.090441915508493009e+00
6.418090452261306922e-01 4.740377608558350025e-03 2.928274143996173842e-04 4.344452173665178975e-03 5.275222191981787656e-03 1.737867185207266352e-01 5.426821307247006558e-03 1.629874420842900018e-01 1.803027847045096943e-01 9.035042040194879442e-01 2.331088897394657800e-02 8.625460928737388455e-01 9.326269915575010616e-01 1.052808635107965074e+00 2.707105739495992841e-02 1.000478640951858456e+00 1.083955802338362417e+00
6.467839195979899758e-01 4.675212375407019477e-03 2.500266083577319014e-04 4.362991615906121334e-03 5.194153478921428521e-03 1.721262688411274167e-01 5.270782707261842739e-03 1.621984902952412211e-01 1.790879183771544869e-01 8.968846659186588965e-01 2.263102059148574402e-02 8.548591126403924934e-01 9.247673705177948955e-01 1.046429394102871502e+00 2.859485825670132070e-02 9.936985559548999758e-01 1.081898067587338419e+00
6.517587939698492594e-01 4.678023081255810144e-03 2.184156352290433185e-04 4.396439720019388112e-03 5.158784291758281189e-03 1.701966567974810829e-01 4.683816560707099175e-03 1.615088878545936635e-01 1.764414214605206921e-01 8.912339940773199576e-01 2.180714801304449793e-02 8.523387982555107323e-01 9.187058784382367005e-01 1.039671710635091451e+00 2.852071376931181179e-02 9.845257335198049908e-01 1.077390708589561097e+00
6.567336683417085430e-01 4.598625731188835455e-03 1.888062905903766528e-04 4.415904842848333671e-03 4.943589436554986574e-03 1.687873331430441159e-01 4.769228957204015192e-03 1.603040842345830053e-01 1.763087137884040145e-01 8.873400832044502362e-01 2.277621853528568469e-02 8.451723298801679940e-01 9.168726333112482418e-01 1.034765467715887954e+00 2.770941470545985885e-02 9.786117320208913561e-01 1.074121502442017873e+00
6.617085427135678266e-01 4.667840783911711942e-03 1.872082766611283470e-04 4.417470042174619430e-03 5.014244759561306379e-03 1.670522000976292498e-01 4.550643140203913632e-03 1.581512992310879495e-01 1.737687517576163854e-01 8.800752383012641067e-01 2.396705033381025390e-02 8.369080616072690493e-01 9.162328771311135656e-01 1.030194299694031645e+00 2.795902013344278569e-02 9.753214720183053243e-01 1.073777581395840119e+00
6.666834170854271102e-01 4.657853299856426141e-03 1.884812912978566315e-04 4.472248859588219029e-03 5.006154349897086638e-03 1.655529099560124340e-01 4.824396107103509981e-03 1.553534619828764451e-01 1.714354469198998143e-01 8.752641138336964000e-01 2.346515063269273213e-02 8.301341905103672980e-01 9.091383315792808117e-01 1.023227966157852276e+00 2.617208602311941329e-02 9.746764417168694017e-01 1.065395531208301438e+00
6.716582914572865048e-01 4.624385241524842614e-03 1.630930147413526480e-04 4.442951896484081953e-03 4.979116955389125895e-03 1.638569198341918720e-01 4.582698087236869271e-03 1.539305682936920883e-01 1.688664636977189326e-01 8.716466101479205530e-01 2.367224837274130647e-02 8.274535089158557843e-01 9.095320914907044640e-01 1.016117501795787081e+00 2.489555629193031250e-02 9.714589272428983957e-01 1.057116228133642366e+00
6.766331658291457885e-01 4.658054207535925091e-03 1.476011998553062666e-04 4.466268144887207067e-03 4.957595133044725814e-03 1.621067263756258148e-01 4.317610764581212082e-03 1.526115914027824094e-01 1.668517184020724131e-01 8.662966224400614479e-01 2.328391157174882625e-02 8.242004356336293247e-01 9.052544629711553048e-01 1.007215608769974402e+00 2.563105965321237772e-02 9.616758223629466862e-01 1.050318327610704205e+00
6.816080402010050721e-01 4.590174868856008658e-03 1.856361475872044572e-04 4.334428953147447666e-03 4.992540844093750797e-03 1.605196668887246825e-01 4.042099139892421818e-03 1.518510707610867261e-01 1.660880967112603468e-01 8.595810089363835615e-01 2.194817178013428252e-02 8.219009543830292364e-01 8.995849278343116540e-01 9.997517764748728997e-01 2.474413211914493205e-02 9.530427337971434376e-01 1.040814103455443007e+00
6.865829145728643557e-01 4.639903283636487470e-03 1.689205450945119021e-04 4.421514513287508504e-03 5.012068811766408165e-03 1.594586945112553278e-01 4.014624806877798574e-03 1.500393094628916790e-01 1.650764985708522148e-01 8.527132860148061155e-01 2.247441517043167677e-02 8.136258545531659392e-01 8.932765145971384158e-01 9.925100005107502232e-01 2.509699815866609299e-02 9.455915466465396602e-01 1.031862225477927497e+00
6.915577889447236393e-01 4.552491464305382859e-03 1.921797953421443890e-04 4.302167628819424453e-03 4.958712901659880108e-03 1.577629708790080354e-01 4.528897757580486669e-03 1.474389876808962496e-01 1.644452197103466184e-01 8.453433349895226323e-01 2.144432664275884581e-02 8.077681812896672087e-01 8.831079478648774517e-01 9.852642697285369788e-01 2.560936082201711525e-02 9.387466418790327838e-01 1.025743938946868772e+00
6.965326633165829229e-01 4.573812148602378683e-03 2.238997180550012065e-04 4.216107994872158801e-03 5.054936537642166355e-03 1.559471764354026235e-01 4.314403882966633477e-03 1.466097645837495800e-01 1.628928700133654428e-01 8.389365161854550612e-01 2.216018935929620765e-02 8.012237794868193319e-01 8.759048220106603333e-01 9.762670191083706595e-01 2.649638036538383076e-02 9.320444082792666007e-01 1.018662506583055238e+00
7.015075376884422065e-01 4.499728542182326527e-03 2.048985510049964741e-04 4.224493665200972602e-03 4.941907540066804369e-03 1.544234836437596292e-01 4.495189237348228874e-03 1.448884115627254721e-01 1.599799976932954615e-01 8.325527587445907818e-01 2.206260763583400841e-02 7.959046967281538931e-01 8.689658530900645772e-01 9.689266250102734901e-01 2.594958933421339167e-02 9.233923735309126357e-01 1.011112406237577144e+00
7.064824120603014901e-01 4.522457263107126056e-03 2.064769851406412973e-04 4.218796093625147917e-03 4.946453793962993402e-03 1.526213801810321069e-01 4.548701841922574672e-03 1.428062292324447646e-01 1.576316412245278575e-01 8.248920652815160404e-01 2.368016224463902891e-02 7.849345557292390918e-01 8.650540289727306487e-01 9.610332517011517250e-01 2.674781577274166350e-02 9.101497171239957273e-01 1.006759561889788879e+00
7.114572864321608847e-01 4.454272623427138478e-03 1.767433526571911945e-04 4.188021529196023045e-03 4.848211456846222150e-03 1.501781025908184575e-01 4.542607523243829062e-03 1.411625768556004912e-01 1.552569576050555900e-01 8.195464797403719803e-01 2.481588363754544044e-02 7.813432618686492193e-01 8.605324709555893792e-01 9.524953661338330102e-01 2.804574978480072617e-02 8.985209877246492782e-01 9.993199384337343449e-01
7.164321608040201683e-01 4.475005250857977401e-03 1.994683706600197757e-04 4.200209193565872419e-03 4.909049081681776325e-03 1.488093379561144236e-01 4.328913629100817652e-03 1.404868410964971448e-01 1.542779403404864746e-01 8.115202582780591811e-01 2.373641094675362634e-02 7.694587032854985909e-01 8.529480312834122335e-01 9.433783575623333473e-01 2.886657472183011552e-02 8.898758035704357194e-01 9.886932010168315577e-01
7.214070351758794519e-01 4.403359229226376514e-03 1.907662977727609126e-04 4.186183893920849240e-03 4.861485175679681331e-03 1.475660062760272007e-01 4.617438661472113813e-03 1.396817669347378554e-01 1.534745557573825026e-01 8.046987264659055672e-01 2.460727327189964411e-02 7.612479112766872280e-01 8.475117806396594844e-01 9.348100810976560648e-01 2.802170588346972885e-02 8.862559716647145924e-01 9.804427366355236151e-01
7.263819095477387355e-01 4.427395176672731768e-03 1.550335076276359485e-04 4.222922960548971573e-03 4.811445666749942715e-03 1.454557714074735941e-01 4.163861076858638849e-03 1.379988010623601769e-01 1.504436149873581152e-01 7.961530811489175852e-01 2.542728856872208607e-02 7.530738306289981310e-01 8.394587998748582747e-01 9.274442007732384141e-01 2.793551691526335173e-02 8.827868565965969472e-01 9.762085083104820038e-01
7.313567839195980191e-01 4.341334275914125393e-03 1.473489894756088963e-04 4.211306282359964133e-03 4.736779031434014235e-03 1.439897760254824355e-01 4.118068869286784818e-03 1.370206044469086115e-01 1.492374560591571420e-01 7.886233124865548172e-01 2.562604028812797211e-02 7.476711667606104061e-01 8.322170017765240235e-01 9.198005541454955525e-01 2.612355648623957208e-02 8.762766810453758159e-01 9.622355269709872427e-01
7.363316582914573027e-01 4.367267141492854089e-03 1.742502328731029425e-04 4.158007592638440081e-03 4.800957891075242900e-03 1.420958302265121209e-01 4.360482075034623206e-03 1.344891820414557126e-01 1.482791216132383627e-01 7.817107715186752959e-01 2.589855882615580904e-02 7.424842395693043162e-01 8.268251251204491448e-01 9.094543724757018222e-01 2.740145739396899344e-02 8.638661225166184288e-01 9.550550634992908128e-01
7.413065326633165864e-01 4.274721289109407844e-03 1.545243822682312970e-04 4.013760884694437397e-03 4.642034217013663727e-03 1.398056684853989928e-01 4.748360359148091556e-03 1.321854678706594621e-01 1.472493681525713916e-01 7.747219112778693795e-01 2.408888334542174173e-02 7.384587186444413476e-01 8.184116809826955663e-01 9.010037442079509296e-01 2.593415702350592572e-02 8.602196694887115358e-01 9.445661601659729456e-01
7.462814070351758700e-01 4.311286648304774559e-03 1.538840500038953581e-04 4.130564462903903340e-03 4.711438381119102507e-03 1.379116978202042376e-01 4.783726243646743703e-03 1.306248370245312596e-01 1.452083105222884141e-01 7.662530160227574161e-01 2.450182766670638834e-02 7.275242796207535001e-01 8.080956572627464585e-01 8.901967321686660162e-01 2.738604851969211190e-02 8.468726177160390556e-01 9.336049062557553180e-01
7.512562814070351536e-01 4.241834657493634940e-03 1.675685571457469561e-04 4.003266272666954236e-03 4.634987940096474759e-03 1.358223920117793415e-01 4.524273836447729319e-03 1.284193790839034122e-01 1.424485842200791108e-01 7.582056282006430781e-01 2.327310520388002624e-02 7.241631048941894466e-01 7.993454870559318914e-01 8.803261038700863628e-01 2.893374551477115655e-02 8.337897611064468695e-01 9.262213280201530008e-01
7.562311557788945482e-01 4.250573588438603945e-03 1.651440625742418389e-04 4.005696296341019862e-03 4.624932335085004884e-03 1.345453299295990557e-01 4.413046814546578954e-03 1.270850258956785772e-01 1.398625602842897830e-01 7.497270747324576989e-01 2.409490322298896842e-02 7.112275285309012096e-01 7.906041549006931346e-01 8.711518730414999911e-01 2.928639036317110672e-02 8.201306489590467486e-01 9.145196291918733511e-01
7.612060301507538318e-01 4.190853782855444992e-03 1.924083689972055174e-04 3.989733745287052206e-03 4.598902069271102074e-03 1.330280584608401484e-01 4.423798662264444292e-03 1.247682290831980956e-01 1.383160869689385730e-01 7.408338297652130588e-01 2.537658854888269130e-02 7.014440274989109936e-01 7.841857822053894811e-01 8.611081136578387918e-01 2.952073577494844156e-02 8.085641376268465352e-01 9.050624000197988739e-01
7.661809045226131154e-01 4.229055968843932825e-03 1.762653578374514770e-04 4.022976130576999022e-03 4.622659823567157496e-03 1.316581684277538800e-01 4.426640346474146163e-03 1.235384657011448506e-01 1.371526928332313655e-01 7.330761714250469963e-01 2.660610400998923014e-02 6.863051415294516566e-01 7.768711990556993463e-01 8.514308110043373734e-01 3.082029817974295260e-02 7.968776799630862273e-01 8.996154623767543823e-01
7.711557788944723990e-01 4.173597014523174574e-03 1.868140175031694772e-04 3.967607288180068081e-03 4.565511604804695436e-03 1.301424667052344664e-01 4.201789204537737486e-03 1.227923870547625029e-01 1.366718019653246907e-01 7.240367091434508628e-01 2.667041220720343941e-02 6.764488706954147057e-01 7.643407909159967151e-01 8.432090120342209394e-01 3.014675246781200676e-02 7.896824494391089244e-01 8.894189313482713244e-01
7.761306532663316826e-01 4.192670535287298765e-03 1.999097244811565849e-04 3.928019854603885530e-03 4.627491958306832395e-03 1.286075581810006141e-01 4.390665410438261695e-03 1.218184550853253917e-01 1.355513220059006707e-01 7.152221116688867175e-01 2.718724774731618582e-02 6.655130108789442112e-01 7.570173744956798512e-01 8.325250131837063083e-01 2.953369846592382095e-02 7.777703360821258682e-01 8.777690779739870663e-01
7.811055276381909662e-01 4.221967484918669536e-03 1.852088120709965134e-04 4.023509907394552491e-03 4.614326413080402541e-03 1.269937247430544536e-01 4.339660291284174257e-03 1.206773257524985654e-01 1.337875857084875886e-01 7.078019397617218988e-01 2.692077666920729070e-02 6.604718292431303039e-01 7.511540626693392619e-01 8.222574814604399762e-01 3.055770531841922252e-02 7.688142098761050480e-01 8.733145603714663752e-01
7.860804020100502498e-01 4.168872377107074416e-03 1.964623037770989113e-04 3.922233798743263167e-03 4.602503983632043848e-03 1.252582954474508459e-01 4.264864564859806653e-03 1.191544306094529243e-01 1.316641072755126152e-01 6.992165751697404508e-01 2.695803474865070964e-02 6.495868930921719908e-01 7.439672752731536498e-01 8.120553924739389862e-01 3.091315442641829128e-02 7.601303950619099359e-01 8.622445049017782859e-01
7.910552763819095334e-01 4.189896898833589400e-03 2.065473419546606999e-04 3.858799296659025900e-03 4.635701687098505580e-03 1.239870389385500787e-01 4.292549854211939568e-03 1.177771560920225780e-01 1.307133694906787158e-01 6.903825494099252724e-01 2.733245162303602621e-02 6.419696569489858895e-01 7.345769701398884299e-01 8.020561688863325767e-01 2.940505198395960626e-02 7.529074534251852802e-01 8.554985746539310876e-01
7.960301507537689281e-01 4.134656199992703396e-03 1.785108228977371717e-04 3.796273940151321125e-03 4.436726142560633648e-03 1.224212694565519344e-01 3.780085921295633401e-03 1.168890296390768802e-01 1.291722001785843843e-01 6.816477903708507702e-01 2.764900982168297730e-02 6.351354079456899004e-01 7.285887551880976254e-01 7.915832882600113418e-01 2.895933973466511754e-02 7.453529106718042030e-01 8.422812089612575770e-01
8.010050251256282117e-01 4.156623532831202686e-03 2.081974199957835391e-04 3.861580838567807948e-03 4.606012730394627198e-03 1.208288708228007768e-01 3.513189892537922372e-03 1.156961533911303047e-01 1.283319431115395592e-01 6.727837841619765946e-01 2.624216645760665129e-02 6.294409995263292590e-01 7.201629417483829121e-01 7.816713462783841937e-01 2.810082652350611235e-02 7.348518199523237371e-01 8.279076536166198874e-01
8.059798994974874953e-01 4.099401679827780788e-03 1.928647330161983333e-04 3.783754328923060947e-03 4.409524125976387043e-03 1.192011311877046315e-01 3.478595024012944535e-03 1.128389650866915284e-01 1.259366165213557931e-01 6.640423608135174183e-01 2.556434022517136209e-02 6.220663460094681962e-01 7.100694479032300110e-01 7.735468958415375740e-01 2.747504705596491917e-02 7.269969742954826009e-01 8.172397694327173667e-01
8.109547738693467789e-01 4.123988586075137512e-03 1.642478412537125938e-04 3.784905631654464277e-03 4.322385679555776003e-03 1.178916135336316728e-01 3.419170329623061073e-03 1.109984276514930507e-01 1.241236302612628850e-01 6.552336106388466641e-01 2.527950966985645712e-02 6.145581690636126027e-01 6.996102738965968015e-01 7.653330138398003468e-01 2.641754016728480731e-02 7.220142064766734702e-01 8.071350116124248464e-01
8.159296482412060625e-01 4.093303502845905932e-03 1.601698272048824093e-04 3.768925704073972094e-03 4.316601665387481863e-03 1.165544569691896043e-01 3.054612047893048420e-03 1.100297277959173536e-01 1.215870054826801994e-01 6.474260321467392165e-01 2.395514166791871610e-02 6.081736862881634842e-01 6.889722158130039409e-01 7.547587340633683528e-01 2.654745031723894366e-02 7.127183331075289674e-01 7.959268459628338066e-01
8.209045226130653461e-01 4.103904135176720744e-03 1.765166611760701808e-04 3.765929332958513950e-03 4.325894772942061317e-03 1.149087308861563156e-01 2.777446532021346504e-03 1.092937681109189679e-01 1.191394075192965391e-01 6.402353380920036141e-01 2.317403213084845773e-02 6.030457347464173168e-01 6.801122198682859610e-01 7.454306119153664145e-01 2.691420478371995759e-02 7.030795989101032983e-01 7.851997416887006587e-01
8.258793969849246297e-01 4.036936196758220477e-03 1.702672447225264652e-04 3.755279702162121671e-03 4.344328969830247092e-03 1.134853704172449629e-01 2.670398652459253768e-03 1.078797369913721133e-01 1.163585913995706655e-01 6.315548849728130909e-01 2.320890089446898605e-02 5.955528886215035733e-01 6.668700925964770043e-01 7.359773954848467525e-01 2.588723816163266550e-02 6.969630365949860407e-01 7.741351700243032097e-01
8.308542713567839133e-01 4.067133480567221120e-03 1.712697509954771936e-04 3.782882836270300402e-03 4.353565963901951524e-03 1.120248597148307407e-01 2.534699858568187532e-03 1.071451170293760136e-01 1.152873115589511527e-01 6.229172902345657681e-01 2.314282571358632773e-02 5.872375235704885288e-01 6.569200584833414513e-01 7.275877707223835644e-01 2.526317436098332592e-02 6.880892970337048054e-01 7.668362589753686676e-01
8.358291457286431969e-01 4.001995121023645477e-03 1.586640518691603179e-04 3.747298969413305741e-03 4.335547433847637862e-03 1.108361502375741769e-01 2.353291645518485430e-03 1.068262099114753866e-01 1.136342432295265881e-01 6.150542952872622982e-01 2.218107451678346873e-02 5.817793965758478736e-01 6.474136715730088865e-01 7.174887334786853588e-01 2.432122496041845203e-02 6.781416843367429337e-01 7.537064376569282409e-01
8.408040201005025915e-01 4.008653723059203700e-03 1.540253798709443147e-04 3.780382191042495291e-03 4.330287162594471245e-03 1.095932407976819289e-01 2.157693281366241961e-03 1.054946842408038682e-01 1.119556532571628071e-01 6.077155315823377091e-01 2.180348730176599401e-02 5.731096534796017439e-01 6.413230361504024257e-01 7.086344525050929377e-01 2.351738197838109182e-02 6.699700252393708810e-01 7.435715573045339477e-01
8.457788944723618751e-01 3.943743153652817454e-03 1.213261239952366418e-04 3.762470977060105096e-03 4.196948928621295136e-03 1.080054059196789706e-01 2.001573880232684899e-03 1.040035195117651468e-01 1.102137099770043732e-01 5.984850798808427630e-01 2.077179843300705486e-02 5.639625740999761883e-01 6.305216396683988034e-01 6.994700209371054189e-01 2.286197801858084327e-02 6.591891574616572935e-01 7.338104939137848337e-01
8.507537688442211588e-01 3.974866183370224029e-03 1.389587525742502663e-04 3.734240661449357741e-03 4.258598528174470897e-03 1.067946153681137017e-01 2.026760049203625829e-03 1.034750538288543853e-01 1.096377533176011027e-01 5.904365961382811445e-01 2.046044930454846145e-02 5.574481312124042187e-01 6.206814356217286166e-01 6.906319895718440183e-01 2.145399442771479467e-02 6.510797949779658644e-01 7.228193763746594280e-01
8.557286432160804424e-01 3.910957972471918592e-03 1.241417916124723530e-04 3.677002336520311145e-03 4.077374919834233016e-03 1.059963549753290685e-01 1.957160481341934950e-03 1.025092630947764677e-01 1.088643991381228748e-01 5.830354911908003368e-01 2.006631135586729731e-02 5.496316750376072369e-01 6.145519619380732657e-01 6.818262110865541681e-01 2.091327569317067564e-02 6.443354799320828441e-01 7.162661724807209973e-01
8.607035175879397260e-01 3.924160712836848898e-03 1.195661069925071392e-04 3.748454170603454129e-03 4.161515158104805469e-03 1.045491723561338404e-01 2.033390949822188720e-03 1.004710316937701686e-01 1.069668001877631808e-01 5.747306853665106186e-01 1.923945088673689741e-02 5.416238861725969356e-01 6.067939631125671696e-01 6.726824566866594912e-01 2.063437624285421185e-02 6.355831172918610106e-01 7.054456219936872108e-01
8.656783919597990096e-01 3.872647573481313114e-03 1.301703947296141027e-04 3.680648084866548590e-03 4.120781308730251877e-03 1.032288498298627594e-01 1.933151813511892322e-03 9.939156111913018121e-02 1.059340674987325204e-01 5.675932772040021002e-01 1.893524779463143931e-02 5.348706555465723156e-01 5.996349042893234227e-01 6.632724498277789982e-01 1.844642419647381584e-02 6.311019201395169365e-01 6.934483234246298089e-01
8.706532663316582932e-01 3.896791458892535226e-03 1.228417062208407844e-04 3.688911069528046528e-03 4.080047459355698285e-03 1.024025837534280753e-01 2.026821034497443795e-03 9.898606693763481457e-02 1.050641256449514893e-01 5.597197640003821473e-01 1.913971128523780929e-02 5.274669008388442881e-01 5.912691743658637922e-01 6.540862484512139918e-01 1.763083912114657079e-02 6.228775421892341901e-01 6.826375453241060320e-01
8.756281407035175768e-01 3.845321970284250150e-03 1.170019655294403355e-04 3.677201582311056746e-03 4.039313609981143825e-03 1.011730880795844029e-01 1.890982968700502878e-03 9.793525610071741883e-02 1.034992679681303457e-01 5.513679620472117238e-01 1.714702595800294410e-02 5.230925201466335439e-01 5.808739282741965937e-01 6.451201152309035125e-01 1.684721621495285926e-02 6.149893816660075840e-01 6.703627995558528729e-01
8.806030150753769714e-01 3.856181589240084868e-03 1.171133721208403284e-04 3.651909314452335756e-03 4.080325506981508088e-03 9.996882697537043394e-02 1.853200013174942633e-03 9.666283863220920258e-02 1.022315836008822199e-01 5.433867406523020804e-01 1.611704132141945564e-02 5.156899012104352309e-01 5.712142912959750074e-01 6.361767470831372062e-01 1.670992134793464895e-02 6.053628074103524215e-01 6.595022805413495171e-01
8.855778894472362550e-01 3.808517028421775329e-03 1.220298300718772344e-04 3.592179987897022031e-03 4.042694559422878135e-03 9.867821485344593913e-02 1.880663654938122915e-03 9.550423012471047357e-02 1.010851083583111376e-01 5.349041105837661902e-01 1.579353045264580632e-02 5.081815754839282828e-01 5.603064442462066808e-01 6.272144292033802193e-01 1.630853198521393932e-02 5.968589329682248978e-01 6.514752556997809307e-01
8.905527638190955386e-01 3.823028307605128885e-03 1.071388844656563438e-04 3.645699481829777541e-03 4.051885719334974260e-03 9.740713919385615704e-02 1.797488978150736921e-03 9.445854219016495967e-02 9.998366877858846924e-02 5.271511802618074061e-01 1.553613795088436278e-02 4.993621087755764631e-01 5.499271878395448621e-01 6.185662424276674454e-01 1.596299126511288233e-02 5.895513464494590572e-01 6.425843387630748582e-01
8.955276381909548222e-01 3.838037891201687840e-03 1.255481216402245972e-04 3.625895354542023850e-03 4.076519122398976173e-03 9.607395957486793148e-02 1.767739971107085096e-03 9.275222529958991602e-02 9.874300408243592841e-02 5.187897390333329195e-01 1.564401211115919524e-02 4.913969704912377057e-01 5.437794008964601522e-01 6.090460884330046731e-01 1.483406565436383613e-02 5.830126156413411032e-01 6.342282770052330987e-01
9.005025125628141058e-01 3.791175991121694625e-03 1.051994129466243306e-04 3.617199895462168153e-03 3.965039572870302474e-03 9.483874868504688083e-02 1.539002130907576697e-03 9.224920694569777035e-02 9.712072547920674870e-02 5.112684369719705524e-01 1.416942133137129474e-02 4.879674986627264843e-01 5.345625031865514076e-01 6.009081148023207586e-01 1.470244029822516570e-02 5.742687757179335550e-01 6.246020290536526964e-01
9.054773869346733894e-01 3.807461849448380391e-03 1.197930042134621493e-04 3.618703690035706983e-03 4.052990201352910278e-03 9.340799370042908445e-02 1.653068880326115766e-03 9.067608409343974607e-02 9.567892490232403346e-02 5.028482051836432598e-01 1.420703290669241524e-02 4.778761451528685256e-01 5.277625291072098879e-01 5.929303147947837527e-01 1.478545533926584749e-02 5.652091448656947348e-01 6.141639562483597325e-01
9.104522613065326730e-01 3.776161887489222404e-03 1.032858224851439141e-04 3.629781149954401653e-03 3.944126867675582480e-03 9.242792567286788052e-02 1.594401112734776657e-03 8.998899263868982701e-02 9.489644176503395090e-02 4.957430976436248971e-01 1.370923996347231215e-02 4.715081109707688900e-01 5.177323075380907413e-01 5.831325481511417941e-01 1.361307968973612080e-02 5.596680744036968136e-01 6.056681261468940258e-01
9.154271356783919567e-01 3.781603641867380995e-03 1.004436349521540471e-04 3.631261740154494329e-03 3.951187064507046508e-03 9.127218665537725761e-02 1.725136650409362597e-03 8.827608780267157118e-02 9.428770954816492744e-02 4.878304404155889284e-01 1.387611470559328535e-02 4.647621272342086773e-01 5.082358712383181487e-01 5.735915367427641964e-01 1.246346441256635830e-02 5.527895919099744537e-01 5.933286072666540401e-01
9.204020100502512403e-01 3.754545127386686026e-03 1.056095929977733742e-04 3.575526391263812893e-03 3.930250969900371538e-03 8.990022277254992866e-02 1.656838164778556572e-03 8.754296878177030006e-02 9.333945604999660528e-02 4.789752935335148121e-01 1.233842566868665301e-02 4.591425885356811287e-01 4.990173963156442349e-01 5.645457316196986763e-01 1.188303869723756831e-02 5.440709257956596323e-01 5.823680481295967493e-01
9.253768844221106349e-01 3.777796913863301805e-03 1.002665603538809366e-04 3.643354553313449869e-03 3.977867938556782154e-03 8.870848472769314597e-02 1.553330628148367207e-03 8.642791143711318902e-02 9.173317605132354224e-02 4.711364102524724373e-01 1.149311304452307024e-02 4.523035007837630239e-01 4.878959884794007995e-01 5.551739398062173203e-01 1.090304385710857624e-02 5.374670664353503602e-01 5.748455720238050404e-01
9.303517587939699185e-01 3.741762660541420645e-03 1.107213449856230485e-04 3.575796732720043069e-03 3.945057819034447980e-03 8.731945582835910769e-02 1.355774619128452627e-03 8.525474569488310228e-02 8.963904815951059812e-02 4.625149828020647114e-01 1.028645644336681139e-02 4.462833290407013376e-01 4.782933115939959068e-01 5.466814872827231442e-01 9.893869169879013215e-03 5.291005328371604088e-01 5.643767737649341143e-01
9.353266331658292021e-01 3.763991048857394210e-03 1.115158227140994617e-04 3.568690758603922097e-03 3.954691791282687573e-03 8.622202916224538938e-02 1.176457560195072298e-03 8.462012503270745223e-02 8.785119040201144758e-02 4.545052388454752790e-01 9.228864249073712861e-03 4.390734222126758679e-01 4.705130881646860663e-01 5.376767127543253810e-01 9.466228147396336598e-03 5.226848560160494150e-01 5.562433359550638112e-01
9.403015075376884857e-01 3.743966474570360053e-03 1.110149063113156600e-04 3.560533668592994177e-03 3.956391309886856701e-03 8.514683449610922772e-02 1.071111294369597082e-03 8.324373124526990297e-02 8.668212650166293165e-02 4.463871211594215294e-01 8.344261229531014373e-03 4.326321461574118010e-01 4.627830170914586372e-01 5.291249782594025231e-01 9.256925831412299299e-03 5.144029861233548884e-01 5.481952716923322866e-01
9.452763819095477693e-01 3.741745727983052192e-03 1.087320814309110611e-04 3.562843089506022819e-03 3.902075173605196699e-03 8.404703170158318859e-02 9.027708376331801616e-04 8.228803439210850834e-02 8.502191985168316979e-02 4.385981181460604783e-01 7.914464228847192459e-03 4.262172634398854743e-01 4.545821014402585125e-01 5.198342776457551828e-01 9.135612745628881107e-03 5.066430383692558381e-01 5.387604085885923100e-01
9.502512562814070529e-01 3.712234114377127581e-03 9.445168538819920581e-05 3.560297015663244601e-03 3.883726232053713156e-03 8.288697202913045126e-02 1.028978298555874738e-03 8.139505308993960631e-02 8.435444866290361943e-02 4.301578168424479154e-01 8.050715825142388399e-03 4.185850795733978558e-01 4.461771050090890256e-01 5.102175521466263408e-01 8.319815246036629808e-03 4.956865733856310463e-01 5.269635876545563091e-01
9.552261306532663365e-01 3.746675020801694227e-03 9.666212665276172782e-05 3.588911772135479437e-03 3.908541352131159920e-03 8.139481554513514072e-02 1.080603195246845243e-03 7.879146016056916280e-02 8.264052826678330854e-02 4.220966665541711071e-01 7.539823550966895556e-03 4.089658432197321170e-01 4.370501724172544122e-01 5.009805587438176389e-01 7.266839551696670750e-03 4.894706157312874173e-01 5.145193216378708412e-01
9.602010050251256201e-01 3.706451910169867355e-03 8.351106267475920223e-05 3.585901350163986628e-03 3.888040214672451849e-03 8.020109791282195588e-02 1.155673455573091911e-03 7.729420851359060374e-02 8.139963444906696266e-02 4.134918030319030824e-01 6.499353199344124789e-03 4.027839523365915886e-01 4.256140013556934387e-01 4.905267688983113716e-01 6.282605885826506031e-03 4.793261760614752620e-01 5.010239595866505802e-01
9.651758793969849037e-01 3.701947281760663115e-03 6.496281133671392386e-05 3.588088567246146884e-03 3.821946161313233281e-03 7.893732014544642406e-02 1.153828685714196117e-03 7.587753280347540874e-02 8.032568393724380529e-02 4.033487186054659501e-01 5.706485884329805421e-03 3.940307066005721004e-01 4.135009338261751988e-01 4.808180648747742980e-01 6.101459938362049570e-03 4.711845907258179200e-01 4.913312317004250862e-01
9.701507537688442984e-01 3.653377686084155387e-03 3.919517333897493496e-05 3.580592160120222699e-03 3.737676534614888923e-03 7.762219962194578937e-02 8.172964599478533664e-04 7.548740982082374762e-02 7.852120265514317410e-02 3.940962530330342495e-01 5.508032453571461151e-03 3.860900499477034620e-01 4.050880892237583297e-01 4.702264470216427905e-01 5.328318957175138051e-03 4.598717056064677289e-01 4.779554323108839986e-01
9.751256281407035820e-01 3.682991525610833979e-03 5.085925871457534563e-05 3.607128449894264881e-03 3.778177515035766390e-03 7.618904284289126916e-02 9.218171862792627538e-04 7.385316638112396359e-02 7.723132202550267444e-02 3.846460994788509224e-01 5.021756685431995500e-03 3.767550343621115516e-01 3.938332690200365693e-01 4.604034550309951124e-01 4.569134654905527247e-03 4.504127026931135092e-01 4.681545946724945395e-01
9.801005025125628656e-01 3.623390129192302460e-03 3.563272429518603632e-05 3.585840085242264063e-03 3.716444037286425420e-03 7.475649488128363607e-02 7.737540168782053003e-04 7.296830126889286561e-02 7.588500795141257804e-02 3.747863680352231386e-01 4.056534499159432199e-03 3.676940997154292123e-01 3.812390841299113653e-01 4.494191103263709408e-01 4.490282553167633181e-03 4.400605032296433516e-01 4.574922480971866934e-01
9.850753768844221492e-01 3.611089800895939898e-03 3.260339630275980695e-05 3.561189958056157605e-03 3.664031173417083530e-03 7.328032259822800376e-02 6.868260742356379006e-04 7.190429508317465468e-02 7.443852932312439163e-02 3.644747852547879363e-01 3.742947748667401018e-03 3.581019660837492791e-01 3.709367487879595138e-01 4.374292233001010333e-01 3.690439823073920003e-03 4.295513209357580964e-01 4.428515786239184404e-01
9.900502512562814328e-01 3.534468050616469594e-03 6.381561886245420046e-05 3.455495831930161747e-03 3.645833166828748532e-03 7.164462572228702530e-02 3.569083429629760175e-04 7.096933316900765065e-02 7.220801223444274497e-02 3.522687722098438168e-01 3.373825515470288416e-03 3.459531652242182065e-01 3.563905533334063014e-01 4.240999234312048394e-01 3.687029842208720820e-03 4.158273273992570407e-01 4.281740667411937928e-01
9.950251256281407164e-01 3.540978628111268040e-03 2.138079435991384764e-05 3.508853100626071857e-03 3.593449719750128283e-03 6.960983049619894059e-02 4.368465607602699903e-04 6.881049395636293364e-02 7.010535539472308175e-02 3.385092028972143119e-01 2.376646321614099555e-03 3.343523547632322179e-01 3.425091267586860000e-01 4.094729562360833741e-01 1.605434424461575030e-03 4.059401359953429544e-01 4.113965439166947791e-01
1.000000000000000000e+00 3.560271469673653103e-03 6.778866721984124866e-05 3.474726384450059491e-03 3.677372505204468903e-03 6.791109797504209233e-02 1.021427738025288063e-04 6.782428858700254026e-02 6.818580627167111774e-02 3.193139522148417120e-01 5.650437605099576256e-04 3.186233399777309572e-01 3.205775366321357289e-01 3.893966019878852824e-01 4.049836364097089301e-04 3.888024711484537876e-01 3.902108553965078497e-01
