# FPR	TPR_MEAN	TPR_STD	TPR_MIN	TPR_MAX
0.000000000000000000e+00 8.936128139212970445e-02 3.484573802918748686e-02 8.305319359303935806e-03 1.483092742732845526e-01
2.004008016032063962e-03 2.703183705754400035e-01 3.640143304819735970e-02 2.100059323709709269e-01 3.296420802847537801e-01
4.008016032064127925e-03 3.560609056753015755e-01 2.823296169364704344e-02 3.175795926438599870e-01 3.893612813921297211e-01
6.012024048096191453e-03 4.125964010282776040e-01 2.083309830451202105e-02 3.828356733241051746e-01 4.593632588491200486e-01
8.016032064128255849e-03 4.524026102432271434e-01 1.827683812068346680e-02 4.257464900138421826e-01 4.925845362863357502e-01
1.002004008016032024e-02 4.822622107969151140e-01 1.607218845824304188e-02 4.589677674510579397e-01 5.131500889855645786e-01
1.202404809619238291e-02 5.075341111330828880e-01 1.867062908503915736e-02 4.779513545580383882e-01 5.337156416847933516e-01
1.402805611222444730e-02 5.348032430294640260e-01 2.039969972246380089e-02 4.999011271504844589e-01 5.681233933161953242e-01
1.603206412825651170e-02 5.578010678267747435e-01 2.181177190675514729e-02 5.188847142574648519e-01 5.948190626853866458e-01
1.803607214428857436e-02 5.748467470832508974e-01 2.035954992352561124e-02 5.426141981411903847e-01 6.072770417243424923e-01
2.004008016032064049e-02 5.895590270911608144e-01 1.886564442846187101e-02 5.614000395491397510e-01 6.219102234526399098e-01
2.204408817635270315e-02 6.036385208621711795e-01 1.690886459731142169e-02 5.799881352580581462e-01 6.361479137828752739e-01
2.404809619238476581e-02 6.190231362467867315e-01 1.423719595740474859e-02 5.973897567727901592e-01 6.440577417441171182e-01
2.605210420841683194e-02 6.312042713070991073e-01 1.334043547984070828e-02 6.132094126952738478e-01 6.557247379869487469e-01
2.805611222444889460e-02 6.436227012062486486e-01 1.475209421999810512e-02 6.177575637729879610e-01 6.646232944433458911e-01
3.006012024048096073e-02 6.544789400830531845e-01 1.360083647706515804e-02 6.302155428119438074e-01 6.717421396084635177e-01
3.206412825651302340e-02 6.637136642278029797e-01 1.423362497713355143e-02 6.383231164722167339e-01 6.822226616571089863e-01
3.406813627254508953e-02 6.729088392327466916e-01 1.483737253668405108e-02 6.499901127150484736e-01 6.958671148902511039e-01
3.607214428857714872e-02 6.805220486454419682e-01 1.649445700847478394e-02 6.567134664821040468e-01 7.079296025311448970e-01
3.807615230460921485e-02 6.879572869290093706e-01 1.683186485904427862e-02 6.648210401423768623e-01 7.160371761914178235e-01
4.008016032064128098e-02 6.960450860193792000e-01 1.625547828281728377e-02 6.743128336958671420e-01 7.213763100652560434e-01
4.208416833667334017e-02 7.040933359699426131e-01 1.657038164351619033e-02 6.842001186474193641e-01 7.336365434051809187e-01
4.408817635270540630e-02 7.103025509195176612e-01 1.621972858591188421e-02 6.907257267154439662e-01 7.377892030848328675e-01
4.609218436873747243e-02 7.164326675894799878e-01 1.610334909345765078e-02 6.956693691912201327e-01 7.449080482499506051e-01
4.809619238476953162e-02 7.225825588293454116e-01 1.724325487522544373e-02 7.012062487640894348e-01 7.500494364247577428e-01
5.010020040080159776e-02 7.274471030255091897e-01 1.779141033152333712e-02 7.045679256476171659e-01 7.555863159976270449e-01
5.210420841683366389e-02 7.333399248566344619e-01 1.860307837388943883e-02 7.103025509195175502e-01 7.623096697646826181e-01
5.410821643286573002e-02 7.378089776547358536e-01 1.855429042422845551e-02 7.138619735020763635e-01 7.676488036385208380e-01
5.611222444889778921e-02 7.419023136246786221e-01 1.914476596198919078e-02 7.184101245797903657e-01 7.721969547162349512e-01
5.811623246492985534e-02 7.473798694878387439e-01 1.940493970427885698e-02 7.211785643662250722e-01 7.777338342891042533e-01
6.012024048096192147e-02 7.533715641684792796e-01 1.814866029017917631e-02 7.298793751235910232e-01 7.830729681629424732e-01
6.212424849699398066e-02 7.567727901918133160e-01 1.803891717747718032e-02 7.328455606090567009e-01 7.860391536484081509e-01
6.412825651302604679e-02 7.603322127743720182e-01 1.815624294817577006e-02 7.366027288906465964e-01 7.895985762309669642e-01
6.613226452905811292e-02 7.645244215938303833e-01 1.822842120839142724e-02 7.395689143761122741e-01 7.939489816096499952e-01
6.813627254509017905e-02 7.677872256278425178e-01 1.812068260573489534e-02 7.415463713664227630e-01 7.963219299980225374e-01
7.014028056112224518e-02 7.721574055764286459e-01 1.787205454954405096e-02 7.451057939489815762e-01 8.014633181728297862e-01
7.214428857715429744e-02 7.758947992881155553e-01 1.866138011373208103e-02 7.466877595412300117e-01 8.062092149495748705e-01
7.414829659318636357e-02 7.792169270318369811e-01 1.842226993339295821e-02 7.518291477160371494e-01 8.103618746292268193e-01
7.615230460921842970e-02 7.826577021949772117e-01 1.798147863996994028e-02 7.555863159976270449e-01 8.131303144156614149e-01
7.815631262525049583e-02 7.858414079493771798e-01 1.773592628345533814e-02 7.589479928811548870e-01 8.145145343088787682e-01
8.016032064128256196e-02 7.893415068222264797e-01 1.808914923213397058e-02 7.617164326675894825e-01 8.198536681827169881e-01
8.216432865731462809e-02 7.925449871465295448e-01 1.791153645761135033e-02 7.660668380462725136e-01 8.240063278623690479e-01
8.416833667334668034e-02 7.953134269329642514e-01 1.822555715953198818e-02 7.676488036385208380e-01 8.259837848526794257e-01
8.617234468937874647e-02 7.978247973106584734e-01 1.826729344224863050e-02 7.696262606288313268e-01 8.275657504449278612e-01
8.817635270541081260e-02 8.009887284951551223e-01 1.891966530281881040e-02 7.723947004152659224e-01 8.317184101245798100e-01
9.018036072144287874e-02 8.037176191417836346e-01 1.850020664399442197e-02 7.749653945026695467e-01 8.338936128139212700e-01
9.218436873747494487e-02 8.058532726913189004e-01 1.824343133325878608e-02 7.773383428910420889e-01 8.346845956100454877e-01
9.418837675350701100e-02 8.087601344670753978e-01 1.831117698822745665e-02 7.810955111726319844e-01 8.378485267945422477e-01
9.619238476953906325e-02 8.109353371564168578e-01 1.831651493875449330e-02 7.824797310658493377e-01 8.402214751829147898e-01
9.819639278557112938e-02 8.139410717816886187e-01 1.835128031190292816e-02 7.856436622503460976e-01 8.453628633577219276e-01
1.002004008016031955e-01 8.157010085030650393e-01 1.825397392044653816e-02 7.874233735416255042e-01 8.471425746490013342e-01
1.022044088176352616e-01 8.175795926438599315e-01 1.802899712070229685e-02 7.899940676290290176e-01 8.481313031441566341e-01
1.042084168336673278e-01 8.198338936128140020e-01 1.789537394195378842e-02 7.927625074154637241e-01 8.497132687364049586e-01
1.062124248496993939e-01 8.220684200118647533e-01 1.758376282624473513e-02 7.947399644057742130e-01 8.503065058334980941e-01
1.082164328657314600e-01 8.239470041526596455e-01 1.764597570385031955e-02 7.971129127941467551e-01 8.526794542218706363e-01
1.102204408817635123e-01 8.261024322720981194e-01 1.721505504374230139e-02 7.986948783863950796e-01 8.546569112121811251e-01
1.122244488977955784e-01 8.289104211983389092e-01 1.607486451677115485e-02 8.032430294641091928e-01 8.558433854063673962e-01
1.142284569138276445e-01 8.313229187265177567e-01 1.578402156280195659e-02 8.070001977456989772e-01 8.582163337947399384e-01
1.162324649298597107e-01 8.330235317381846638e-01 1.539503290339854294e-02 8.085821633379474127e-01 8.592050622898952383e-01
1.182364729458917768e-01 8.346450464702390715e-01 1.542892996664417885e-02 8.105596203282579015e-01 8.627644848724540516e-01
1.202404809619238429e-01 8.362863357721967983e-01 1.539331830888708563e-02 8.119438402214751438e-01 8.635554676685781583e-01
1.222444889779558952e-01 8.378287522246390395e-01 1.514723019172970961e-02 8.133280601146924971e-01 8.647419418627644294e-01
1.242484969939879613e-01 8.398062092149494173e-01 1.500274868188455901e-02 8.168874826972513103e-01 8.671148902511370826e-01
1.262525050100200275e-01 8.415068222266164355e-01 1.497948143437852729e-02 8.176784654933755281e-01 8.677081273482302182e-01
1.282565130260520936e-01 8.431085623887680791e-01 1.506926026557907708e-02 8.188649396875617992e-01 8.698833300375716782e-01
1.302605210420841597e-01 8.444532331421792382e-01 1.483124381707210532e-02 8.206446509788412058e-01 8.708720585327268671e-01
1.322645290581162258e-01 8.461142970140398401e-01 1.473166969860606468e-02 8.212378880759343414e-01 8.718607870278821670e-01
1.342685370741482920e-01 8.476567134664820813e-01 1.467086522403233430e-02 8.232153450662448302e-01 8.738382440181926558e-01
1.362725450901803581e-01 8.493573264781490995e-01 1.484062697783402121e-02 8.253905477555862902e-01 8.758157010085030336e-01
1.382765531062124242e-01 8.508008700810757441e-01 1.479218458156504254e-02 8.261815305517105079e-01 8.773976666007514691e-01
1.402805611222444904e-01 8.521653154043900003e-01 1.498625405126310060e-02 8.271702590468656968e-01 8.795728692900929291e-01
1.422845691382765287e-01 8.533320150286730632e-01 1.484517146052341703e-02 8.275657504449278612e-01 8.803638520862171468e-01
1.442885771543085949e-01 8.545778129325686256e-01 1.498990660081504604e-02 8.287522246391141323e-01 8.821435633774965535e-01
1.462925851703406610e-01 8.560015819655921732e-01 1.494879012099648019e-02 8.291477160371761856e-01 8.839232746687759601e-01
1.482965931863727271e-01 8.578208423966777740e-01 1.497393317590868175e-02 8.307296816294245101e-01 8.862962230571485023e-01
1.503006012024047933e-01 8.599762705161163590e-01 1.479620217873510446e-02 8.336958671148902988e-01 8.882736800474589911e-01
1.523046092184368594e-01 8.609847735811747560e-01 1.460241864141744242e-02 8.350800870081075411e-01 8.884714257464899623e-01
1.543086172344689255e-01 8.623096697646825959e-01 1.489907223666076148e-02 8.360688155032628410e-01 8.898556456397073156e-01
1.563126252505009917e-01 8.637334387977061434e-01 1.467599517455084497e-02 8.372552896974491121e-01 8.906466284358315333e-01
1.583166332665330578e-01 8.647617164326675265e-01 1.457466293136332885e-02 8.386395095906663544e-01 8.914376112319557510e-01
1.603206412825651239e-01 8.665612022938500303e-01 1.398631159497696307e-02 8.427921692703184142e-01 8.928218311251729933e-01
1.623246492985971901e-01 8.677674510579395095e-01 1.413903873291763591e-02 8.441763891635356565e-01 8.946015424164523999e-01
1.643286573146292562e-01 8.690132489618351830e-01 1.399788154918042184e-02 8.459561004548150631e-01 8.953925252125766177e-01
1.663326653306613223e-01 8.707138619735019791e-01 1.362087533048395201e-02 8.491200316393118230e-01 8.965789994067628887e-01
1.683366733466933607e-01 8.720783072968163463e-01 1.317718048907874986e-02 8.512952343286533941e-01 8.973699822028871065e-01
1.703406813627254268e-01 8.731856832113902289e-01 1.295982828918564381e-02 8.530749456199328007e-01 8.983587106980422954e-01
1.723446893787574929e-01 8.744710302550920966e-01 1.310169348266133557e-02 8.538659284160569074e-01 8.987542020961044598e-01
1.743486973947895591e-01 8.754993078900532577e-01 1.303388690188377226e-02 8.556456397073363140e-01 9.003361676883527842e-01
1.763527054108216252e-01 8.767648803638520283e-01 1.291411137478096910e-02 8.572276052995847495e-01 9.015226418825390553e-01
1.783567134268536913e-01 8.781095511172631873e-01 1.264094697828827690e-02 8.582163337947399384e-01 9.027091160767253264e-01
1.803607214428857575e-01 8.795333201502867349e-01 1.252272161976364546e-02 8.603915364840815094e-01 9.035000988728495441e-01
1.823647294589178236e-01 8.806011469250544232e-01 1.277620867275112114e-02 8.609847735811746450e-01 9.048843187660667864e-01
1.843687374749498897e-01 8.813525805813723357e-01 1.294743645234000019e-02 8.613802649792366983e-01 9.062685386592841397e-01
1.863727454909819559e-01 8.824797310658493155e-01 1.271461788989534762e-02 8.633577219695471872e-01 9.068617757563772752e-01
1.883767535070140220e-01 8.836266561202291703e-01 1.279530808674149596e-02 8.643464504647023761e-01 9.084437413486257107e-01
1.903807615230460881e-01 8.846747083250938726e-01 1.275047338637778915e-02 8.653351789598576760e-01 9.092347241447498174e-01
1.923847695390781265e-01 8.857623096697647691e-01 1.247117079528445825e-02 8.675103816491991360e-01 9.106189440379671707e-01
1.943887775551101926e-01 8.868301364445322355e-01 1.263966315681959961e-02 8.683013644453233537e-01 9.118054182321534418e-01
1.963927855711422588e-01 8.878781886493969377e-01 1.290902340634863567e-02 8.688946015424164893e-01 9.125964010282776595e-01
1.983967935871743249e-01 8.885109748862962675e-01 1.287134638669796237e-02 8.690923472414474604e-01 9.127941467273086307e-01
2.004008016032063910e-01 8.893217322523236934e-01 1.272568474734232617e-02 8.710698042317579493e-01 9.135851295234328484e-01
2.024048096192384572e-01 8.901918133280600776e-01 1.282058737737193192e-02 8.716630413288510848e-01 9.147716037176191195e-01
2.044088176352705233e-01 8.912003163931185856e-01 1.285827628018581907e-02 8.730472612220684381e-01 9.157603322127744194e-01
2.064128256513025894e-01 8.920308483290488866e-01 1.300589562902192478e-02 8.734427526201304914e-01 9.161558236108364728e-01
2.084168336673346555e-01 8.928218311251731043e-01 1.296675108554158629e-02 8.746292268143167625e-01 9.165513150088985261e-01
2.104208416833667217e-01 8.938303341902311683e-01 1.309293074073530384e-02 8.752224639114098981e-01 9.181332806011469616e-01
2.124248496993987878e-01 8.946410915562585942e-01 1.297603600569695141e-02 8.762111924065651980e-01 9.187265176982400972e-01
2.144288577154308539e-01 8.955704963417044917e-01 1.304655629565319198e-02 8.766066838046272514e-01 9.199129918924263682e-01
2.164328657314629201e-01 8.965987739766660969e-01 1.304535735372778366e-02 8.779909036978446046e-01 9.209017203875815571e-01
2.184368737474949584e-01 8.976072770417242719e-01 1.309452847484323355e-02 8.789796321929997935e-01 9.218904488827367461e-01
2.204408817635270246e-01 8.984378089776547949e-01 1.311642913772969807e-02 8.793751235910618469e-01 9.224836859798299926e-01
2.224448897795590907e-01 8.991892426339728184e-01 1.320041042226464088e-02 8.799683606881549824e-01 9.236701601740162637e-01
2.244488977955911568e-01 8.997231560213567736e-01 1.327887031761154982e-02 8.803638520862171468e-01 9.242633972711093993e-01
2.264529058116232230e-01 9.005932370970931578e-01 1.308922683145217689e-02 8.827368004745896890e-01 9.250543800672335060e-01
2.284569138276552891e-01 9.013842198932172645e-01 1.290176655362133655e-02 8.841210203678070423e-01 9.258453628633577237e-01
2.304609218436873552e-01 9.019181332806012197e-01 1.283246180149384685e-02 8.847142574649001778e-01 9.266363456594819414e-01
2.324649298597194214e-01 9.028079889262409230e-01 1.276103419544680033e-02 8.855052402610242845e-01 9.278228198536682125e-01
2.344689378757514875e-01 9.036978445718805153e-01 1.286928036973097010e-02 8.864939687561795845e-01 9.296025311449476192e-01
2.364729458917835536e-01 9.045086019379079412e-01 1.296387080674431778e-02 8.868894601542416378e-01 9.301957682420407547e-01
2.384769539078156197e-01 9.054182321534506306e-01 1.302513858558279267e-02 8.878781886493968267e-01 9.311844967371959436e-01
2.404809619238476859e-01 9.061696658097686541e-01 1.298520888906252828e-02 8.888669171445521267e-01 9.317777338342890792e-01
2.424849699398797520e-01 9.073561400039549252e-01 1.261743081799675779e-02 8.908443741348626155e-01 9.321732252323512435e-01
2.444889779559117904e-01 9.080680245204664214e-01 1.241945322246760207e-02 8.916353569309867222e-01 9.327664623294443791e-01
2.464929859719438565e-01 9.088787818864940693e-01 1.256916214146180412e-02 8.920308483290488866e-01 9.335574451255684858e-01
2.484969939879759226e-01 9.095906664030056765e-01 1.264608096083632074e-02 8.924263397271109399e-01 9.351394107178169213e-01
2.505010020040079888e-01 9.104607474787422827e-01 1.277375992694807123e-02 8.932173225232351577e-01 9.367213763100652457e-01
2.525050100200400549e-01 9.109946608661262379e-01 1.276967253676221381e-02 8.934150682222661288e-01 9.367213763100652457e-01
2.545090180360721210e-01 9.116867708127346370e-01 1.273832300398152623e-02 8.942060510183903466e-01 9.371168677081272991e-01
2.565130260521041872e-01 9.124184298991495634e-01 1.258988025149387902e-02 8.947992881154834821e-01 9.373146134071583813e-01
2.585170340681362533e-01 9.131303144156615037e-01 1.247085724129897051e-02 8.951947795135455355e-01 9.379078505042515168e-01
2.605210420841683194e-01 9.137235515127546392e-01 1.233655843152025450e-02 8.957880166106386710e-01 9.381055962032825990e-01
2.625250501002003856e-01 9.144947597389755378e-01 1.227782646318976295e-02 8.969744908048249421e-01 9.388965789994068167e-01
2.645290581162324517e-01 9.150088985564565069e-01 1.227100893460050628e-02 8.973699822028871065e-01 9.392920703974688701e-01
2.665330661322645178e-01 9.156021356535495315e-01 1.207020049905493594e-02 8.979632192999802420e-01 9.394898160964999523e-01
2.685370741482965840e-01 9.163535693098674439e-01 1.197921182627094926e-02 8.991496934941665131e-01 9.398853074945620056e-01
2.705410821643286501e-01 9.170061301166698708e-01 1.193442394536025145e-02 9.005339133873838664e-01 9.404785445916551412e-01
2.725450901803607162e-01 9.175795926438599093e-01 1.189331474831058569e-02 9.007316590864148376e-01 9.406762902906862234e-01
2.745490981963927823e-01 9.183310263001777107e-01 1.174915685125213494e-02 9.015226418825390553e-01 9.408740359897171945e-01
2.765531062124248485e-01 9.189440379671742765e-01 1.173265410736231383e-02 9.017203875815701375e-01 9.410717816887482767e-01
2.785571142284569146e-01 9.196756970535890918e-01 1.168166712318326195e-02 9.029068617757564086e-01 9.418627644848724945e-01
2.805611222444889807e-01 9.203282578603915187e-01 1.155398523198696188e-02 9.038955902709115975e-01 9.424560015819656300e-01
2.825651302605209914e-01 9.208226221079691687e-01 1.182387001436595135e-02 9.044888273680047330e-01 9.436424757761519011e-01
2.845691382765530575e-01 9.215938303341904003e-01 1.173958442138326591e-02 9.054775558631599219e-01 9.444334585722760078e-01
2.865731462925851236e-01 9.223254894206049936e-01 1.176871030514355099e-02 9.056753015621910041e-01 9.452244413684002255e-01
2.885771543086171897e-01 9.228989519477950321e-01 1.172098327243106114e-02 9.066640300573463040e-01 9.454221870674313077e-01
2.905811623246492559e-01 9.234724144749850705e-01 1.170347190412434485e-02 9.072572671544394396e-01 9.456199327664622789e-01
2.925851703406813220e-01 9.241052007118846223e-01 1.152767537438082260e-02 9.088392327466877640e-01 9.460154241645244433e-01
2.945891783567133881e-01 9.250543800672333949e-01 1.126768805347386042e-02 9.094324698437808996e-01 9.464109155625864966e-01
2.965931863727454543e-01 9.256871663041328357e-01 1.126275901028602963e-02 9.096302155428119818e-01 9.470041526596796322e-01
2.985971943887775204e-01 9.264385999604506372e-01 1.103591091310742942e-02 9.108166897369982529e-01 9.473996440577417966e-01
3.006012024048095865e-01 9.269725133478348145e-01 1.085155536365078541e-02 9.114099268340913884e-01 9.473996440577417966e-01
3.026052104208416527e-01 9.274471030255092563e-01 1.057540226896479772e-02 9.123986553292465773e-01 9.475973897567727677e-01
3.046092184368737188e-01 9.279810164128929895e-01 1.048678834089513366e-02 9.131896381253707951e-01 9.477951354558038499e-01
3.066132264529057849e-01 9.285742535099862360e-01 1.033580279626685611e-02 9.137828752224639306e-01 9.479928811548349321e-01
3.086172344689378511e-01 9.290488431876606779e-01 1.039916787003761570e-02 9.139806209214950128e-01 9.487838639509590388e-01
3.106212424849699172e-01 9.296618548546569105e-01 1.035290803903711823e-02 9.147716037176191195e-01 9.493771010480521744e-01
3.126252505010019833e-01 9.303144156614594484e-01 1.026877250286799444e-02 9.149693494166502017e-01 9.497725924461143387e-01
3.146292585170340494e-01 9.308483290488431816e-01 1.021794334488622218e-02 9.153648408147122550e-01 9.499703381451453099e-01
3.166332665330661156e-01 9.314020170061303450e-01 1.035305911958768650e-02 9.157603322127744194e-01 9.505635752422384455e-01
3.186372745490981817e-01 9.318568321139014676e-01 1.021264167039998005e-02 9.163535693098675550e-01 9.507613209412695277e-01
3.206412825651302478e-01 9.322918726517699373e-01 1.024780716735631050e-02 9.169468064069606905e-01 9.513545580383626632e-01
3.226452905811623140e-01 9.326873640498318796e-01 1.015003843852674108e-02 9.175400435040538261e-01 9.515523037373937454e-01
3.246492985971943801e-01 9.331619537275065435e-01 1.017035947254840700e-02 9.183310263001779328e-01 9.521455408344868809e-01
3.266533066132264462e-01 9.335772196954715829e-01 1.021082277265546526e-02 9.183310263001779328e-01 9.527387779315800165e-01
3.286573146292585124e-01 9.341111330828553161e-01 1.005855225032638474e-02 9.193197547953332327e-01 9.529365236306109876e-01
3.306613226452905785e-01 9.346054973304331881e-01 9.922046860852273484e-03 9.195175004943642039e-01 9.531342693296420698e-01
3.326653306613226446e-01 9.350009887284953525e-01 9.751509908394276685e-03 9.201107375914573394e-01 9.531342693296420698e-01
3.346693386773546552e-01 9.355349021158788636e-01 9.436842451083405844e-03 9.216927031837057749e-01 9.533320150286731520e-01
3.366733466933867214e-01 9.359501680838443471e-01 9.367575058439377850e-03 9.220881945817678282e-01 9.539252521257662876e-01
3.386773547094187875e-01 9.366027288906465520e-01 9.474970260236109665e-03 9.228791773778920460e-01 9.553094720189836409e-01
3.406813627254508536e-01 9.371564168479338264e-01 9.384403369563868585e-03 9.238679058730472349e-01 9.555072177180146120e-01
3.426853707414829198e-01 9.375716828158987548e-01 9.226929590029389963e-03 9.242633972711093993e-01 9.555072177180146120e-01
3.446893787575149859e-01 9.382637927625074870e-01 8.951482794552564556e-03 9.252521257662645882e-01 9.557049634170456942e-01
3.466933867735470520e-01 9.386197350207632351e-01 8.959080528666939561e-03 9.254498714652956703e-01 9.557049634170456942e-01
3.486973947895791182e-01 9.389559027091159971e-01 8.976456857255905863e-03 9.258453628633577237e-01 9.561004548151077476e-01
3.507014028056111843e-01 9.394502669566936470e-01 8.836732922955127176e-03 9.268340913585129126e-01 9.562982005141388298e-01
3.527054108216432504e-01 9.398457583547557004e-01 8.857506440844438445e-03 9.270318370575439948e-01 9.564959462131699119e-01
3.547094188376753165e-01 9.404983191615583493e-01 8.875434112113929006e-03 9.272295827565750770e-01 9.568914376112319653e-01
3.567134268537073827e-01 9.410520071188450686e-01 8.862206864521054647e-03 9.276250741546371303e-01 9.578801661063871542e-01
3.587174348697394488e-01 9.416650187858414123e-01 8.684616493133281642e-03 9.282183112517302659e-01 9.582756575044493186e-01
3.607214428857715149e-01 9.421198338936127570e-01 8.586376929645950229e-03 9.288115483488234014e-01 9.584734032034802897e-01
3.627254509018035811e-01 9.426932964208027954e-01 8.532812839335353686e-03 9.290092940478544836e-01 9.584734032034802897e-01
3.647294589178356472e-01 9.432074352382835425e-01 8.536936277248410171e-03 9.299980225430096725e-01 9.586711489025113719e-01
3.667334669338677133e-01 9.435831520664426098e-01 8.418046252975441152e-03 9.303935139410718369e-01 9.588688946015424541e-01
3.687374749498997795e-01 9.442554874431481338e-01 8.451147775257725203e-03 9.307890053391338903e-01 9.598576230966976430e-01
3.707414829659318456e-01 9.447300771208226866e-01 8.318609478297475657e-03 9.311844967371959436e-01 9.602531144947596964e-01
3.727454909819639117e-01 9.452442159383032116e-01 8.435401345587735869e-03 9.315799881352581080e-01 9.608463515918528319e-01
3.747494989979959779e-01 9.456990310460747784e-01 8.422759793621618224e-03 9.319754795333201614e-01 9.616373343879770497e-01
3.767535070140280440e-01 9.463713664227804134e-01 8.303812588725629704e-03 9.331619537275064324e-01 9.624283171841012674e-01
3.787575150300601101e-01 9.467866323907454529e-01 8.170248304543844750e-03 9.337551908245995680e-01 9.624283171841012674e-01
3.807615230460921762e-01 9.471228000790981039e-01 8.193069904503795520e-03 9.339529365236306502e-01 9.628238085821633208e-01
3.827655310621242424e-01 9.476567134664820591e-01 8.040764199587742758e-03 9.351394107178169213e-01 9.636147913782875385e-01
3.847695390781562530e-01 9.480719794344473206e-01 8.181607319161503244e-03 9.353371564168478924e-01 9.644057741744117562e-01
3.867735470941883191e-01 9.483883725528968744e-01 8.057257643755536686e-03 9.355349021158789746e-01 9.646035198734427274e-01
3.887775551102203853e-01 9.487640893810560527e-01 8.191757296897226454e-03 9.355349021158789746e-01 9.651967569705358629e-01
3.907815631262524514e-01 9.490013842198934402e-01 8.101035770018907498e-03 9.359303935139410280e-01 9.653945026695669451e-01
3.927855711422845175e-01 9.495352976072769513e-01 8.213376595526419507e-03 9.365236306110341635e-01 9.661854854656911629e-01
3.947895791583165837e-01 9.500889855645638926e-01 8.121163316639274515e-03 9.375123591061894635e-01 9.669764682618152696e-01
3.967935871743486498e-01 9.503262804034011690e-01 8.120970714551853376e-03 9.379078505042515168e-01 9.671742139608463518e-01
3.987975951903807159e-01 9.506228989519478478e-01 8.165269277005636483e-03 9.381055962032825990e-01 9.673719596598774340e-01
4.008016032064127820e-01 9.509986157801068041e-01 8.111334779225183936e-03 9.383033419023135702e-01 9.673719596598774340e-01
4.028056112224448482e-01 9.514732054577814679e-01 7.936577273292553733e-03 9.388965789994068167e-01 9.673719596598774340e-01
4.048096192384769143e-01 9.520664425548744925e-01 7.850379725545504964e-03 9.394898160964999523e-01 9.677674510579394873e-01
4.068136272545089804e-01 9.525410322325489343e-01 7.655593915179498624e-03 9.408740359897171945e-01 9.681629424560015407e-01
4.088176352705410466e-01 9.529760727704171819e-01 7.809728491457036681e-03 9.414672730868103301e-01 9.689539252521257584e-01
4.108216432865731127e-01 9.533913387383824434e-01 7.864239795347609252e-03 9.418627644848724945e-01 9.697449080482499761e-01
4.128256513026051788e-01 9.538066047063475938e-01 7.677627969455523907e-03 9.428514929800276834e-01 9.699426537472809473e-01
4.148296593186372450e-01 9.543602926636346462e-01 7.324496421143266746e-03 9.440379671742139545e-01 9.699426537472809473e-01
4.168336673346693111e-01 9.548151077714059909e-01 7.247454057467244901e-03 9.446312042713070900e-01 9.703381451453431117e-01
4.188376753507013772e-01 9.550919517500494615e-01 7.225407039425426996e-03 9.448289499703381722e-01 9.703381451453431117e-01
4.208416833667334433e-01 9.554478940083053207e-01 7.293064056066484065e-03 9.452244413684002255e-01 9.709313822424362472e-01
4.228456913827655095e-01 9.558433854063673740e-01 7.324096006956610193e-03 9.454221870674313077e-01 9.713268736404983006e-01
4.248496993987975756e-01 9.562982005141389408e-01 7.189898739449404608e-03 9.460154241645244433e-01 9.713268736404983006e-01
4.268537074148296417e-01 9.568123393316195768e-01 6.980283127861997353e-03 9.475973897567727677e-01 9.717223650385604650e-01
4.288577154308617079e-01 9.570694087403598393e-01 6.955169117988538839e-03 9.479928811548349321e-01 9.717223650385604650e-01
4.308617234468937740e-01 9.575439984180343922e-01 7.052649632789617824e-03 9.483883725528969855e-01 9.723156021356536005e-01
4.328657314629258401e-01 9.580581372355151393e-01 6.869180101778442349e-03 9.489816096499901210e-01 9.725133478346845717e-01
4.348697394789579063e-01 9.582756575044492076e-01 6.776650184885543021e-03 9.491793553490212032e-01 9.725133478346845717e-01
4.368737474949899169e-01 9.587106980423175662e-01 6.871086851646113214e-03 9.495748467470832566e-01 9.731065849317777072e-01
4.388777555110219830e-01 9.591852877199918970e-01 6.942085193147288710e-03 9.495748467470832566e-01 9.736998220288708428e-01
4.408817635270540491e-01 9.593237097093136878e-01 6.963934229130499046e-03 9.497725924461143387e-01 9.738975677279019250e-01
4.428857715430861153e-01 9.597389756772789493e-01 6.981963517665061743e-03 9.501680838441763921e-01 9.744908048249950605e-01
4.448897795591181814e-01 9.600751433656318223e-01 6.960789048864499465e-03 9.501680838441763921e-01 9.744908048249950605e-01
4.468937875751502475e-01 9.604904093335970838e-01 7.015821213743073798e-03 9.503658295432074743e-01 9.750840419220881961e-01
4.488977955911823137e-01 9.608661261617559290e-01 6.887940000934358008e-03 9.509590666403006098e-01 9.750840419220881961e-01
4.509018036072143798e-01 9.611429701403993997e-01 6.779102122373712250e-03 9.515523037373937454e-01 9.750840419220881961e-01
4.529058116232464459e-01 9.615384615384614531e-01 6.635686867272758832e-03 9.521455408344868809e-01 9.750840419220881961e-01
4.549098196392785121e-01 9.618153055171051458e-01 6.692136346150845405e-03 9.523432865335178521e-01 9.752817876211192782e-01
4.569138276553105782e-01 9.620526003559423112e-01 6.478971177650832448e-03 9.529365236306109876e-01 9.752817876211192782e-01
4.589178356713426443e-01 9.623689934743918650e-01 6.319854781138326515e-03 9.535297607277041232e-01 9.752817876211192782e-01
4.609218436873747105e-01 9.626260628831324606e-01 6.215006072012864771e-03 9.539252521257662876e-01 9.752817876211192782e-01
4.629258517034067766e-01 9.630611034210007082e-01 6.197237894125079069e-03 9.543207435238283409e-01 9.752817876211192782e-01
4.649298597194388427e-01 9.632983982598378736e-01 6.203166275054384192e-03 9.547162349218903943e-01 9.756772790191813316e-01
4.669338677354709088e-01 9.635554676685782471e-01 6.067313700135731035e-03 9.551117263199525587e-01 9.756772790191813316e-01
4.689378757515029750e-01 9.638916353569311202e-01 6.033156139613439321e-03 9.561004548151077476e-01 9.762705161162744671e-01
4.709418837675350411e-01 9.643266758947991457e-01 6.035100249527470574e-03 9.561004548151077476e-01 9.764682618153055493e-01
4.729458917835671072e-01 9.646035198734427274e-01 5.929074293282541805e-03 9.564959462131699119e-01 9.766660075143365205e-01
4.749498997995991734e-01 9.648408147122801148e-01 5.967728002039880686e-03 9.566936919122008831e-01 9.768637532133676027e-01
4.769539078156312395e-01 9.652560806802451543e-01 6.084690106149636193e-03 9.570891833102630475e-01 9.776547360094918204e-01
4.789579158316633056e-01 9.654933755190825417e-01 6.015663378759620976e-03 9.572869290092940187e-01 9.776547360094918204e-01
4.809619238476953718e-01 9.657306703579194851e-01 6.018132969723952001e-03 9.572869290092940187e-01 9.778524817085227916e-01
4.829659318637274379e-01 9.660739315292637963e-01 5.881017627695968655e-03 9.578801661063871542e-01 9.778524817085227916e-01
4.849699398797595040e-01 9.664227803045284393e-01 5.790134541011729939e-03 9.578801661063871542e-01 9.778524817085227916e-01
4.869739478957915702e-01 9.667391734229779932e-01 5.655526992287914292e-03 9.584734032034802897e-01 9.778524817085227916e-01
4.889779559118235808e-01 9.669764682618154916e-01 5.519195466463451376e-03 9.590666403005734253e-01 9.778524817085227916e-01
4.909819639278556469e-01 9.671346648210400465e-01 5.446305710137063980e-03 9.592643859996045075e-01 9.778524817085227916e-01
4.929859719438877130e-01 9.673917342297805311e-01 5.454663758705237744e-03 9.594621316986355897e-01 9.780502274075538738e-01
4.949899799599197792e-01 9.676092544987147104e-01 5.491352132488531990e-03 9.596598773976665608e-01 9.782479731065849560e-01
4.969939879759518453e-01 9.680640696064859441e-01 5.512283287543800168e-03 9.598576230966976430e-01 9.788412102036780915e-01
4.989979959919839114e-01 9.683804627249357200e-01 5.624083753983917175e-03 9.604508601937907786e-01 9.796321929998023093e-01
5.010020040080159776e-01 9.686770812734822877e-01 5.659950341054103759e-03 9.606486058928218608e-01 9.800276843978643626e-01
5.030060120240480437e-01 9.688946015424166891e-01 5.659846708379469293e-03 9.608463515918528319e-01 9.802254300968954448e-01
5.050100200400801098e-01 9.692505438006723262e-01 5.636446224236792146e-03 9.612418429899149963e-01 9.804231757959264160e-01
5.070140280561121759e-01 9.695076132094125887e-01 5.615977852481694038e-03 9.612418429899149963e-01 9.804231757959264160e-01
5.090180360721442421e-01 9.697844571880562814e-01 5.604128461278791960e-03 9.614395886889459675e-01 9.804231757959264160e-01
5.110220440881763082e-01 9.702590468657307232e-01 5.488788010364100724e-03 9.618350800870081319e-01 9.804231757959264160e-01
5.130260521042083743e-01 9.703974688550524030e-01 5.407576606235454941e-03 9.622305714850701852e-01 9.804231757959264160e-01
5.150300601202404405e-01 9.706940874035989708e-01 5.316234150890900012e-03 9.628238085821633208e-01 9.804231757959264160e-01
5.170340681362725066e-01 9.709511568123392333e-01 5.287211182864721623e-03 9.634170456792564563e-01 9.806209214949574982e-01
5.190380761523045727e-01 9.711291279414672184e-01 5.361060593919681622e-03 9.636147913782875385e-01 9.810164128930195515e-01
5.210420841683366389e-01 9.713268736404983006e-01 5.366163936906693036e-03 9.642080284753806740e-01 9.812141585920506337e-01
5.230460921843687050e-01 9.715048447696263967e-01 5.309352339139069947e-03 9.642080284753806740e-01 9.812141585920506337e-01
5.250501002004007711e-01 9.718410124579790477e-01 5.214040759240779269e-03 9.646035198734427274e-01 9.814119042910817159e-01
5.270541082164328373e-01 9.720387581570101299e-01 5.183955453815358196e-03 9.651967569705358629e-01 9.820051413881748514e-01
5.290581162324649034e-01 9.721178564366222963e-01 5.162639943707587886e-03 9.651967569705358629e-01 9.820051413881748514e-01
5.310621242484969695e-01 9.722562784259440871e-01 5.074055994519712301e-03 9.653945026695669451e-01 9.820051413881748514e-01
5.330661322645290356e-01 9.725133478346845717e-01 5.061671902163711149e-03 9.657899940676289985e-01 9.824006327862369048e-01
5.350701402805611018e-01 9.727901918133280423e-01 4.983191615582370330e-03 9.661854854656911629e-01 9.824006327862369048e-01
5.370741482965931679e-01 9.730670357919715130e-01 4.906166038351865086e-03 9.671742139608463518e-01 9.824006327862369048e-01
5.390781563126252340e-01 9.732450069210993870e-01 4.840570755147884964e-03 9.675697053589084051e-01 9.824006327862369048e-01
5.410821643286573002e-01 9.736404983191615514e-01 4.784506123634502811e-03 9.679651967569705695e-01 9.825983784852679870e-01
5.430861723446893663e-01 9.737986948783865504e-01 4.743630399462284847e-03 9.681629424560015407e-01 9.825983784852679870e-01
5.450901803607214324e-01 9.742732845560609922e-01 4.637927136063713270e-03 9.687561795530946762e-01 9.829938698833300403e-01
5.470941883767534986e-01 9.745105793948981576e-01 4.526130803293459265e-03 9.691516709511568406e-01 9.829938698833300403e-01
5.490981963927855647e-01 9.748467470832510307e-01 4.453275290263689415e-03 9.693494166501878118e-01 9.829938698833300403e-01
5.511022044088176308e-01 9.750642673521852100e-01 4.448575076817732482e-03 9.695471623492188940e-01 9.829938698833300403e-01
5.531062124248496970e-01 9.754597587502471523e-01 4.379475742016788152e-03 9.695471623492188940e-01 9.829938698833300403e-01
5.551102204408817631e-01 9.757959264385999143e-01 4.280817600232495780e-03 9.705358908443740829e-01 9.833893612813920937e-01
5.571142284569138292e-01 9.760332212774374128e-01 4.203014939848391529e-03 9.705358908443740829e-01 9.835871069804231759e-01
5.591182364729458953e-01 9.763100652560806614e-01 4.236375666449172447e-03 9.707336365434051650e-01 9.839825983784852292e-01
5.611222444889779615e-01 9.765473600949178268e-01 4.152848004618818131e-03 9.707336365434051650e-01 9.839825983784852292e-01
5.631262525050100276e-01 9.767055566541426037e-01 4.138321905808181427e-03 9.707336365434051650e-01 9.839825983784852292e-01
5.651302605210419827e-01 9.769230769230767830e-01 3.969766455621965076e-03 9.717223650385604650e-01 9.839825983784852292e-01
5.671342685370740488e-01 9.772790191813328642e-01 3.858271463211234483e-03 9.719201107375914361e-01 9.839825983784852292e-01
5.691382765531061150e-01 9.775558631599761128e-01 3.715567489950483745e-03 9.729088392327467361e-01 9.841803440775163114e-01
5.711422845691381811e-01 9.777931579988135002e-01 3.742621423232798863e-03 9.733043306308087894e-01 9.841803440775163114e-01
5.731462925851702472e-01 9.780700019774570819e-01 3.677697881031350910e-03 9.735020763298398716e-01 9.843780897765473936e-01
5.751503006012023134e-01 9.783666205260035387e-01 3.642173025854949543e-03 9.740953134269330072e-01 9.845758354755783648e-01
5.771543086172343795e-01 9.785643662250345098e-01 3.650751940168200926e-03 9.742930591259639783e-01 9.847735811746094470e-01
5.791583166332664456e-01 9.786632390745501064e-01 3.688315120364985076e-03 9.742930591259639783e-01 9.847735811746094470e-01
5.811623246492985118e-01 9.788214356337748834e-01 3.629535982846133612e-03 9.746885505240261427e-01 9.847735811746094470e-01
5.831663326653305779e-01 9.790191813328059656e-01 3.735719298941026639e-03 9.746885505240261427e-01 9.853668182717025825e-01
5.851703406813626440e-01 9.792169270318369367e-01 3.631690074244934337e-03 9.748862962230571139e-01 9.855645639707336647e-01
5.871743486973947102e-01 9.794344473007712271e-01 3.619340561147532925e-03 9.750840419220881961e-01 9.857623096697646359e-01
5.891783567134267763e-01 9.796124184298991011e-01 3.620906802501066592e-03 9.750840419220881961e-01 9.857623096697646359e-01
5.911823647294588424e-01 9.798299386988332804e-01 3.558323825754577951e-03 9.750840419220881961e-01 9.859600553687957181e-01
5.931863727454909085e-01 9.798694878386395857e-01 3.521650483604301003e-03 9.750840419220881961e-01 9.859600553687957181e-01
5.951903807615229747e-01 9.800276843978645847e-01 3.553925401544654611e-03 9.752817876211192782e-01 9.863555467668577714e-01
5.971943887775550408e-01 9.802056555269922367e-01 3.438103422438648377e-03 9.752817876211192782e-01 9.863555467668577714e-01
5.991983967935871069e-01 9.804034012260233188e-01 3.377285820246843373e-03 9.756772790191813316e-01 9.863555467668577714e-01
6.012024048096191731e-01 9.805813723551510819e-01 3.384630080337694847e-03 9.760727704172433850e-01 9.865532924658888536e-01
6.032064128256512392e-01 9.808582163337948856e-01 3.263463119774774168e-03 9.770614989123986849e-01 9.867510381649199358e-01
6.052104208416833053e-01 9.809768637532133573e-01 3.196882005609848806e-03 9.772592446114296560e-01 9.867510381649199358e-01
6.072144288577153715e-01 9.811943840221475366e-01 3.259446622041079714e-03 9.772592446114296560e-01 9.867510381649199358e-01
6.092184368737474376e-01 9.813328060114692164e-01 3.233852655212130379e-03 9.772592446114296560e-01 9.869487838639509070e-01
6.112224448897795037e-01 9.816294245600157842e-01 3.140921372642194957e-03 9.778524817085227916e-01 9.869487838639509070e-01
6.132264529058115698e-01 9.818073956891438803e-01 3.126634032201292077e-03 9.780502274075538738e-01 9.871465295629819892e-01
6.152304609218436360e-01 9.818667193988531716e-01 3.090215511630137885e-03 9.782479731065849560e-01 9.871465295629819892e-01
6.172344689378757021e-01 9.820842396677871289e-01 3.034220728307952374e-03 9.786434645046470093e-01 9.873442752620130713e-01
6.192384769539077682e-01 9.823610836464308216e-01 2.942094508743895668e-03 9.790389559027090627e-01 9.873442752620130713e-01
6.212424849699398344e-01 9.824006327862366827e-01 2.929040373547248631e-03 9.790389559027090627e-01 9.873442752620130713e-01
6.232464929859719005e-01 9.826379276250740702e-01 2.836530919840385585e-03 9.790389559027090627e-01 9.873442752620130713e-01
6.252505010020039666e-01 9.828752224639112356e-01 2.728890646628405210e-03 9.794344473007712271e-01 9.875420209610440425e-01
6.272545090180360328e-01 9.830729681629424288e-01 2.700079760917248241e-03 9.796321929998023093e-01 9.877397666600751247e-01
6.292585170340680989e-01 9.831520664425548173e-01 2.776620022696150557e-03 9.796321929998023093e-01 9.879375123591062069e-01
6.312625250501001650e-01 9.833498121415858995e-01 2.779435211518947128e-03 9.798299386988332804e-01 9.881352580581372891e-01
6.332665330661322312e-01 9.834486849911014961e-01 2.802203779145711997e-03 9.798299386988332804e-01 9.883330037571682603e-01
6.352705410821642973e-01 9.836859798299386615e-01 2.781474441705704057e-03 9.800276843978643626e-01 9.885307494561993424e-01
6.372745490981963634e-01 9.839430492386791460e-01 2.744037770805075101e-03 9.802254300968954448e-01 9.889262408542613958e-01
6.392785571142284295e-01 9.840616966580977287e-01 2.685558413504435336e-03 9.808186671939885803e-01 9.889262408542613958e-01
6.412825651302604957e-01 9.843187660668378802e-01 2.720063790911760992e-03 9.808186671939885803e-01 9.893217322523235602e-01
6.432865731462925618e-01 9.845362863357722816e-01 2.769569531344521270e-03 9.808186671939885803e-01 9.897172236503856135e-01
6.452905811623246279e-01 9.846747083250939614e-01 2.733257618989140113e-03 9.810164128930195515e-01 9.897172236503856135e-01
6.472945891783566941e-01 9.849120031639312378e-01 2.666342467058242707e-03 9.816096499901126871e-01 9.897172236503856135e-01
6.492985971943887602e-01 9.850108760134468344e-01 2.602141055898108280e-03 9.820051413881748514e-01 9.897172236503856135e-01
6.513026052104208263e-01 9.853272691318963883e-01 2.375912722305802832e-03 9.825983784852679870e-01 9.897172236503856135e-01
6.533066132264528925e-01 9.854459165513149710e-01 2.392968085015766220e-03 9.827961241842989581e-01 9.899149693494166957e-01
6.553106212424849586e-01 9.856041131105397479e-01 2.377557977486904547e-03 9.827961241842989581e-01 9.901127150484476669e-01
6.573146292585170247e-01 9.858216333794738162e-01 2.399251100707813864e-03 9.827961241842989581e-01 9.901127150484476669e-01
6.593186372745490909e-01 9.859007316590864267e-01 2.421961035278323918e-03 9.827961241842989581e-01 9.903104607474787491e-01
6.613226452905811570e-01 9.859798299386988152e-01 2.445099780680548476e-03 9.827961241842989581e-01 9.905082064465098313e-01
6.633266533066132231e-01 9.861578010678269113e-01 2.433156166149418129e-03 9.829938698833300403e-01 9.907059521455408024e-01
6.653306613226452892e-01 9.864346450464701599e-01 2.473323648606616260e-03 9.833893612813920937e-01 9.912991892426339380e-01
6.673346693386772444e-01 9.866126161755982560e-01 2.407386384802597413e-03 9.835871069804231759e-01 9.912991892426339380e-01
6.693386773547093105e-01 9.868301364445322132e-01 2.258460199370260213e-03 9.841803440775163114e-01 9.912991892426339380e-01
6.713426853707413766e-01 9.869487838639509070e-01 2.168000011653671306e-03 9.843780897765473936e-01 9.912991892426339380e-01
6.733466933867734427e-01 9.870278821435632954e-01 2.162943866145990070e-03 9.843780897765473936e-01 9.914969349416650202e-01
6.753507014028055089e-01 9.872651769824006829e-01 2.117264593921161595e-03 9.847735811746094470e-01 9.914969349416650202e-01
6.773547094188375750e-01 9.874035989717222517e-01 2.094704798357754222e-03 9.847735811746094470e-01 9.916946806406961024e-01
6.793587174348696411e-01 9.876211192406566530e-01 1.911496297978188723e-03 9.853668182717025825e-01 9.916946806406961024e-01
6.813627254509017073e-01 9.878188649396875132e-01 1.782345950443961881e-03 9.857623096697646359e-01 9.916946806406961024e-01
6.833667334669337734e-01 9.879572869290094150e-01 1.695200883539480083e-03 9.859600553687957181e-01 9.916946806406961024e-01
6.853707414829658395e-01 9.880759343484278867e-01 1.710357410810272542e-03 9.859600553687957181e-01 9.916946806406961024e-01
6.873747494989979057e-01 9.882736800474587469e-01 1.625969947452781707e-03 9.865532924658888536e-01 9.918924263397270735e-01
6.893787575150299718e-01 9.883330037571681492e-01 1.613779376160032674e-03 9.865532924658888536e-01 9.918924263397270735e-01
6.913827655310620379e-01 9.884516511765870650e-01 1.589855743898904109e-03 9.865532924658888536e-01 9.920901720387581557e-01
6.933867735470941041e-01 9.886098477358118419e-01 1.592313398394111469e-03 9.869487838639509070e-01 9.920901720387581557e-01
6.953907815631261702e-01 9.886889460154242304e-01 1.649251292228065763e-03 9.869487838639509070e-01 9.922879177377892379e-01
6.973947895791582363e-01 9.888669171445521044e-01 1.782016831070738251e-03 9.871465295629819892e-01 9.928811548348823735e-01
6.993987975951903024e-01 9.889657899940674790e-01 1.752700795424987860e-03 9.871465295629819892e-01 9.928811548348823735e-01
7.014028056112223686e-01 9.890448882736798675e-01 1.760269969093744341e-03 9.871465295629819892e-01 9.930789005339133446e-01
7.034068136272544347e-01 9.892030848329047554e-01 1.810642379633718886e-03 9.871465295629819892e-01 9.934743919319755090e-01
7.054108216432865008e-01 9.893415068222266573e-01 1.706695461128989854e-03 9.877397666600751247e-01 9.934743919319755090e-01
7.074148296593185670e-01 9.894206051018390458e-01 1.706237164809978153e-03 9.881352580581372891e-01 9.936721376310064802e-01
7.094188376753506331e-01 9.895392525212576285e-01 1.685948797076799359e-03 9.881352580581372891e-01 9.936721376310064802e-01
7.114228456913826992e-01 9.897963219299980020e-01 1.664356370377755891e-03 9.883330037571682603e-01 9.938698833300375624e-01
7.134268537074147654e-01 9.898358710698043073e-01 1.638308497307326391e-03 9.885307494561993424e-01 9.938698833300375624e-01
7.154308617234468315e-01 9.899545184892227789e-01 1.630173133915345561e-03 9.885307494561993424e-01 9.938698833300375624e-01
7.174348697394788976e-01 9.900929404785445698e-01 1.600274708814318709e-03 9.885307494561993424e-01 9.938698833300375624e-01
7.194388777555109638e-01 9.902115878979633745e-01 1.540006127936519682e-03 9.885307494561993424e-01 9.938698833300375624e-01
7.214428857715430299e-01 9.903500098872848323e-01 1.465987976495993416e-03 9.887284951552304246e-01 9.938698833300375624e-01
7.234468937875750960e-01 9.905477555863159145e-01 1.471313050246240463e-03 9.887284951552304246e-01 9.940676290290686445e-01
7.254509018036071621e-01 9.907059521455409135e-01 1.479793310964564292e-03 9.887284951552304246e-01 9.942653747280996157e-01
7.274549098196392283e-01 9.907455012853469967e-01 1.457963898846471049e-03 9.887284951552304246e-01 9.942653747280996157e-01
7.294589178356712944e-01 9.909827961241843841e-01 1.448276323796753593e-03 9.893217322523235602e-01 9.944631204271306979e-01
7.314629258517033605e-01 9.910816689737000917e-01 1.402322377021255695e-03 9.893217322523235602e-01 9.944631204271306979e-01
7.334669338677354267e-01 9.912794146727309519e-01 1.354088852344867682e-03 9.893217322523235602e-01 9.946608661261617801e-01
7.354709418837674928e-01 9.913980620921492015e-01 1.333134569166167680e-03 9.895194779513545313e-01 9.946608661261617801e-01
7.374749498997995589e-01 9.914969349416649091e-01 1.344089022579892517e-03 9.897172236503856135e-01 9.948586118251927513e-01
7.394789579158316251e-01 9.915562586513742005e-01 1.320757720347751811e-03 9.897172236503856135e-01 9.948586118251927513e-01
7.414829659318636912e-01 9.916749060707928942e-01 1.324896183507988205e-03 9.899149693494166957e-01 9.948586118251927513e-01
7.434869739478957573e-01 9.917144552105991995e-01 1.276800352569328577e-03 9.903104607474787491e-01 9.948586118251927513e-01
7.454909819639278235e-01 9.917737789203083798e-01 1.266807781534250296e-03 9.903104607474787491e-01 9.948586118251927513e-01
7.474949899799598896e-01 9.918924263397272956e-01 1.250653612880500047e-03 9.903104607474787491e-01 9.948586118251927513e-01
7.494989979959919557e-01 9.920110737591457672e-01 1.190422538524200501e-03 9.905082064465098313e-01 9.948586118251927513e-01
7.515030060120240218e-01 9.921099466086612528e-01 1.130614384727925354e-03 9.907059521455408024e-01 9.948586118251927513e-01
7.535070140280560880e-01 9.922681431678862518e-01 1.157952617912394932e-03 9.907059521455408024e-01 9.950563575242238334e-01
7.555110220440881541e-01 9.924263397271108067e-01 1.209486152531005039e-03 9.907059521455408024e-01 9.952541032232549156e-01
7.575150300601202202e-01 9.925647617164325975e-01 1.122805581694956032e-03 9.909036978445718846e-01 9.952541032232549156e-01
7.595190380761522864e-01 9.926438599960452080e-01 1.138713074857639149e-03 9.911014435436029668e-01 9.954518489222858868e-01
7.615230460921843525e-01 9.928020565552699850e-01 1.183834648771656985e-03 9.911014435436029668e-01 9.956495946213169690e-01
7.635270541082164186e-01 9.928811548348823735e-01 1.206086666559386556e-03 9.912991892426339380e-01 9.958473403203480512e-01
7.655310621242484848e-01 9.929998022543010672e-01 1.170547643816401964e-03 9.912991892426339380e-01 9.958473403203480512e-01
7.675350701402805509e-01 9.931579988135258441e-01 1.129749405345922397e-03 9.916946806406961024e-01 9.960450860193791334e-01
7.695390781563125060e-01 9.932766462329443158e-01 1.104547363556969029e-03 9.916946806406961024e-01 9.960450860193791334e-01
7.715430861723445721e-01 9.933557445125567043e-01 1.146925054380053439e-03 9.916946806406961024e-01 9.962428317184101045e-01
7.735470941883766383e-01 9.934348427921690927e-01 1.169210638646987028e-03 9.918924263397270735e-01 9.964405774174411867e-01
7.755511022044087044e-01 9.934941665018783841e-01 1.144365141089995642e-03 9.920901720387581557e-01 9.964405774174411867e-01
7.775551102204407705e-01 9.935534902115877864e-01 1.187133163520168047e-03 9.920901720387581557e-01 9.966383231164722689e-01
7.795591182364728366e-01 9.936523630611032720e-01 1.164686914979414997e-03 9.922879177377892379e-01 9.966383231164722689e-01
7.815631262525049028e-01 9.937710104805219657e-01 1.101889002630432757e-03 9.924856634368202091e-01 9.966383231164722689e-01
7.835671342685369689e-01 9.938105596203282710e-01 1.139571250482415872e-03 9.924856634368202091e-01 9.968360688155032401e-01
7.855711422845690350e-01 9.938896578999406595e-01 1.102598525564607666e-03 9.926834091358512913e-01 9.968360688155032401e-01
7.875751503006011012e-01 9.939489816096498398e-01 1.101711550499033954e-03 9.926834091358512913e-01 9.968360688155032401e-01
7.895791583166331673e-01 9.940083053193593532e-01 1.122283062975096670e-03 9.926834091358512913e-01 9.968360688155032401e-01
7.915831663326652334e-01 9.941269527387779359e-01 1.094053881243668095e-03 9.926834091358512913e-01 9.968360688155032401e-01
7.935871743486972996e-01 9.942456001581965186e-01 1.130614384727929691e-03 9.926834091358512913e-01 9.970338145145343223e-01
7.955911823647293657e-01 9.942851492980027128e-01 1.113187102632988987e-03 9.926834091358512913e-01 9.970338145145343223e-01
7.975951903807614318e-01 9.943444730077120042e-01 1.126282844840664592e-03 9.926834091358512913e-01 9.970338145145343223e-01
7.995991983967934980e-01 9.944828949970337950e-01 1.127150484476960226e-03 9.926834091358512913e-01 9.970338145145343223e-01
8.016032064128255641e-01 9.945422187067431974e-01 1.146925054380066884e-03 9.928811548348823735e-01 9.972315602135654045e-01
8.036072144288576302e-01 9.946015424164524887e-01 1.125761940082290087e-03 9.928811548348823735e-01 9.972315602135654045e-01
8.056112224448896963e-01 9.946806406960646552e-01 1.123675906282424735e-03 9.928811548348823735e-01 9.972315602135654045e-01
8.076152304609217625e-01 9.948190626853865570e-01 1.142141908498620030e-03 9.928811548348823735e-01 9.972315602135654045e-01
8.096192384769538286e-01 9.948586118251927513e-01 1.189765391061205950e-03 9.928811548348823735e-01 9.974293059125963756e-01
8.116232464929858947e-01 9.949179355349020426e-01 1.176711532276998725e-03 9.930789005339133446e-01 9.974293059125963756e-01
8.136272545090179609e-01 9.950365829543208473e-01 1.134067704879544594e-03 9.932766462329444268e-01 9.974293059125963756e-01
8.156312625250500270e-01 9.951552303737395411e-01 1.140257325951230189e-03 9.934743919319755090e-01 9.974293059125963756e-01
8.176352705410820931e-01 9.953332015028675261e-01 9.815838359494397265e-04 9.938698833300375624e-01 9.974293059125963756e-01
8.196392785571141593e-01 9.954913980620920810e-01 8.966410163143795310e-04 9.940676290290686445e-01 9.974293059125963756e-01
8.216432865731462254e-01 9.955309472018983863e-01 8.852295545026453698e-04 9.940676290290686445e-01 9.974293059125963756e-01
8.236472945891782915e-01 9.956298200514137609e-01 8.951133318375562465e-04 9.940676290290686445e-01 9.974293059125963756e-01
8.256513026052103577e-01 9.956891437611231632e-01 8.610457210629729550e-04 9.940676290290686445e-01 9.974293059125963756e-01
8.276553106212424238e-01 9.957682420407355517e-01 8.852295545026557782e-04 9.940676290290686445e-01 9.976270516116274578e-01
8.296593186372744899e-01 9.958275657504449541e-01 9.336026604004825195e-04 9.940676290290686445e-01 9.978247973106585400e-01
8.316633266533065560e-01 9.959857623096697310e-01 8.391969615947597171e-04 9.942653747280996157e-01 9.978247973106585400e-01
8.336673346693386222e-01 9.961835080087009242e-01 8.107573660273056362e-04 9.944631204271306979e-01 9.978247973106585400e-01
8.356713426853706883e-01 9.962823808582162988e-01 8.239140461142970863e-04 9.944631204271306979e-01 9.978247973106585400e-01
8.376753507014027544e-01 9.964208028475380896e-01 7.527334906337699444e-04 9.948586118251927513e-01 9.978247973106585400e-01
8.396793587174348206e-01 9.964603519873443949e-01 7.882591033417026298e-04 9.948586118251927513e-01 9.980225430096895112e-01
8.416833667334668867e-01 9.966185485465693938e-01 6.761052401534067965e-04 9.954518489222858868e-01 9.980225430096895112e-01
8.436873747494989528e-01 9.966580976863754771e-01 6.644373192173833563e-04 9.954518489222858868e-01 9.980225430096895112e-01
8.456913827655310190e-01 9.967371959659876435e-01 6.807164120252590100e-04 9.954518489222858868e-01 9.980225430096895112e-01
8.476953907815630851e-01 9.969151670951154065e-01 7.514336563179749295e-04 9.954518489222858868e-01 9.980225430096895112e-01
8.496993987975951512e-01 9.970140399446310031e-01 7.832826703713126597e-04 9.954518489222858868e-01 9.984180344077516756e-01
8.517034068136272174e-01 9.970535890844371973e-01 7.981188875068585906e-04 9.954518489222858868e-01 9.984180344077516756e-01
8.537074148296592835e-01 9.971722365038558911e-01 7.401608571173867376e-04 9.958473403203480512e-01 9.984180344077516756e-01
8.557114228456913496e-01 9.972117856436621963e-01 8.126843024731881387e-04 9.958473403203480512e-01 9.988135258058137289e-01
8.577154308617234157e-01 9.972315602135652934e-01 8.105161768605592416e-04 9.958473403203480512e-01 9.988135258058137289e-01
8.597194388777554819e-01 9.973106584931776819e-01 7.919709074352659483e-04 9.958473403203480512e-01 9.988135258058137289e-01
8.617234468937875480e-01 9.973699822028869733e-01 7.401608571173742693e-04 9.960450860193791334e-01 9.988135258058137289e-01
8.637274549098196141e-01 9.974293059125962646e-01 7.129822573589164299e-04 9.962428317184101045e-01 9.988135258058137289e-01
8.657314629258516803e-01 9.975281787621119722e-01 6.392418380559467157e-04 9.964405774174411867e-01 9.988135258058137289e-01
8.677354709418837464e-01 9.975677279019181665e-01 6.380172357089680234e-04 9.966383231164722689e-01 9.988135258058137289e-01
8.697394789579158125e-01 9.976270516116274578e-01 6.253268064402412417e-04 9.966383231164722689e-01 9.988135258058137289e-01
8.717434869739478787e-01 9.976863753213368602e-01 6.065992347311682971e-04 9.966383231164722689e-01 9.988135258058137289e-01
8.737474949899798338e-01 9.977456990310461515e-01 5.744844392459412660e-04 9.966383231164722689e-01 9.988135258058137289e-01
8.757515030060118999e-01 9.978247973106586510e-01 5.379264587200098795e-04 9.968360688155032401e-01 9.988135258058137289e-01
8.777555110220439660e-01 9.979038955902709285e-01 5.320792583378961861e-04 9.968360688155032401e-01 9.988135258058137289e-01
8.797595190380760322e-01 9.979829938698834280e-01 5.291314281297069926e-04 9.968360688155032401e-01 9.988135258058137289e-01
8.817635270541080983e-01 9.981214158592048857e-01 5.022117895669506865e-04 9.970338145145343223e-01 9.988135258058137289e-01
8.837675350701401644e-01 9.981807395689143991e-01 4.491918802294016721e-04 9.972315602135654045e-01 9.988135258058137289e-01
8.857715430861722306e-01 9.982598378485267876e-01 4.033236712353482564e-04 9.974293059125963756e-01 9.988135258058137289e-01
8.877755511022042967e-01 9.982993869883329818e-01 3.667636343878082745e-04 9.976270516116274578e-01 9.988135258058137289e-01
8.897795591182363628e-01 9.983784852679455923e-01 4.033236712353351376e-04 9.976270516116274578e-01 9.990112715048448111e-01
8.917835671342684289e-01 9.984180344077516756e-01 4.052580884302715435e-04 9.976270516116274578e-01 9.990112715048448111e-01
8.937875751503004951e-01 9.984971326873639530e-01 4.350405378682950237e-04 9.976270516116274578e-01 9.990112715048448111e-01
8.957915831663325612e-01 9.985366818271701472e-01 4.259572716736581533e-04 9.978247973106585400e-01 9.992090172038757823e-01
8.977955911823646273e-01 9.985366818271701472e-01 4.259572716736581533e-04 9.978247973106585400e-01 9.992090172038757823e-01
8.997995991983966935e-01 9.985762309669764525e-01 3.624738536646917079e-04 9.980225430096895112e-01 9.992090172038757823e-01
9.018036072144287596e-01 9.986355546766857438e-01 3.900154819718389164e-04 9.980225430096895112e-01 9.992090172038757823e-01
9.038076152304608257e-01 9.986355546766857438e-01 3.900154819718389164e-04 9.980225430096895112e-01 9.992090172038757823e-01
9.058116232464928919e-01 9.986751038164920491e-01 3.959854537176404551e-04 9.980225430096895112e-01 9.992090172038757823e-01
9.078156312625249580e-01 9.987542020961044376e-01 3.757168281589919100e-04 9.980225430096895112e-01 9.992090172038757823e-01
9.098196392785570241e-01 9.988333003757168260e-01 4.095771243268291582e-04 9.980225430096895112e-01 9.992090172038757823e-01
9.118236472945890903e-01 9.988530749456199231e-01 4.033236712353341076e-04 9.980225430096895112e-01 9.992090172038757823e-01
9.138276553106211564e-01 9.988728495155230203e-01 4.245780216251489369e-04 9.980225430096895112e-01 9.994067629029068645e-01
9.158316633266532225e-01 9.988926240854262284e-01 3.974639359747179500e-04 9.980225430096895112e-01 9.994067629029068645e-01
9.178356713426852886e-01 9.990112715048449221e-01 3.425055976999875408e-04 9.982202887087205934e-01 9.994067629029068645e-01
9.198396793587173548e-01 9.990705952145541024e-01 3.959854537176360099e-04 9.982202887087205934e-01 9.996045086019379466e-01
9.218436873747494209e-01 9.991299189242633938e-01 4.071833158389206444e-04 9.982202887087205934e-01 9.996045086019379466e-01
9.238476953907814870e-01 9.991694680640696991e-01 3.935089725555021567e-04 9.984180344077516756e-01 9.998022543009689178e-01
9.258517034068135532e-01 9.991694680640696991e-01 3.935089725555021567e-04 9.984180344077516756e-01 9.998022543009689178e-01
9.278557114228456193e-01 9.991694680640696991e-01 3.935089725555021567e-04 9.984180344077516756e-01 9.998022543009689178e-01
9.298597194388776854e-01 9.992485663436821985e-01 4.314301805274012498e-04 9.984180344077516756e-01 9.998022543009689178e-01
9.318637274549097516e-01 9.992881154834882818e-01 4.166760432213775876e-04 9.986157801067826467e-01 9.998022543009689178e-01
9.338677354709418177e-01 9.993078900533914899e-01 3.880050795006500098e-04 9.988135258058137289e-01 9.998022543009689178e-01
9.358717434869738838e-01 9.993869883330038784e-01 3.243270608435025589e-04 9.988135258058137289e-01 9.998022543009689178e-01
9.378757515030059499e-01 9.994265374728099616e-01 2.992435426225243137e-04 9.988135258058137289e-01 9.998022543009689178e-01
9.398797595190380161e-01 9.994858611825193639e-01 2.682353167144673378e-04 9.992090172038757823e-01 1.000000000000000000e+00
9.418837675350700822e-01 9.995451848922286553e-01 2.803529143515538237e-04 9.992090172038757823e-01 1.000000000000000000e+00
9.438877755511021483e-01 9.995451848922286553e-01 2.803529143515538237e-04 9.992090172038757823e-01 1.000000000000000000e+00
9.458917835671342145e-01 9.996242831718410438e-01 2.413793872994615252e-04 9.992090172038757823e-01 1.000000000000000000e+00
9.478957915831662806e-01 9.996440577417441409e-01 2.623393150370128039e-04 9.992090172038757823e-01 1.000000000000000000e+00
9.498997995991983467e-01 9.997231560213564183e-01 2.016618356176567268e-04 9.994067629029068645e-01 1.000000000000000000e+00
9.519038076152304129e-01 9.997231560213564183e-01 2.016618356176567268e-04 9.994067629029068645e-01 1.000000000000000000e+00
9.539078156312624790e-01 9.997231560213564183e-01 2.016618356176567268e-04 9.994067629029068645e-01 1.000000000000000000e+00
9.559118236472945451e-01 9.997231560213564183e-01 2.016618356176567268e-04 9.994067629029068645e-01 1.000000000000000000e+00
9.579158316633266113e-01 9.997627051611626126e-01 1.937504245824025139e-04 9.994067629029068645e-01 1.000000000000000000e+00
9.599198396793586774e-01 9.998022543009689178e-01 1.768691301166359616e-04 9.996045086019379466e-01 1.000000000000000000e+00
9.619238476953907435e-01 9.998022543009689178e-01 1.768691301166359616e-04 9.996045086019379466e-01 1.000000000000000000e+00
9.639278557114228096e-01 9.998418034407750010e-01 1.479793310964494524e-04 9.996045086019379466e-01 1.000000000000000000e+00
9.659318637274548758e-01 9.998418034407750010e-01 1.479793310964494524e-04 9.996045086019379466e-01 1.000000000000000000e+00
9.679358717434869419e-01 9.998418034407750010e-01 1.479793310964494524e-04 9.996045086019379466e-01 1.000000000000000000e+00
9.699398797595190080e-01 9.998418034407750010e-01 1.479793310964494524e-04 9.996045086019379466e-01 1.000000000000000000e+00
9.719438877755510742e-01 9.998615780106782092e-01 1.266190278313798485e-04 9.996045086019379466e-01 1.000000000000000000e+00
9.739478957915831403e-01 9.998615780106782092e-01 1.266190278313798485e-04 9.996045086019379466e-01 1.000000000000000000e+00
9.759519038076150954e-01 9.998615780106782092e-01 1.266190278313798485e-04 9.996045086019379466e-01 1.000000000000000000e+00
9.779559118236471615e-01 9.998813525805813063e-01 1.311696575185055617e-04 9.996045086019379466e-01 1.000000000000000000e+00
9.799599198396792277e-01 9.999011271504842924e-01 1.326518475874893853e-04 9.996045086019379466e-01 1.000000000000000000e+00
9.819639278557112938e-01 9.999604508601936947e-01 7.909827961243286491e-05 9.998022543009689178e-01 1.000000000000000000e+00
9.839679358717433599e-01 9.999604508601936947e-01 7.909827961243286491e-05 9.998022543009689178e-01 1.000000000000000000e+00
9.859719438877754261e-01 9.999604508601936947e-01 7.909827961243286491e-05 9.998022543009689178e-01 1.000000000000000000e+00
9.879759519038074922e-01 9.999604508601936947e-01 7.909827961243286491e-05 9.998022543009689178e-01 1.000000000000000000e+00
9.899799599198395583e-01 9.999604508601936947e-01 7.909827961243286491e-05 9.998022543009689178e-01 1.000000000000000000e+00
9.919839679358716245e-01 9.999802254300969029e-01 5.932370970932466223e-05 9.998022543009689178e-01 1.000000000000000000e+00
9.939879759519036906e-01 1.000000000000000000e+00 0.000000000000000000e+00 1.000000000000000000e+00 1.000000000000000000e+00
9.959919839679357567e-01 1.000000000000000000e+00 0.000000000000000000e+00 1.000000000000000000e+00 1.000000000000000000e+00
9.979959919839678228e-01 1.000000000000000000e+00 0.000000000000000000e+00 1.000000000000000000e+00 1.000000000000000000e+00
1.000000000000000000e+00 1.000000000000000000e+00 0.000000000000000000e+00 1.000000000000000000e+00 1.000000000000000000e+00
