# FPR	TPR_MEAN	TPR_STD	TPR_MIN	TPR_MAX
0.000000000000000000e+00 1.247370003005710730e-03 1.414681166154338216e-03 0.000000000000000000e+00 4.809137360985872925e-03
2.004008016032063962e-03 1.287947099489029044e-02 7.124882085490373378e-03 6.011421701232341590e-03 3.035767959122332577e-02
4.008016032064127925e-03 2.389540126239855788e-02 1.217721009042628359e-02 1.262398557258791708e-02 5.154794108806733111e-02
6.012024048096191453e-03 3.312293357379020309e-02 1.397658777479933792e-02 1.908626390141268322e-02 6.702735196874060053e-02
8.016032064128255849e-03 4.068229636308987041e-02 1.553447357778045025e-02 2.539825668770664263e-02 7.754733994589720070e-02
1.002004008016032024e-02 4.770063119927862860e-02 1.664241225617215866e-02 3.155996393146979356e-02 8.641418695521491111e-02
1.202404809619238291e-02 5.471896603546738680e-02 1.872348582255221536e-02 3.531710249474000890e-02 9.753531710249474518e-02
1.402805611222444730e-02 6.146678689510069044e-02 2.062463068469793520e-02 4.268109407874962763e-02 1.109107303877367029e-01
1.603206412825651170e-02 6.800420799519084347e-02 2.187522099635841669e-02 4.628794709948903102e-02 1.191764352269311655e-01
1.803607214428857436e-02 7.500751427712654129e-02 2.313015584146196207e-02 5.259993988578298696e-02 1.278929966937180640e-01
2.004008016032064049e-02 8.184550646227833903e-02 2.355067958474352241e-02 5.755936278929967009e-02 1.345055605650736508e-01
2.204408817635270315e-02 8.853321310489931095e-02 2.281831968113215772e-02 6.402164111812443104e-02 1.390141268409978981e-01
2.404809619238476581e-02 9.457469191463781233e-02 2.305686357455334970e-02 6.777877968139464637e-02 1.462278328824767049e-01
2.605210420841683194e-02 1.006311992786293741e-01 2.475875748413844391e-02 7.123534715960325170e-02 1.559963931469792731e-01
2.805611222444889460e-02 1.065524496543432537e-01 2.489084307273506727e-02 8.115419296663660409e-02 1.632100991884580798e-01
3.006012024048096073e-02 1.123835287045386322e-01 2.487457729884135979e-02 8.596333032762248916e-02 1.678689510069131252e-01
3.206412825651302340e-02 1.185151788397956346e-01 2.402381030699409989e-02 9.287646528403967205e-02 1.741809437932070881e-01
3.406813627254508953e-02 1.236549443943492504e-01 2.466513135719070049e-02 9.933874361286444687e-02 1.822963630898707665e-01
3.607214428857714872e-02 1.295611662158100419e-01 2.544192201036059656e-02 1.029455966336038503e-01 1.884580703336339036e-01
3.807615230460921485e-02 1.357829876765855315e-01 2.607237604143423232e-02 1.073038773669972995e-01 1.934174932371505728e-01
4.008016032064128098e-02 1.403216110610159273e-01 2.605728123029642587e-02 1.085061617072437673e-01 1.973249173429516001e-01
4.208416833667334017e-02 1.459272617974150810e-01 2.585243336407241216e-02 1.136158701532912485e-01 2.004809137360985816e-01
4.408817635270540630e-02 1.515629696423204109e-01 2.619932220725311456e-02 1.199278629395852114e-01 2.076946197775773884e-01
4.609218436873747243e-02 1.567628494138863793e-01 2.680248589259312877e-02 1.238352870453862387e-01 2.135557559362789293e-01
4.809619238476953162e-02 1.613014727983168028e-01 2.761241142272784221e-02 1.271415689810640182e-01 2.192666065524496444e-01
5.010020040080159776e-02 1.661256387135557344e-01 2.741211591495548022e-02 1.340547039374812011e-01 2.242260294559663414e-01
5.210420841683366389e-02 1.704238052299368866e-01 2.793104416145508057e-02 1.372107003306281825e-01 2.302374511571986804e-01
5.410821643286573002e-02 1.747520288548241874e-01 2.768191158445489075e-02 1.408175533513675859e-01 2.342951608055305057e-01
5.611222444889778921e-02 1.785542530808536255e-01 2.741015900445599451e-02 1.438232642019837693e-01 2.363991584009618174e-01
5.811623246492985534e-02 1.844153892395551941e-01 2.725505692970894150e-02 1.496844003606853102e-01 2.421100090171325603e-01
6.012024048096192147e-02 1.886684700931770542e-01 2.739884738394474800e-02 1.558461076044484472e-01 2.473700030057108534e-01
6.212424849699398066e-02 1.929816651638112668e-01 2.754799584880348109e-02 1.605049594229035204e-01 2.514277126540426788e-01
6.412825651302604679e-02 1.975804027652539596e-01 2.712993725021946995e-02 1.665163811241358593e-01 2.545837090471896880e-01
6.613226452905811292e-02 2.018184550646227593e-01 2.731234144579944983e-02 1.743312293357379139e-01 2.599939885782987514e-01
6.813627254509017905e-02 2.056958220619176103e-01 2.682342657508432482e-02 1.791403666967237851e-01 2.623985572587916870e-01
7.014028056112224518e-02 2.104147880973850637e-01 2.762781742054519832e-02 1.831980763450556104e-01 2.691614066726780718e-01
7.214428857715429744e-02 2.155996393146979440e-01 2.752985027385173103e-02 1.877066426209798577e-01 2.750225428313796128e-01
7.414829659318636357e-02 2.201532912533814001e-01 2.819842600527425885e-02 1.922152088969041051e-01 2.814848211602044015e-01
7.615230460921842970e-02 2.238803727081454809e-01 2.795222615119574011e-02 1.964232040877667562e-01 2.843402464682897590e-01
7.815631262525049583e-02 2.284039675383227885e-01 2.795325634797383649e-02 2.019837691614066733e-01 2.903516681695220703e-01
8.016032064128256196e-02 2.323264201983768762e-01 2.771702615948545487e-02 2.061917643522693244e-01 2.944093778178539234e-01
8.216432865731462809e-02 2.363540727382025808e-01 2.770272967084246030e-02 2.094980462879471039e-01 2.981665163811241248e-01
8.416833667334668034e-02 2.412082957619477441e-01 2.845616170038220080e-02 2.132551848512173054e-01 3.044785091674180877e-01
8.617234468937874647e-02 2.452509768560264258e-01 2.862152154238530727e-02 2.152088969041178190e-01 3.086865043582807111e-01
8.817635270541081260e-02 2.493387436128643997e-01 2.875473024165313071e-02 2.188157499248572224e-01 3.115419296663660687e-01
9.018036072144287874e-02 2.532912533814247746e-01 2.927809233726305291e-02 2.228734595731890478e-01 3.163510670273519954e-01
9.218436873747494487e-02 2.562819356777878421e-01 2.902667506433194086e-02 2.258791704238052311e-01 3.177036369101292612e-01
9.418837675350701100e-02 2.606402164111812914e-01 2.989693193514856781e-02 2.282837391042981667e-01 3.232642019837691505e-01
9.619238476953906325e-02 2.643823264201983769e-01 3.015596906944373323e-02 2.309888788698527262e-01 3.264201983769161597e-01
9.819639278557112938e-02 2.686203787195672321e-01 3.011590282122313805e-02 2.345957318905921296e-01 3.310790501953712051e-01
1.002004008016031955e-01 2.723023745115719652e-01 3.072473519277862594e-02 2.398557258791704228e-01 3.364893297264803240e-01
1.022044088176352616e-01 2.765404268109407648e-01 3.059980830335248120e-02 2.443642921550946701e-01 3.394950405770965074e-01
1.042084168336673278e-01 2.798316801923654840e-01 3.102113484586050893e-02 2.472197174631800554e-01 3.417493237150586172e-01
1.062124248496993939e-01 2.826570483919446652e-01 3.083753867390160580e-02 2.508265704839194310e-01 3.450556056507363967e-01
1.082164328657314600e-01 2.866707566018721898e-01 3.184118470247788990e-02 2.539825668770664402e-01 3.500150285542530937e-01
1.102204408817635123e-01 2.904117823865344228e-01 3.182118126897218874e-02 2.562368500150285500e-01 3.530207394048692771e-01
1.122244488977955784e-01 2.944244063721069837e-01 3.253509839669165016e-02 2.614968440036068431e-01 3.591824466486324141e-01
1.142284569138276445e-01 2.987526299969943677e-01 3.210392217819939970e-02 2.651036970243462743e-01 3.624887285843101936e-01
1.162324649298597107e-01 3.017583408476104956e-01 3.186212644396954619e-02 2.685602645025548796e-01 3.639915840096182853e-01
1.182364729458917768e-01 3.051698226630598088e-01 3.201055244288697477e-02 2.715659753531710074e-01 3.657950105199879731e-01
1.202404809619238429e-01 3.087466185752930636e-01 3.125304841861471783e-02 2.753231139164412644e-01 3.689510069131349823e-01
1.222444889779558952e-01 3.122244488977956034e-01 3.137909409143938705e-02 2.787796813946498142e-01 3.727081454764051838e-01
1.242484969939879613e-01 3.150586113615870820e-01 3.191869631082126096e-02 2.816351067027351718e-01 3.766155695822062111e-01
1.262525050100200275e-01 3.182747219717463327e-01 3.211731088539555162e-02 2.832882476705740893e-01 3.799218515178839906e-01
1.282565130260520936e-01 3.220769461977757153e-01 3.182091510382072802e-02 2.859933874361286210e-01 3.821761346558461003e-01
1.302605210420841597e-01 3.253982566877066662e-01 3.201052422000104369e-02 2.906522392545837219e-01 3.868349864743011457e-01
1.322645290581162258e-01 3.285692816351066803e-01 3.171602176532166417e-02 2.924556657649534097e-01 3.883378418996092374e-01
1.342685370741482920e-01 3.319507063420498727e-01 3.122033755923492651e-02 2.965133754132852628e-01 3.905921250375714027e-01
1.362725450901803581e-01 3.353772167117523018e-01 3.134073022952183624e-02 3.010219416892094824e-01 3.937481214307183564e-01
1.382765531062124242e-01 3.386083558761647794e-01 3.144937829884082020e-02 3.041779380823564916e-01 3.955515479410880442e-01
1.402805611222444904e-01 3.417944093778179093e-01 3.155538704700287106e-02 3.079350766456266930e-01 3.985572587917042275e-01
1.422845691382765287e-01 3.452509768560264591e-01 3.101837167431377787e-02 3.125939284640817384e-01 4.014126840997895851e-01
1.442885771543085949e-01 3.486023444544634753e-01 3.104560311173508794e-02 3.155996393146979218e-01 4.045686804929365943e-01
1.462925851703406610e-01 3.521190261496844331e-01 3.150746345300119849e-02 3.183047790802524535e-01 4.102795311091073094e-01
1.482965931863727271e-01 3.553501653140967997e-01 3.184764826065725196e-02 3.211602043883378665e-01 4.135858130447850889e-01
1.503006012024047933e-01 3.586113615870153426e-01 3.229117016352927444e-02 3.231139164412383802e-01 4.185452359483017859e-01
1.523046092184368594e-01 3.624586714758040729e-01 3.157425928977042329e-02 3.286744815148782695e-01 4.224526600541028132e-01
1.543086172344689255e-01 3.655094679891794374e-01 3.216577233985822015e-02 3.298767658551247095e-01 4.269612263300270327e-01
1.563126252505009917e-01 3.683348361887585631e-01 3.229897846991579280e-02 3.327321911632101226e-01 4.287646528403967761e-01
1.583166332665330578e-01 3.714607754733994516e-01 3.167248109425054026e-02 3.364893297264803240e-01 4.308686504358280600e-01
1.603206412825651239e-01 3.744815148782686953e-01 3.183789907679068082e-02 3.385933273219116080e-01 4.338743612864442434e-01
1.623246492985971901e-01 3.776675683799218808e-01 3.168495437677790183e-02 3.414487526299970210e-01 4.362789299669371790e-01
1.643286573146292562e-01 3.808836789900811315e-01 3.178617030982845010e-02 3.449053201082055709e-01 4.404869251577998024e-01
1.663326653306613223e-01 3.838593327321911941e-01 3.174881592996861568e-02 3.482116020438834059e-01 4.424406372107003160e-01
1.683366733466933607e-01 3.873159002103997439e-01 3.216158364089311689e-02 3.510670273519687634e-01 4.478509167418094350e-01
1.703406813627254268e-01 3.903666967237752194e-01 3.199142926184351393e-02 3.534715960324616990e-01 4.514577697625488661e-01
1.723446893787574929e-01 3.937481214307183564e-01 3.144259452834469171e-02 3.575293056807934966e-01 4.534114818154493798e-01
1.743486973947895591e-01 3.967237751728284190e-01 3.210042901244539171e-02 3.602344454463480838e-01 4.579200480913735993e-01
1.763527054108216252e-01 4.000901713255184400e-01 3.224126150437837263e-02 3.638412984670874595e-01 4.609257589419897827e-01
1.783567134268536913e-01 4.029606251878569689e-01 3.243871225102235717e-02 3.663961526901112209e-01 4.633303276224827183e-01
1.803607214428857575e-01 4.067327923053802863e-01 3.240117261523242642e-02 3.695521490832581746e-01 4.672377517282837456e-01
1.823647294589178236e-01 4.099338743612864766e-01 3.242722194303628014e-02 3.725578599338743579e-01 4.705440336639615251e-01
1.843687374749498897e-01 4.128343853321310708e-01 3.256941177931380049e-02 3.755635707844905413e-01 4.732491734295160568e-01
1.863727454909819559e-01 4.158701532912534304e-01 3.263306513372487422e-02 3.791704238052299170e-01 4.765554553651938918e-01
1.883767535070140220e-01 4.195822061917643397e-01 3.231673507658544553e-02 3.820258491133152745e-01 4.789600240456868274e-01
1.903807615230460881e-01 4.225728884881274072e-01 3.355070798698446544e-02 3.836789900811541920e-01 4.851217312894499645e-01
1.923847695390781265e-01 4.256086564472497114e-01 3.383187597771214472e-02 3.853321310489931095e-01 4.891794409377817621e-01
1.943887775551101926e-01 4.285392245266004818e-01 3.401524936577013380e-02 3.878869852720168154e-01 4.918845807033363493e-01
1.963927855711422588e-01 4.318004207995190247e-01 3.476594145572613898e-02 3.907424105801021730e-01 4.969942891493838166e-01
1.983967935871743249e-01 4.349413886384129735e-01 3.487469516622348359e-02 3.935978358881875305e-01 5.004508566275924775e-01
2.004008016032063910e-01 4.377517282837392054e-01 3.521301546727745313e-02 3.961526901112112919e-01 5.039074241058010273e-01
2.024048096192384572e-01 4.408926961226330432e-01 3.515140288354831610e-02 3.988578298767658792e-01 5.064622783288247332e-01
2.044088176352705233e-01 4.448001202284340150e-01 3.503845784897521853e-02 4.021641118124436587e-01 5.108205590622182379e-01
2.064128256513025894e-01 4.474000601142170686e-01 3.517240404778865237e-02 4.038172527802825207e-01 5.132251277427111180e-01
2.084168336673346555e-01 4.503757138563270201e-01 3.635877856420063198e-02 4.048692515779981904e-01 5.177336940186354486e-01
2.104208416833667217e-01 4.537571385632702681e-01 3.624724348228482856e-02 4.087766756837992177e-01 5.210399759543131726e-01
2.124248496993987878e-01 4.562067929065223848e-01 3.596620341117448549e-02 4.134355275022542631e-01 5.240456868049293560e-01
2.144288577154308539e-01 4.589870754433423850e-01 3.516716697448725448e-02 4.167418094379320981e-01 5.256988277727682179e-01
2.164328657314629201e-01 4.620979861737300465e-01 3.548431022794438366e-02 4.201983769161406479e-01 5.282536819957920349e-01
2.184368737474949584e-01 4.651187255785992347e-01 3.556934967811348908e-02 4.236549443943492532e-01 5.317102494740005847e-01
2.204408817635270246e-01 4.682296363089871183e-01 3.587345806090227324e-02 4.272617974150886844e-01 5.347159603246167681e-01
2.224448897795590907e-01 4.712503757138563065e-01 3.548025231186009015e-02 4.319206492335437297e-01 5.375713856327021256e-01
2.244488977955911568e-01 4.735046588518184718e-01 3.563777256343284017e-02 4.334235046588518214e-01 5.404268109407874832e-01
2.264529058116232230e-01 4.759993988578299917e-01 3.574282166237721658e-02 4.356777877968139312e-01 5.431319507063420149e-01
2.284569138276552891e-01 4.788397956116621224e-01 3.534476977786162044e-02 4.379320709347760965e-01 5.444845205891193363e-01
2.304609218436873552e-01 4.809738503155996381e-01 3.549031827421761376e-02 4.401863540727382063e-01 5.464382326420198499e-01
2.324649298597194214e-01 4.834235046588517548e-01 3.501453507056483810e-02 4.440937781785392335e-01 5.483919446949203635e-01
2.344689378757514875e-01 4.862488728584309916e-01 3.455458127545694980e-02 4.469492034866245911e-01 5.509467989179440695e-01
2.364729458917835536e-01 4.887586414186954609e-01 3.465786636607314647e-02 4.501051998797715448e-01 5.529005109708445831e-01
2.384769539078156197e-01 4.911481815449353361e-01 3.425168412965458320e-02 4.540126239855725720e-01 5.542530808536219045e-01
2.404809619238476859e-01 4.936128644424406242e-01 3.488769706397727710e-02 4.558160504959423154e-01 5.578599338743612801e-01
2.424849699398797520e-01 4.965133754132852184e-01 3.502651462261592574e-02 4.582206191764352510e-01 5.614667868951006557e-01
2.444889779559117904e-01 4.992034866245867453e-01 3.536094906246890074e-02 4.606251878569281866e-01 5.643222122031860133e-01
2.464929859719438565e-01 5.023745115719867593e-01 3.535071209316588414e-02 4.648331830477908100e-01 5.668770664262098302e-01
2.484969939879759226e-01 5.048993086865043445e-01 3.520284134114350788e-02 4.682897505259994153e-01 5.695822061917643619e-01
2.505010020040079888e-01 5.075443342350466347e-01 3.565106317146924525e-02 4.715960324616771948e-01 5.739404869251577557e-01
2.525050100200400549e-01 5.103095882176135190e-01 3.577731601500749870e-02 4.732491734295160568e-01 5.766456266907123984e-01
2.545090180360721210e-01 5.124135858130447474e-01 3.622755744729420219e-02 4.750525999398858001e-01 5.799519086263901224e-01
2.565130260521041872e-01 5.148181544935377385e-01 3.610734561060805620e-02 4.773068830778479099e-01 5.826570483919446541e-01
2.585170340681362533e-01 5.175683799218514514e-01 3.651149753798725583e-02 4.801623083859332675e-01 5.862639014126841408e-01
2.605210420841683194e-01 5.197775773970544355e-01 3.620236166962129826e-02 4.840697324917342947e-01 5.880673279230538286e-01
2.625250501002003856e-01 5.220018034265103690e-01 3.606228029209459368e-02 4.863240156296964045e-01 5.898707544334235164e-01
2.645290581162324517e-01 5.244214006612564205e-01 3.612560920411027332e-02 4.890291553952509918e-01 5.930267508265705256e-01
2.665330661322645178e-01 5.267057409077245955e-01 3.570526731403086268e-02 4.921851517883979454e-01 5.942290351668169102e-01
2.685370741482965840e-01 5.290501953712052341e-01 3.535526399774283068e-02 4.945897204688908810e-01 5.952810339645325799e-01
2.705410821643286501e-01 5.315900210399758796e-01 3.509409089520860309e-02 4.965434325217913947e-01 5.973850315599639194e-01
2.725450901803607162e-01 5.338743612864441657e-01 3.502757210897738949e-02 5.000000000000000000e-01 5.999398857829876253e-01
2.745490981963927823e-01 5.359483017733694954e-01 3.517380389360838522e-02 5.024045686804929911e-01 6.023444544634806164e-01
2.765531062124248485e-01 5.387586414186954498e-01 3.476949161963845819e-02 5.055605650736398893e-01 6.045987376014427817e-01
2.785571142284569146e-01 5.411632100991885519e-01 3.461950370120193965e-02 5.072137060414788623e-01 6.073038773669973134e-01
2.805611222444889807e-01 5.429365795010520079e-01 3.449464415438675130e-02 5.097685602645025682e-01 6.098587315900210193e-01
2.825651302605209914e-01 5.458521190261496070e-01 3.438646516553225951e-02 5.130748422001802922e-01 6.115118725578598813e-01
2.845691382765530575e-01 5.481815449353771852e-01 3.420574222005310500e-02 5.151788397956116317e-01 6.128644424406372027e-01
2.865731462925851236e-01 5.503606853020739376e-01 3.450645401938436108e-02 5.160805530507964756e-01 6.160204388337842119e-01
2.885771543086171897e-01 5.529906822963630564e-01 3.448758183510916564e-02 5.181845506462278150e-01 6.181244364292155513e-01
2.905811623246492559e-01 5.549894800120227512e-01 3.442335870072799758e-02 5.202885482416591545e-01 6.200781484821160650e-01
2.925851703406813220e-01 5.572738202584910372e-01 3.461356635730256787e-02 5.226931169221520346e-01 6.227832882476705967e-01
2.945891783567133881e-01 5.599939885782988513e-01 3.458911138135027652e-02 5.258491133152990438e-01 6.262398557258791465e-01
2.965931863727454543e-01 5.623234144875263185e-01 3.415432302711152862e-02 5.293056807935077046e-01 6.283438533213104860e-01
2.985971943887775204e-01 5.648181544935376719e-01 3.390903123444136830e-02 5.323113916441238880e-01 6.295461376615569815e-01
3.006012024048095865e-01 5.673880372708145492e-01 3.378057970606104798e-02 5.339645326119627500e-01 6.321009918845806874e-01
3.026052104208416527e-01 5.693868349864742440e-01 3.369622056170667318e-02 5.356176735798016120e-01 6.343552750225428527e-01
3.046092184368737188e-01 5.715208896904118152e-01 3.383244008461633312e-02 5.377216711752329514e-01 6.375112714156898619e-01
3.066132264529057849e-01 5.735196874060715100e-01 3.407240729703122500e-02 5.387736699729486212e-01 6.400661256387135678e-01
3.086172344689378511e-01 5.756537421100090812e-01 3.454980621361031928e-02 5.398256687706642909e-01 6.433724075743912918e-01
3.106212424849699172e-01 5.780132251277426692e-01 3.456825240973879915e-02 5.414788097385031529e-01 6.462278328824767604e-01
3.126252505010019833e-01 5.805831079050194354e-01 3.449986547740807596e-02 5.429816651638111891e-01 6.489329726480312921e-01
3.146292585170340494e-01 5.824316200781485264e-01 3.446950527068494419e-02 5.447850916741809879e-01 6.513375413285241722e-01
3.166332665330661156e-01 5.844755034565674023e-01 3.435847320773340041e-02 5.476405169822663455e-01 6.535918244664863375e-01
3.186372745490981817e-01 5.868349864743012123e-01 3.453631088975167573e-02 5.492936579501052075e-01 6.559963931469792175e-01
3.206412825651302478e-01 5.891042981665164380e-01 3.508647333651146449e-02 5.507965133754132436e-01 6.576495341148181906e-01
3.226452905811623140e-01 5.909227532311390751e-01 3.508843983552652201e-02 5.525999398857830425e-01 6.599038172527802448e-01
3.246492985971943801e-01 5.932221220318605326e-01 3.491661020972597340e-02 5.551547941088067484e-01 6.623083859332732359e-01
3.266533066132264462e-01 5.953261196272918720e-01 3.481017082639791677e-02 5.580102194168921059e-01 6.641118124436429238e-01
3.286573146292585124e-01 5.977457168620379235e-01 3.485459679157946328e-02 5.610159302675082893e-01 6.653140967838894193e-01
3.306613226452905785e-01 5.998497144574691520e-01 3.534000242423841059e-02 5.617673579801623074e-01 6.684700931770363175e-01
3.326653306613226446e-01 6.018935978358881389e-01 3.476004212003493826e-02 5.646227832882476649e-01 6.693718064322212724e-01
3.346693386773546552e-01 6.044334235046587844e-01 3.503732333690030148e-02 5.665764953411481786e-01 6.716260895701833267e-01
3.366733466933867214e-01 6.066275924256085972e-01 3.467496541839031055e-02 5.701833483618875542e-01 6.728283739104298222e-01
3.386773547094187875e-01 6.088818755635708735e-01 3.440385338298840995e-02 5.728884881274420859e-01 6.740306582506763178e-01
3.406813627254508536e-01 6.110009017132551623e-01 3.393740388191882063e-02 5.757439134355275545e-01 6.755335136759843540e-01
3.426853707414829198e-01 6.134655846107603949e-01 3.355657762359543633e-02 5.804027652539825999e-01 6.768860835587616753e-01
3.446893787575149859e-01 6.156747820859633791e-01 3.349574812190903722e-02 5.822061917643522877e-01 6.786895100691313631e-01
3.466933867735470520e-01 6.178088367899008393e-01 3.334574753457296425e-02 5.846107604448451678e-01 6.798917944093778587e-01
3.486973947895791182e-01 6.202584911331530115e-01 3.364905043546196489e-02 5.868650435828073331e-01 6.824466486324015646e-01
3.507014028056111843e-01 6.218815749924857528e-01 3.353954476654565781e-02 5.892696122633003242e-01 6.839495040577096008e-01
3.527054108216432504e-01 6.233844304177937889e-01 3.341256932645173677e-02 5.912233243162007268e-01 6.854523594830177480e-01
3.547094188376753165e-01 6.252629996994288897e-01 3.289765630039353378e-02 5.936278929966937179e-01 6.866546438232642435e-01
3.567134268537073827e-01 6.273219116321010480e-01 3.274589201882090184e-02 5.955816050495942315e-01 6.895100691313496011e-01
3.587174348697394488e-01 6.289900811541929704e-01 3.285415546626420380e-02 5.970844604749022677e-01 6.914637811842501147e-01
3.607214428857715149e-01 6.310940787496243098e-01 3.296533501350534801e-02 5.985873159002104149e-01 6.940186354072738206e-01
3.627254509018035811e-01 6.326119627291855174e-01 3.290245833705272849e-02 5.996393146979260846e-01 6.958220619176435084e-01
3.647294589178356472e-01 6.346107604448451012e-01 3.288617525297883593e-02 6.026450255485422680e-01 6.979260595130748479e-01
3.667334669338677133e-01 6.367899008115419646e-01 3.270662297467662877e-02 6.048993086865043223e-01 7.006311992786293796e-01
3.687374749498997795e-01 6.389389840697325962e-01 3.260560787107013442e-02 6.074541629095281392e-01 7.019837691614067010e-01
3.707414829659318456e-01 6.409528103396453513e-01 3.227680396216233566e-02 6.092575894198978270e-01 7.031860535016530855e-01
3.727454909819639117e-01 6.431920649233544562e-01 3.191222817004078088e-02 6.103095882176134968e-01 7.046889089269612327e-01
3.747494989979959779e-01 6.448452058911932072e-01 3.186378158595359888e-02 6.115118725578598813e-01 7.069431920649233980e-01
3.767535070140280440e-01 6.467237751728284190e-01 3.188590686633362148e-02 6.131650135256988543e-01 7.091974752028854523e-01
3.787575150300601101e-01 6.491734295160804802e-01 3.206596243217720021e-02 6.157198677487225602e-01 7.126540426810941131e-01
3.807615230460921762e-01 6.510219416892094602e-01 3.199779669043787550e-02 6.181244364292155513e-01 7.146077547339946268e-01
3.827655310621242424e-01 6.530357679591223263e-01 3.171958218610855529e-02 6.208295761947700830e-01 7.161106101593026629e-01
3.847695390781562530e-01 6.549894800120228400e-01 3.197948161913564957e-02 6.235347159603246148e-01 7.198677487225728644e-01
3.867735470941883191e-01 6.570033062819355951e-01 3.220125433399411569e-02 6.245867147580402845e-01 7.225728884881273961e-01
3.887775551102203853e-01 6.591373609858732774e-01 3.192614295682800335e-02 6.269912834385331646e-01 7.234746017433122400e-01
3.907815631262524514e-01 6.612714156898105156e-01 3.172338427422825846e-02 6.289449954914336782e-01 7.245266005410279098e-01
3.927855711422845175e-01 6.633303276224825629e-01 3.194900975278103239e-02 6.301472798316801738e-01 7.270814547640517267e-01
3.947895791583165837e-01 6.648632401562969418e-01 3.182450282281525100e-02 6.318004207995190358e-01 7.276825969341749190e-01
3.967935871743486498e-01 6.667718665464381633e-01 3.161645294481235657e-02 6.339044183949503752e-01 7.293357379020137810e-01
3.987975951903807159e-01 6.685302073940486700e-01 3.139703460085382231e-02 6.360084159903817147e-01 7.296363089870754326e-01
4.008016032064127820e-01 6.703486624586714182e-01 3.086085348007161153e-02 6.388638412984670722e-01 7.309888788698527540e-01
4.028056112224448482e-01 6.723474601743312240e-01 3.119406597859352565e-02 6.400661256387135678e-01 7.336940186354072857e-01
4.048096192384769143e-01 6.739705440336639652e-01 3.123454250262735349e-02 6.414186955214907782e-01 7.354974451457769735e-01
4.068136272545089804e-01 6.758641418695521264e-01 3.091237348937935295e-02 6.430718364893297512e-01 7.371505861136158355e-01
4.088176352705410466e-01 6.783438533213104193e-01 3.083125761219834837e-02 6.462278328824767604e-01 7.401562969642320189e-01
4.108216432865731127e-01 6.798917944093778587e-01 3.048567327115921793e-02 6.483318304779079888e-01 7.410580102194168628e-01
4.128256513026051788e-01 6.817394331795540996e-01 3.104959516672133046e-02 6.496844003606853102e-01 7.442140066125638720e-01
4.148296593186372450e-01 6.839044183949504196e-01 3.065737031451108707e-02 6.531409678388938600e-01 7.455665764953411934e-01
4.168336673346693111e-01 6.854223023745115162e-01 3.050365615034988237e-02 6.538923955515479891e-01 7.472197174631800554e-01
4.188376753507013772e-01 6.871956717763751943e-01 3.017786083942245595e-02 6.561466786895100434e-01 7.487225728884880915e-01
4.208416833667334433e-01 6.889990982867448821e-01 3.034571390867068022e-02 6.576495341148181906e-01 7.512774271115119085e-01
4.228456913827655095e-01 6.907874962428613985e-01 3.033663604165044020e-02 6.587015329125338603e-01 7.523294259092275782e-01
4.248496993987975756e-01 6.923955515479410794e-01 3.025907498244901836e-02 6.605049594229035481e-01 7.530808536218815963e-01
4.268537074148296417e-01 6.940486925157800524e-01 3.026773212616179834e-02 6.621581003907424101e-01 7.547339945897204583e-01
4.288577154308617079e-01 6.955365193868349172e-01 3.039005927328741752e-02 6.644123835287045754e-01 7.566877066426209719e-01
4.308617234468937740e-01 6.974000601142169575e-01 3.061248624950044586e-02 6.668169522091974555e-01 7.590922753231139630e-01
4.328657314629258401e-01 6.989630297565374573e-01 3.053264122032861225e-02 6.687706642620979691e-01 7.602945596633603476e-01
4.348697394789579063e-01 7.007213706041479639e-01 3.078332191574590510e-02 6.701232341448752905e-01 7.617974150886684948e-01
4.368737474949899169e-01 7.026450255485422458e-01 3.039962640476832206e-02 6.723775172828373448e-01 7.636008415990381826e-01
4.388777555110219830e-01 7.042530808536218156e-01 3.063484803144661192e-02 6.734295160805530145e-01 7.649534114818155039e-01
4.408817635270540491e-01 7.061466786895100878e-01 3.028945736830225902e-02 6.752329425909227023e-01 7.657048391944695220e-01
4.428857715430861153e-01 7.076795912233243557e-01 3.035644826638591101e-02 6.758340847610460056e-01 7.663059813645927143e-01
4.448897795591181814e-01 7.093177036369100463e-01 3.030472098361953678e-02 6.773369401863540418e-01 7.676585512473700357e-01
4.468937875751502475e-01 7.107303877366998313e-01 3.047224585459146207e-02 6.786895100691313631e-01 7.697625488428013751e-01
4.488977955911823137e-01 7.120979861737302130e-01 3.042471699607767269e-02 6.794409377817853812e-01 7.711151187255785855e-01
4.509018036072143798e-01 7.138863841298467294e-01 3.011182275850201456e-02 6.821460775473399130e-01 7.723174030658250810e-01
4.529058116232464459e-01 7.156296964232040647e-01 2.990514636435167087e-02 6.837992185151788860e-01 7.733694018635407508e-01
4.549098196392785121e-01 7.171325518485122119e-01 2.973586977665151204e-02 6.851517883979560963e-01 7.754733994589720902e-01
4.569138276553105782e-01 7.189359783588817887e-01 2.946254442783096533e-02 6.895100691313496011e-01 7.762248271716261083e-01
4.589178356713426443e-01 7.204839194469492281e-01 2.926661519575780510e-02 6.910129245566576373e-01 7.774271115118726039e-01
4.609218436873747105e-01 7.221070033062819693e-01 2.896501493619014350e-02 6.925157799819657845e-01 7.783288247670574478e-01
4.629258517034067766e-01 7.240156296964231908e-01 2.888738331868952527e-02 6.935677787796813432e-01 7.802825368199579614e-01
4.649298597194388427e-01 7.255335136759843984e-01 2.860033378559656905e-02 6.946197775773970129e-01 7.813345356176736312e-01
4.669338677354709088e-01 7.271565975353171396e-01 2.857364519558273225e-02 6.950706342049894904e-01 7.826871055004508415e-01
4.689378757515029750e-01 7.289149383829275353e-01 2.867366233669783535e-02 6.974752028854823704e-01 7.843402464682897035e-01
4.709418837675350411e-01 7.301773369401864944e-01 2.834053823955077350e-02 6.998797715659753615e-01 7.849413886384130068e-01
4.729458917835671072e-01 7.317703636910130038e-01 2.828801896384465497e-02 7.019837691614067010e-01 7.867448151487826946e-01
4.749498997995991734e-01 7.334235046588518658e-01 2.862620457179037084e-02 7.030357679591223707e-01 7.891493838292755747e-01
4.769539078156312395e-01 7.346708746618575425e-01 2.849821673194052538e-02 7.049894800120228844e-01 7.899008115419297038e-01
4.789579158316633056e-01 7.365945296062519354e-01 2.835494725931516496e-02 7.057409077246769025e-01 7.920048091373609322e-01
4.809619238476953718e-01 7.383979561166215122e-01 2.834004811643690142e-02 7.075443342350465903e-01 7.933573790201382536e-01
4.829659318637274379e-01 7.398256687706642465e-01 2.830661605672647740e-02 7.084460474902314342e-01 7.942590922753230975e-01
4.849699398797595040e-01 7.412533814247069808e-01 2.831812337189384618e-02 7.094980462879471039e-01 7.951608055305079414e-01
4.869739478957915702e-01 7.428464081755333792e-01 2.819770513419840585e-02 7.103997595431319478e-01 7.966636609558160886e-01
4.889779559118235808e-01 7.443342350465885771e-01 2.789607349094850794e-02 7.119026149684399840e-01 7.972648031259392809e-01
4.909819639278556469e-01 7.457619477006312003e-01 2.776690016037935624e-02 7.149083258190561674e-01 7.981665163811241248e-01
4.929859719438877130e-01 7.476405169822663010e-01 2.769006940864277358e-02 7.159603246167718371e-01 7.992185151788397945e-01
4.949899799599197792e-01 7.492335437330928105e-01 2.807744212989437757e-02 7.174631800420799843e-01 8.014727983168019598e-01
4.969939879759518453e-01 7.506161707243763637e-01 2.819119643595184577e-02 7.185151788397956540e-01 8.035767959122331883e-01
4.989979959919839114e-01 7.521791403666966414e-01 2.836704804606276706e-02 7.200180342651036902e-01 8.050796513375413355e-01
5.010020040080159776e-01 7.538773669972947955e-01 2.822321275938651994e-02 7.212203186053501858e-01 8.058310790501953536e-01
5.030060120240480437e-01 7.555755936278930607e-01 2.783328821225418068e-02 7.221220318605350297e-01 8.062819356777878310e-01
5.050100200400801098e-01 7.571986774872256909e-01 2.754157962767380188e-02 7.254283137962127537e-01 8.079350766456266930e-01
5.070140280561121759e-01 7.591523895401263156e-01 2.750210646089557703e-02 7.275323113916440931e-01 8.094379320709347292e-01
5.090180360721442421e-01 7.605500450856627070e-01 2.771813435911732806e-02 7.287345957318905887e-01 8.112413585813045280e-01
5.110220440881763082e-01 7.616771866546439007e-01 2.761762540150286202e-02 7.290351668169522403e-01 8.119927862939585461e-01
5.130260521042083743e-01 7.632100991884580576e-01 2.743888066802382952e-02 7.309888788698527540e-01 8.125939284640817384e-01
5.150300601202404405e-01 7.649083258190562118e-01 2.714100727679539041e-02 7.341448752629996521e-01 8.137962128043282339e-01
5.170340681362725066e-01 7.666065524496544770e-01 2.728632583902235523e-02 7.356477306883077993e-01 8.148482116020439037e-01
5.190380761523045727e-01 7.680192365494440399e-01 2.712695256408761621e-02 7.385031559963931569e-01 8.159002103997595734e-01
5.210420841683366389e-01 7.699879771565975028e-01 2.679454673250059385e-02 7.424105801021941842e-01 8.181544935377216277e-01
5.230460921843687050e-01 7.713255184851217638e-01 2.632496557917342328e-02 7.445145776976255236e-01 8.190562067929064716e-01
5.250501002004007711e-01 7.727682596934174475e-01 2.623617149173634866e-02 7.461677186654643856e-01 8.198076345055606007e-01
5.270541082164328373e-01 7.740907724676885371e-01 2.589859029291583653e-02 7.475202885482417070e-01 8.202584911331529671e-01
5.290581162324649034e-01 7.756387135557558654e-01 2.553788299360977565e-02 7.488728584310189174e-01 8.213104899308686369e-01
5.310621242484969695e-01 7.770363691012924789e-01 2.553140393008969042e-02 7.497745716862037613e-01 8.225127742711151324e-01
5.330661322645290356e-01 7.785392245266005151e-01 2.576222105720311212e-02 7.508265704839194310e-01 8.246167718665464719e-01
5.350701402805611018e-01 7.799969942891493702e-01 2.555088038948052573e-02 7.524797114517582930e-01 8.255184851217313158e-01
5.370741482965931679e-01 7.811391644123835132e-01 2.531997422560360728e-02 7.542831379621280918e-01 8.259693417493236822e-01
5.390781563126252340e-01 7.824616771866546028e-01 2.526936435314685453e-02 7.548842801322512841e-01 8.273219116321010036e-01
5.410821643286573002e-01 7.840096182747219311e-01 2.513929909725104439e-02 7.562368500150286055e-01 8.297264803125938837e-01
5.430861723446893663e-01 7.851968740607154773e-01 2.495048253397171012e-02 7.568379921851517977e-01 8.301773369401863611e-01
5.450901803607214324e-01 7.866245867147581006e-01 2.481284852089616841e-02 7.587917042380523114e-01 8.313796212804328567e-01
5.470941883767534986e-01 7.881274421400659147e-01 2.437979855747470989e-02 7.605951307484219992e-01 8.321310489930868748e-01
5.490981963927855647e-01 7.897354974451457066e-01 2.429364284252199038e-02 7.619477006311993206e-01 8.337841899609257368e-01
5.511022044088176308e-01 7.910279531109107864e-01 2.426469340080717602e-02 7.636008415990381826e-01 8.351367598437030582e-01
5.531062124248496970e-01 7.923504658851818760e-01 2.422778676349400875e-02 7.645025548542230265e-01 8.367899008115419202e-01
5.551102204408817631e-01 7.936128644424407241e-01 2.401505130642537719e-02 7.661556958220618885e-01 8.378418996092575899e-01
5.571142284569138292e-01 7.950105199879772266e-01 2.397118002987377178e-02 7.675082657048392099e-01 8.390441839495040854e-01
5.591182364729458953e-01 7.966937180643220984e-01 2.384428731745904043e-02 7.703636910129245674e-01 8.412984670874661397e-01
5.611222444889779615e-01 7.985722873459573101e-01 2.351813168318877753e-02 7.717162608957018888e-01 8.428013225127742869e-01
5.631262525050100276e-01 8.001502855425307592e-01 2.354028143346987081e-02 7.727682596934174475e-01 8.435527502254283050e-01
5.651302605210419827e-01 8.016080553050797253e-01 2.345855265004478940e-02 7.736699729486022914e-01 8.447550345656748005e-01
5.671342685370740488e-01 8.029305680793508149e-01 2.359636648589253857e-02 7.744214006612564205e-01 8.464081755335136625e-01
5.691382765531061150e-01 8.048542230237452078e-01 2.344389435180557063e-02 7.766756837992184748e-01 8.477607454162909839e-01
5.711422845691381811e-01 8.065223925458369081e-01 2.301609223006051766e-02 7.789299669371806401e-01 8.486624586714758278e-01
5.731462925851702472e-01 8.083709047189658881e-01 2.257671534216800294e-02 7.811842500751428053e-01 8.497144574691914976e-01
5.751503006012023134e-01 8.099639314697926196e-01 2.287425443363406974e-02 7.828373910429816673e-01 8.515178839795611854e-01
5.771543086172343795e-01 8.113465584610759507e-01 2.311839623606538538e-02 7.832882476705741448e-01 8.530207394048692215e-01
5.791583166332664456e-01 8.130598136459271652e-01 2.323576335335698906e-02 7.850916741809438326e-01 8.545235948301773687e-01
5.811623246492985118e-01 8.143222122031861243e-01 2.344225652210174191e-02 7.864442440637210430e-01 8.566275924256087082e-01
5.831663326653305779e-01 8.155846107604448614e-01 2.347626136813385153e-02 7.868951006913135204e-01 8.578298767658550927e-01
5.851703406813626440e-01 8.166816952209197122e-01 2.350187206210312824e-02 7.876465284039675385e-01 8.587315900210399366e-01
5.871743486973947102e-01 8.182596934174931613e-01 2.342430997341269153e-02 7.889990982867448599e-01 8.603847309888789097e-01
5.891783567134267763e-01 8.197926059513074293e-01 2.340052069553050576e-02 7.908025247971145477e-01 8.618875864141869458e-01
5.911823647294588424e-01 8.210399759543131060e-01 2.319474170575981306e-02 7.921550946798917581e-01 8.624887285843101381e-01
5.931863727454909085e-01 8.225278028253683038e-01 2.287901314457464058e-02 7.936579501051999053e-01 8.635407273820258078e-01
5.951903807615229747e-01 8.238803727081455142e-01 2.276718832572931228e-02 7.953110910730387673e-01 8.642921550946799369e-01
5.971943887775550408e-01 8.253231139164413088e-01 2.247731688308713185e-02 7.963630898707544370e-01 8.651938683498647809e-01
5.991983967935871069e-01 8.267959122332431132e-01 2.218575528425146062e-02 7.972648031259392809e-01 8.663961526901111654e-01
6.012024048096191731e-01 8.280282536819958406e-01 2.243728925286938430e-02 7.986173730087166023e-01 8.674481514878268351e-01
6.032064128256512392e-01 8.292455665764952855e-01 2.221063723277881888e-02 7.995190862639014462e-01 8.681995792004809642e-01
6.052104208416833053e-01 8.305079651337541335e-01 2.206822300230077902e-02 8.011722272317403082e-01 8.689510069131349823e-01
6.072144288577153715e-01 8.318455064622783945e-01 2.155614957200448559e-02 8.049293657950105096e-01 8.700030057108506520e-01
6.092184368737474376e-01 8.330477908025247791e-01 2.163281429874756162e-02 8.056807935076645277e-01 8.715058611361586882e-01
6.112224448897795037e-01 8.346107604448451678e-01 2.120105053120193567e-02 8.074842200180342155e-01 8.721070033062818805e-01
6.132264529058115698e-01 8.359332732191162574e-01 2.102054257320882732e-02 8.089870754433423627e-01 8.731590021039975502e-01
6.152304609218436360e-01 8.368800721370603934e-01 2.095922500463515831e-02 8.092876465284040144e-01 8.737601442741208535e-01
6.172344689378757021e-01 8.384430417793808932e-01 2.096911507575265760e-02 8.107905019537120506e-01 8.752629996994288897e-01
6.192384769539077682e-01 8.397354974451458620e-01 2.074073343801545455e-02 8.128944995491433900e-01 8.760144274120829078e-01
6.212424849699398344e-01 8.409828674481515387e-01 2.042019982805265421e-02 8.139464983468590598e-01 8.767658551247370369e-01
6.232464929859719005e-01 8.423504658851819205e-01 2.031613749390129980e-02 8.152990682296362701e-01 8.779681394649834214e-01
6.252505010020039666e-01 8.437631499849713723e-01 2.022300693900275226e-02 8.169522091974752431e-01 8.790201382626990911e-01
6.272545090180360328e-01 8.449954914337240997e-01 2.011314710890651711e-02 8.177036369101292612e-01 8.805229936880072383e-01
6.292585170340680989e-01 8.460174331229335376e-01 1.992779493696122950e-02 8.184550646227832793e-01 8.809738503155996048e-01
6.312625250501001650e-01 8.471445746919148423e-01 1.983455472461520888e-02 8.193567778779681232e-01 8.817252780282537339e-01
6.332665330661322312e-01 8.486173730087165357e-01 1.956104174720966343e-02 8.210099188458069852e-01 8.835287045386234217e-01
6.352705410821642973e-01 8.497294860234445579e-01 1.941796802590473742e-02 8.222122031860534808e-01 8.842801322512774398e-01
6.372745490981963634e-01 8.508415990381724692e-01 1.939874349703071821e-02 8.229636308987074989e-01 8.856327021340546501e-01
6.392785571142284295e-01 8.522542831379620321e-01 1.935680704827660858e-02 8.253681995792004900e-01 8.878869852720168154e-01
6.412825651302604957e-01 8.534114818154494575e-01 1.919814132311357599e-02 8.264201983769161597e-01 8.889389840697324852e-01
6.432865731462925618e-01 8.550646227832882085e-01 1.960189027885848520e-02 8.270213405470393520e-01 8.907424105801021730e-01
6.452905811623246279e-01 8.561767357980162307e-01 1.935430407586878621e-02 8.280733393447550217e-01 8.913435527502254763e-01
6.472945891783566941e-01 8.574691914637811996e-01 1.949617683800198772e-02 8.285241959723474992e-01 8.923955515479410350e-01
6.492985971943887602e-01 8.587766756837993398e-01 1.950426707534606841e-02 8.298767658551247095e-01 8.943492636008415486e-01
6.513026052104208263e-01 8.600240456868049055e-01 1.937485504178299706e-02 8.313796212804328567e-01 8.957018334836188700e-01
6.533066132264528925e-01 8.611361587015329278e-01 1.933188541452462300e-02 8.324316200781485264e-01 8.969041178238653655e-01
6.553106212424849586e-01 8.623384430417793123e-01 1.914191857747917641e-02 8.340847610459873884e-01 8.976555455365193836e-01
6.573146292585170247e-01 8.635106702735196871e-01 1.876943089346612414e-02 8.358881875563570762e-01 8.981064021641118611e-01
6.593186372745490909e-01 8.646528403967538301e-01 1.864088461928693763e-02 8.378418996092575899e-01 8.991584009618274198e-01
6.613226452905811570e-01 8.658551247370003257e-01 1.859782222586048653e-02 8.384430417793807822e-01 8.999098286744815489e-01
6.633266533066132231e-01 8.671175232942589517e-01 1.815556341982709279e-02 8.405470393748121216e-01 9.008115419296663928e-01
6.653306613226452892e-01 8.682747219717462661e-01 1.830120667380672958e-02 8.417493237150586172e-01 9.026149684400360806e-01
6.673346693386772444e-01 8.695671776375112350e-01 1.855773320501550097e-02 8.428013225127742869e-01 9.050195371205289607e-01
6.693386773547093105e-01 8.704989480012021996e-01 1.845235365431428798e-02 8.440036068530207825e-01 9.056206792906522640e-01
6.713426853707413766e-01 8.719717463180043371e-01 1.809133965263499261e-02 8.456567478208596444e-01 9.063721070033062821e-01
6.733466933867734427e-01 8.731590021039975502e-01 1.815583710047137880e-02 8.470093177036368548e-01 9.072738202584911260e-01
6.753507014028055089e-01 8.742110009017132199e-01 1.810725635660846711e-02 8.486624586714758278e-01 9.087766756837992732e-01
6.773547094188375750e-01 8.754733994589720680e-01 1.784784927660413092e-02 8.501653140967838640e-01 9.093778178539224655e-01
6.793587174348696411e-01 8.763450556056506802e-01 1.785716063534131468e-02 8.512173128944995337e-01 9.102795311091073094e-01
6.813627254509017073e-01 8.773519687406071688e-01 1.762080522202183128e-02 8.534715960324616990e-01 9.105801021941689610e-01
6.833667334669337734e-01 8.785692816351067247e-01 1.749261740541203231e-02 8.542230237451157171e-01 9.117823865344153456e-01
6.853707414829658395e-01 8.796813946498346359e-01 1.756222729341652342e-02 8.554253080853622127e-01 9.125338142470694747e-01
6.873747494989979057e-01 8.809738503155996048e-01 1.718493986279098773e-02 8.572287345957319005e-01 9.132852419597234928e-01
6.893787575150299718e-01 8.824917342951608124e-01 1.715355917083934145e-02 8.596333032762247806e-01 9.147880973850315289e-01
6.913827655310620379e-01 8.835437330928762600e-01 1.711044957184567131e-02 8.606853020739404503e-01 9.155395250976856580e-01
6.933867735470941041e-01 8.845356176735797993e-01 1.694459328569691836e-02 8.617373008716561200e-01 9.159903817252780245e-01
6.953907815631261702e-01 8.858581304478508889e-01 1.677098447099958922e-02 8.624887285843101381e-01 9.167418094379320426e-01
6.973947895791582363e-01 8.870453862338443241e-01 1.657482617470202799e-02 8.639915840096182853e-01 9.173429516080553459e-01
6.993987975951903024e-01 8.881124135858131652e-01 1.645461985985042716e-02 8.647430117222723034e-01 9.179440937781785381e-01
7.014028056112223686e-01 8.897054403366396746e-01 1.612759944951978885e-02 8.677487225728884868e-01 9.192966636609558595e-01
7.034068136272544347e-01 8.908776675683798274e-01 1.598143129822556310e-02 8.692515779981965229e-01 9.203486624586715292e-01
7.054108216432865008e-01 8.918996092575893764e-01 1.590643793355625904e-02 8.710550045085663218e-01 9.215509467989179138e-01
7.074148296593185670e-01 8.932521791403666978e-01 1.567414807852275313e-02 8.722572888488127063e-01 9.226029455966335835e-01
7.094188376753506331e-01 8.943492636008416596e-01 1.594245582357872726e-02 8.731590021039975502e-01 9.245566576495340971e-01
7.114228456913826992e-01 8.953261196272916944e-01 1.589993340603498145e-02 8.742110009017132199e-01 9.257589419897805927e-01
7.134268537074147654e-01 8.963180042079950116e-01 1.600642626222053069e-02 8.749624286143673491e-01 9.268109407874962624e-01
7.154308617234468315e-01 8.978358881875564412e-01 1.565479130340515987e-02 8.778178539224527066e-01 9.281635106702734728e-01
7.174348697394788976e-01 8.989930868650436446e-01 1.549639258657668078e-02 8.788698527201682653e-01 9.286143672978659502e-01
7.194388777555109638e-01 9.002554854223024927e-01 1.542167673344702235e-02 8.800721370604147609e-01 9.296663660955816200e-01
7.214428857715430299e-01 9.013074842200181624e-01 1.525128755355952860e-02 8.817252780282537339e-01 9.307183648932972897e-01
7.234468937875750960e-01 9.024045686804930133e-01 1.511803837262769463e-02 8.835287045386234217e-01 9.322212203186053259e-01
7.254509018036071621e-01 9.035767959122331661e-01 1.500030407632194085e-02 8.851818455064622837e-01 9.328223624887286292e-01
7.274549098196392283e-01 9.043883378418996477e-01 1.495137984576472984e-02 8.862338443041779534e-01 9.332732191163209956e-01
7.294589178356712944e-01 9.053651938683497935e-01 1.488176737167083187e-02 8.874361286444244490e-01 9.340246468289750137e-01
7.314629258517033605e-01 9.062669071235347484e-01 1.492208302151399289e-02 8.881875563570784671e-01 9.347760745416291428e-01
7.334669338677354267e-01 9.073189059212503071e-01 1.469529044789470718e-02 8.893898406973249626e-01 9.352269311692215092e-01
7.354709418837674928e-01 9.080703336339045473e-01 1.474224572101433609e-02 8.896904117823865032e-01 9.359783588818755273e-01
7.374749498997995589e-01 9.089269612263300990e-01 1.461869736015287968e-02 8.907424105801021730e-01 9.371806432221220229e-01
7.394789579158316251e-01 9.098136459272616605e-01 1.454302098715381207e-02 8.913435527502254763e-01 9.376314998497145003e-01
7.414829659318636912e-01 9.105350165314096689e-01 1.447774040385562712e-02 8.920949804628794944e-01 9.382326420198376926e-01
7.434869739478957573e-01 9.115719867748721672e-01 1.455183176203362662e-02 8.931469792605951641e-01 9.391343552750225365e-01
7.454909819639278235e-01 9.127442140066126530e-01 1.428901787547127641e-02 8.951006913134956777e-01 9.397354974451457288e-01
7.474949899799598896e-01 9.135707844905320840e-01 1.445719580041791331e-02 8.954012623985572183e-01 9.403366396152690321e-01
7.494989979959919557e-01 9.146227832882475317e-01 1.451970685323856515e-02 8.964532611962728881e-01 9.418394950405770683e-01
7.515030060120240218e-01 9.157048391944695442e-01 1.449090109569147605e-02 8.985572587917042275e-01 9.425909227532310863e-01
7.535070140280560880e-01 9.164863240156296831e-01 1.420099773454667341e-02 8.997595431319507231e-01 9.428914938382927380e-01
7.555110220440881541e-01 9.175834084761046450e-01 1.407995083066670115e-02 9.011121130147279334e-01 9.440937781785392335e-01
7.575150300601202202e-01 9.185903216110610225e-01 1.414873534387182594e-02 9.021641118124436032e-01 9.452960625187857291e-01
7.595190380761522864e-01 9.194770063119929171e-01 1.406351518472018572e-02 9.033663961526900987e-01 9.458972046889089214e-01
7.615230460921843525e-01 9.204989480012020220e-01 1.385776134273820209e-02 9.051698226630597865e-01 9.463480613165013988e-01
7.635270541082164186e-01 9.212503757138563731e-01 1.375322112494177518e-02 9.057709648331830898e-01 9.469492034866245911e-01
7.655310621242484848e-01 9.223023745115719318e-01 1.351133057762115598e-02 9.074241058010219518e-01 9.477006311992786092e-01
7.675350701402805509e-01 9.232191163210098361e-01 1.345982187275337853e-02 9.081755335136759699e-01 9.478509167418094350e-01
7.695390781563125060e-01 9.241959723474600930e-01 1.309817609766034119e-02 9.098286744815148319e-01 9.480012022843402608e-01
7.715430861723445721e-01 9.251427712654042290e-01 1.299678026056083797e-02 9.108806732792305016e-01 9.487526299969942789e-01
7.735470941883766383e-01 9.263450556056506136e-01 1.309373516236705601e-02 9.116321009918846308e-01 9.505560565073639667e-01
7.755511022044087044e-01 9.274271115118726261e-01 1.332981931896113151e-02 9.125338142470694747e-01 9.517583408476104623e-01
7.775551102204407705e-01 9.280583107905018281e-01 1.335362101475439517e-02 9.131349564171926669e-01 9.523594830177336545e-01
7.795591182364728366e-01 9.290802524797114881e-01 1.301848457957564646e-02 9.149383829275623548e-01 9.526600541027953062e-01
7.815631262525049028e-01 9.301923654944393993e-01 1.306762823142608963e-02 9.161406672678088503e-01 9.531109107303877837e-01
7.835671342685369689e-01 9.310339645326120017e-01 1.270769795315620371e-02 9.173429516080553459e-01 9.532611962729184985e-01
7.855711422845690350e-01 9.318304779080254230e-01 1.262330569111135697e-02 9.180943793207093639e-01 9.543131950706341682e-01
7.875751503006011012e-01 9.327622482717161656e-01 1.256466230721825332e-02 9.195972347460174001e-01 9.552149083258190121e-01
7.895791583166331673e-01 9.336339044183949998e-01 1.237283630591664088e-02 9.204989480012022440e-01 9.556657649534114896e-01
7.915831663326652334e-01 9.345957318905921962e-01 1.220015035215113799e-02 9.218515178839795654e-01 9.567177637511271593e-01
7.935871743486972996e-01 9.353772167117524461e-01 1.209327132958989970e-02 9.223023745115719318e-01 9.570183348361888109e-01
7.955911823647293657e-01 9.362939585211902394e-01 1.199961123281456481e-02 9.230538022242260610e-01 9.570183348361888109e-01
7.975951903807614318e-01 9.371806432221220229e-01 1.203523557330168914e-02 9.232040877667568868e-01 9.574691914637811774e-01
7.995991983967934980e-01 9.381424706943193303e-01 1.170515038197701696e-02 9.236549443943492532e-01 9.583709047189660213e-01
8.016032064128255641e-01 9.389239555154794692e-01 1.160982808771037628e-02 9.248572287345957488e-01 9.585211902614968471e-01
8.036072144288576302e-01 9.399609257589421896e-01 1.160088553672213897e-02 9.260595130748422443e-01 9.595731890592125168e-01
8.056112224448896963e-01 9.409828674481517385e-01 1.137474925520504457e-02 9.275623685001502805e-01 9.601743312293357091e-01
8.076152304609217625e-01 9.416741809437931821e-01 1.133026416876367626e-02 9.284640817553351244e-01 9.609257589419897272e-01
8.096192384769538286e-01 9.425458370904719052e-01 1.133935042768896215e-02 9.292155094679891425e-01 9.618274721971746821e-01
8.116232464929858947e-01 9.435527502254282828e-01 1.108292448756474126e-02 9.305680793507664639e-01 9.624286143672978744e-01
8.136272545090179609e-01 9.446798917944093654e-01 1.099376494117729371e-02 9.316200781484821336e-01 9.633303276224827183e-01
8.156312625250500270e-01 9.457769762548844383e-01 1.057818075565591584e-02 9.331229335737901698e-01 9.634806131650135441e-01
8.176352705410820931e-01 9.467989179440937653e-01 1.056241177542101631e-02 9.335737902013826472e-01 9.649834685903215803e-01
8.196392785571141593e-01 9.475804027652540151e-01 1.051994503834252116e-02 9.341749323715058395e-01 9.657348963029755984e-01
8.216432865731462254e-01 9.487075443342349867e-01 1.027519080762708502e-02 9.358280733393447015e-01 9.658851818455064242e-01
8.236472945891782915e-01 9.495792004809138209e-01 1.020022641665074316e-02 9.373309287646528487e-01 9.666366095581605533e-01
8.256513026052103577e-01 9.503155996393148897e-01 1.022697257771848847e-02 9.374812143071836745e-01 9.675383228133453972e-01
8.276553106212424238e-01 9.512323414487525719e-01 9.819121881741794261e-03 9.383829275623685184e-01 9.678388938984069378e-01
8.296593186372744899e-01 9.520288548241658821e-01 9.887098412707575126e-03 9.389840697324917107e-01 9.684400360685302411e-01
8.316633266533065560e-01 9.526600541027951952e-01 9.733121075268115485e-03 9.401863540727382063e-01 9.688908926961226076e-01
8.336673346693386222e-01 9.536819957920048552e-01 9.220921295542557419e-03 9.421400661256387199e-01 9.696423204087766257e-01
8.356713426853706883e-01 9.545837090471895880e-01 9.086448338628719257e-03 9.427412082957619122e-01 9.705440336639615806e-01
8.376753507014027544e-01 9.554102795311090190e-01 9.000096621295441274e-03 9.437932070934775819e-01 9.715960324616771393e-01
8.396793587174348206e-01 9.563119927862938630e-01 8.768501387485022960e-03 9.440937781785392335e-01 9.715960324616771393e-01
8.416833667334668867e-01 9.571235347159602336e-01 8.551775598125853708e-03 9.452960625187857291e-01 9.718966035467387909e-01
8.436873747494989528e-01 9.579801623083860074e-01 8.517147230882673309e-03 9.457469191463780955e-01 9.724977457168619832e-01
8.456913827655310190e-01 9.588668470093176799e-01 8.174497472323231928e-03 9.475503456567477834e-01 9.732491734295161123e-01
8.476953907815630851e-01 9.596783889389840505e-01 7.966565591455532225e-03 9.487526299969942789e-01 9.738503155996393046e-01
8.496993987975951512e-01 9.604749023143973607e-01 8.026992669816896547e-03 9.498046287947099486e-01 9.743011722272317821e-01
8.517034068136272174e-01 9.612563871355576106e-01 8.065672596506170272e-03 9.510069131349564442e-01 9.750525999398858001e-01
8.537074148296592835e-01 9.620979861737299910e-01 7.969612705344884113e-03 9.522091974752029397e-01 9.761045987376014699e-01
8.557114228456913496e-01 9.630598136459272984e-01 8.049695456915209602e-03 9.531109107303877837e-01 9.771565975353171396e-01
8.577154308617234157e-01 9.640066125638714345e-01 7.753117382748645620e-03 9.544634806131649940e-01 9.774571686203786802e-01
8.597194388777554819e-01 9.648782687105500466e-01 7.632981844448221906e-03 9.553651938683498379e-01 9.776074541629095060e-01
8.617234468937875480e-01 9.656296964232040647e-01 7.440287973022026088e-03 9.559663360384731412e-01 9.786594529606251758e-01
8.637274549098196141e-01 9.664111812443643146e-01 7.227234709140758183e-03 9.570183348361888109e-01 9.786594529606251758e-01
8.657314629258516803e-01 9.671325518485123229e-01 7.253064281151360912e-03 9.577697625488428290e-01 9.792605951307483680e-01
8.677354709418837464e-01 9.677938082356478677e-01 7.214660917665300863e-03 9.588217613465584988e-01 9.795611662158100197e-01
8.697394789579158125e-01 9.685602645025548352e-01 7.075177752039973032e-03 9.600240456868048833e-01 9.801623083859333230e-01
8.717434869739478787e-01 9.692064923354373196e-01 6.922749811998671170e-03 9.607754733994590124e-01 9.804628794709948636e-01
8.737474949899798338e-01 9.699729486023445091e-01 6.768124049311727806e-03 9.615269011121130305e-01 9.809137360985873411e-01
8.757515030060118999e-01 9.707394048692516986e-01 6.487062865859474434e-03 9.627291854523595260e-01 9.810640216411181669e-01
8.777555110220439660e-01 9.711301472798317125e-01 6.345699145400475298e-03 9.630297565374210667e-01 9.812143071836488817e-01
8.797595190380760322e-01 9.718815749924857306e-01 5.965200271357750002e-03 9.643823264201983880e-01 9.815148782687105333e-01
8.817635270541080983e-01 9.724676886083558625e-01 6.069303544343664612e-03 9.646828975052600397e-01 9.821160204388338366e-01
8.837675350701401644e-01 9.731139164412383469e-01 5.921498303525007945e-03 9.655846107604448836e-01 9.822663059813645514e-01
8.857715430861722306e-01 9.737902013826268410e-01 5.876222366971980103e-03 9.661857529305680758e-01 9.830177336940186805e-01
8.877755511022042967e-01 9.745716862037872019e-01 5.562920402231633261e-03 9.679891794409377637e-01 9.837691614066726986e-01
8.897795591182363628e-01 9.750525999398858001e-01 5.671562132534608072e-03 9.685903216110610670e-01 9.845205891193267167e-01
8.917835671342684289e-01 9.756387135557558210e-01 5.665366303995478768e-03 9.687406071535917818e-01 9.848211602043883683e-01
8.937875751503004951e-01 9.763149984971445372e-01 5.527239922559688996e-03 9.691914637811842592e-01 9.851217312894499090e-01
8.957915831663325612e-01 9.769461977757739612e-01 5.502667737562625706e-03 9.697926059513074515e-01 9.857228734595732123e-01
8.977955911823646273e-01 9.774872257288851340e-01 5.456751950304046528e-03 9.703937481214307548e-01 9.860234445446347529e-01
8.997995991983966935e-01 9.782386534415389301e-01 5.251743282167523411e-03 9.712954613766155987e-01 9.864743011722272303e-01
9.018036072144287596e-01 9.787947099489029412e-01 4.985517599794556109e-03 9.717463180042079651e-01 9.867748722572888820e-01
9.038076152304608257e-01 9.793657950105199017e-01 4.965817302055260118e-03 9.718966035467387909e-01 9.873760144274120742e-01
9.058116232464928919e-01 9.800871656146679101e-01 4.773429388896333579e-03 9.729486023444544607e-01 9.879771565975352665e-01
9.078156312625249580e-01 9.808085362188156964e-01 4.447055605799886055e-03 9.744514577697624969e-01 9.881274421400660923e-01
9.098196392785570241e-01 9.813946498346858283e-01 4.325926986445073098e-03 9.753531710249474518e-01 9.884280132251277440e-01
9.118236472945890903e-01 9.822061917643523099e-01 4.216145655569327258e-03 9.762548842801322957e-01 9.891794409377817621e-01
9.138276553106211564e-01 9.827321911632100893e-01 3.988347257783106219e-03 9.774571686203786802e-01 9.894800120228434137e-01
9.158316633266532225e-01 9.832732191163209290e-01 3.860934743211444104e-03 9.782085963330328093e-01 9.899308686504357802e-01
9.178356713426852886e-01 9.837090471896601240e-01 3.834019537791039274e-03 9.789600240456868274e-01 9.900811541929666060e-01
9.198396793587173548e-01 9.841899609257589443e-01 3.663269827570983777e-03 9.797114517583408455e-01 9.902314397354974318e-01
9.218436873747494209e-01 9.846257889990981393e-01 3.611890330772782407e-03 9.804628794709948636e-01 9.903817252780282576e-01
9.238476953907814870e-01 9.852119026149683823e-01 3.440981050306877662e-03 9.807634505560565152e-01 9.905320108205590834e-01
9.258517034068135532e-01 9.856477306883076883e-01 3.281769669932464890e-03 9.810640216411181669e-01 9.908325819056206241e-01
9.278557114228456193e-01 9.860985873159002768e-01 3.216426615635056916e-03 9.816651638112413591e-01 9.914337240757439274e-01
9.298597194388776854e-01 9.868500150285542949e-01 3.133913034235303718e-03 9.824165915238953772e-01 9.920348662458671196e-01
9.318637274549097516e-01 9.873609858731589028e-01 3.035209916956284858e-03 9.833183047790802211e-01 9.924857228734595971e-01
9.338677354709418177e-01 9.877366997294860784e-01 2.883133248721365949e-03 9.839194469492035244e-01 9.926360084159904229e-01
9.358717434869738838e-01 9.882626991283439688e-01 2.814355106660416331e-03 9.846708746618575425e-01 9.932371505861136152e-01
9.378757515030059499e-01 9.888938984069730598e-01 2.610343501531995399e-03 9.854223023745115606e-01 9.932371505861136152e-01
9.398797595190380161e-01 9.893146979260596385e-01 2.522335883682972398e-03 9.861737300871655787e-01 9.936880072137060926e-01
9.418837675350700822e-01 9.897354974451457732e-01 2.437268267283455598e-03 9.869251577998197078e-01 9.941388638412984591e-01
9.438877755511021483e-01 9.902915539525096733e-01 2.241422084460741211e-03 9.878268710550045517e-01 9.942891493838292849e-01
9.458917835671342145e-01 9.906071535918243853e-01 2.167709413256467543e-03 9.882777276825969182e-01 9.947400060114216513e-01
9.478957915831662806e-01 9.911030958821761550e-01 2.164111812443630847e-03 9.887285843101893956e-01 9.954914337240757805e-01
9.498997995991983467e-01 9.915389239555155720e-01 1.999475580606567288e-03 9.891794409377817621e-01 9.954914337240757805e-01
9.519038076152304129e-01 9.919146378118425256e-01 2.023894904662751001e-03 9.894800120228434137e-01 9.960925758941989727e-01
9.539078156312624790e-01 9.922452660054101869e-01 2.063021486732464615e-03 9.899308686504357802e-01 9.962428614367297985e-01
9.559118236472945451e-01 9.925909227532312418e-01 1.974468364534938316e-03 9.900811541929666060e-01 9.962428614367297985e-01
9.579158316633266113e-01 9.931770363691011516e-01 1.889299083837409120e-03 9.905320108205590834e-01 9.966937180643221650e-01
9.599198396793586774e-01 9.937932070934776263e-01 1.665459473154185096e-03 9.906822963630899093e-01 9.968440036068529908e-01
9.619238476953907435e-01 9.942440637210699927e-01 1.670875175515536834e-03 9.912834385332131015e-01 9.969942891493838166e-01
9.639278557114228096e-01 9.946498346859030670e-01 1.583641703915790021e-03 9.918845807033362938e-01 9.972948602344454683e-01
9.659318637274548758e-01 9.949954914337242329e-01 1.457149896564596250e-03 9.929365795010519635e-01 9.974451457769762941e-01
9.679358717434869419e-01 9.954162909528102565e-01 1.488130447240790894e-03 9.930868650435827893e-01 9.978960024045686605e-01
9.699398797595190080e-01 9.958821761346557944e-01 1.466651385483119623e-03 9.933874361286444410e-01 9.983468590321611380e-01
9.719438877755510742e-01 9.963330327622481608e-01 1.364539761084006481e-03 9.938382927562368074e-01 9.984971445746919638e-01
9.739478957915831403e-01 9.966185752930567521e-01 1.339566117868309448e-03 9.941388638412984591e-01 9.986474301172226786e-01
9.759519038076150954e-01 9.968289750525997084e-01 1.189916093586860547e-03 9.944394349263601107e-01 9.986474301172226786e-01
9.779559118236471615e-01 9.972948602344455793e-01 9.716399083405171137e-04 9.957920048091373211e-01 9.989480012022843303e-01
9.799599198396792277e-01 9.975954313195071199e-01 8.607046025414119518e-04 9.965434325217914502e-01 9.990982867448151561e-01
9.819639278557112938e-01 9.979110309588217209e-01 6.702465620973146500e-04 9.969942891493838166e-01 9.990982867448151561e-01
9.839679358717433599e-01 9.981214307183646772e-01 6.627916162068159646e-04 9.969942891493838166e-01 9.990982867448151561e-01
9.859719438877754261e-01 9.983769161406673698e-01 4.883702076727496717e-04 9.977457168620378347e-01 9.990982867448151561e-01
9.879759519038074922e-01 9.985873159002103261e-01 4.617460623906634028e-04 9.978960024045686605e-01 9.992485722873459819e-01
9.899799599198395583e-01 9.988277727682597362e-01 4.646716210922711976e-04 9.980462879470994864e-01 9.995491433724075225e-01
9.919839679358716245e-01 9.991283438533213879e-01 4.293013783313839502e-04 9.983468590321611380e-01 9.996994289149383484e-01
9.939879759519036906e-01 9.993988578298766967e-01 2.771128481302237521e-04 9.987977156597535044e-01 9.998497144574691742e-01
9.959919839679357567e-01 9.996092575894198751e-01 3.094568722869466123e-04 9.989480012022843303e-01 1.000000000000000000e+00
9.979959919839678228e-01 9.999098286744814157e-01 9.968815119794953103e-05 9.996994289149383484e-01 1.000000000000000000e+00
1.000000000000000000e+00 1.000000000000000000e+00 0.000000000000000000e+00 1.000000000000000000e+00 1.000000000000000000e+00
